-10736396 31982453 -74298590 74012426 -10095532 20499219 -2481764 -622894 260903 123642604 63550 19595 2634 -142063 6837 2025 10973 2316 1360 921 -306247 -4 77 840 -4 15 1079 -9 3 0 0 -1 -1 0 -4 -1 0 0 0 0 0 0 3 0 -1 0 -2 0 0 -2 0 1 0 0 1 0 0 0 0 -2 1583838658
-16094917 -15450466 21736657 7651990 66964264 -6304815 -8664980 -147535 118362 -141668 -49480 -18675 3281 1871174 -10265 -571 -22421 -997 -991 -330 6576 312 -549 4621 -20 -5 -41 -5 2 1 0 1 11 0 -1 -22 2 0 -22 -17 -3 0 0 17 -21 -3 -6 -2 2 -1 4 -1 2 0 3 2 0 0 0 0 1583838658
-16090850 -15499245 21930932 5558159 7480785 -7332969 -3229411 -143324 120162 -129553 -43997 -27873 -2510 329339 -10789 -3060 -13384 -2621 -954 -559 -450 -41 59 1817 -11 -21 -29 -5 1 0 0 1 8 0 0 -7 1 0 -13 -1 0 0 3 7 -4 0 3 -3 2 0 4 -2 1 0 0 3 0 0 0 0 1583838658
-14010617 2936997 -15421233 31884359 -6770791 3348755 -2258228 -327578 174071 47071088 -2895 -10952 -1279 -43452 -4262 -1493 -7047 -2737 -2362 -1779 840634 33 -155 -501 2 18 229 1 0 0 0 -1 -11 0 -3 0 0 0 0 1 0 0 0 0 -4 0 -2 0 1 0 0 -3 2 0 0 -3 0 0 0 0 1583838658
-16094133 -15455856 21761464 7349807 58309045 -6453407 -7873589 -146936 118627 -140187 -36336 -20004 2440 1647924 -10348 -937 -26025 -1121 -928 -295 -1187 271 42 284 1 -11 59 -3 2 1 0 2 35 0 -36 -13 3 0 -23 -17 -4 0 -6 -7 -2 0 0 1 -1 -4 0 0 2 0 0 0 0 1 0 0 1583838658
-16090669 -15497704 21927885 5558729 7431576 -7332889 -3219780 -143321 120164 -129397 -44585 -27861 -2509 331095 -10787 -3057 -13458 -2619 -956 -560 1207 -41 112 -289 -1 -22 5 -2 1 0 0 1 7 0 -8 -3 0 0 -5 -4 -1 0 -1 -3 0 0 0 0 0 0 0 0 0 0 0 0 0 0 0 0 1583838658
-13913268 3805764 -17187631 33242345 -4066285 3907283 -484881 -334186 177110 49837223 2245 -9897 -1964 -71236 -3632 -1298 -6918 -1582 -1002 -715 283175 -14 481 -155 0 -3 46 -3 0 0 0 0 4 0 1 0 0 0 -2 0 0 0 0 0 0 0 0 3 -2 -3 0 0 0 0 -1 0 0 0 0 0 1583838658
-16089449 -15507343 21970513 5051959 -7070586 -7582559 -1483454 -141660 120603 -125021 -42813 -30201 -4142 -64128 -10886 -3679 -10387 -3072 -980 -645 7641 -130 50 -178 -3 -22 279 -4 1 0 0 1 0 0 2 0 0 0 0 0 0 0 1 0 0 0 0 0 0 0 0 -1 0 0 0 0 0 0 0 0 1583838658
-16090425 -15458950 21813076 6221981 24614281 -7038795 16486505 -111140 119634 -74623 2165 -30348 -12325 -230663 -9215 -3184 -37073 -2972 -1096 -451 -236 6 -1745 965 0 -9 588 11 -1 0 0 2 36 0 -4 12 -1 -1 5 -9 -1 0 -2 3 6 0 2 4 -3 -1 0 0 -1 0 0 1 0 2 1 1 1583838658
146 284 88 -110 326 -241 82 35 66 282 -112 199 189 34 -347 -392 -63 -387 -357 -83 138 98 308 -527 -387 -426 -244 0 5 4 -284 156 -739 270 271 5 384 657 35 299 -49 -188 -144 -370 -179 512 566 832 -203 181 -597 -481 213 -97 -480 211 -429 23 -414 -61 -126 633 311 123 -262 -119 626 58 282 -175 12 280 -296 442 5 -362 42 199 -28 -428 119 -249 180 -618 -304 738 -300 209 129 531 -9 -283 -440 -410 29 -335 116 492 153 -736 -162 -140 -26 -428 5 -90 128 221 469 48 97 203 433 210 59 -9 194 -108 -56 2 -293 -10 138 -295 -36 -57 108 -73 546 -116 -46 242 581 -348 164 -259 341 -67 398 -332 292 -606 275 -411 -359 80 -22 -376 -634 177 -236 379 180 -792 -197 -367 207 -467 114 -37 -295 -359 131 33 -105 127 124 -373 51 22 330 222 213 267 -288 -143 143 355 59 175 432 -408 158 -194 -427 214 273 -339 267 -365 -663 -164 508 8 6 -62 -172 -78 -54 196 -416 -133 -251 -157 319 -244 -51 356 -158 -191 -262 -164 -330 -90 170 -230 25 -507 -265 504 140 -165 -296 -282 -143 -62 203 -203 -293 390 -476 98 -91 -9 172 -598 -20 -9 2 -347 125 -159 -51 448 -157 79 269 -247 24 -168 -332 -91 -100 -25 -487 237 -227 -371 -25 -491 -2 319 -400 431 -445 -278 -289 -376 -124 208 -242 37 606 -1 -143 6 -44 424 516 151 284 156 274 78 215 -464 -103 293 -216 636 -226 -54 -77 -112 131 -337 -178 112 -296 -12 149 165 466 161 11 -139 168 186 311 -70 -355 -177 70 44 504 389 418 52 100 -109 463 153 237 438 89 -4 131 159 -72 -510 -73 194 269 62 -364 358 332 458 -516 -52 -205 -40 216 123 -219 -142 488 -591 -276 26 -129 -421 178 -221 272 -224 -44 -106 192 -66 181 -245 204 218 -120 141 -116 154 -401 244 -55 158 -368 -511 -21 -147 300 169 -41 -218 207 -83 -118 93 421 -332 -216 148 -317 172 -171 -296 93 -158 -304 -81 178 396 -69 -181 -15 -359 302 356 90 -859 -494 153 158 -199 -25 136 185 -115 25 72 50 54 256 -477 -64 43 148 35 169 -281 1583863281
431 23 397 -416 187 64 0 -289 157 -225 402 110 30 23 -60 -121 -159 -630 -232 -311 60 -484 -226 -129 272 25 172 16 -735 219 687 244 -134 697 -632 -417 423 -18 173 90 -766 315 700 162 -118 425 -141 -482 -267 -307 297 528 179 -376 38 312 265 498 -342 -150 67 140 -439 151 -422 -143 484 299 476 416 -44 -182 50 -99 273 -607 612 -224 -351 -34 720 -368 -238 -185 474 -131 77 6 -170 560 -263 382 382 238 194 97 -551 37 52 47 257 -134 -173 28 -29 -220 501 103 -496 135 86 512 114 -155 281 -1000 73 -142 -66 -267 290 256 96 52 197 -150 223 -377 179 -327 335 155 -471 30 571 373 22 -52 -482 0 68 -49 422 -138 175 9 -18 -392 -224 324 271 389 -132 148 33 180 -324 299 413 -207 296 0 -259 648 -4 -213 -163 358 182 -259 165 -370 -69 -69 40 -64 6 -72 424 -445 -157 66 321 -345 32 4 312 -256 -1 -29 -68 520 186 -252 -64 318 -55 73 -189 -112 95 132 26 35 321 -15 341 -36 64 247 281 -43 -223 260 -48 77 -307 -142 -301 693 -470 313 -218 -192 71 -1 -254 -242 211 142 -178 -114 358 321 114 -152 -285 -372 154 34 131 -260 198 251 431 -282 149 -276 -113 283 40 -159 63 -514 -122 12 415 -374 -70 490 -61 319 308 21 83 -102 -371 -484 -142 -359 13 216 -254 -353 -39 330 243 21 84 292 -129 -41 -403 -401 -125 22 457 -151 -558 -153 71 -218 367 491 87 -76 8 287 254 -153 269 332 -278 454 -263 25 65 -364 -80 -155 -210 -42 345 351 89 175 -65 -68 41 365 100 318 119 -196 -728 367 -204 -434 -425 471 74 329 128 -158 288 46 -418 308 172 91 302 198 -30 377 156 282 24 71 -143 -15 289 -320 53 607 -202 375 146 -513 265 295 551 -9 244 106 91 212 152 -160 152 -216 -86 61 308 179 393 -62 -224 -320 286 291 267 62 468 213 -289 602 -114 481 229 -51 397 -219 325 260 -139 -256 -450 134 77 -124 185 -193 43 253 -44 28 270 -76 400 -171 187 134 232 -264 -215 -231 -494 248 566 -307 -195 -270 -113 236 430 175 1583863281
-554 -31 -19 30 108 378 -662 152 -100 -86 122 65 -184 162 -775 -169 -151 266 490 432 315 4 -146 129 594 -184 583 608 -149 6 -142 -578 279 309 19 -338 -492 317 -38 254 306 -397 206 -389 -397 397 -128 223 92 -239 -272 -63 52 -70 428 -447 214 126 -29 485 -128 -312 -169 230 358 345 -44 161 359 -117 507 543 -99 69 -124 -15 325 -201 306 760 286 -168 84 87 138 -460 331 -152 142 -86 -232 656 173 -100 -56 75 625 110 637 -173 -25 -108 -262 212 390 616 843 -186 -179 -152 203 -360 45 6 -410 199 428 -39 933 647 -785 118 -240 -576 536 496 105 -6 65 235 -659 41 -251 159 285 394 45 241 -32 180 -364 -371 -178 -140 -308 401 306 -136 -106 370 -131 -32 -269 265 100 36 456 -169 -673 316 -114 -263 -91 89 -44 -330 22 65 -112 575 -33 -131 56 31 356 96 -99 -179 226 197 352 -93 277 -76 36 232 199 -253 -31 262 101 188 -134 235 158 464 288 -244 42 535 -310 906 57 -55 -73 344 70 73 -762 162 162 -344 482 -34 -215 -29 156 -51 161 2 357 87 111 266 -26 -103 -357 238 148 175 260 409 -86 -237 171 -159 372 333 78 -5 319 90 -16 297 369 253 389 -460 71 18 48 -480 -13 -433 153 243 155 86 -463 -189 84 273 33 65 -176 339 -570 -25 -319 1185 -257 -93 168 -53 347 61 -223 -89 162 465 -423 22 177 356 182 -423 172 6 -36 276 -80 -164 171 -213 -278 352 -188 54 -85 -120 -130 58 -39 165 -76 -471 -430 -234 -322 -187 -101 239 -263 -14 -103 136 -145 -223 80 274 199 -332 -151 33 256 47 112 1 196 59 234 -321 163 -71 45 -20 -410 67 -154 38 -323 -184 96 -137 -31 225 78 -240 1 63 -659 -150 -124 -173 -140 267 563 -579 -235 -471 308 392 -222 245 134 -98 -142 410 -168 189 26 -101 -146 66 341 28 -357 116 -112 496 -29 -28 -91 469 -542 -183 -157 233 -25 57 -637 -432 -115 131 -357 -186 603 278 -259 -57 432 -337 50 -30 619 140 26 -75 14 -133 -141 -184 -122 -187 -22 -204 638 452 -264 -578 -207 -180 -333 225 24 83 1583863281
-205 -260 883 293 437 -134 56 98 -296 -91 527 -3 48 -325 -272 238 145 178 -73 -85 526 -233 321 287 19 -364 207 171 672 421 -54 -414 112 -27 -232 301 -20 202 -367 -22 222 484 -596 92 -183 10 -611 -189 -21 -214 553 495 414 5 -89 490 83 -52 -405 205 450 344 7 268 -151 243 -518 106 605 -455 176 -98 -269 136 -391 -302 -317 289 -73 392 343 -164 754 5 -523 -145 219 494 -564 203 78 143 370 225 -186 -307 -487 370 26 151 -446 -141 -79 -398 -134 349 306 60 -69 359 146 -261 -272 560 87 -383 -163 181 -23 -427 298 367 376 -453 -49 -404 -100 101 -777 -60 185 -108 53 -564 -171 377 61 12 -268 -58 234 -436 -128 298 -251 160 306 -62 269 -7 80 -772 290 130 548 292 -97 286 373 -382 -84 -140 -345 629 -160 -382 -489 -237 -340 330 -532 -38 29 716 59 174 142 406 -239 207 209 128 -650 -347 -125 159 -370 161 -328 243 -135 94 -253 -312 245 63 457 154 254 -285 8 -12 73 -550 -115 -34 361 -225 389 77 -3 263 2 -165 342 -67 441 60 186 28 -213 102 36 -3 -371 -116 94 -22 -299 177 -112 -39 176 108 343 -161 -204 -87 71 -292 -695 -248 -59 -495 -94 22 10 -63 -167 312 17 -42 -29 -101 359 161 80 -201 -69 179 392 -21 331 -5 -503 172 -430 0 -171 181 -114 -369 -322 -235 -197 -302 191 161 169 -123 -117 -167 578 142 188 39 -461 393 101 -166 193 -79 -60 57 442 -561 -121 -305 -68 -338 96 -186 -342 232 -256 -287 -52 0 -219 159 -431 551 205 -218 -730 65 -282 -20 108 -185 128 -229 -96 -182 465 -25 -141 162 -281 2 136 264 -189 -373 -99 -17 103 -306 -206 -632 -418 -202 -198 514 -125 -252 -269 426 152 310 232 272 -264 -406 368 -3 -419 224 -269 344 158 325 396 -482 -250 -34 137 -486 -268 9 458 20 112 -263 180 215 204 492 212 210 320 -158 219 -289 161 220 -622 -134 -145 -23 345 -352 101 178 393 -1 -169 -99 270 61 524 -579 174 54 -208 -286 -51 38 -227 243 -216 86 -567 192 13 -79 54 -114 -25 -11 -248 253 20 -261 56 62 1583863281
-155 -270 9 -741 -705 48 -111 -183 262 236 608 83 -234 -259 -702 -254 30 -128 -48 17 -333 151 -278 307 472 -134 378 -136 -209 124 0 247 348 -217 -397 146 400 -456 -814 -228 -181 -523 -74 -182 131 300 0 -385 268 271 -77 -444 239 115 205 -287 153 -82 -232 -191 -76 214 92 -441 99 -81 70 216 506 -80 5 548 -145 428 -160 517 160 457 60 -19 -336 487 -597 67 -172 -499 359 107 -96 619 -300 188 -146 -198 629 187 -10 241 -20 -166 -626 -109 -76 554 -80 -63 -57 -280 383 -95 -123 56 12 20 281 -119 -467 234 -234 -30 -271 198 -129 232 -253 248 -41 -51 -522 168 351 -441 -607 -407 -66 511 10 -287 235 33 -140 -369 54 411 128 -75 317 60 202 88 262 86 -210 245 83 -164 36 507 -442 -191 -376 -291 377 286 -122 311 266 274 -200 -19 325 -567 -327 476 490 116 276 196 12 -63 38 24 77 177 -375 -211 42 -43 114 560 -321 319 -25 -479 -102 -129 -67 -99 205 -366 -200 -118 -195 213 -180 238 197 161 420 261 411 -599 21 193 334 -752 -363 246 -119 -477 229 -78 375 -238 -217 79 21 401 -56 310 -314 86 299 315 -20 -592 183 -636 332 139 758 -255 -26 231 66 -225 68 -99 662 549 132 -47 64 -1 100 -321 224 -475 20 187 -179 321 52 -146 -45 130 -152 28 -520 -53 249 -308 47 -7 -703 249 98 -30 27 -100 -38 258 42 193 -287 60 176 590 99 -58 -533 44 298 280 7 -92 -251 -297 23 171 71 -15 -287 -362 0 -203 346 -316 74 171 -202 417 -120 -170 333 -117 391 115 93 -197 -132 115 -75 45 -583 -225 -317 351 241 -335 348 -308 -612 -220 86 6 -275 -6 28 -373 399 -376 -74 6 -147 -319 69 -7 -416 66 -346 643 -62 -300 -261 20 371 -52 385 -432 -15 111 186 81 5 420 37 -76 -112 121 -130 24 -95 89 277 -343 380 231 -127 -209 -120 12 146 -428 -212 135 179 242 -302 360 -36 -168 467 205 -44 -336 -239 154 -102 269 -143 -222 259 140 25 -348 -274 354 -188 -23 171 -251 89 -53 -157 328 242 224 227 318 151 -91 -56 98 137 -355 1583863281
322 519 -666 -160 -341 -128 653 198 159 -302 -11 -368 359 -11 45 304 -33 -390 -408 275 293 494 391 631 178 105 179 82 251 -152 -303 201 -213 -475 127 332 38 -79 778 697 -93 15 -117 517 -22 629 492 -287 -121 -157 67 -463 -156 -220 -22 424 -130 -274 -439 269 296 383 461 -565 -592 -219 278 -256 504 469 328 -11 -516 75 212 -173 37 560 -175 -463 -22 -74 -446 911 61 -166 110 -137 32 174 614 247 341 -47 271 839 160 406 247 -45 -333 307 -202 4 135 470 -238 153 -225 -232 456 -245 135 63 131 329 -113 170 134 -112 431 -79 392 232 144 -166 -91 -114 453 49 526 -120 158 665 88 151 -175 -169 -120 200 -23 -93 -288 -415 187 214 -464 -295 -347 57 -157 117 7 -86 -8 -100 99 183 193 155 299 -281 342 188 -35 89 -274 368 -240 -159 331 249 3 26 245 517 -170 -89 -42 -112 169 -158 287 -104 -3 315 348 45 419 70 -4 -239 292 506 470 -167 26 17 31 169 -263 -137 -130 47 450 -87 312 169 -403 -150 265 -342 53 103 -529 -216 -404 -6 18 -346 -320 176 215 317 -188 -142 183 -121 -263 166 -531 -71 -230 -144 -495 76 285 -36 -199 523 48 66 373 -616 111 4 -140 -376 231 459 573 331 314 -9 -376 108 -420 -289 154 126 -5 107 148 -43 454 15 -79 1 216 243 139 399 74 -77 -175 -69 -163 126 -294 -196 -184 32 33 266 229 -264 443 -343 140 -110 321 292 255 163 -55 -382 -116 -428 -191 -300 237 -4 123 77 113 -156 -150 -75 -53 438 530 71 -633 -57 -56 -123 323 607 -420 551 352 -284 495 14 64 29 -226 54 -255 -320 -474 -15 66 6 -103 89 1 -135 57 16 329 367 -377 -85 -305 421 107 -52 150 -133 -122 -237 76 168 -18 -130 -125 219 303 -106 273 537 35 269 -145 -654 71 67 351 -267 -504 -79 160 222 -80 99 387 35 -447 370 -242 -17 578 -650 -61 130 128 447 88 0 46 -26 111 -231 22 305 -33 19 114 -60 -261 167 53 -354 -29 -20 274 -50 230 78 -95 445 -349 -658 169 270 -391 -85 -130 248 63 -157 242 202 -297 11 1583863281
271 -80 54 918 -86 -272 -218 124 -168 -763 -343 355 160 -140 -102 408 -325 -549 -118 24 -126 -303 399 -245 160 58 21 -253 450 -149 85 33 -121 -163 -210 -157 -505 609 -212 -399 -440 71 228 49 -283 75 -251 -397 342 324 -65 -229 -146 -286 540 39 -358 318 -362 -12 288 -236 -189 -95 180 38 131 242 -19 -360 3 -187 -140 294 -79 423 -75 349 740 336 744 -247 176 -449 -87 -467 -21 143 345 -416 -342 53 -48 274 795 -357 -160 3 460 -21 170 -9 -197 -155 -355 397 -7 528 365 -132 1 -14 -83 226 -208 -70 -287 458 -441 -326 298 -91 -94 516 -22 68 121 91 257 -101 438 681 -336 141 237 205 360 -205 658 -128 -657 130 137 106 1 295 -86 -393 -643 -112 -22 -86 -177 267 496 38 -54 94 384 -84 120 37 -338 134 -227 296 -369 -333 -53 316 258 332 -224 -40 -453 -436 194 -131 106 178 229 -442 -188 13 -261 -238 -140 6 129 -333 -461 -375 44 489 529 713 353 -160 15 401 -497 2 -102 -75 -8 347 -511 -605 123 391 149 129 -233 468 345 -96 190 -329 522 -111 -342 -245 -321 949 -235 395 130 -25 107 -541 -367 -124 -81 91 -210 -27 -209 349 -50 -22 -187 -49 -269 576 -83 191 -14 -61 -198 -23 160 -7 19 156 89 262 -309 334 -344 135 104 16 102 -42 -248 -423 246 160 -451 480 -173 -326 -65 -121 -54 -114 115 281 309 -83 -154 -419 401 -84 171 278 185 -52 -479 124 80 10 22 54 -89 23 53 195 -192 305 -161 129 293 192 255 369 324 -348 68 102 -601 178 100 138 -82 114 21 -222 -294 -139 257 397 -53 -224 259 12 63 399 188 331 269 505 -337 -49 -606 120 -600 -58 -414 207 309 26 34 -58 -199 98 -78 334 554 -362 -261 66 79 122 -310 -183 94 -458 162 219 -38 57 -153 74 24 -27 -507 158 -118 248 -268 -272 292 433 -203 -426 532 263 -236 -159 -132 126 -40 -230 331 227 -249 -7 -295 242 258 287 -144 -227 -61 260 -533 162 250 -13 255 235 -191 132 175 -60 -342 36 -215 -380 -310 -52 309 -44 9 46 -52 13 217 491 -119 -147 288 -1 31 -381 1583863281
401 398 265 -151 122 -206 -109 -296 -56 -966 -70 -5 -126 -594 84 159 600 -83 108 -67 90 775 -330 -126 211 -77 483 -225 -436 -31 -122 -218 -81 163 195 -184 -124 -230 -57 -88 -252 -717 -62 -103 -210 -78 -51 32 429 132 182 425 -201 -30 196 13 -2 456 -320 156 307 288 -61 -260 -369 -323 266 -38 -171 -798 15 -70 74 -304 -116 309 180 122 187 -269 -337 -286 606 -189 89 62 -74 -15 45 -513 -566 -185 -809 636 -322 204 42 73 -3 -222 484 -115 168 -310 26 4 333 223 -125 -587 146 -342 189 -224 406 -22 -30 263 -310 -29 200 69 320 -24 720 208 334 132 -250 -320 256 -151 132 -82 -387 410 -109 -24 87 432 -128 -122 228 565 114 62 221 -173 213 -7 30 -310 -9 -343 119 44 -373 307 -54 -106 2 -92 -225 161 497 -116 655 55 215 -649 422 251 -172 -81 81 237 102 115 41 -72 -89 565 -428 21 -370 -202 -135 -323 242 630 421 -250 -130 -432 638 -171 103 304 -106 -208 -212 79 372 159 -17 -176 100 126 84 -110 348 280 -379 294 -64 -259 -378 -95 76 -188 223 -491 -176 -17 -121 -87 -641 -252 78 118 228 -319 -232 -150 -228 -201 -170 221 119 -286 179 -234 502 -83 364 -568 125 170 132 8 154 100 305 -179 -253 -83 213 198 171 91 117 87 89 -226 26 -267 -209 -74 -439 -7 -126 -198 -21 -298 168 -118 533 142 379 -43 254 -84 221 98 -368 282 172 -76 -420 47 9 -254 37 212 209 -137 -47 -221 283 407 -377 -255 5 431 -26 360 147 -29 -76 -438 -243 -370 -80 -231 -179 -189 -86 -16 -98 -181 459 124 -30 459 -100 61 -303 270 291 1 -170 322 -280 -207 103 -225 38 232 123 -123 30 -110 252 -355 -273 361 191 -293 256 418 -7 97 15 167 195 53 308 104 -178 -173 133 112 10 -486 56 -127 -34 5 -87 134 229 75 -288 -242 -91 -258 -131 -363 46 -7 -208 -381 697 48 152 49 -423 -297 206 40 -279 4 154 -284 51 -20 86 314 -16 -754 -50 -241 228 219 127 -65 63 475 -297 203 -348 -247 155 -92 202 336 286 -233 -212 16 -171 72 -281 342 -363 342 1583863281
-225 50 -8 -891 60 659 -127 -462 237 -231 183 -248 176 71 172 483 -293 7 -149 305 -244 -77 134 122 501 532 294 -249 417 256 -258 237 148 -362 -158 575 -565 -339 340 121 -222 394 545 -50 -274 -218 -21 3 332 243 619 219 317 443 -119 364 -110 494 102 -192 -144 28 308 -133 112 -197 272 241 -555 119 -387 -424 830 -178 -240 -458 -278 -582 175 -296 19 -50 -260 278 171 352 -201 -340 -138 533 -38 41 -53 -96 295 -179 329 -141 -81 180 -107 407 260 -197 -466 -533 -652 -392 -247 72 -301 68 16 179 58 -620 25 275 175 -200 17 -78 80 96 -91 463 -142 -542 458 -81 -44 324 316 -70 -253 -336 -413 -564 83 255 -243 -311 -155 -56 -297 -369 69 -377 -169 -274 131 209 95 -235 252 204 132 -308 -278 -486 -110 292 166 -556 23 -164 -39 -9 38 381 208 405 -189 242 116 14 228 -1 -153 -273 385 130 138 -88 -342 -397 191 178 -220 -409 -35 826 -177 246 -120 -380 -337 -85 -108 -12 328 -221 -83 -506 -8 447 66 300 473 -356 406 364 -367 139 -126 -491 16 -249 147 229 -29 -203 -133 -272 115 27 -154 155 281 110 -215 -152 166 -22 -180 -184 -500 -93 43 104 -416 -122 -554 24 183 6 199 -413 354 -146 350 -473 0 -574 -36 112 -73 -61 -102 608 415 48 182 -373 135 34 188 -131 11 -206 410 -31 -88 197 25 -107 -50 -495 -102 244 54 187 426 -564 52 52 431 -17 181 153 -393 75 33 -57 -566 -101 -292 365 -381 -236 -103 -2 321 -167 -205 -125 -298 0 247 -205 175 84 104 25 276 359 -208 30 -220 140 -552 -41 232 -45 -35 -911 -182 170 -234 -531 -265 -9 -202 206 145 -155 -438 -371 -25 -10 -210 209 331 -228 -305 189 65 8 551 0 -255 31 -289 -427 -236 -5 -19 352 -206 -67 75 117 284 -62 -551 718 -208 -102 280 -94 -119 -162 -71 373 -354 398 -281 88 176 95 -39 -17 155 -47 -42 -334 -89 -116 -383 11 -53 -14 -342 -273 217 236 95 -395 243 -318 215 47 -148 198 354 292 -513 -294 -168 -174 -443 -210 183 28 470 116 381 115 98 -36 360 438 -221 -136 463 35 1583863281
