-16085762 -15507571 21972151 5015498 -7870123 -7593109 -1824862 -142239 120901 -126339 -43336 -29007 -3990 -65128 -10773 -3776 -1958 -2880 -1014 -595 -195 -173 -236 -379 -4 -25 -9 -6 1 0 0 1 1 0 2 -2 0 0 1 0 0 0 0 0 1 0 0 0 0 0 0 0 0 0 1 -1 0 0 0 0 1583836345
-15747884 -15218841 21361402 4695115 -7851330 -7244619 -1824236 -142115 123638 -126220 -43301 -10879 -3955 -64972 -12573 -3495 -5364 -2912 -987 -613 -212 -180 -94 -326 -3 42 -14 -8 1 0 0 2 0 0 0 1 0 -1 0 -1 0 0 2 0 -1 0 1 0 0 0 0 0 0 0 0 0 0 0 0 0 1583836345
-13584062 -13014179 16751882 3076159 -5862054 -4532381 -2023078 -143181 333220 -127080 -43970 989610 -2084 -18477 258133 -157997 35582 424296 263 149963 1095 -25005 2122 -45 14 -3555 41 -70 -287 54 0 -3 3 7 -5 -12 0 -4 5 -11 43 13 0 0 -2 14 -5 -4 -3 1 0 0 0 -1 0 0 0 0 2 -1 1583836345
-16090046 -15498603 21936047 5384609 2214932 -7425192 2128682 -135291 119865 -115039 -37247 -20610 -5624 -33602 -10559 -3681 -6368 -2568 -1054 -661 -222 -131 -905 -246 -3 -30 -14 -4 3 0 0 1 -4 0 -3 -3 0 -1 1 0 2 0 -1 1 -1 0 -1 0 0 0 0 0 0 0 0 0 0 0 0 0 1583836345
-15998478 -15426818 21802262 4940356 -7853991 -7495070 -1824335 -142238 124602 -126327 -43339 -7277 -3955 -65172 -8249 -5457 -5399 3302 -966 1589 -195 -525 -65 -19 -4 -54 -18 -8 -2 0 0 1 0 0 2 0 0 -1 0 0 0 0 0 0 -1 0 0 0 0 0 1 0 0 0 0 0 0 0 0 0 1583836345
-13639943 -13117953 16977694 2887346 -7869387 -4555747 -1822139 -142383 420718 -126464 -43619 795407 -2573 -70830 20746 -41143 -5595 119598 -258 35942 108 -6966 -553 -66 8 -601 11 32 2 12 0 0 -1 0 0 1 0 -1 -1 -17 72 8 0 -2 1 -8 0 0 1 -1 0 0 1 6 0 0 0 0 0 0 1583836345
-16066238 -15484152 21923505 5012979 -7451798 -7552074 -1862125 -142273 129373 -126439 -43379 -11475 -3920 -54370 -11511 -4061 -2167 -2405 -1009 -416 -200 -202 370 -363 -3 -29 -9 -6 0 0 0 1 0 0 -3 -4 0 -1 2 0 0 0 1 0 0 0 0 0 0 0 0 0 0 0 0 0 0 0 0 0 1583836345
-16078728 -15472409 21853643 5939873 18128794 -7136719 8819318 -123569 124289 -95953 -26991 -19872 -8469 -6684 -9020 -3726 -6314 -1133 -1191 73 -214 -187 -2309 -496 0 -40 -8 -6 0 0 0 2 5 0 -2 -7 0 0 -2 2 0 0 6 0 0 1 4 -1 1 -1 0 0 0 0 0 0 0 0 0 0 1583836345
-16038661 -15450873 21852061 5047783 -5869936 -7480901 -979283 -140780 138623 -123959 -42060 8736 -4288 -62033 -11814 -4629 -9279 -1213 -971 66 -226 -247 -77 -300 -2 -29 -12 -4 5 -1 0 1 0 0 2 0 0 -1 1 0 -1 0 0 0 0 0 0 0 0 0 0 0 0 0 0 0 0 0 0 0 1583836345
-16066448 -15485011 21925463 5002385 -7876532 -7565388 -1825460 -142259 124703 -126353 -43348 -10801 -3965 -66087 -9358 -4933 -9556 1099 -943 763 -220 -374 54 774 -7 -55 10 -7 0 0 0 2 21 0 -4 5 0 0 -3 7 3 0 -3 4 -7 -1 0 0 0 -1 -3 0 -2 1 0 -1 0 0 0 0 1583836345
-15967620 -15196947 21361489 4759635 -7890140 -7333648 -1819724 -141782 314926 -126467 -43367 12587 -3928 -66431 -9985 -5440 -9538 2489 -944 1473 -217 -477 56 28 3 -57 -7 -10 -4 0 0 1 4 0 0 1 0 0 0 2 0 -1 0 2 -2 0 0 0 0 0 0 0 -1 0 0 0 0 0 0 0 1583836345
-15481443 -14777029 20444946 4984158 1933388 -6524011 1422147 -137093 253936 -117443 -38597 522417 -4359 -10442 99645 -65027 11247 218376 -416 77871 435 -13088 -2020 1268 0 -1874 -24 -50 -159 28 0 -1 1 5 -1 6 0 -2 1 0 9 7 -2 12 2 -3 7 6 -10 -8 0 1 -6 -7 0 1 0 0 1 0 1583836345
-15632312 -14969535 20857303 4765799 -6824246 -6908542 -1405271 -142008 215019 -125464 -42934 376316 -3501 -65036 66766 -47728 -5267 155006 -460 55650 205 -9383 -799 58 5 -1346 -3 -37 -113 20 0 0 -1 3 0 0 0 -2 0 -2 11 3 0 1 0 3 0 -1 -2 -1 0 1 -1 -7 0 0 0 1 -3 1 1583836345
-16067631 -15478499 21913829 5002206 -7874959 -7546350 -1820994 -142258 137888 -126368 -43354 5670 -3937 -65798 -8759 -5804 -6894 3239 -957 1614 -202 -515 -97 -133 -3 -75 -16 -7 -1 0 0 1 -2 0 1 0 0 0 0 1 -1 0 0 0 -1 0 0 0 0 0 0 0 0 0 0 0 0 0 0 0 1583836345
-15824333 -15171836 21280477 4880802 -7879283 -7174761 -1821398 -142663 188434 -126601 -43521 271501 -3497 -67486 37197 -31882 -5418 97537 -548 32651 49 -5844 -488 -147 2 -838 -5 6 -30 11 0 0 -1 2 0 0 0 -1 0 -6 30 7 2 0 0 -5 1 0 0 0 0 0 0 -1 0 -1 0 0 -1 0 1583836345
-16089549 -15511134 21979406 5023072 -7742451 -7595679 -1833024 -142241 120430 -126355 -43341 -29161 -3983 -62090 -10533 -3812 -7695 -2536 -965 -636 -224 -158 -13 -217 -3 -29 -16 -4 3 0 0 1 -1 0 0 1 0 0 0 -1 1 0 0 0 0 0 0 0 0 0 0 -1 0 0 0 0 0 0 0 0 1583836345
-16054402 -15472060 21893250 5105552 -4470662 -7489457 -2136628 -142479 128843 -127062 -43626 -11828 -3630 22607 -9790 -4580 582 254 -1028 569 -218 -350 -136 -39 -5 -52 -18 -7 -1 0 0 1 -5 0 -3 7 0 0 -3 -4 -2 0 -1 0 -1 0 0 1 -1 0 0 0 0 0 2 -1 0 0 0 0 1583836345
-16066371 -15303995 21559762 5319239 -7888587 -7475511 -1822051 -44308 120429 -126497 -43387 -30231 -4000 -65442 -11021 -3747 -6186 -5700 159055 5350 172 -9 -460 -117 0 -1 -6 8 -1 0 0 0 -1 0 1 2 -43 0 -6 1 0 0 1 0 0 0 2 -1 0 0 0 0 0 0 0 0 0 0 0 0 1583836345
-15731019 -15200035 21309345 4861605 -4461530 -7261509 -2145757 -142567 51354 -126912 -43596 -4762 -3602 21996 -10193 -3578 19145 -846 -1066 -2575 -130 -172 -1521 1942 -23 26 -70 -9 0 0 0 0 -25 0 3 10 0 0 -2 0 0 0 5 1 0 1 6 3 -2 0 4 1 2 0 1 0 0 0 0 0 1583836345
-16081916 -15439895 21833185 5159980 -6795419 -7538157 -1145272 -7867 120320 -124308 -42297 -30227 -4308 -73912 -10867 -3685 -7808 -3606 29499 486 -144 -112 -216 -189 -2 -47 -13 -55 11 0 0 1 -3 0 0 2 49 0 7 -1 0 0 0 0 0 0 1 0 0 0 0 0 0 0 0 0 0 0 0 0 1583836345
-16085750 -15507461 21971933 5015528 -7874185 -7593120 -1820985 -142234 120897 -126328 -43330 -29021 -3995 -65472 -10775 -3789 -7573 -2761 -973 -528 -222 -161 22 -307 -2 -25 -12 -6 1 0 0 1 0 0 2 -1 0 0 0 0 0 0 0 0 0 0 0 0 0 0 0 0 0 0 0 0 0 0 0 0 1583836345
-12747052 -12684580 15992143 1824588 -6636353 -4241011 -801272 -139056 107442 -122128 -41389 1310 -4382 -87915 -16980 -1108 -6023 -3262 -988 -808 -199 -343 -342 259 -5 -53 -26 -6 1 0 0 1 -5 2 0 -1 0 -1 2 3 0 0 -1 -1 0 -1 0 0 0 0 0 0 0 0 0 0 0 0 0 0 1583836345
-15674592 -15159057 21233319 4637804 -7388932 -7173176 -1631699 -141730 118849 -125626 -42988 -23291 -4057 -64424 -11332 -3605 -3515 -2509 -1004 -459 -201 -213 -293 154 -6 -7 -23 -7 1 0 0 1 -4 0 0 2 0 0 0 0 0 0 0 -1 0 0 0 -1 0 -1 1 0 0 0 0 0 0 0 0 0 1583836345
-15546971 -15049756 21002915 4513813 -7883260 -7037100 -1819867 -142077 120984 -126146 -43280 4208 -3932 -66026 -10068 -6037 -7975 -3093 -966 -631 -224 -160 0 -295 -3 165 -14 -8 7 -2 0 2 0 -2 0 -1 0 -1 0 0 0 0 1 0 0 0 0 0 0 0 0 0 0 0 1 -1 0 0 0 0 1583836345
-15917550 -15360789 21660417 4892980 -6781707 -7397341 -1552737 -141667 125266 -125490 -42883 -15597 -4061 -54494 -12020 -3611 -8051 -3019 -975 -635 -230 -151 214 -293 -2 -12 -13 -7 1 0 0 1 -1 0 0 -1 0 -1 1 0 0 0 0 0 0 0 0 0 0 0 0 0 0 0 0 0 0 0 0 0 1583836345
-16088893 -15502831 21949995 5270057 -937135 -7478912 1122949 -137099 119290 -117938 -38827 -26884 -5249 -56502 -10130 -3552 -2717 -2756 -1036 -1371 -195 -97 -953 460 -7 -21 -29 0 10 -1 0 1 -6 0 -6 -2 0 0 -1 5 0 0 0 -1 5 1 3 -1 0 -1 3 0 0 0 3 -1 0 0 0 0 1583836345
-16086030 -15469725 21886498 5256622 -2718346 -7488748 19849 -139163 120469 -121104 -40489 -29974 -4737 -41206 -10685 -3547 3574 -3314 -1092 -787 -175 -150 -326 79 -7 -24 -24 0 0 0 0 1 0 0 -9 -9 -1 -1 4 1 0 0 4 0 1 0 0 0 0 -2 1 1 0 0 0 0 0 0 0 0 1583836345
1293631221 1056080294 -2252319836 -1263109653 6025581 1310542271 -1895424 444526 -10752902 413632 135070 1540428 19217 -25889 -391887 203837 -9432 -104434 3457 -41255 380 20798 -885 554 74 -5378 82 137 -17 -44 0 39 0 -93 -4 1 0 5 -1 -9 38 -38 3 -4 1 -2 0 4 8 0 1 -1 3 24 0 1 0 0 1 0 1583836345
67873836 61478705 -140264300 -76100162 -5190270 72400711 -1095605 -104774 -339646 -90669 -31333 830542 -1518 -65490 -117458 24497 -903 -10083 -609 -6283 -147 -4598 -599 27 0 44 -22 -7 -1 0 0 0 -6 2 0 7 0 -1 -1 0 4 0 0 1 0 4 3 0 0 0 0 -1 0 -2 -1 1 0 0 1 0 1583836345
-16064324 -15481626 21911413 5135385 -4011078 -7497750 -200071 -139400 125201 -121712 -40858 -18782 -4672 -61926 -11131 -3824 -1622 -2763 -1050 -554 -187 -172 -795 1758 -14 -12 -66 -7 1 0 0 0 -16 0 3 -10 0 0 -2 0 0 0 2 -4 3 0 -4 0 0 -3 5 0 1 0 -1 2 0 0 0 0 1583836345
21918551 17062104 -46945800 -30893531 -3491315 30893309 -626256 -126145 89775 -108768 -36945 723961 -2555 -38443 -120455 34815 -755 7082 -813 1656 -146 -3152 -492 -30 -3 2212 -51 -90 -20 -8 0 11 -4 -22 -4 7 0 -4 0 -8 -1 -14 -3 0 -2 2 0 -1 0 1 0 0 0 0 0 0 0 0 0 0 1583836345
-13709462 -13485786 17690825 2784170 -6827666 -5174455 -1431735 -140629 117337 -124323 -42453 39584 -4001 -62028 -19226 -1275 -8245 -2359 -951 -727 -224 -313 -23 -245 -3 169 -16 -9 5 -1 0 2 -1 -2 0 1 0 -1 0 -2 1 0 0 0 0 0 0 0 0 0 0 0 0 0 0 0 0 0 0 0 1583836345
-13247724 -13085466 16847217 2307933 -7851095 -4710298 -1822361 -141153 127021 -125290 -43011 58325 -3800 -65974 -18388 -2978 -6293 -2428 -964 -486 -212 -358 -87 -307 -3 196 -16 -14 0 -1 0 2 0 -2 0 1 0 -1 0 0 0 0 4 0 0 0 1 0 0 1 0 -1 0 0 0 0 0 0 0 0 1583836345
-16066983 -15491758 21938654 4997905 -7854385 -7573475 -1824081 -142228 121076 -126329 -43332 -27770 -3989 -64955 -10908 -3764 -5902 -2837 -986 -564 -214 -163 -126 -211 -3 -20 -16 -6 1 0 0 1 -1 0 0 4 0 0 -1 -1 0 0 0 0 1 0 -1 -1 0 -1 0 0 0 0 0 0 0 0 0 0 1583836345
16475522 12121566 -36513968 -26388318 -7255848 25101110 -1852487 -128398 71751 -113706 -39319 564066 -2440 -60733 -98728 53972 -6173 -11114 -1341 7965 -198 59412 1745 -302 10 -970 2 8 -11 -7 0 -10 3 4 2 0 0 8 1 0 -3 -7 0 0 0 1 0 0 0 0 0 0 0 0 0 0 0 0 0 0 1583836345
-15878976 -15329174 21584752 5004974 -2772650 -7307953 -50425 -139003 112295 -121154 -40552 -27047 -4708 -41829 -9296 -548 -10334 -3541 -1070 1132 -242 9149 -323 -320 -1 -174 -8 -4 0 -3 0 0 2 0 3 0 0 1 0 0 0 0 1 0 2 0 0 1 -1 3 0 1 -1 0 2 0 0 0 0 -1 1583836345
12455520 8583772 -29051593 -22595122 -6350276 20846704 -842260 -127875 -34491 -111998 -38089 152822 -3702 -85533 -78968 33133 -9877 -5309 -853 -2494 -213 -1817 182 -269 2 -246 -10 -3 -3 0 0 2 1 2 2 0 0 -1 0 -1 0 -2 0 0 0 -1 0 0 0 0 0 0 0 0 0 0 0 0 0 0 1583836345
-15417287 -14934587 20760138 4380436 -7870201 -6911820 -1823812 -141994 123349 -126096 -43261 -6805 -3943 -65463 -12877 -3317 -3284 -1975 -998 -278 -198 -265 -264 -352 -3 16 -10 -8 0 0 0 2 0 0 1 0 0 0 0 2 0 0 2 -1 0 0 0 1 -1 0 0 0 0 0 2 -1 0 0 0 0 1583836345
79697150 65402818 -149407027 -87324294 -6881272 87498118 -1833056 -101029 -680896 -87369 -30469 147882 -2202 -63630 9112 -15080 -7398 26433 -468 8270 -80 1861 -220 -7 -1 916 -30 -26 3 -2 0 0 -1 -10 1 0 0 0 0 -5 23 -9 1 0 -1 2 0 -1 -3 -1 0 0 0 4 0 0 0 0 -1 0 1583836345
-16053379 -15436912 21832136 4962163 -7854345 -7524739 -1824133 -142166 161583 -126374 -43348 -9635 -3958 -65038 -12017 -3881 -5185 -3066 -984 -804 -211 -143 -51 -256 -2 -11 -13 -7 1 0 0 1 0 0 1 1 0 0 0 -1 0 0 0 0 0 0 0 0 0 0 0 0 0 0 0 0 0 0 0 0 1583836345
-15539851 -15041939 20986249 4516757 -7721530 -7025536 -1834521 -142100 120868 -126181 -43294 5385 -3913 -61806 -13650 -3614 -7321 -2993 -970 -640 -223 -180 266 -305 -3 180 -15 -12 1 -1 0 2 -1 -2 0 -1 0 -1 0 0 0 0 0 0 0 0 0 0 0 0 0 0 0 0 0 0 0 0 0 0 1583836345
24810608 19130740 -51419692 -33536413 20494026 33676408 9225828 -104858 -61768 -78319 -20948 273369 -7456 16587 -19118 -11163 -10412 2904 -986 1340 -201 -2737 -2320 -85 3 254 -20 -15 -1 -1 0 2 -1 2 -6 -2 0 -1 -5 -8 -6 0 0 -1 -7 1 -2 -1 -4 0 0 1 0 -2 0 0 0 0 0 0 1583836345
-15678346 -15146889 21201213 4818404 -3008422 -7090751 358165 -138352 121182 -119993 -39964 -13670 -4905 -63257 -12269 -3295 -10515 -2742 -992 -528 -232 -165 -320 -126 -2 32 -19 -8 1 0 0 1 0 0 -2 0 0 -1 2 -1 0 0 -1 1 0 0 0 0 0 0 0 0 0 0 0 0 0 0 0 0 1583836345
-16076391 -15496165 21948830 5007069 -7874228 -7576767 -1820984 -142236 125206 -126335 -43335 -20620 -3981 -65554 -11306 -3907 -7164 -3077 -976 -650 -221 -144 -54 -250 -3 -24 -14 -6 1 0 0 1 -2 0 0 1 0 0 0 0 0 0 0 0 0 0 0 0 0 0 0 0 0 0 0 0 0 0 0 0 1583836345
-16080880 -15501777 21960053 5013517 -7870713 -7587405 -1824248 -142246 120902 -126338 -43336 -29043 -3991 -65222 -10914 -3718 -2782 -3077 -1009 -668 -199 -158 -291 -295 -4 -23 -11 -6 1 0 0 1 1 0 0 -2 0 0 0 2 0 0 0 0 5 0 -1 1 -1 0 0 0 0 0 0 -1 0 -1 0 0 1583836345
-13617778 -13357294 17428600 2731649 -7854191 -5024248 -1821556 -141575 146408 -125557 -43111 110035 -3718 -66284 -22688 -2410 -7927 -1433 -938 -340 -218 -381 96 -298 -3 482 -21 -22 0 -2 0 3 0 -6 2 -1 0 -1 0 -1 2 -1 0 0 0 0 0 0 0 0 0 0 0 0 0 0 0 0 0 0 1583836345
-15829672 -15281100 21494365 4781791 -7822911 -7316873 -1832370 -142190 128371 -126293 -43331 -3224 -3935 -64067 -12129 -3974 2247 -1962 -1039 -273 -171 -259 -480 -138 -6 27 -12 -8 0 0 0 1 1 0 -1 8 0 0 -2 -1 0 0 0 -1 4 0 -2 -2 1 -3 0 0 -1 0 0 0 0 0 0 0 1583836345
3859419 1399220 -13823174 -14206876 -7357138 12364936 -1853274 -133774 45288 -118556 -40863 290800 -3117 -58642 40241 -25222 -5665 -7506 -1297 8004 -191 60538 570 -317 5 -1073 6 13 -6 -12 0 -5 2 0 -2 -2 0 9 2 0 0 3 1 0 0 5 0 0 0 0 0 0 0 0 0 0 0 0 1 0 1583836345
-16053908 -15474233 21895682 5125608 -4061593 -7492093 -1193337 -140974 121392 -124434 -42256 -24680 -4141 -12283 -11103 -3612 -7471 -2946 -992 -617 -247 -133 -101 -311 -2 -4 -11 -7 1 0 0 1 0 0 1 2 0 0 0 0 0 0 0 0 0 0 0 0 0 0 0 0 0 0 0 0 0 0 0 0 1583836345
-16046021 -15469753 21892050 4997969 -7313466 -7536859 -1875759 -142270 124872 -126451 -43383 -20679 -3921 -50666 -11482 -3728 -1670 -3128 -1014 -696 -201 -161 818 -340 -3 -27 -10 -6 1 0 0 1 2 0 -3 -4 0 -1 2 -1 0 0 1 0 0 0 0 0 0 0 0 0 0 0 0 0 0 0 0 0 1583836345
26425264 20241691 -53841602 -34908396 29141008 35013770 12492829 -97702 -322409 -67578 -15323 -162272 -9513 53232 -30530 17803 -13652 -5617 -1066 -2268 -258 -2361 709 -492 3 -311 -1 7 7 -1 0 2 24 -2 7 0 -1 -1 6 -8 -3 1 0 0 -1 0 -1 0 -2 0 0 0 0 1 0 0 0 0 0 0 1583836345
28711138 22193486 -57918955 -38043510 3071521 36949377 2931019 -113761 -271224 -94239 -29933 -24383 -5340 -62809 -69655 36158 -3899 -5826 -923 -2811 -175 -2697 338 1013 -6 -329 -38 3 0 2 0 -1 -4 12 3 -5 -1 -1 5 0 -1 2 0 -1 2 -1 1 3 0 1 2 -1 0 -3 -2 2 0 0 2 -1 1583836345
269288783 205117676 -448066595 -270719301 14086310 287980152 6153920 1249 -2127677 14716 8278 -387235 -3471 -17873 -477409 336180 -9436 2603 71 -9804 -94 -18109 -1748 -257 33 -839 2 63 24 38 0 -43 11 32 3 -3 0 -2 -1 -7 24 -16 5 -2 1 -10 2 -1 -4 1 0 -4 0 -1 -2 1 0 0 2 -1 1583836345
-14942747 -14485666 19791087 4475230 6851382 -6120867 3989616 -131684 154766 -109400 -34301 76589 -6218 -21282 -18875 -2926 -4357 -3478 -1102 -888 -213 -162 -1033 -307 -2 133 -13 -12 0 -1 0 2 4 -1 -5 0 -1 -1 5 0 0 0 0 -1 0 0 1 0 0 0 0 0 0 0 0 0 0 0 0 0 1583836345
-13058780 -12914097 16468933 2460915 1228987 -4363895 1216746 -135659 124094 -116475 -38241 62687 -4989 -12711 -21897 -453 -5854 -3274 -1016 -851 -230 -313 5414 -333 -1 275 -14 -13 4 -1 0 2 0 3 6 0 0 0 -3 -1 0 -1 0 0 0 0 0 0 0 0 0 0 0 0 0 0 0 0 0 0 1583836345
-15895921 -15337070 21612981 4845606 -7846722 -7381516 -1830447 -142221 129385 -126318 -43339 -882 -3934 -64553 -12793 -3830 1080 -2995 -1033 -661 -180 -189 -319 -350 -4 53 -13 -6 4 -1 0 2 9 -1 0 0 0 -1 0 -3 -1 0 -1 0 3 0 -2 0 0 -1 0 0 0 0 0 0 0 0 0 0 1583836345
-13474483 -13311067 17317394 2498869 -7778725 -5015217 -1835406 -141123 87492 -125302 -43016 -15113 -3934 -63253 129990 -88281 3524 -10484 -1237 2986 -161 7217 -448 -227 -7 -117 -7 -5 2 -6 0 0 3 0 -2 9 0 3 -1 -1 -1 7 4 -2 0 6 -1 0 1 -1 0 2 1 2 -1 0 0 0 0 0 1583836345
-14292759 -13950529 18684529 3262830 -7857136 -5758561 -1822526 -141414 155882 -125679 -43128 23110 -3877 -65830 -16352 -2411 -5697 -1635 -974 -170 -208 -351 -72 -89 -2 -20 -17 -8 0 0 0 1 0 0 2 0 0 -1 0 0 0 0 0 0 -1 0 0 0 0 0 0 0 0 0 0 0 0 0 0 0 1583836345
-15939818 -15383549 21705518 4959158 -5421675 -7406822 -2046824 -142340 119167 -126783 -43514 -28975 -3751 -1721 -11208 -3394 -3677 -3050 -1005 -675 -236 -149 -118 -172 -4 -18 -16 -6 1 0 0 1 -2 0 -2 4 0 -1 0 -4 -1 0 -2 0 -1 0 0 0 0 0 0 0 0 0 0 0 0 0 0 0 1583836345
-14854975 -14456067 19744101 3918758 -5841801 -6299783 -2021567 -141958 124720 -126361 -43392 23505 -3667 -11938 -13698 -3546 19399 409 -1134 317 -106 -504 3180 -567 -7 134 -4 -8 3 0 0 0 10 -3 -16 -15 -1 -2 8 -3 0 0 4 -1 -2 0 0 2 3 0 0 0 0 0 0 0 0 0 0 0 1583836345
-15702571 -15180984 21281275 4647025 -7884450 -7202253 -1819689 -142079 123306 -126185 -43287 -13838 -3965 -65933 -12690 -3327 -8210 -3152 -967 -693 -226 -160 40 -299 -2 11 -14 -7 1 0 0 1 0 0 2 0 0 0 0 0 0 0 0 0 0 0 1 0 0 0 0 0 0 0 0 0 0 0 0 0 1583836345
-15983769 -15397457 21703517 5669807 13151385 -7127696 6478714 -127580 123212 -102564 -30534 -20895 -7443 -2478 -10737 -3143 -7641 -3179 -1141 -710 -234 -78 -1701 -457 0 -22 -11 -5 1 0 0 1 0 0 -5 -8 0 -1 0 -1 0 0 3 -1 -3 0 0 0 0 0 0 0 0 0 0 0 0 0 0 0 1583836345
-16066162 -15485528 21923194 5066038 -6000605 -7533753 -1505763 -141606 124591 -125386 -42798 -18691 -4057 -39811 -11220 -3808 -8260 -2663 -969 -691 -238 -143 -17 -311 -2 -20 -14 -5 3 0 0 1 -1 0 0 -1 0 -1 1 0 2 0 0 0 0 0 0 0 0 0 0 0 0 0 0 0 0 0 0 0 1583836345
-13689024 -13392484 17421472 4418693 38933107 -4315782 15847091 -110143 148594 -74927 -15795 99468 -11028 105752 -19853 -1289 -4480 -1251 -1326 -111 -240 -281 -185 -658 2 180 -9 -14 -2 0 0 3 19 -1 -2 -3 -1 -2 10 0 0 -1 8 -1 3 0 -2 3 -2 6 0 3 -1 0 1 0 0 0 0 0 1583836345
-15638959 -15054469 20981244 5499346 16897901 -6626162 7401553 -125872 172123 -99922 -29122 101065 -7592 33538 130925 -64427 3010 232870 -703 89785 430 -14313 1338 -164 12 -2154 17 -104 -231 26 0 1 13 -2 3 -2 0 -4 1 9 -53 -36 3 1 -1 32 -7 0 -4 2 0 -3 0 -2 -1 1 0 1 -2 0 1583836345
-2972838 -4480824 -1391022 -7691498 -7722112 5375675 -1827628 -136336 -6794 -120887 -41524 -51177 -3818 -64289 -31939 11891 1430 -2463 -988 -856 -172 -1023 -493 -392 -4 -89 -10 -4 0 0 0 0 0 2 1 -2 0 0 1 2 0 -1 2 0 2 -1 0 1 -1 0 0 0 1 0 1 -2 0 -1 0 0 1583836345
-16045229 -15470420 21894185 4977060 -7847294 -7545909 -1830488 -142232 124785 -126349 -43345 -20936 -3967 -64308 -11471 -3727 8451 -3357 -1089 -823 -145 -182 -841 -477 -6 -23 0 -5 1 0 0 1 0 0 3 -3 0 0 1 4 1 0 2 0 4 0 0 1 -1 0 0 1 3 0 -3 0 0 -2 0 1 1583836345
-16072461 -15490778 21933288 5087632 -5517291 -7533452 -878479 -140576 124651 -123639 -41883 -21450 -4378 -59183 -11295 -3741 -9562 -2994 -978 -615 -233 -134 -128 -303 -2 -24 -12 -6 1 0 0 1 0 0 2 -1 0 0 0 -1 0 0 0 0 0 0 0 0 0 0 0 0 0 0 0 0 0 0 0 0 1583836345
-16058388 -15480303 21912225 5046700 -6262506 -7532546 -979742 -140781 124518 -123943 -42061 -21264 -4357 -70419 -11096 -3846 -5558 -2673 -1003 -502 -207 -172 -264 -258 -3 -28 -13 -6 1 0 0 1 0 0 -3 1 0 0 0 0 0 0 0 0 1 0 1 0 0 0 0 0 0 0 1 -1 0 0 0 0 1583836345
-16005731 -15434745 21819086 4941244 -7814878 -7501376 -1830274 -142219 127143 -126338 -43341 -15174 -3959 -63855 -11314 -3988 783 -2290 -1032 -384 -180 -223 -502 -211 -5 -29 -11 -6 0 0 0 1 -5 0 -2 9 0 0 -2 0 0 0 0 0 2 0 -3 -1 1 -1 0 0 0 0 0 0 0 0 0 0 1583836345
36451989 29854083 -73938788 -45522369 -7353498 45013379 -1829666 -120608 164451 -106381 -37078 1139182 -1227 -71287 295124 -268188 -7551 22325 -584 11774 -62 -3515 -101 -165 1 967 -25 -52 -23 -2 0 4 0 -10 0 0 0 -2 0 5 -12 3 -2 0 0 0 0 1 1 0 0 0 0 4 0 0 0 0 0 0 1583836345
-4382341 -5506954 815618 -6220945 -6579356 4274695 -1931191 -137437 171241 -122173 -42042 252763 -3213 -36185 -42592 4662 -4954 2836 -913 1194 -200 -1238 -82 -258 0 299 -20 -23 -7 -2 0 3 -2 -5 0 2 0 -1 0 -2 -2 -3 -1 0 0 0 0 0 0 0 0 0 0 0 0 0 0 0 0 0 1583836345
-16001049 -15407415 21731804 5634294 11582363 -7159639 -3600740 -143642 123330 -130395 -44934 -16718 -2082 437098 -10988 -3069 2138 -1991 -1068 -411 -429 -108 -913 -115 -5 -17 -18 -6 1 0 0 1 -14 0 -1 3 1 0 -10 -6 -1 0 -2 0 -5 0 0 0 0 -2 0 1 0 0 0 0 0 0 0 0 1583836345
-16081234 -15495665 21945103 5089511 -5672104 -7536637 -2021662 -142398 129195 -126806 -43522 -11799 -3752 -8580 -11898 -3824 -7531 -2988 -976 -633 -252 -133 -41 -294 -2 -21 -13 -6 1 0 0 1 -3 0 0 0 0 0 -1 -1 0 0 0 0 0 0 0 0 0 0 0 0 0 0 0 0 0 0 0 0 1583836345
7508285 4697228 -20757781 -17795071 -7649228 16272711 -1819392 -132124 256222 -117393 -40494 486966 -2746 -68538 -69480 11804 -6394 5180 -804 1030 -177 -2065 -162 -300 6 500 -21 -24 0 -5 0 5 -2 -10 3 -1 0 -1 0 2 -3 -4 0 0 0 -2 0 0 0 0 0 0 0 0 0 0 0 0 0 0 1583836345
-15842896 -15287432 21486757 5243689 5223170 -7114505 -3070694 -143150 123746 -129147 -44475 -13032 -2610 277080 -11289 -3044 112132 -3989 -1858 -1557 197 -421 -5722 2591 -45 -5 -69 -4 1 0 0 -2 -65 0 -31 73 0 0 -12 -17 -4 -1 -9 13 -8 1 14 11 -9 2 -5 -3 -1 0 -2 3 -1 -3 0 2 1583836345
-14369347 -13989907 18770566 3442880 -7176636 -5735864 -1886291 -141836 177021 -126032 -43293 151842 -3589 -48709 -22350 -4370 -943 419 -987 372 -186 -474 -365 -49 -4 164 -22 -15 -2 0 0 2 -6 -2 0 3 0 -1 0 -1 1 -1 0 3 -1 0 0 1 -1 -1 0 2 0 0 0 0 0 0 0 0 1583836345
3589300 1083775 -13246865 -12485838 35149119 12637398 -5739734 -136639 -76753 -127178 -44169 -15760 506 1043237 -46096 22181 14003 -1695 -1107 -1162 -672 -1220 -1913 -499 -5 104 -7 -5 2 3 0 -3 -26 5 -7 10 2 0 -21 -14 -4 -2 -9 -3 -10 -3 -4 0 0 0 0 0 2 0 0 0 0 0 0 1 1583836345
-15181305 -14711667 20285859 4308201 -4035799 -6576249 -2170333 -142250 137785 -126856 -43571 32703 -3505 33029 -13754 -4220 -7623 -27 -964 456 -264 -356 -119 -228 -2 35 -15 -11 -2 0 0 1 -4 -1 1 0 0 0 -1 -1 0 -1 0 1 -1 0 0 0 0 0 0 0 0 0 0 0 0 0 0 0 1583836345
475584620 391722612 -841550253 -471937650 2250077 485157823 -2305397 80752 -3105466 74986 23248 580081 5293 74576 -750229 466068 -5916 -25417 903 -22314 -85 -29028 -808 -22 70 -3574 34 89 -34 30 0 -36 -3 5 0 0 0 0 -3 0 -9 -3 -1 0 -1 -3 0 0 1 0 0 0 0 -12 0 0 0 -2 6 -2 1583836345
-13223348 -13101584 16869317 2340361 -4913681 -4716901 -2088270 -141133 90478 -125736 -43169 -39163 -3683 10383 -15895 343 -7514 -2938 -968 -712 -260 -309 -80 -303 -2 -42 -12 -6 1 0 0 1 -3 0 1 0 0 0 -1 -1 0 0 0 0 0 0 0 0 0 0 0 0 0 0 0 0 0 0 0 0 1583836345
15898770 11466824 -35160437 -25996946 -7532489 24189235 -1824959 -127868 -85015 -113258 -39037 92605 -3290 -65098 2644 -19212 -7847 -1942 -840 -176 -196 -1983 -27 -281 0 -276 -10 -6 -7 -1 0 2 0 -3 1 0 0 0 0 0 -2 3 1 0 0 -1 2 0 1 0 0 0 0 2 0 0 0 0 0 0 1583836345
-16088994 -15507413 21970579 5052895 -7013247 -7581434 -1743592 -142066 119919 -126086 -43186 -20226 -3983 -50559 -6586 3117 -8382 -5426 -1109 2213 -232 -2771 3 -170 -4 12 -18 -13 0 -8 0 -1 -1 0 1 0 0 4 1 -1 0 0 0 1 -1 0 0 0 0 0 0 0 0 0 0 0 0 0 0 0 1583836345
123361513 102125468 -227175219 -130339167 -5261622 130784973 -1468921 -78163 -797618 -67869 -23757 127706 -1674 -54815 -164093 90764 -8859 -13972 -449 -7706 -182 -7865 -66 -195 17 -1030 0 12 -10 -3 0 4 -1 -13 0 1 0 0 0 -1 -2 2 0 0 0 3 0 0 1 0 0 0 0 1 0 0 0 0 -1 0 1583836345
115192017 94686026 -211549349 -122543677 -5846095 121527821 -1893837 -81483 -1443442 -70579 -24519 -1243406 -3932 -37675 -117698 131083 397 -2175 -617 -3507 -142 -8136 -617 23 -2 -813 -1 20 10 -7 0 8 -6 -19 -2 7 0 0 -2 0 -1 -2 0 0 1 0 2 0 0 2 0 -2 0 0 0 0 0 0 0 0 1583836345
54262573 44050570 -104107069 -63213570 -7003541 62975013 -1841805 -110915 82870 -98530 -34367 877400 -1340 -65373 -12401 -51973 -8817 -18190 -666 -6229 -202 -3141 33 -192 14 -627 -10 -2 -15 -1 0 3 -1 -5 0 1 0 0 0 0 -1 6 0 0 0 5 0 1 1 0 0 -1 0 3 0 0 0 0 0 0 1583836345
-11555107 -11474024 13459455 824874 -4787233 -2895462 -2099735 -140888 193023 -125499 -43177 264744 -3127 11807 -26530 -5833 -8038 5543 -869 1269 -238 -832 -45 -271 -1 438 -22 -17 2 2 0 4 -3 -1 0 0 0 0 -1 -1 0 -1 0 0 0 0 0 0 0 0 0 0 0 -1 0 0 0 0 0 0 1583836345
-14564439 -14126695 19044698 4042885 6129503 -5713717 -3104238 -142662 197102 -128852 -44382 108832 -2369 296747 -20580 -2859 2341 -1911 -1021 -1067 -354 -200 -570 457 -6 239 -38 -15 0 0 0 0 -9 -3 -1 4 0 -1 -3 -8 -1 0 0 2 -6 0 1 4 0 -3 1 2 -1 0 0 1 0 0 0 0 1583836345
55164118 44636182 -105400096 -64026745 -7091283 63376571 -1839354 -110488 -251886 -97511 -33930 464748 -2021 -64888 -49457 -4862 6485 -14634 -793 -5735 -130 -3614 -735 -432 3 -560 2 3 -7 0 0 1 1 1 2 -1 0 0 0 2 0 0 0 0 3 4 -1 0 0 0 0 0 1 1 0 -1 0 0 0 0 1583836345
-14336373 -13992740 18771876 3361032 -7858786 -5765148 -1821305 -141647 151646 -125772 -43179 87926 -3768 -66185 -19097 -3766 -6892 -1129 -958 7 -212 -373 -79 -256 -3 187 -17 -15 -2 -1 0 2 -2 -2 0 1 0 -1 0 0 0 -1 0 0 0 0 0 0 0 0 0 0 0 0 0 0 0 0 0 0 1583836345
-15967599 -15401307 21745376 4965754 -6296540 -7440952 -1977189 -142348 122108 -126663 -43473 -20722 -3806 -23843 -10745 -3875 21407 -2220 -1182 -447 -98 -289 -1389 32 -11 -6 -16 -7 0 0 0 0 -15 0 -9 17 0 -1 -2 -8 -2 0 -6 2 -3 0 1 1 -1 2 0 0 0 0 2 0 0 0 0 0 1583836345
324598142 272676200 -588266286 -324749952 -2158224 331702864 -1022039 10103 -1589604 13830 3184 1828577 4231 -60340 -732740 398553 -3744 -8563 390 -12808 -34 -12064 -903 469 49 -24 -34 13 -21 57 0 -63 -2 104 5 0 0 -3 0 -1 2 -42 1 0 3 -18 2 32 40 0 0 1 1 -3 -2 0 0 0 1 0 1583836345
22148959 17077641 -47045729 -30477174 32302494 31684793 13615328 -98738 213755 -67563 -14936 868863 -8285 53012 -127210 32848 3475 -3736 -1089 -4023 -162 -2339 -4485 159 4 445 -30 -14 1 2 0 2 -20 1 7 4 4 2 -32 4 13 -2 2 0 3 0 5 5 -1 1 -1 -9 -1 -1 -4 1 0 0 -1 0 1583836345
-15564463 -15060631 21019691 4649697 -4098322 -7000555 62314 -138777 122191 -120790 -40416 -12860 -4793 -72878 -12718 -3114 -7862 -2984 -1003 -635 -215 -172 -213 -250 -2 13 -12 -7 1 0 0 1 -1 0 3 0 0 0 -1 0 0 0 -1 1 1 0 0 0 0 0 0 0 0 0 0 0 0 0 0 0 1583836345
-15763572 -15213458 21354280 4717439 -7845818 -7222485 -1830366 -142178 145907 -126307 -43346 33364 -3871 -64861 -14988 -4050 6291 -3063 -1068 -723 -153 -214 -720 -146 -6 26 -15 -6 3 -1 0 2 1 0 4 -5 0 0 1 5 0 0 0 0 4 0 0 0 0 -1 2 0 0 0 1 0 0 -1 0 0 1583836345
-13216049 -12489263 15704762 1915005 -7853675 -4435779 -1821146 -140078 572983 -125649 -43092 105186 -3727 -66579 -21653 -2341 -7471 -1354 -918 -930 -216 -362 7 -304 15 216 -16 -10 5 -1 0 2 0 -3 2 -1 0 -1 0 -1 3 0 0 0 0 0 0 0 0 0 0 0 0 0 0 0 0 0 0 0 1583836345
-15910369 -15357768 21655193 4849842 -7767346 -7411623 -1838470 -142180 122701 -126310 -43333 -21151 -3960 -62337 -11717 -3551 3125 -3201 -1049 -744 -172 -182 -223 -314 -5 -11 -15 -6 1 0 0 2 8 0 0 3 0 0 0 -3 -1 0 5 0 0 0 2 0 0 0 0 -1 0 0 -1 1 0 0 0 0 1583836345
78109021 67262964 -152938193 -86438524 -6776713 82829847 -1854969 -99366 -1011146 -86626 -30064 -558422 -3411 -57305 35170 -10075 1212 -10445 -739 -3774 -142 -4965 -378 114 -10 -614 -8 12 6 -6 0 7 5 -10 3 0 0 -1 1 -1 0 -9 0 -3 0 -2 0 0 0 0 0 0 0 0 0 0 0 0 0 0 1583836345
-16043554 -15453465 21850940 5174295 -2653663 -7443852 16288 -138999 128548 -121076 -40492 7710 -4673 -39778 -12388 -4052 -9348 -2454 -981 -813 -239 -131 -357 -319 -2 -14 -14 -3 4 0 0 1 -1 0 0 -3 0 0 -1 -2 3 0 1 0 -1 0 0 0 0 0 0 0 0 0 0 0 0 0 0 0 1583836345
-16067188 -15480772 21917438 5007045 -7886607 -7558233 -1820026 -142269 129162 -126349 -43342 -11715 -3966 -65900 -11954 -3909 -7859 -3007 -970 -624 -224 -147 -11 -287 -2 -17 -12 -7 1 0 0 1 0 0 1 -1 0 0 0 0 0 0 0 0 1 0 0 0 0 0 0 0 1 0 -1 0 0 0 0 0 1583836345
-14744748 -14356790 19538538 3754656 -7848195 -6201870 -1825149 -141807 133195 -125900 -43216 56694 -3823 -65525 -15528 -3498 -3367 -2955 -1009 -221 -199 1995 -267 -188 -4 283 -20 -16 0 -1 0 3 -2 -4 -1 6 0 -1 -1 0 0 0 0 -1 0 0 -1 -1 0 -1 0 0 0 0 0 0 0 0 0 0 1583836345
-16050644 -15162182 21269734 5579573 -6308149 -7364707 -1974205 219787 119837 -126625 -43484 -29939 -3831 -23538 -10993 -3669 4617 -6325 188464 6352 275 -6 278 -203 0 -49 2 -91 18 2 0 0 1 0 -10 -6 62 -1 15 -1 0 0 3 -1 -1 0 0 0 0 0 0 0 0 0 0 0 0 0 0 0 1583836345
-16085762 -15507571 21972151 5015498 -7870123 -7593109 -1824862 -142239 120901 -126339 -43336 -29007 -3990 -65128 -10773 -3776 -1958 -2880 -1014 -595 -195 -173 -236 -379 -4 -25 -9 -6 1 0 0 1 1 0 2 -2 0 0 1 0 0 0 0 0 1 0 0 0 0 0 0 0 0 0 1 -1 0 0 0 0 1583838187
-15747884 -15218841 21361402 4695115 -7851330 -7244619 -1824236 -142115 123638 -126220 -43301 -10879 -3955 -64972 -12573 -3495 -5364 -2912 -987 -613 -212 -180 -94 -326 -3 42 -14 -8 1 0 0 2 0 0 0 1 0 -1 0 -1 0 0 2 0 -1 0 1 0 0 0 0 0 0 0 0 0 0 0 0 0 1583838187
-13584062 -13014179 16751882 3076159 -5862054 -4532381 -2023078 -143181 333220 -127080 -43970 989610 -2084 -18477 258133 -157997 35582 424296 263 149963 1095 -25005 2122 -45 14 -3555 41 -70 -287 54 0 -3 3 7 -5 -12 0 -4 5 -11 43 13 0 0 -2 14 -5 -4 -3 1 0 0 0 -1 0 0 0 0 2 -1 1583838187
-16090046 -15498603 21936047 5384609 2214932 -7425192 2128682 -135291 119865 -115039 -37247 -20610 -5624 -33602 -10559 -3681 -6368 -2568 -1054 -661 -222 -131 -905 -246 -3 -30 -14 -4 3 0 0 1 -4 0 -3 -3 0 -1 1 0 2 0 -1 1 -1 0 -1 0 0 0 0 0 0 0 0 0 0 0 0 0 1583838187
-15998478 -15426818 21802262 4940356 -7853991 -7495070 -1824335 -142238 124602 -126327 -43339 -7277 -3955 -65172 -8249 -5457 -5399 3302 -966 1589 -195 -525 -65 -19 -4 -54 -18 -8 -2 0 0 1 0 0 2 0 0 -1 0 0 0 0 0 0 -1 0 0 0 0 0 1 0 0 0 0 0 0 0 0 0 1583838187
-13639943 -13117953 16977694 2887346 -7869387 -4555747 -1822139 -142383 420718 -126464 -43619 795407 -2573 -70830 20746 -41143 -5595 119598 -258 35942 108 -6966 -553 -66 8 -601 11 32 2 12 0 0 -1 0 0 1 0 -1 -1 -17 72 8 0 -2 1 -8 0 0 1 -1 0 0 1 6 0 0 0 0 0 0 1583838187
-16066238 -15484152 21923505 5012979 -7451798 -7552074 -1862125 -142273 129373 -126439 -43379 -11475 -3920 -54370 -11511 -4061 -2167 -2405 -1009 -416 -200 -202 370 -363 -3 -29 -9 -6 0 0 0 1 0 0 -3 -4 0 -1 2 0 0 0 1 0 0 0 0 0 0 0 0 0 0 0 0 0 0 0 0 0 1583838187
-16078728 -15472409 21853643 5939873 18128794 -7136719 8819318 -123569 124289 -95953 -26991 -19872 -8469 -6684 -9020 -3726 -6314 -1133 -1191 73 -214 -187 -2309 -496 0 -40 -8 -6 0 0 0 2 5 0 -2 -7 0 0 -2 2 0 0 6 0 0 1 4 -1 1 -1 0 0 0 0 0 0 0 0 0 0 1583838187
-16038661 -15450873 21852061 5047783 -5869936 -7480901 -979283 -140780 138623 -123959 -42060 8736 -4288 -62033 -11814 -4629 -9279 -1213 -971 66 -226 -247 -77 -300 -2 -29 -12 -4 5 -1 0 1 0 0 2 0 0 -1 1 0 -1 0 0 0 0 0 0 0 0 0 0 0 0 0 0 0 0 0 0 0 1583838187
-16066448 -15485011 21925463 5002385 -7876532 -7565388 -1825460 -142259 124703 -126353 -43348 -10801 -3965 -66087 -9358 -4933 -9556 1099 -943 763 -220 -374 54 774 -7 -55 10 -7 0 0 0 2 21 0 -4 5 0 0 -3 7 3 0 -3 4 -7 -1 0 0 0 -1 -3 0 -2 1 0 -1 0 0 0 0 1583838187
-15967620 -15196947 21361489 4759635 -7890140 -7333648 -1819724 -141782 314926 -126467 -43367 12587 -3928 -66431 -9985 -5440 -9538 2489 -944 1473 -217 -477 56 28 3 -57 -7 -10 -4 0 0 1 4 0 0 1 0 0 0 2 0 -1 0 2 -2 0 0 0 0 0 0 0 -1 0 0 0 0 0 0 0 1583838187
-15481443 -14777029 20444946 4984158 1933388 -6524011 1422147 -137093 253936 -117443 -38597 522417 -4359 -10442 99645 -65027 11247 218376 -416 77871 435 -13088 -2020 1268 0 -1874 -24 -50 -159 28 0 -1 1 5 -1 6 0 -2 1 0 9 7 -2 12 2 -3 7 6 -10 -8 0 1 -6 -7 0 1 0 0 1 0 1583838187
-15632312 -14969535 20857303 4765799 -6824246 -6908542 -1405271 -142008 215019 -125464 -42934 376316 -3501 -65036 66766 -47728 -5267 155006 -460 55650 205 -9383 -799 58 5 -1346 -3 -37 -113 20 0 0 -1 3 0 0 0 -2 0 -2 11 3 0 1 0 3 0 -1 -2 -1 0 1 -1 -7 0 0 0 1 -3 1 1583838187
-16067631 -15478499 21913829 5002206 -7874959 -7546350 -1820994 -142258 137888 -126368 -43354 5670 -3937 -65798 -8759 -5804 -6894 3239 -957 1614 -202 -515 -97 -133 -3 -75 -16 -7 -1 0 0 1 -2 0 1 0 0 0 0 1 -1 0 0 0 -1 0 0 0 0 0 0 0 0 0 0 0 0 0 0 0 1583838187
-15824333 -15171836 21280477 4880802 -7879283 -7174761 -1821398 -142663 188434 -126601 -43521 271501 -3497 -67486 37197 -31882 -5418 97537 -548 32651 49 -5844 -488 -147 2 -838 -5 6 -30 11 0 0 -1 2 0 0 0 -1 0 -6 30 7 2 0 0 -5 1 0 0 0 0 0 0 -1 0 -1 0 0 -1 0 1583838187
-16089549 -15511134 21979406 5023072 -7742451 -7595679 -1833024 -142241 120430 -126355 -43341 -29161 -3983 -62090 -10533 -3812 -7695 -2536 -965 -636 -224 -158 -13 -217 -3 -29 -16 -4 3 0 0 1 -1 0 0 1 0 0 0 -1 1 0 0 0 0 0 0 0 0 0 0 -1 0 0 0 0 0 0 0 0 1583838187
-16054402 -15472060 21893250 5105552 -4470662 -7489457 -2136628 -142479 128843 -127062 -43626 -11828 -3630 22607 -9790 -4580 582 254 -1028 569 -218 -350 -136 -39 -5 -52 -18 -7 -1 0 0 1 -5 0 -3 7 0 0 -3 -4 -2 0 -1 0 -1 0 0 1 -1 0 0 0 0 0 2 -1 0 0 0 0 1583838187
-16066371 -15303995 21559762 5319239 -7888587 -7475511 -1822051 -44308 120429 -126497 -43387 -30231 -4000 -65442 -11021 -3747 -6186 -5700 159055 5350 172 -9 -460 -117 0 -1 -6 8 -1 0 0 0 -1 0 1 2 -43 0 -6 1 0 0 1 0 0 0 2 -1 0 0 0 0 0 0 0 0 0 0 0 0 1583838187
-15731019 -15200035 21309345 4861605 -4461530 -7261509 -2145757 -142567 51354 -126912 -43596 -4762 -3602 21996 -10193 -3578 19145 -846 -1066 -2575 -130 -172 -1521 1942 -23 26 -70 -9 0 0 0 0 -25 0 3 10 0 0 -2 0 0 0 5 1 0 1 6 3 -2 0 4 1 2 0 1 0 0 0 0 0 1583838187
-16081916 -15439895 21833185 5159980 -6795419 -7538157 -1145272 -7867 120320 -124308 -42297 -30227 -4308 -73912 -10867 -3685 -7808 -3606 29499 486 -144 -112 -216 -189 -2 -47 -13 -55 11 0 0 1 -3 0 0 2 49 0 7 -1 0 0 0 0 0 0 1 0 0 0 0 0 0 0 0 0 0 0 0 0 1583838187
-16085750 -15507461 21971933 5015528 -7874185 -7593120 -1820985 -142234 120897 -126328 -43330 -29021 -3995 -65472 -10775 -3789 -7573 -2761 -973 -528 -222 -161 22 -307 -2 -25 -12 -6 1 0 0 1 0 0 2 -1 0 0 0 0 0 0 0 0 0 0 0 0 0 0 0 0 0 0 0 0 0 0 0 0 1583838187
-12747052 -12684580 15992143 1824588 -6636353 -4241011 -801272 -139056 107442 -122128 -41389 1310 -4382 -87915 -16980 -1108 -6023 -3262 -988 -808 -199 -343 -342 259 -5 -53 -26 -6 1 0 0 1 -5 2 0 -1 0 -1 2 3 0 0 -1 -1 0 -1 0 0 0 0 0 0 0 0 0 0 0 0 0 0 1583838187
-15674592 -15159057 21233319 4637804 -7388932 -7173176 -1631699 -141730 118849 -125626 -42988 -23291 -4057 -64424 -11332 -3605 -3515 -2509 -1004 -459 -201 -213 -293 154 -6 -7 -23 -7 1 0 0 1 -4 0 0 2 0 0 0 0 0 0 0 -1 0 0 0 -1 0 -1 1 0 0 0 0 0 0 0 0 0 1583838187
-15546971 -15049756 21002915 4513813 -7883260 -7037100 -1819867 -142077 120984 -126146 -43280 4208 -3932 -66026 -10068 -6037 -7975 -3093 -966 -631 -224 -160 0 -295 -3 165 -14 -8 7 -2 0 2 0 -2 0 -1 0 -1 0 0 0 0 1 0 0 0 0 0 0 0 0 0 0 0 1 -1 0 0 0 0 1583838187
-15917550 -15360789 21660417 4892980 -6781707 -7397341 -1552737 -141667 125266 -125490 -42883 -15597 -4061 -54494 -12020 -3611 -8051 -3019 -975 -635 -230 -151 214 -293 -2 -12 -13 -7 1 0 0 1 -1 0 0 -1 0 -1 1 0 0 0 0 0 0 0 0 0 0 0 0 0 0 0 0 0 0 0 0 0 1583838187
-16088893 -15502831 21949995 5270057 -937135 -7478912 1122949 -137099 119290 -117938 -38827 -26884 -5249 -56502 -10130 -3552 -2717 -2756 -1036 -1371 -195 -97 -953 460 -7 -21 -29 0 10 -1 0 1 -6 0 -6 -2 0 0 -1 5 0 0 0 -1 5 1 3 -1 0 -1 3 0 0 0 3 -1 0 0 0 0 1583838187
-16086030 -15469725 21886498 5256622 -2718346 -7488748 19849 -139163 120469 -121104 -40489 -29974 -4737 -41206 -10685 -3547 3574 -3314 -1092 -787 -175 -150 -326 79 -7 -24 -24 0 0 0 0 1 0 0 -9 -9 -1 -1 4 1 0 0 4 0 1 0 0 0 0 -2 1 1 0 0 0 0 0 0 0 0 1583838187
1293631221 1056080294 -2252319836 -1263109653 6025581 1310542271 -1895424 444526 -10752902 413632 135070 1540428 19217 -25889 -391887 203837 -9432 -104434 3457 -41255 380 20798 -885 554 74 -5378 82 137 -17 -44 0 39 0 -93 -4 1 0 5 -1 -9 38 -38 3 -4 1 -2 0 4 8 0 1 -1 3 24 0 1 0 0 1 0 1583838187
67873836 61478705 -140264300 -76100162 -5190270 72400711 -1095605 -104774 -339646 -90669 -31333 830542 -1518 -65490 -117458 24497 -903 -10083 -609 -6283 -147 -4598 -599 27 0 44 -22 -7 -1 0 0 0 -6 2 0 7 0 -1 -1 0 4 0 0 1 0 4 3 0 0 0 0 -1 0 -2 -1 1 0 0 1 0 1583838187
-16064324 -15481626 21911413 5135385 -4011078 -7497750 -200071 -139400 125201 -121712 -40858 -18782 -4672 -61926 -11131 -3824 -1622 -2763 -1050 -554 -187 -172 -795 1758 -14 -12 -66 -7 1 0 0 0 -16 0 3 -10 0 0 -2 0 0 0 2 -4 3 0 -4 0 0 -3 5 0 1 0 -1 2 0 0 0 0 1583838187
21918551 17062104 -46945800 -30893531 -3491315 30893309 -626256 -126145 89775 -108768 -36945 723961 -2555 -38443 -120455 34815 -755 7082 -813 1656 -146 -3152 -492 -30 -3 2212 -51 -90 -20 -8 0 11 -4 -22 -4 7 0 -4 0 -8 -1 -14 -3 0 -2 2 0 -1 0 1 0 0 0 0 0 0 0 0 0 0 1583838187
-13709462 -13485786 17690825 2784170 -6827666 -5174455 -1431735 -140629 117337 -124323 -42453 39584 -4001 -62028 -19226 -1275 -8245 -2359 -951 -727 -224 -313 -23 -245 -3 169 -16 -9 5 -1 0 2 -1 -2 0 1 0 -1 0 -2 1 0 0 0 0 0 0 0 0 0 0 0 0 0 0 0 0 0 0 0 1583838187
-13247724 -13085466 16847217 2307933 -7851095 -4710298 -1822361 -141153 127021 -125290 -43011 58325 -3800 -65974 -18388 -2978 -6293 -2428 -964 -486 -212 -358 -87 -307 -3 196 -16 -14 0 -1 0 2 0 -2 0 1 0 -1 0 0 0 0 4 0 0 0 1 0 0 1 0 -1 0 0 0 0 0 0 0 0 1583838187
-16066983 -15491758 21938654 4997905 -7854385 -7573475 -1824081 -142228 121076 -126329 -43332 -27770 -3989 -64955 -10908 -3764 -5902 -2837 -986 -564 -214 -163 -126 -211 -3 -20 -16 -6 1 0 0 1 -1 0 0 4 0 0 -1 -1 0 0 0 0 1 0 -1 -1 0 -1 0 0 0 0 0 0 0 0 0 0 1583838187
16475522 12121566 -36513968 -26388318 -7255848 25101110 -1852487 -128398 71751 -113706 -39319 564066 -2440 -60733 -98728 53972 -6173 -11114 -1341 7965 -198 59412 1745 -302 10 -970 2 8 -11 -7 0 -10 3 4 2 0 0 8 1 0 -3 -7 0 0 0 1 0 0 0 0 0 0 0 0 0 0 0 0 0 0 1583838187
-15878976 -15329174 21584752 5004974 -2772650 -7307953 -50425 -139003 112295 -121154 -40552 -27047 -4708 -41829 -9296 -548 -10334 -3541 -1070 1132 -242 9149 -323 -320 -1 -174 -8 -4 0 -3 0 0 2 0 3 0 0 1 0 0 0 0 1 0 2 0 0 1 -1 3 0 1 -1 0 2 0 0 0 0 -1 1583838187
12455520 8583772 -29051593 -22595122 -6350276 20846704 -842260 -127875 -34491 -111998 -38089 152822 -3702 -85533 -78968 33133 -9877 -5309 -853 -2494 -213 -1817 182 -269 2 -246 -10 -3 -3 0 0 2 1 2 2 0 0 -1 0 -1 0 -2 0 0 0 -1 0 0 0 0 0 0 0 0 0 0 0 0 0 0 1583838187
-15417287 -14934587 20760138 4380436 -7870201 -6911820 -1823812 -141994 123349 -126096 -43261 -6805 -3943 -65463 -12877 -3317 -3284 -1975 -998 -278 -198 -265 -264 -352 -3 16 -10 -8 0 0 0 2 0 0 1 0 0 0 0 2 0 0 2 -1 0 0 0 1 -1 0 0 0 0 0 2 -1 0 0 0 0 1583838187
79697150 65402818 -149407027 -87324294 -6881272 87498118 -1833056 -101029 -680896 -87369 -30469 147882 -2202 -63630 9112 -15080 -7398 26433 -468 8270 -80 1861 -220 -7 -1 916 -30 -26 3 -2 0 0 -1 -10 1 0 0 0 0 -5 23 -9 1 0 -1 2 0 -1 -3 -1 0 0 0 4 0 0 0 0 -1 0 1583838187
-16053379 -15436912 21832136 4962163 -7854345 -7524739 -1824133 -142166 161583 -126374 -43348 -9635 -3958 -65038 -12017 -3881 -5185 -3066 -984 -804 -211 -143 -51 -256 -2 -11 -13 -7 1 0 0 1 0 0 1 1 0 0 0 -1 0 0 0 0 0 0 0 0 0 0 0 0 0 0 0 0 0 0 0 0 1583838187
-15539851 -15041939 20986249 4516757 -7721530 -7025536 -1834521 -142100 120868 -126181 -43294 5385 -3913 -61806 -13650 -3614 -7321 -2993 -970 -640 -223 -180 266 -305 -3 180 -15 -12 1 -1 0 2 -1 -2 0 -1 0 -1 0 0 0 0 0 0 0 0 0 0 0 0 0 0 0 0 0 0 0 0 0 0 1583838187
24810608 19130740 -51419692 -33536413 20494026 33676408 9225828 -104858 -61768 -78319 -20948 273369 -7456 16587 -19118 -11163 -10412 2904 -986 1340 -201 -2737 -2320 -85 3 254 -20 -15 -1 -1 0 2 -1 2 -6 -2 0 -1 -5 -8 -6 0 0 -1 -7 1 -2 -1 -4 0 0 1 0 -2 0 0 0 0 0 0 1583838187
-15678346 -15146889 21201213 4818404 -3008422 -7090751 358165 -138352 121182 -119993 -39964 -13670 -4905 -63257 -12269 -3295 -10515 -2742 -992 -528 -232 -165 -320 -126 -2 32 -19 -8 1 0 0 1 0 0 -2 0 0 -1 2 -1 0 0 -1 1 0 0 0 0 0 0 0 0 0 0 0 0 0 0 0 0 1583838187
-16076391 -15496165 21948830 5007069 -7874228 -7576767 -1820984 -142236 125206 -126335 -43335 -20620 -3981 -65554 -11306 -3907 -7164 -3077 -976 -650 -221 -144 -54 -250 -3 -24 -14 -6 1 0 0 1 -2 0 0 1 0 0 0 0 0 0 0 0 0 0 0 0 0 0 0 0 0 0 0 0 0 0 0 0 1583838187
-16080880 -15501777 21960053 5013517 -7870713 -7587405 -1824248 -142246 120902 -126338 -43336 -29043 -3991 -65222 -10914 -3718 -2782 -3077 -1009 -668 -199 -158 -291 -295 -4 -23 -11 -6 1 0 0 1 1 0 0 -2 0 0 0 2 0 0 0 0 5 0 -1 1 -1 0 0 0 0 0 0 -1 0 -1 0 0 1583838187
-13617778 -13357294 17428600 2731649 -7854191 -5024248 -1821556 -141575 146408 -125557 -43111 110035 -3718 -66284 -22688 -2410 -7927 -1433 -938 -340 -218 -381 96 -298 -3 482 -21 -22 0 -2 0 3 0 -6 2 -1 0 -1 0 -1 2 -1 0 0 0 0 0 0 0 0 0 0 0 0 0 0 0 0 0 0 1583838187
-15829672 -15281100 21494365 4781791 -7822911 -7316873 -1832370 -142190 128371 -126293 -43331 -3224 -3935 -64067 -12129 -3974 2247 -1962 -1039 -273 -171 -259 -480 -138 -6 27 -12 -8 0 0 0 1 1 0 -1 8 0 0 -2 -1 0 0 0 -1 4 0 -2 -2 1 -3 0 0 -1 0 0 0 0 0 0 0 1583838187
3859419 1399220 -13823174 -14206876 -7357138 12364936 -1853274 -133774 45288 -118556 -40863 290800 -3117 -58642 40241 -25222 -5665 -7506 -1297 8004 -191 60538 570 -317 5 -1073 6 13 -6 -12 0 -5 2 0 -2 -2 0 9 2 0 0 3 1 0 0 5 0 0 0 0 0 0 0 0 0 0 0 0 1 0 1583838187
-16053908 -15474233 21895682 5125608 -4061593 -7492093 -1193337 -140974 121392 -124434 -42256 -24680 -4141 -12283 -11103 -3612 -7471 -2946 -992 -617 -247 -133 -101 -311 -2 -4 -11 -7 1 0 0 1 0 0 1 2 0 0 0 0 0 0 0 0 0 0 0 0 0 0 0 0 0 0 0 0 0 0 0 0 1583838187
-16046021 -15469753 21892050 4997969 -7313466 -7536859 -1875759 -142270 124872 -126451 -43383 -20679 -3921 -50666 -11482 -3728 -1670 -3128 -1014 -696 -201 -161 818 -340 -3 -27 -10 -6 1 0 0 1 2 0 -3 -4 0 -1 2 -1 0 0 1 0 0 0 0 0 0 0 0 0 0 0 0 0 0 0 0 0 1583838187
26425264 20241691 -53841602 -34908396 29141008 35013770 12492829 -97702 -322409 -67578 -15323 -162272 -9513 53232 -30530 17803 -13652 -5617 -1066 -2268 -258 -2361 709 -492 3 -311 -1 7 7 -1 0 2 24 -2 7 0 -1 -1 6 -8 -3 1 0 0 -1 0 -1 0 -2 0 0 0 0 1 0 0 0 0 0 0 1583838187
28711138 22193486 -57918955 -38043510 3071521 36949377 2931019 -113761 -271224 -94239 -29933 -24383 -5340 -62809 -69655 36158 -3899 -5826 -923 -2811 -175 -2697 338 1013 -6 -329 -38 3 0 2 0 -1 -4 12 3 -5 -1 -1 5 0 -1 2 0 -1 2 -1 1 3 0 1 2 -1 0 -3 -2 2 0 0 2 -1 1583838187
269288783 205117676 -448066595 -270719301 14086310 287980152 6153920 1249 -2127677 14716 8278 -387235 -3471 -17873 -477409 336180 -9436 2603 71 -9804 -94 -18109 -1748 -257 33 -839 2 63 24 38 0 -43 11 32 3 -3 0 -2 -1 -7 24 -16 5 -2 1 -10 2 -1 -4 1 0 -4 0 -1 -2 1 0 0 2 -1 1583838187
-14942747 -14485666 19791087 4475230 6851382 -6120867 3989616 -131684 154766 -109400 -34301 76589 -6218 -21282 -18875 -2926 -4357 -3478 -1102 -888 -213 -162 -1033 -307 -2 133 -13 -12 0 -1 0 2 4 -1 -5 0 -1 -1 5 0 0 0 0 -1 0 0 1 0 0 0 0 0 0 0 0 0 0 0 0 0 1583838187
-13058780 -12914097 16468933 2460915 1228987 -4363895 1216746 -135659 124094 -116475 -38241 62687 -4989 -12711 -21897 -453 -5854 -3274 -1016 -851 -230 -313 5414 -333 -1 275 -14 -13 4 -1 0 2 0 3 6 0 0 0 -3 -1 0 -1 0 0 0 0 0 0 0 0 0 0 0 0 0 0 0 0 0 0 1583838187
-15895921 -15337070 21612981 4845606 -7846722 -7381516 -1830447 -142221 129385 -126318 -43339 -882 -3934 -64553 -12793 -3830 1080 -2995 -1033 -661 -180 -189 -319 -350 -4 53 -13 -6 4 -1 0 2 9 -1 0 0 0 -1 0 -3 -1 0 -1 0 3 0 -2 0 0 -1 0 0 0 0 0 0 0 0 0 0 1583838187
-13474483 -13311067 17317394 2498869 -7778725 -5015217 -1835406 -141123 87492 -125302 -43016 -15113 -3934 -63253 129990 -88281 3524 -10484 -1237 2986 -161 7217 -448 -227 -7 -117 -7 -5 2 -6 0 0 3 0 -2 9 0 3 -1 -1 -1 7 4 -2 0 6 -1 0 1 -1 0 2 1 2 -1 0 0 0 0 0 1583838187
-14292759 -13950529 18684529 3262830 -7857136 -5758561 -1822526 -141414 155882 -125679 -43128 23110 -3877 -65830 -16352 -2411 -5697 -1635 -974 -170 -208 -351 -72 -89 -2 -20 -17 -8 0 0 0 1 0 0 2 0 0 -1 0 0 0 0 0 0 -1 0 0 0 0 0 0 0 0 0 0 0 0 0 0 0 1583838187
-15939818 -15383549 21705518 4959158 -5421675 -7406822 -2046824 -142340 119167 -126783 -43514 -28975 -3751 -1721 -11208 -3394 -3677 -3050 -1005 -675 -236 -149 -118 -172 -4 -18 -16 -6 1 0 0 1 -2 0 -2 4 0 -1 0 -4 -1 0 -2 0 -1 0 0 0 0 0 0 0 0 0 0 0 0 0 0 0 1583838187
-14854975 -14456067 19744101 3918758 -5841801 -6299783 -2021567 -141958 124720 -126361 -43392 23505 -3667 -11938 -13698 -3546 19399 409 -1134 317 -106 -504 3180 -567 -7 134 -4 -8 3 0 0 0 10 -3 -16 -15 -1 -2 8 -3 0 0 4 -1 -2 0 0 2 3 0 0 0 0 0 0 0 0 0 0 0 1583838187
-15702571 -15180984 21281275 4647025 -7884450 -7202253 -1819689 -142079 123306 -126185 -43287 -13838 -3965 -65933 -12690 -3327 -8210 -3152 -967 -693 -226 -160 40 -299 -2 11 -14 -7 1 0 0 1 0 0 2 0 0 0 0 0 0 0 0 0 0 0 1 0 0 0 0 0 0 0 0 0 0 0 0 0 1583838187
-15983769 -15397457 21703517 5669807 13151385 -7127696 6478714 -127580 123212 -102564 -30534 -20895 -7443 -2478 -10737 -3143 -7641 -3179 -1141 -710 -234 -78 -1701 -457 0 -22 -11 -5 1 0 0 1 0 0 -5 -8 0 -1 0 -1 0 0 3 -1 -3 0 0 0 0 0 0 0 0 0 0 0 0 0 0 0 1583838187
-16066162 -15485528 21923194 5066038 -6000605 -7533753 -1505763 -141606 124591 -125386 -42798 -18691 -4057 -39811 -11220 -3808 -8260 -2663 -969 -691 -238 -143 -17 -311 -2 -20 -14 -5 3 0 0 1 -1 0 0 -1 0 -1 1 0 2 0 0 0 0 0 0 0 0 0 0 0 0 0 0 0 0 0 0 0 1583838187
-13689024 -13392484 17421472 4418693 38933107 -4315782 15847091 -110143 148594 -74927 -15795 99468 -11028 105752 -19853 -1289 -4480 -1251 -1326 -111 -240 -281 -185 -658 2 180 -9 -14 -2 0 0 3 19 -1 -2 -3 -1 -2 10 0 0 -1 8 -1 3 0 -2 3 -2 6 0 3 -1 0 1 0 0 0 0 0 1583838187
-15638959 -15054469 20981244 5499346 16897901 -6626162 7401553 -125872 172123 -99922 -29122 101065 -7592 33538 130925 -64427 3010 232870 -703 89785 430 -14313 1338 -164 12 -2154 17 -104 -231 26 0 1 13 -2 3 -2 0 -4 1 9 -53 -36 3 1 -1 32 -7 0 -4 2 0 -3 0 -2 -1 1 0 1 -2 0 1583838187
-2972838 -4480824 -1391022 -7691498 -7722112 5375675 -1827628 -136336 -6794 -120887 -41524 -51177 -3818 -64289 -31939 11891 1430 -2463 -988 -856 -172 -1023 -493 -392 -4 -89 -10 -4 0 0 0 0 0 2 1 -2 0 0 1 2 0 -1 2 0 2 -1 0 1 -1 0 0 0 1 0 1 -2 0 -1 0 0 1583838187
-16045229 -15470420 21894185 4977060 -7847294 -7545909 -1830488 -142232 124785 -126349 -43345 -20936 -3967 -64308 -11471 -3727 8451 -3357 -1089 -823 -145 -182 -841 -477 -6 -23 0 -5 1 0 0 1 0 0 3 -3 0 0 1 4 1 0 2 0 4 0 0 1 -1 0 0 1 3 0 -3 0 0 -2 0 1 1583838187
-16072461 -15490778 21933288 5087632 -5517291 -7533452 -878479 -140576 124651 -123639 -41883 -21450 -4378 -59183 -11295 -3741 -9562 -2994 -978 -615 -233 -134 -128 -303 -2 -24 -12 -6 1 0 0 1 0 0 2 -1 0 0 0 -1 0 0 0 0 0 0 0 0 0 0 0 0 0 0 0 0 0 0 0 0 1583838187
-16058388 -15480303 21912225 5046700 -6262506 -7532546 -979742 -140781 124518 -123943 -42061 -21264 -4357 -70419 -11096 -3846 -5558 -2673 -1003 -502 -207 -172 -264 -258 -3 -28 -13 -6 1 0 0 1 0 0 -3 1 0 0 0 0 0 0 0 0 1 0 1 0 0 0 0 0 0 0 1 -1 0 0 0 0 1583838187
-16005731 -15434745 21819086 4941244 -7814878 -7501376 -1830274 -142219 127143 -126338 -43341 -15174 -3959 -63855 -11314 -3988 783 -2290 -1032 -384 -180 -223 -502 -211 -5 -29 -11 -6 0 0 0 1 -5 0 -2 9 0 0 -2 0 0 0 0 0 2 0 -3 -1 1 -1 0 0 0 0 0 0 0 0 0 0 1583838187
36451989 29854083 -73938788 -45522369 -7353498 45013379 -1829666 -120608 164451 -106381 -37078 1139182 -1227 -71287 295124 -268188 -7551 22325 -584 11774 -62 -3515 -101 -165 1 967 -25 -52 -23 -2 0 4 0 -10 0 0 0 -2 0 5 -12 3 -2 0 0 0 0 1 1 0 0 0 0 4 0 0 0 0 0 0 1583838187
-4382341 -5506954 815618 -6220945 -6579356 4274695 -1931191 -137437 171241 -122173 -42042 252763 -3213 -36185 -42592 4662 -4954 2836 -913 1194 -200 -1238 -82 -258 0 299 -20 -23 -7 -2 0 3 -2 -5 0 2 0 -1 0 -2 -2 -3 -1 0 0 0 0 0 0 0 0 0 0 0 0 0 0 0 0 0 1583838187
-16001049 -15407415 21731804 5634294 11582363 -7159639 -3600740 -143642 123330 -130395 -44934 -16718 -2082 437098 -10988 -3069 2138 -1991 -1068 -411 -429 -108 -913 -115 -5 -17 -18 -6 1 0 0 1 -14 0 -1 3 1 0 -10 -6 -1 0 -2 0 -5 0 0 0 0 -2 0 1 0 0 0 0 0 0 0 0 1583838187
-16081234 -15495665 21945103 5089511 -5672104 -7536637 -2021662 -142398 129195 -126806 -43522 -11799 -3752 -8580 -11898 -3824 -7531 -2988 -976 -633 -252 -133 -41 -294 -2 -21 -13 -6 1 0 0 1 -3 0 0 0 0 0 -1 -1 0 0 0 0 0 0 0 0 0 0 0 0 0 0 0 0 0 0 0 0 1583838187
7508285 4697228 -20757781 -17795071 -7649228 16272711 -1819392 -132124 256222 -117393 -40494 486966 -2746 -68538 -69480 11804 -6394 5180 -804 1030 -177 -2065 -162 -300 6 500 -21 -24 0 -5 0 5 -2 -10 3 -1 0 -1 0 2 -3 -4 0 0 0 -2 0 0 0 0 0 0 0 0 0 0 0 0 0 0 1583838187
-15842896 -15287432 21486757 5243689 5223170 -7114505 -3070694 -143150 123746 -129147 -44475 -13032 -2610 277080 -11289 -3044 112132 -3989 -1858 -1557 197 -421 -5722 2591 -45 -5 -69 -4 1 0 0 -2 -65 0 -31 73 0 0 -12 -17 -4 -1 -9 13 -8 1 14 11 -9 2 -5 -3 -1 0 -2 3 -1 -3 0 2 1583838187
-14369347 -13989907 18770566 3442880 -7176636 -5735864 -1886291 -141836 177021 -126032 -43293 151842 -3589 -48709 -22350 -4370 -943 419 -987 372 -186 -474 -365 -49 -4 164 -22 -15 -2 0 0 2 -6 -2 0 3 0 -1 0 -1 1 -1 0 3 -1 0 0 1 -1 -1 0 2 0 0 0 0 0 0 0 0 1583838187
3589300 1083775 -13246865 -12485838 35149119 12637398 -5739734 -136639 -76753 -127178 -44169 -15760 506 1043237 -46096 22181 14003 -1695 -1107 -1162 -672 -1220 -1913 -499 -5 104 -7 -5 2 3 0 -3 -26 5 -7 10 2 0 -21 -14 -4 -2 -9 -3 -10 -3 -4 0 0 0 0 0 2 0 0 0 0 0 0 1 1583838187
-15181305 -14711667 20285859 4308201 -4035799 -6576249 -2170333 -142250 137785 -126856 -43571 32703 -3505 33029 -13754 -4220 -7623 -27 -964 456 -264 -356 -119 -228 -2 35 -15 -11 -2 0 0 1 -4 -1 1 0 0 0 -1 -1 0 -1 0 1 -1 0 0 0 0 0 0 0 0 0 0 0 0 0 0 0 1583838187
475584620 391722612 -841550253 -471937650 2250077 485157823 -2305397 80752 -3105466 74986 23248 580081 5293 74576 -750229 466068 -5916 -25417 903 -22314 -85 -29028 -808 -22 70 -3574 34 89 -34 30 0 -36 -3 5 0 0 0 0 -3 0 -9 -3 -1 0 -1 -3 0 0 1 0 0 0 0 -12 0 0 0 -2 6 -2 1583838187
-13223348 -13101584 16869317 2340361 -4913681 -4716901 -2088270 -141133 90478 -125736 -43169 -39163 -3683 10383 -15895 343 -7514 -2938 -968 -712 -260 -309 -80 -303 -2 -42 -12 -6 1 0 0 1 -3 0 1 0 0 0 -1 -1 0 0 0 0 0 0 0 0 0 0 0 0 0 0 0 0 0 0 0 0 1583838187
15898770 11466824 -35160437 -25996946 -7532489 24189235 -1824959 -127868 -85015 -113258 -39037 92605 -3290 -65098 2644 -19212 -7847 -1942 -840 -176 -196 -1983 -27 -281 0 -276 -10 -6 -7 -1 0 2 0 -3 1 0 0 0 0 0 -2 3 1 0 0 -1 2 0 1 0 0 0 0 2 0 0 0 0 0 0 1583838187
-16088994 -15507413 21970579 5052895 -7013247 -7581434 -1743592 -142066 119919 -126086 -43186 -20226 -3983 -50559 -6586 3117 -8382 -5426 -1109 2213 -232 -2771 3 -170 -4 12 -18 -13 0 -8 0 -1 -1 0 1 0 0 4 1 -1 0 0 0 1 -1 0 0 0 0 0 0 0 0 0 0 0 0 0 0 0 1583838187
123361513 102125468 -227175219 -130339167 -5261622 130784973 -1468921 -78163 -797618 -67869 -23757 127706 -1674 -54815 -164093 90764 -8859 -13972 -449 -7706 -182 -7865 -66 -195 17 -1030 0 12 -10 -3 0 4 -1 -13 0 1 0 0 0 -1 -2 2 0 0 0 3 0 0 1 0 0 0 0 1 0 0 0 0 -1 0 1583838187
115192017 94686026 -211549349 -122543677 -5846095 121527821 -1893837 -81483 -1443442 -70579 -24519 -1243406 -3932 -37675 -117698 131083 397 -2175 -617 -3507 -142 -8136 -617 23 -2 -813 -1 20 10 -7 0 8 -6 -19 -2 7 0 0 -2 0 -1 -2 0 0 1 0 2 0 0 2 0 -2 0 0 0 0 0 0 0 0 1583838187
54262573 44050570 -104107069 -63213570 -7003541 62975013 -1841805 -110915 82870 -98530 -34367 877400 -1340 -65373 -12401 -51973 -8817 -18190 -666 -6229 -202 -3141 33 -192 14 -627 -10 -2 -15 -1 0 3 -1 -5 0 1 0 0 0 0 -1 6 0 0 0 5 0 1 1 0 0 -1 0 3 0 0 0 0 0 0 1583838187
-11555107 -11474024 13459455 824874 -4787233 -2895462 -2099735 -140888 193023 -125499 -43177 264744 -3127 11807 -26530 -5833 -8038 5543 -869 1269 -238 -832 -45 -271 -1 438 -22 -17 2 2 0 4 -3 -1 0 0 0 0 -1 -1 0 -1 0 0 0 0 0 0 0 0 0 0 0 -1 0 0 0 0 0 0 1583838187
-14564439 -14126695 19044698 4042885 6129503 -5713717 -3104238 -142662 197102 -128852 -44382 108832 -2369 296747 -20580 -2859 2341 -1911 -1021 -1067 -354 -200 -570 457 -6 239 -38 -15 0 0 0 0 -9 -3 -1 4 0 -1 -3 -8 -1 0 0 2 -6 0 1 4 0 -3 1 2 -1 0 0 1 0 0 0 0 1583838187
55164118 44636182 -105400096 -64026745 -7091283 63376571 -1839354 -110488 -251886 -97511 -33930 464748 -2021 -64888 -49457 -4862 6485 -14634 -793 -5735 -130 -3614 -735 -432 3 -560 2 3 -7 0 0 1 1 1 2 -1 0 0 0 2 0 0 0 0 3 4 -1 0 0 0 0 0 1 1 0 -1 0 0 0 0 1583838187
-14336373 -13992740 18771876 3361032 -7858786 -5765148 -1821305 -141647 151646 -125772 -43179 87926 -3768 -66185 -19097 -3766 -6892 -1129 -958 7 -212 -373 -79 -256 -3 187 -17 -15 -2 -1 0 2 -2 -2 0 1 0 -1 0 0 0 -1 0 0 0 0 0 0 0 0 0 0 0 0 0 0 0 0 0 0 1583838187
-15967599 -15401307 21745376 4965754 -6296540 -7440952 -1977189 -142348 122108 -126663 -43473 -20722 -3806 -23843 -10745 -3875 21407 -2220 -1182 -447 -98 -289 -1389 32 -11 -6 -16 -7 0 0 0 0 -15 0 -9 17 0 -1 -2 -8 -2 0 -6 2 -3 0 1 1 -1 2 0 0 0 0 2 0 0 0 0 0 1583838187
324598142 272676200 -588266286 -324749952 -2158224 331702864 -1022039 10103 -1589604 13830 3184 1828577 4231 -60340 -732740 398553 -3744 -8563 390 -12808 -34 -12064 -903 469 49 -24 -34 13 -21 57 0 -63 -2 104 5 0 0 -3 0 -1 2 -42 1 0 3 -18 2 32 40 0 0 1 1 -3 -2 0 0 0 1 0 1583838187
22148959 17077641 -47045729 -30477174 32302494 31684793 13615328 -98738 213755 -67563 -14936 868863 -8285 53012 -127210 32848 3475 -3736 -1089 -4023 -162 -2339 -4485 159 4 445 -30 -14 1 2 0 2 -20 1 7 4 4 2 -32 4 13 -2 2 0 3 0 5 5 -1 1 -1 -9 -1 -1 -4 1 0 0 -1 0 1583838187
-15564463 -15060631 21019691 4649697 -4098322 -7000555 62314 -138777 122191 -120790 -40416 -12860 -4793 -72878 -12718 -3114 -7862 -2984 -1003 -635 -215 -172 -213 -250 -2 13 -12 -7 1 0 0 1 -1 0 3 0 0 0 -1 0 0 0 -1 1 1 0 0 0 0 0 0 0 0 0 0 0 0 0 0 0 1583838187
-15763572 -15213458 21354280 4717439 -7845818 -7222485 -1830366 -142178 145907 -126307 -43346 33364 -3871 -64861 -14988 -4050 6291 -3063 -1068 -723 -153 -214 -720 -146 -6 26 -15 -6 3 -1 0 2 1 0 4 -5 0 0 1 5 0 0 0 0 4 0 0 0 0 -1 2 0 0 0 1 0 0 -1 0 0 1583838187
-13216049 -12489263 15704762 1915005 -7853675 -4435779 -1821146 -140078 572983 -125649 -43092 105186 -3727 -66579 -21653 -2341 -7471 -1354 -918 -930 -216 -362 7 -304 15 216 -16 -10 5 -1 0 2 0 -3 2 -1 0 -1 0 -1 3 0 0 0 0 0 0 0 0 0 0 0 0 0 0 0 0 0 0 0 1583838187
-15910369 -15357768 21655193 4849842 -7767346 -7411623 -1838470 -142180 122701 -126310 -43333 -21151 -3960 -62337 -11717 -3551 3125 -3201 -1049 -744 -172 -182 -223 -314 -5 -11 -15 -6 1 0 0 2 8 0 0 3 0 0 0 -3 -1 0 5 0 0 0 2 0 0 0 0 -1 0 0 -1 1 0 0 0 0 1583838187
78109021 67262964 -152938193 -86438524 -6776713 82829847 -1854969 -99366 -1011146 -86626 -30064 -558422 -3411 -57305 35170 -10075 1212 -10445 -739 -3774 -142 -4965 -378 114 -10 -614 -8 12 6 -6 0 7 5 -10 3 0 0 -1 1 -1 0 -9 0 -3 0 -2 0 0 0 0 0 0 0 0 0 0 0 0 0 0 1583838187
-16043554 -15453465 21850940 5174295 -2653663 -7443852 16288 -138999 128548 -121076 -40492 7710 -4673 -39778 -12388 -4052 -9348 -2454 -981 -813 -239 -131 -357 -319 -2 -14 -14 -3 4 0 0 1 -1 0 0 -3 0 0 -1 -2 3 0 1 0 -1 0 0 0 0 0 0 0 0 0 0 0 0 0 0 0 1583838187
-16067188 -15480772 21917438 5007045 -7886607 -7558233 -1820026 -142269 129162 -126349 -43342 -11715 -3966 -65900 -11954 -3909 -7859 -3007 -970 -624 -224 -147 -11 -287 -2 -17 -12 -7 1 0 0 1 0 0 1 -1 0 0 0 0 0 0 0 0 1 0 0 0 0 0 0 0 1 0 -1 0 0 0 0 0 1583838187
-14744748 -14356790 19538538 3754656 -7848195 -6201870 -1825149 -141807 133195 -125900 -43216 56694 -3823 -65525 -15528 -3498 -3367 -2955 -1009 -221 -199 1995 -267 -188 -4 283 -20 -16 0 -1 0 3 -2 -4 -1 6 0 -1 -1 0 0 0 0 -1 0 0 -1 -1 0 -1 0 0 0 0 0 0 0 0 0 0 1583838187
-16050644 -15162182 21269734 5579573 -6308149 -7364707 -1974205 219787 119837 -126625 -43484 -29939 -3831 -23538 -10993 -3669 4617 -6325 188464 6352 275 -6 278 -203 0 -49 2 -91 18 2 0 0 1 0 -10 -6 62 -1 15 -1 0 0 3 -1 -1 0 0 0 0 0 0 0 0 0 0 0 0 0 0 0 1583838187
