-16088336 -15508694 21970653 5101352 -5520991 -7556628 -2035396 -142402 119261 -126817 -43523 -27741 -3766 -4453 -9067 -2016 -10248 -2899 -949 -751 -267 -165 144 -287 -2 -26 -6 -6 1 0 0 1 1 0 0 -2 0 0 0 -1 0 0 1 0 0 0 0 0 0 0 0 0 0 0 0 0 0 0 0 0 1583838658
-15994278 -15430846 21806942 4980457 -6470156 -7479570 -1968950 -142338 117063 -126640 -43464 -24300 -3838 -28063 -8401 -516 -4332 -3476 -1013 -297 -225 -224 903 -121 -4 -23 68 -6 2 0 0 3 56 0 -38 -18 -2 -3 11 -11 -2 0 14 -9 2 1 6 1 -1 -1 1 4 1 0 -1 1 0 0 0 0 1583838658
-16089198 -15505990 21968658 5038270 -7517902 -7588932 -1857225 -142291 120617 -126420 -43366 -30170 -3962 -56189 -10916 -3680 -9725 -3056 -959 -634 -238 -133 295 3 -3 -24 -7 -1 0 0 0 2 12 0 -6 -3 0 -1 2 -3 0 0 3 0 0 0 0 0 0 -1 0 0 -1 0 0 0 0 0 0 0 1583838658
-16090839 -15469669 21812702 6828204 43673952 -6704005 -6534804 -145876 119231 -137113 -47578 -18921 1005 1263056 -10692 -1590 -22346 -1579 -934 -381 -974 181 -117 -444 3 -12 55 -1 4 4 0 4 31 0 -27 -12 1 0 -13 -9 -2 0 4 -11 1 0 2 1 -1 0 0 -1 0 0 -2 1 0 1 1 3 1583838658
-16089339 -15498497 21928429 5573192 7917536 -7324826 -3264120 -143350 118842 -129628 -44629 -25535 -2462 342351 -7194 -1409 -13561 -1202 -858 -2357 -460 -9 13 -145 -1 -23 0 -6 1 0 0 1 7 0 -6 -4 0 0 -4 -3 -1 1 0 0 -1 -1 0 1 -1 -2 0 0 0 0 0 0 0 0 0 0 1583838658
-16093659 -15468019 21804517 6942086 46840340 -6653263 -6836657 -146118 118968 -137822 -47891 -21914 1272 1329705 -10450 -1446 -17235 -1594 -981 -425 -975 184 -747 4443 -21 -9 -32 -5 2 1 -1 2 20 0 -5 -10 6 3 -37 9 2 0 15 29 -3 1 10 -1 1 9 -4 0 -11 1 2 12 -1 -4 -4 -6 1583838658
-16088306 -15508763 21970733 5102318 -5488150 -7556123 -2038429 -142404 119225 -126824 -43527 -27758 -3765 -4497 -9860 -1995 -10247 -3524 -990 49 -267 -175 65 -88 -3 -26 -11 -6 2 0 0 1 0 0 1 -1 0 0 -2 0 0 0 0 2 0 0 1 0 0 0 0 0 0 0 0 0 0 0 0 0 1583838658
-16062736 -15474684 21878762 5472859 4153832 -7374077 4248894 -131953 98231 -109139 -34165 6931 -6641 -92834 14632 24285 -12941 -7002 -1254 3942 -211 -1624 -992 1440 -10 7 808 -9 1 -4 0 0 7 0 8 0 0 2 4 -1 0 1 1 4 4 0 4 0 0 -1 1 1 1 0 -1 1 0 0 0 0 1583838658
-16088428 -15510604 21978455 5017843 -7864821 -7595752 -1821758 -142233 120745 -126330 -43332 -28485 -3995 -65567 -11027 -3711 -9654 -3078 -959 -643 -233 -134 81 10 -4 -21 325 -4 3 1 0 2 -1 0 1 0 0 0 0 0 0 0 0 1 -1 0 0 0 0 0 0 0 0 0 0 0 0 0 0 0 1583838658
-16088246 -15509599 21974420 5059078 -6725324 -7577395 -1925630 -142318 119296 -126566 -43425 -27844 -3883 -35822 -9551 -1993 -9948 -3363 -977 -231 -249 -233 105 -96 -3 -25 -11 -6 1 0 0 1 1 0 0 0 0 0 0 -1 0 0 0 2 -1 0 0 0 0 0 0 0 0 0 0 0 0 0 0 0 1583838658
-16088338 -15508678 21970634 5101104 -5528899 -7556754 -2034696 -142402 119261 -126816 -43524 -27643 -3769 -5357 -9359 -1936 -10237 -3196 -968 -393 -266 -217 66 85 -4 -25 -16 -6 1 0 0 1 -1 0 2 -1 0 0 -1 0 0 0 0 0 0 0 1 -1 0 0 1 0 0 0 0 0 0 0 0 0 1583838658
-16085731 -15473827 21901879 5118455 -6533454 -7553361 -1948563 -142540 120588 -126680 -43464 -30021 -3866 -30967 -10908 -3640 -9960 -3029 -960 -630 -251 -126 121 956 -8 -8 -16 28 -5 -1 0 1 9 0 -1 0 0 0 0 0 0 0 3 7 0 0 0 1 -1 2 0 -4 0 0 0 1 0 0 0 0 1583838658
-16084966 -15507633 21970872 5038976 -7347940 -7585960 -1870164 -142292 116752 -126442 -43378 -24127 -3938 -51949 -6987 874 -9804 -3807 -1000 285 -239 -283 130 21 -4 -25 -12 -6 2 0 0 1 4 0 -1 0 0 0 0 -1 0 0 0 3 0 0 0 0 0 0 0 0 0 0 1 -1 0 0 0 0 1583838658
-16089362 -15504858 21963459 5101538 -5705777 -7557816 -2027424 -142424 120562 -126811 -43523 -29893 -3784 -9571 -10901 -3605 -10147 -3005 -960 -626 -262 -122 176 1421 -10 -22 -18 -2 0 0 0 2 17 0 -5 2 0 0 -1 0 0 0 3 11 0 0 1 1 -1 2 0 -4 0 0 5 -2 0 0 0 0 1583838658
133 184 378 189 -654 -560 10 190 233 -35 -167 690 89 -418 -98 319 164 109 668 522 -333 -17 88 292 -45 -152 89 -317 133 514 -586 -199 759 -253 -521 115 12 51 187 -552 26 -430 141 132 -238 210 509 67 171 200 -267 -104 19 -174 390 -195 -153 12 -53 1 32 -352 -117 115 139 16 -102 188 -448 31 477 -129 175 7 -239 122 439 288 -46 403 -13 634 494 289 -146 194 134 -175 -870 106 31 288 -609 -25 122 445 301 -279 771 -385 215 144 -233 -78 -172 522 107 268 35 -414 302 -24 -374 -180 -229 -380 159 -106 30 -148 -135 -42 -237 -161 64 225 -141 -257 415 88 -182 115 249 341 30 -195 205 351 40 22 -225 -760 184 95 168 -210 -117 -6 -27 22 97 291 -165 -245 36 162 -44 -662 -226 351 -34 262 150 -403 -60 76 228 203 416 -21 63 375 24 480 -314 214 -151 31 -279 143 -416 -363 -388 64 384 13 -42 -129 -71 307 -743 -99 -370 37 398 113 608 -646 -133 394 -125 -48 -93 -28 259 129 -8 82 81 281 -205 -189 -524 759 1 517 178 -145 -221 294 172 -199 -39 -542 301 503 -238 -256 173 -137 -357 -59 161 -80 -42 -304 435 34 265 -462 260 0 133 -407 -525 -270 282 -273 736 94 263 164 -22 90 117 -213 389 0 132 -87 360 -380 226 33 688 -69 -263 78 -552 -225 -202 -122 184 210 135 20 216 55 89 -19 39 -371 249 54 -202 202 -321 -151 -107 477 -114 290 126 -431 39 85 431 -398 232 207 -152 447 -523 -239 309 -112 203 -30 219 128 11 235 52 461 -778 226 61 80 -144 -102 -166 -91 -57 228 108 473 334 91 -281 155 -309 -17 143 -153 67 60 7 -8 -382 59 -781 -389 -298 -453 114 178 116 236 1 -248 233 -7 110 -228 18 110 237 22 -206 355 -442 -80 -262 114 -300 181 443 -55 22 -441 70 426 -103 403 220 220 -11 62 153 390 -148 -213 -620 10 -109 375 183 153 -137 -69 257 202 -216 -150 79 -212 36 281 171 -537 -9 86 2 -9 202 433 -161 274 53 231 -335 173 -69 -356 -171 250 223 -418 -336 257 -106 409 78 -165 -60 -238 1583863281
-306 19 -113 155 -673 -19 -950 -164 191 -193 -809 -101 415 134 -127 -86 -148 -796 -127 144 -604 478 449 -73 -207 158 -165 648 -11 -287 -32 -8 18 108 -332 21 -585 152 -29 -530 -378 90 -160 -33 -180 -188 -47 17 413 306 -35 -303 80 -33 76 163 325 247 -274 -187 23 114 -339 -45 51 -383 -362 118 265 428 296 178 159 -455 -23 -134 125 115 171 -167 400 -225 64 -325 350 599 -11 60 -476 341 202 486 -38 -17 -768 99 337 -48 -164 256 149 133 45 214 -252 -440 -3 650 97 248 -116 -272 -356 -208 -895 596 249 17 303 413 -42 428 472 151 -578 23 374 830 -24 82 -327 -297 -34 -154 355 -635 215 216 186 90 317 191 29 -195 188 -155 -426 212 62 108 -197 81 96 273 -63 -265 -482 510 383 379 230 50 155 434 -82 -124 -224 -281 -616 -25 290 153 182 -543 201 333 -268 17 -111 -134 458 -336 390 -401 -193 496 503 427 236 -377 185 -453 400 -96 -127 313 -71 164 -183 -345 -231 -137 135 -304 -55 687 -87 -52 -257 3 -271 -312 259 91 -238 -401 -16 213 37 -22 -239 -10 -251 -258 103 365 -370 55 452 -161 80 174 193 -96 -229 -40 -9 -214 379 -275 -63 -137 209 316 402 -275 -167 192 -142 358 181 -135 -459 241 109 -179 195 -29 -40 -394 -61 -238 -93 484 152 -128 611 584 -235 -377 -268 402 54 186 67 -356 -472 12 78 -231 112 -208 -87 16 292 112 -257 220 66 -199 -325 429 -93 -158 224 -122 -196 -198 -199 -190 -31 -96 -219 -93 266 -388 -377 621 317 -371 -229 -222 -174 168 69 -150 -25 -302 219 -354 93 473 -11 287 251 -246 -39 -151 -559 204 139 207 -360 -197 -104 -301 -374 86 -21 -45 111 373 -377 -21 212 75 27 -38 -176 -147 549 -5 47 161 55 -241 130 15 -269 52 -194 -173 306 -33 118 17 -356 -337 -201 141 -187 207 101 211 196 280 -364 -104 97 -181 -319 -58 -214 -71 -191 43 228 37 128 -43 314 -170 -170 -289 32 -185 -125 112 -216 10 -316 97 238 416 335 -122 -205 716 -8 -267 -204 -211 -236 267 -274 44 112 -241 36 -53 -345 26 -263 126 -78 112 1583863281
219 473 36 524 -358 -259 -26 52 -421 104 -297 521 285 -55 -61 467 -59 -133 101 596 -247 63 -399 -239 -304 -411 134 -280 528 119 133 421 526 -249 98 -215 -310 -92 241 -386 559 303 453 114 -53 2 223 -263 -25 -140 -234 -419 399 452 233 463 244 33 29 -439 56 779 -18 -24 -470 60 -187 -201 -718 -128 20 -13 215 -26 315 7 -109 408 667 -22 625 129 -148 363 -154 -343 -211 -505 390 -337 -772 -587 80 650 -103 -20 207 28 -301 142 22 25 -37 328 242 25 -177 -283 -474 -116 179 -12 481 13 353 -19 640 29 203 117 55 326 -119 463 -97 5 545 508 109 -128 -104 67 -445 -206 41 -253 57 307 266 112 33 -518 417 351 -28 -402 -151 -381 149 -204 336 -163 421 257 -69 -590 -59 27 48 92 -55 368 -13 10 176 252 -330 331 283 -23 -55 -543 -261 271 260 22 -507 159 130 -355 150 -261 -456 -382 568 139 -253 -40 33 599 -14 58 7 0 177 -14 -233 120 -93 -242 9 25 -45 658 -231 -575 -20 54 -426 53 -50 136 231 315 120 -137 -289 261 362 222 -207 74 67 -241 77 207 -125 507 383 -131 568 -54 -783 -258 -67 -222 162 -652 67 -324 -42 -345 -222 -54 149 -598 -226 93 -42 -315 -76 139 164 396 396 320 39 150 -168 486 -326 -39 -469 -138 232 -414 -483 -265 -832 280 -208 -243 -159 -138 761 137 163 -329 128 7 -77 -95 -365 248 -208 -258 -122 262 -231 260 -33 -465 -449 -572 -11 -9 246 -435 482 -368 -354 -165 271 76 359 -58 246 -227 323 -7 -300 301 -358 468 136 -64 254 174 203 190 35 -613 -60 -24 415 -32 95 -65 -212 552 106 -285 -96 98 -26 229 -222 -215 -403 -384 505 -233 6 -2 -19 -7 64 -303 297 -305 -137 97 -191 330 -173 353 -312 183 -112 -370 299 173 -98 -347 126 546 423 -74 -135 244 59 11 18 77 138 -306 31 245 -148 212 -9 21 200 -239 3 222 240 322 -172 129 -78 110 -379 -110 360 353 636 396 38 -260 -156 -19 209 -7 -232 -177 -41 25 -40 -43 -217 -261 9 -205 47 -118 38 -270 -46 -92 98 -155 -39 -91 -285 47 1583863281
-816 -59 200 -106 -268 -104 342 -196 45 705 232 -111 115 -39 287 -355 -328 138 -456 3 -355 -55 123 -629 109 -313 -218 -124 160 272 150 -484 74 469 -402 -174 -9 -124 165 306 -721 515 341 455 217 -487 -436 1 -514 15 -198 -141 -331 134 7 176 -274 144 -101 205 95 11 -229 -271 329 -164 654 469 130 -637 133 -7 -359 -6 -452 279 295 320 255 105 -54 -523 -158 568 -383 -230 50 58 317 210 -386 -221 -321 435 -351 -270 360 -314 472 68 -44 -175 233 583 405 -143 -23 399 173 161 141 -42 -266 27 -172 -106 -71 210 -129 216 390 86 -156 144 82 788 203 -203 20 -9 -194 619 -63 -414 67 -396 -505 -9 -46 248 -147 -323 -41 -157 -228 -225 -151 -505 -259 246 -239 -209 -55 242 412 106 70 -40 577 -420 159 -43 -48 -256 214 -406 -281 -166 331 137 -375 -286 149 -545 508 -616 -307 -251 260 406 425 -151 -202 -393 298 319 -163 415 -516 311 -430 97 -62 176 -159 -70 -337 71 -65 -82 218 -272 799 320 -201 -166 -187 -175 -49 214 153 608 -174 -627 -468 -659 -203 -166 -212 151 258 -197 -47 -351 -666 -265 140 -211 -8 -288 356 50 440 221 143 -37 -7 -192 103 536 -304 -61 277 -472 -22 300 426 -283 -429 -298 -226 -394 -201 -336 -39 -20 463 337 425 236 212 -91 452 216 246 -130 -569 -367 -99 328 0 -214 -310 -202 286 -28 -203 260 -225 -53 -63 -424 -200 -217 -183 27 175 -299 -195 687 -224 26 -64 -558 63 -103 244 -182 108 -204 167 -408 -117 -46 -24 -360 338 124 -54 -540 123 -76 86 421 -581 288 -244 380 445 -206 -612 -73 119 167 203 13 -401 150 -300 -180 -114 -23 -235 255 -126 350 442 -176 214 207 -497 277 -14 -310 212 -37 9 -384 378 371 14 -269 119 377 201 -106 -248 -12 231 -70 126 -299 -215 91 -204 63 -131 431 -153 533 -52 177 -89 285 -357 165 22 -279 -197 -484 160 311 192 -108 381 110 71 -95 -150 273 -104 -108 80 332 34 218 32 57 59 -157 -113 -12 -142 109 136 190 101 191 -95 -287 114 318 153 19 -49 32 260 -200 49 35 -243 297 13 -178 -4 240 1583863281
-541 43 184 -542 307 -173 211 -170 -494 -76 -64 37 200 -223 -98 -101 181 7 249 -236 -588 -526 47 -80 -492 -356 40 563 91 -67 242 458 -106 358 -154 -46 194 -266 -341 20 104 448 -261 32 75 -136 -459 -331 509 -396 55 -378 -70 172 52 -46 -212 -276 -359 6 -146 173 32 222 5 160 -284 73 264 -186 -5 -35 206 -463 -27 323 235 433 205 -510 -71 -320 755 47 135 201 176 218 -146 252 -140 499 -15 197 157 253 260 -44 -439 -293 -38 -375 -390 -598 -493 -571 -134 -394 189 -819 -90 845 -62 -108 -345 54 327 -248 -99 -95 239 169 -6 -311 58 737 -114 -12 -335 -199 -126 247 247 63 194 -253 77 242 -56 -470 -11 -268 406 -368 244 218 51 6 476 -16 540 218 -493 -211 15 467 -1 -495 152 -36 166 -337 -156 -246 305 436 355 63 372 -366 110 133 860 48 84 -262 121 342 -231 -149 198 15 463 -402 -238 -239 -67 -27 2 405 -6 -524 -447 234 228 254 -93 -276 96 378 32 442 -589 58 305 88 166 -6 -296 -59 -91 59 101 -6 53 274 -694 290 -197 -305 -707 -93 282 73 -601 -121 432 -501 189 -17 -564 91 -141 225 -116 346 -534 303 228 254 -436 198 241 -152 170 -356 72 -250 436 -1 39 391 110 87 -136 144 170 -174 212 224 438 69 -358 -244 -187 380 -123 216 -293 -110 -157 140 -488 -123 455 25 -80 146 -288 -232 324 -336 -299 -299 -379 225 -64 242 -279 -55 517 219 365 6 -343 -107 281 -384 -160 -176 -228 -301 -234 -129 93 -192 -358 -195 -497 -217 -379 464 -379 119 -140 -72 -27 93 443 385 -220 -61 -82 -187 -63 -339 126 -30 75 -335 -265 -560 -91 -51 -409 290 -44 -6 377 13 15 -352 -308 388 -14 -327 -227 -445 -245 -154 -485 -275 -301 136 17 -115 -105 251 -130 12 351 206 257 229 15 -68 69 -220 29 -66 -353 -234 -149 -179 -79 -365 460 132 -275 -75 134 139 218 87 51 218 124 -429 79 60 -310 -249 208 91 -178 -3 479 49 -396 -174 70 -166 5 1 -250 184 -198 -128 266 339 328 149 288 259 353 -339 -278 84 -7 398 164 -140 225 -12 8 237 1583863281
-63 -111 149 -729 -196 227 358 196 526 -943 -267 -313 -240 -46 600 146 192 499 439 -145 -821 178 -438 68 -80 196 -438 -6 415 -227 710 448 226 565 -501 493 -82 -153 217 -314 194 -498 368 1040 488 764 -482 470 -140 423 -221 -73 -119 -645 -37 450 -599 -260 -176 169 166 -192 -460 -122 -515 -34 -11 160 -340 -219 -298 105 -280 -52 -281 -76 198 -170 -287 426 -126 -122 318 70 -296 -199 748 728 23 14 96 245 523 50 21 62 142 69 321 -171 -182 -606 -60 288 253 -454 175 161 -47 -46 -178 425 -86 38 210 -57 -243 -185 566 77 232 259 -70 20 153 78 158 482 415 -191 -95 -461 -160 186 150 349 -219 -64 397 264 -66 -492 199 275 -332 -139 193 455 -46 -120 -100 201 162 21 231 -136 244 295 -221 392 92 88 83 303 -195 -187 -40 -56 -221 737 245 -95 586 -347 147 328 630 -275 255 -459 35 113 -74 79 172 -356 20 76 46 66 -120 50 32 -133 -545 -201 289 -600 -186 -343 -529 419 -103 373 -86 571 193 103 29 1 35 -227 -178 37 105 99 -39 24 206 -329 -12 195 273 -224 55 -595 -4 -47 -43 -363 -104 -82 -154 450 -276 386 179 -178 -272 -267 -443 -111 202 -81 -297 -331 354 143 58 -212 86 22 -276 238 -185 -754 -46 -229 -386 113 -521 209 553 -82 -57 -275 205 -99 251 169 -49 -124 36 -16 -40 118 62 354 -286 -396 -307 215 8 200 97 -122 85 -616 137 124 -64 -130 -74 12 61 112 167 -106 320 -159 -563 71 238 62 -84 322 54 279 -4 81 32 92 348 201 -539 11 -136 -208 -438 34 -227 31 131 677 163 -138 286 5 -383 -38 -106 129 -216 -50 -198 -197 -148 346 -402 -176 87 162 -10 -67 -94 477 -179 -127 -518 -187 341 -11 -204 61 -157 153 -234 338 -259 119 -254 -224 229 -220 98 142 372 -375 180 215 -117 521 0 216 -58 143 294 -94 -43 333 -84 -587 -117 -220 246 -1 70 -179 -356 257 74 52 35 -80 -425 -18 150 265 -125 144 -298 -94 356 386 -264 123 -233 145 21 33 79 -266 120 -200 265 78 640 -269 -247 -294 -285 155 -133 -151 -83 -10 1583863281
150 -295 140 -349 239 242 492 64 -78 -154 -64 365 5 173 193 -80 -88 -334 -368 -278 144 248 219 180 -398 -378 385 -130 -112 -269 52 -713 42 323 180 77 -32 -54 -423 171 -324 -236 -96 452 -94 235 154 -419 286 150 461 -92 -784 109 -382 412 -10 27 -164 -218 258 34 -45 -98 -141 526 148 283 -236 -66 529 84 -29 413 64 -247 297 859 -309 292 -162 347 200 154 -320 180 -437 333 70 284 -444 23 624 -184 -228 203 459 153 394 -265 79 -272 73 -273 251 -679 29 -53 502 -310 -245 -226 -604 -176 139 -549 471 63 211 -266 80 316 -118 -102 -446 -111 -271 282 -535 -545 503 -385 -155 136 -344 386 472 -85 -143 -11 -59 -96 356 -6 -201 -154 -27 610 -47 -76 302 403 76 -321 426 -44 -330 204 883 140 24 305 185 -23 -250 8 155 69 -602 307 -307 885 183 -300 -87 -58 -124 99 -31 -124 37 -197 435 -115 -182 -189 133 40 91 -305 594 -685 31 426 277 -289 -80 -390 -262 -150 -120 108 173 -594 469 -118 -81 192 165 -111 349 576 -269 168 -425 0 -136 -45 196 139 15 -8 -78 -61 -16 -55 337 36 -113 519 195 240 -228 -163 -34 -454 -59 324 91 -8 -112 -34 122 -304 -305 -571 502 -679 -116 -594 366 -181 239 -23 499 357 221 -30 -20 -200 -145 199 -308 632 -33 127 -14 -290 217 -412 -412 -60 162 63 259 35 525 179 71 -235 -331 -259 -30 -132 417 -67 183 -292 475 241 -168 -637 45 252 -52 -153 235 64 -115 603 88 -168 -156 83 -122 -303 83 -351 158 -1 -179 -69 -750 -365 81 159 -185 393 -293 -287 298 -59 -82 -364 -397 -113 -228 102 180 222 90 27 257 27 -173 410 16 584 -109 34 -54 272 -84 30 -218 85 418 216 393 283 -158 -546 -370 -188 -355 228 -43 115 -311 -598 -263 -143 89 224 -450 517 88 108 114 497 -125 -223 266 -43 82 -67 210 393 192 444 184 126 -10 203 263 130 146 -311 70 -44 396 -468 4 -72 -154 298 -62 -146 -82 116 -119 208 301 -174 -527 168 -328 137 272 124 -198 74 141 107 -326 187 -119 -68 250 419 -167 -124 -84 144 -68 -122 1583863281
-70 -159 -359 214 58 401 -97 -103 172 -208 -105 -152 159 -122 133 166 -263 219 272 608 277 -198 -464 -447 276 58 -623 -778 871 140 342 22 -552 92 381 -358 211 -411 439 -169 -401 292 239 185 -138 612 278 -93 -56 129 -387 -2 202 445 299 -598 -509 -104 -216 522 116 452 501 951 -271 1 -45 -176 -244 92 -450 -116 -441 165 -258 -31 -32 407 -76 -412 238 -40 63 -471 185 -23 -118 -289 -323 -281 -76 163 -177 184 663 296 -220 546 -140 -153 -38 141 -492 190 -113 -269 135 573 -288 36 -160 177 72 109 84 180 418 -65 183 806 -204 -4 198 5 513 251 -282 -226 -21 -244 -130 -326 79 91 -379 113 84 534 466 739 -579 -211 -222 -444 174 -427 -26 -388 60 -177 209 -503 313 -280 -74 341 224 54 50 -136 322 55 -408 495 -368 -511 -111 -120 49 -171 -134 220 -167 86 11 237 649 127 -67 186 195 196 -121 -163 -63 195 -281 -101 33 163 -36 261 -834 76 -35 -215 395 -445 -73 -269 378 223 463 247 -15 -368 -152 -522 -303 -278 -106 135 432 371 170 72 -179 224 -164 371 -16 610 -717 -301 81 469 346 243 47 144 -334 -491 71 -2 -478 67 602 277 -458 267 106 323 -111 -233 -199 -48 -136 -77 -241 265 610 -199 162 -258 -228 -568 -6 -127 128 101 31 52 32 -212 232 138 -127 -232 418 149 -11 -351 -145 -361 -15 -305 4 422 -234 -298 -47 -51 -1 -222 -47 -4 241 -12 263 -208 -458 -86 327 196 320 154 87 -317 297 298 326 -59 -179 241 -413 308 92 407 -249 -84 -63 -113 -289 221 -308 433 697 12 -222 -57 -203 -78 211 -225 -67 -456 -244 -97 258 -53 123 212 501 -166 20 -272 81 135 -125 -144 219 2 164 65 -32 -562 -145 21 245 -59 304 -267 449 36 -442 154 122 109 -40 -26 -209 -232 -7 119 -156 -296 76 -129 -19 -65 -306 -91 -503 37 802 -90 232 58 210 5 398 -418 13 272 49 -131 -288 280 -29 385 400 -156 400 110 95 -105 -32 155 -111 -158 -25 -122 527 -10 -184 -367 -302 -395 275 -70 -66 -21 393 46 -195 423 -124 66 50 47 296 -357 209 431 370 -193 1583863281
-238 -821 262 272 64 -69 -13 0 -196 -658 -32 -77 -175 133 253 243 341 -208 -383 265 245 285 -321 16 -10 -240 569 -315 204 31 -422 -269 -237 -589 539 -349 43 -290 -116 112 105 -168 -167 -72 839 -739 102 253 439 -247 91 -187 -495 188 -293 193 -241 -329 236 683 359 46 192 22 -395 174 -238 -236 250 218 -247 154 676 -93 131 479 256 -471 24 -192 496 -52 -143 -111 224 127 108 -297 -179 -83 -382 539 154 35 -169 393 570 -264 82 355 41 -370 459 -227 150 -409 -143 103 284 164 -121 -323 152 -191 -390 -352 -245 -390 -296 53 69 -370 -350 -208 276 195 276 -159 11 12 -144 4 492 182 -19 490 -330 151 44 283 -573 -285 -154 -600 -125 207 86 118 -35 249 -102 -124 142 483 -349 312 519 -293 -172 133 156 300 -738 236 247 78 -393 422 169 107 -255 317 -358 212 -355 -186 416 -140 22 231 -82 -262 338 -95 -172 105 -337 -69 394 -2 -454 -334 -341 -561 145 -425 -101 373 229 70 -130 -511 -23 -247 -119 359 32 247 -79 -90 -155 17 -436 374 263 117 -3 70 -578 215 383 -90 145 320 -390 -179 -23 193 -25 -72 -62 88 -13 0 -226 55 -265 -75 -374 -7 -19 -37 -185 66 370 59 -254 220 7 -716 328 -238 614 156 179 -131 -426 424 2 25 167 -198 -31 323 113 393 166 26 -208 -223 104 -28 518 165 -157 -561 150 -140 182 274 -74 212 -18 -53 72 49 199 406 484 -200 -137 -106 -139 174 -18 -217 -299 -38 263 367 238 -97 -25 -307 -214 -168 425 -443 95 181 336 -267 301 -91 333 -82 -25 -270 -44 84 -172 180 211 459 158 249 -583 165 -90 -229 218 10 336 -293 587 148 122 18 396 122 48 177 -22 359 -319 -243 439 294 -47 -24 243 -220 -472 455 474 591 -119 7 311 232 -289 -131 50 73 675 185 537 -96 525 171 229 -575 -107 218 91 342 -38 289 -490 -3 212 -300 340 157 79 64 -69 -203 -461 -55 -55 -211 379 153 -59 -326 7 124 -138 -95 147 210 147 -64 1 49 -350 145 24 210 85 -289 146 -227 129 198 -48 352 -171 -259 -1 -151 -82 242 -85 -45 1583863281
423 -100 394 -287 469 162 467 -603 -132 -305 317 -82 -98 260 279 485 451 -219 408 331 285 -345 -530 -90 -26 -71 286 346 -109 -227 -71 -291 -130 -554 -661 -254 -42 120 -541 564 293 -101 70 268 237 -107 -85 -481 -94 261 -71 -448 183 21 311 288 108 -499 -314 159 -174 -106 314 196 726 241 -378 383 -104 144 -313 -194 -327 51 125 458 -1 -330 118 -417 246 181 53 231 391 -457 2 -196 343 133 -403 483 -571 206 -368 220 50 110 228 179 -608 344 356 -258 328 -217 -36 -163 -280 -603 -496 15 -370 620 228 276 102 139 -355 -118 -183 -202 429 -55 -26 229 209 232 555 133 -243 -225 533 126 554 -157 220 -28 68 -139 35 -197 380 -159 -114 287 -70 45 166 176 -163 89 -276 -204 56 277 715 -329 -444 -128 -89 170 -49 -504 186 -218 -471 -16 -485 -15 790 -184 207 140 -46 -234 -487 133 -674 -442 -74 -18 331 393 -45 -267 23 -647 205 -52 -256 383 -101 93 -320 157 -99 -272 -228 -469 702 153 -183 -187 -519 125 -108 -466 -27 -69 27 -35 -126 48 -29 178 -353 -121 242 228 -61 -89 -180 181 -66 -452 -83 58 138 -187 155 -801 -76 42 361 494 170 283 -7 -17 -380 164 -134 80 -148 -337 -344 109 -185 -159 -246 -350 -29 77 -166 -17 542 -289 -385 -97 -227 474 -325 -124 -84 102 -49 57 -325 -300 -40 39 198 -19 -377 298 -212 -29 -150 -448 -259 59 83 42 -46 -6 -229 -308 386 48 -123 -263 -367 283 -155 29 245 -86 290 386 -140 -177 -145 -378 14 17 25 288 -72 -105 -73 224 279 57 71 212 -304 367 -274 -76 -2 -102 -12 251 111 -97 -67 353 -70 -292 258 461 -57 405 -553 15 93 51 -158 -49 360 143 219 560 -153 430 146 672 8 65 -15 -118 593 -97 145 -283 391 -462 224 107 237 -837 -449 161 226 96 -240 345 39 167 -238 104 141 -59 61 -462 169 -65 47 -160 157 219 -176 488 295 -78 -68 -285 -478 263 326 81 -90 428 246 463 -78 48 -135 -135 -127 -590 -309 -253 -180 -174 -220 225 -167 55 41 409 273 -385 49 -90 -50 -47 -18 191 -111 92 49 34 73 329 1583863281
0 602 -112 198 1043 -39 117 -342 -231 118 249 421 129 233 -294 503 581 -42 -174 -362 234 45 208 72 -193 133 -69 -417 150 230 81 -326 -510 -135 320 237 -500 -178 -47 224 110 -159 -48 84 233 774 54 -413 -93 -98 256 618 -463 -434 52 37 877 362 -75 -171 -608 392 -494 329 61 277 447 236 139 306 -72 180 -292 -10 185 -56 -8 429 274 358 537 -317 323 67 421 43 -140 223 -74 636 59 593 49 305 -206 -75 -144 -395 -72 -882 363 -24 -117 -399 -409 207 11 382 -397 337 646 419 -593 364 22 160 -11 227 193 -63 -553 0 -257 -536 85 -416 194 -20 -160 49 -32 194 22 517 309 159 -296 -11 -259 328 169 178 -380 -39 814 -21 151 326 248 -145 -802 -102 118 -202 -258 -275 167 -90 412 372 256 -203 -67 507 -193 -82 417 255 -7 -106 -137 0 219 -446 236 83 -136 94 379 198 -340 -193 -53 185 -171 122 -277 137 -325 -244 -200 -65 -15 123 726 -515 519 11 -266 -118 118 -402 77 -416 48 134 6 53 188 -25 41 -37 153 292 -250 623 55 -88 276 -532 -111 -106 256 47 -11 598 -411 -77 136 -209 184 106 76 -235 -20 97 -249 123 169 699 -108 -396 -150 -105 358 -7 371 -236 -585 -11 -320 -86 68 -249 169 -78 -238 -179 97 -162 -326 -65 350 84 65 -547 -207 -110 -654 133 -291 -3 -32 -47 179 -280 215 257 324 82 127 366 11 -42 289 -129 -119 -34 560 -279 -8 -180 -150 93 109 -108 481 581 56 127 77 320 398 377 -216 271 -255 -73 -19 -92 -256 247 -48 73 448 175 -156 516 -104 -553 257 -252 -500 110 36 58 -234 -23 -86 -21 133 360 -325 -48 -373 -150 586 -34 -465 -433 -198 182 -97 -199 186 -3 -152 43 91 512 -458 -179 -857 237 59 88 265 -76 -8 -70 196 172 167 -374 -226 409 121 84 -366 -311 -298 -43 7 75 121 -54 256 -387 165 267 309 -261 109 208 -16 115 187 -354 198 176 19 -17 -49 -85 -411 345 345 377 -221 479 9 12 -8 47 490 70 143 182 45 -396 -161 -99 55 108 70 78 -66 -267 326 148 176 -195 193 455 15 158 1583863281
-9 -218 185 330 330 55 517 265 226 -238 -477 216 455 454 121 251 -41 647 554 -158 475 -63 -32 -168 -120 91 -557 -166 -144 460 -84 93 -352 -300 -352 -5 574 185 574 146 -433 202 -167 120 -157 205 -127 -444 658 -286 -374 102 462 419 536 -398 25 -119 -335 -382 -244 532 -255 428 29 10 -423 391 122 -314 -316 -109 -373 30 194 71 412 -791 102 -95 189 139 437 178 -465 330 -241 -169 129 270 93 -84 -266 8 85 379 -225 -53 602 -392 202 13 -461 -56 -4 21 -396 379 -93 -150 -220 -219 -642 75 637 530 58 350 430 -101 -118 -76 -126 -37 253 398 -17 -542 406 0 417 344 -285 54 246 197 286 -448 392 406 -569 -127 -858 -597 1 -35 -52 -462 -75 -726 458 235 318 -79 493 431 -121 -365 22 192 -428 -177 212 314 16 -170 -3 -139 -117 -149 478 262 574 -267 152 35 -185 7 186 -530 -444 300 -134 63 211 -91 106 203 141 215 5 59 -178 37 478 143 337 -269 -52 34 -174 -141 68 -152 -35 499 -139 -433 -269 177 -153 -418 35 -683 -112 -120 -129 126 -358 -68 259 -22 -302 117 140 43 412 214 -141 -424 96 -15 239 39 -772 -40 -127 -229 -296 -49 -62 227 -674 -248 -183 169 260 -53 245 264 -71 65 224 519 -22 -871 49 -178 364 119 214 318 -184 45 -74 81 285 277 340 118 41 88 145 -111 -301 -185 -417 303 162 -380 334 19 -454 305 -240 -64 -72 203 -371 -240 180 -133 -320 -289 -162 394 -120 232 -123 -57 -264 -14 -367 -4 -137 85 -478 241 -239 50 96 10 52 -84 -23 290 21 49 118 320 106 78 360 -6 80 98 -123 392 259 218 92 53 688 -204 -44 -485 209 267 -428 25 4 73 -221 245 -107 -225 -118 75 226 57 -650 276 270 -66 295 18 172 -154 -127 123 -267 280 -159 114 -16 -287 -154 -270 -581 5 -344 346 -215 -339 410 171 -266 2 -461 215 83 -74 -91 108 146 171 -371 -26 -19 3 312 -196 -16 35 -55 158 -189 726 64 210 76 -113 283 59 183 322 -177 232 247 206 -210 -190 -80 -5 -205 -148 95 -278 -407 93 142 170 174 269 64 379 1583863281
148 -262 173 -369 268 -20 -63 -403 266 18 -297 573 -147 404 -279 -679 362 381 213 546 -33 22 -70 256 -77 -176 -632 827 -237 -174 348 182 509 -229 -207 -442 646 -357 -391 171 -321 -187 241 -50 -28 565 149 70 -3 390 375 110 469 105 -397 32 -343 142 313 -190 -356 -350 -58 76 53 28 76 -221 566 -75 267 -403 -336 163 24 60 -258 -665 -215 55 -73 -507 358 -80 132 -501 279 -110 76 -60 42 -29 70 -103 141 722 -448 -26 373 -217 538 -225 110 -154 325 228 152 138 157 140 254 0 62 -84 36 -202 -397 162 -265 44 530 -940 -279 -75 540 -225 162 40 398 -251 -12 -356 -46 -97 -62 225 430 168 -322 233 91 92 -270 23 -291 101 -141 -550 -42 -409 261 193 -10 -89 -217 -746 -145 -399 211 253 115 -520 -3 -64 226 -142 341 -452 -187 352 -346 -184 -326 -211 511 -61 -245 329 188 153 -24 -99 165 -601 -78 427 152 49 44 -357 -562 362 225 5 27 -131 185 25 -48 39 159 333 872 110 200 -2 67 -92 360 -452 -20 27 66 333 131 -327 705 -63 -76 -361 -160 231 97 -117 142 56 287 528 4 211 -316 -228 -159 238 165 129 86 24 11 422 -272 -180 -21 -271 -56 -16 450 -63 553 -45 -44 -437 479 -325 -98 246 248 2 276 -337 -949 -223 -62 267 238 -183 -92 -119 52 -125 237 415 -168 -244 -85 79 240 -251 263 67 -31 -126 52 -143 319 321 5 -406 204 386 41 -149 25 121 37 60 58 -263 -246 318 -437 208 -200 -283 -39 404 176 119 -523 -199 -269 174 295 -210 438 -177 -63 -39 10 5 -188 -127 -289 135 59 -495 -53 387 30 89 -246 36 -428 34 -132 -81 172 12 -110 -215 190 258 -307 390 -267 -225 11 96 114 -248 39 96 -124 -58 -127 -106 148 -139 -253 246 221 -314 -371 106 -139 9 46 -777 90 59 -49 -223 321 34 -228 -78 -253 272 182 222 -229 -204 -390 -131 298 288 -85 91 0 43 -340 -447 430 268 13 -47 -131 68 55 -42 -494 -164 460 203 308 254 -75 -513 219 -291 -24 83 -251 -170 22 -185 61 600 -109 -172 38 0 -228 -18 -343 521 1583863281
658 306 -353 -105 -347 146 -287 94 -675 700 588 342 553 -261 302 272 169 -562 81 -432 -474 149 410 -183 -163 32 148 -394 200 183 10 -692 -89 307 363 826 -395 637 55 -382 319 462 200 115 15 -191 140 -490 338 94 -340 533 -453 396 702 -38 -173 93 -172 -95 -240 80 -561 -156 -335 292 278 -390 -320 558 -502 -108 -163 56 -411 -255 0 218 245 277 -31 221 -40 430 -177 -732 155 -112 -93 -234 -310 -100 -92 76 30 227 78 506 64 182 503 732 345 215 -92 -389 -98 -402 133 -94 118 144 -575 125 -16 189 136 -406 -210 -355 31 -93 252 312 -390 -29 205 701 -182 -287 397 357 195 190 556 256 304 -20 287 382 -89 62 -30 -90 -85 -98 -288 281 -167 274 -248 254 -326 -91 536 -79 -223 -383 -137 -237 151 -67 168 235 61 89 -482 171 -2 78 -265 468 -131 -212 -112 418 219 -297 -221 -528 -316 180 -114 -134 -264 110 219 -208 -349 -292 -828 67 259 -109 -109 -51 146 195 -40 517 578 282 316 13 165 -209 -173 4 -230 -22 198 331 -515 52 -251 -102 -93 188 -48 -531 257 15 199 -129 -237 -596 143 -699 -109 -389 13 -151 77 249 -221 318 3 -101 281 133 89 19 292 -91 802 -29 -110 -97 448 122 -143 -253 89 33 200 -22 578 -149 251 -119 -23 49 -546 -422 371 -303 -45 236 203 61 -116 344 -267 -11 613 101 -26 -118 -68 618 -235 92 -164 29 344 39 -238 2 -263 133 -514 561 -62 209 315 -321 -153 221 537 167 126 -214 626 -200 136 -620 110 -231 202 -43 282 309 -107 281 167 276 160 76 299 70 200 185 69 -51 142 -171 338 -101 -252 126 -115 286 -406 13 -364 -410 308 -236 -460 -198 -234 -146 202 -310 321 138 -125 -350 -257 259 110 -172 386 -179 -316 135 288 -455 158 75 -180 22 -232 49 63 144 -373 -240 505 312 158 378 -340 -126 352 462 195 0 -208 -289 122 -384 -49 -95 -50 -129 237 73 -402 70 -516 -49 -106 136 469 -87 70 -137 192 117 -33 476 -239 -22 271 -173 137 -41 -287 74 -316 -192 -425 295 -234 -30 -146 154 109 -211 72 213 185 -15 -191 -146 1583863281
