-15573269 -15065435 21037412 4534077 -7885319 -7063452 -1822754 -142077 124904 -126169 -43291 7794 -3919 -65821 -13038 -3622 2530 -2100 -1013 -1038 -171 -217 -614 -444 -4 36 -2 -5 4 0 0 2 10 -1 10 0 0 0 2 9 6 0 -2 -8 -4 0 -1 2 -1 -4 -9 0 7 0 5 7 0 0 0 0 1583836345
-15966202 -15401659 21748832 4904723 -7891224 -7464447 -1819950 -142206 124739 -126296 -43323 -16476 -3972 -65950 -11767 -3751 -4832 -2873 -992 -594 -209 -171 -191 -345 -3 -13 -11 -7 1 0 0 2 4 0 5 0 0 0 1 4 0 0 0 -3 -1 0 0 1 0 -1 -3 0 3 0 2 3 0 0 0 0 1583836345
-16089159 -15507749 21973272 5017834 -7886067 -7590572 -1820203 -142236 124990 -126337 -43335 -21451 -3983 -65808 -11270 -3856 -7344 -2882 -975 -576 -221 -155 6 -310 -2 -29 -12 -4 4 0 0 1 0 0 2 -1 0 0 0 0 0 0 0 0 0 0 0 0 0 0 0 0 0 0 0 0 0 0 0 0 1583836345
-16089571 -15509781 21976887 5021220 -7857479 -7596879 -1825359 -141214 120624 -126340 -43336 -30217 -3992 -64847 -10909 -3686 -4103 -3193 561 -638 -203 -147 -66 -344 -3 -26 -8 -5 1 0 0 1 3 0 2 0 0 0 0 -1 0 0 1 0 0 0 0 0 0 0 0 -1 0 0 0 0 0 0 0 0 1583836345
-15364493 -14911446 20693487 4453825 -7589910 -7034737 -1880370 -142387 -21493 -126107 -43303 -16053 -3893 -56342 -11041 -3187 40005 -2125 -1248 -2094 8 -288 -1506 -431 -19 74 3 -8 1 -1 -1 3 35 -1 5 0 0 -1 3 -10 -2 0 8 -3 -2 0 2 3 -2 3 1 2 2 0 1 -2 0 0 0 0 1583836345
-16078908 -15415191 21785171 5158082 -7889017 -7541148 -1821160 89640 120150 -126087 -43280 -30192 -3993 -65687 -10907 -3690 -7656 -3178 3889 -475 -211 -135 -38 -227 -3 -26 -13 -5 1 0 0 1 -1 0 0 1 -1 0 0 0 0 0 0 0 0 0 0 0 0 0 0 0 0 0 0 0 0 0 0 0 1583836345
-16021657 -15453020 21856472 4960281 -7759941 -7524824 -1845730 -142247 120785 -126373 -43357 -24626 -3959 -61606 -9685 -4300 11289 -859 -1103 125 -126 -343 -435 -555 -6 1 0 -6 0 2 0 -1 21 -2 7 -5 0 -1 2 -3 -1 0 -1 0 1 0 1 4 5 0 0 0 0 0 0 0 0 0 0 0 1583836345
-16066470 -15485144 21925663 5003345 -7854823 -7565520 -1829324 -142264 124371 -126363 -43353 -11735 -3955 -64772 -11120 -4095 5254 -2215 -1050 -728 -158 -213 -743 -170 -6 -26 -15 -5 2 0 0 1 -3 0 0 0 0 0 0 6 3 0 -4 -2 2 0 0 0 0 0 0 1 0 0 -1 -1 0 -1 0 0 1583836345
-16089776 -15510001 21975530 5059163 -6732201 -7578101 -1934143 -141812 120589 -126593 -43439 -30027 -3872 -35230 -10866 -3615 11475 -3441 -333 -834 -143 -177 -864 -162 -8 -25 -13 -5 2 0 0 1 -8 0 -8 13 0 0 -2 -8 -2 0 -6 0 -2 0 1 -1 0 2 0 0 0 0 0 0 0 0 0 0 1583836345
-15850440 -15245260 21315901 6920135 51584470 -6332605 20373130 -102842 122976 -62663 -8971 -8524 -13059 170531 -9844 -2166 14281 -3355 -1586 -933 -175 -23 -5003 -49 -5 39 -17 -6 0 0 0 0 -22 0 -18 5 0 0 -7 -2 0 -1 -24 0 4 0 -4 -1 0 5 -2 -5 1 0 -3 1 0 1 0 -1 1583836345
-14938599 -14429722 19706519 3993941 -4238967 -6292952 -595208 -139449 212867 -122481 -41320 39126 -4348 -45246 -16347 -3162 -7802 -2618 -985 -589 -229 -224 -60 -296 0 142 -14 -12 0 -1 0 2 -1 -2 1 0 0 -1 -1 -2 0 0 0 0 0 0 0 0 0 0 0 0 0 0 0 0 0 0 0 0 1583836345
-15524871 -15032346 20966118 4473571 -7887443 -7030308 -1818628 -141991 119908 -126103 -43258 -19391 -3972 -66043 -11759 -3588 -7702 -2648 -969 -500 -222 -201 -28 -305 -2 -13 -12 -7 1 0 0 1 0 0 3 0 0 0 0 1 0 0 0 0 0 0 0 0 0 0 -1 0 0 0 0 1 0 0 0 0 1583836345
-16067863 -15485787 21919344 5150369 -3605750 -7496867 -140089 -139266 124430 -121523 -40744 -21545 -4684 -53204 -10817 -3841 -5821 -2454 -1020 -422 -213 -174 -526 915 -9 -28 -43 -7 1 0 0 1 -8 0 1 -4 0 -1 4 0 0 0 0 0 1 0 0 2 -1 0 1 0 0 0 2 -1 0 0 0 0 1583836345
432364364 358455479 -770885619 -429051701 -3053963 436268387 -1869507 58834 -5229449 61919 19567 -2141159 -554 -35903 -179269 276013 -3492 44585 45 25641 170 45393 -760 -3 -15 465 0 -7 9 -18 0 0 4 67 0 0 0 13 2 0 -3 1 2 0 0 -8 2 -13 -16 1 0 0 -1 -9 0 0 0 0 -3 1 1583836345
459817035 377226683 -811465422 -455886398 -1940490 460556692 -1932939 74861 -8174183 80094 26987 -7381685 -9017 18223 222303 278765 6756 97322 -202 46807 291 64488 2297 57 -76 1297 17 68 107 27 0 -6 3 60 0 -1 0 2 0 4 -16 0 0 1 0 -6 1 -8 -9 0 0 0 0 -1 0 0 0 -1 5 -2 1583836345
26469102 19978681 -53308283 -35855778 2431124 34032523 -2724864 -123475 -715120 -109723 -37755 -797661 -3684 196761 10937 44575 -5765 8207 -1260 12626 -290 42290 27 -417 -6 -415 2 2 1 -9 0 0 4 1 3 -2 0 4 -1 0 -5 2 0 0 0 -4 0 0 0 0 0 0 0 -2 0 0 0 0 0 0 1583836345
69546618 56759904 -131105038 -77631815 -4007717 77508293 -2102065 -104936 -534069 -92053 -32093 235687 -1923 12714 26316 -36897 -8776 9294 -540 2452 -172 -959 -73 -274 0 776 -22 -11 10 13 0 7 0 29 2 -1 0 0 0 0 -3 27 -1 0 0 -8 1 0 0 0 0 0 0 -8 0 0 0 -1 4 -1 1583836345
325356198 269937782 -583281668 -325159849 2722852 326629858 -2489622 11523 -5687263 19568 6151 -4763144 -6058 155952 155114 171860 -860 67517 -254 30137 46 42344 -431 -135 -58 2440 -13 34 124 2 0 16 2 20 2 0 0 -3 0 -2 9 -5 0 0 0 -2 0 -1 -1 0 0 0 0 4 0 0 0 1 -5 2 1583836345
-5120608 -6315867 2485196 -5545881 -7772079 3158598 -1817270 -137460 -63587 -121643 -41736 -169819 -4065 -64767 -20365 10082 -7876 -1797 -936 -486 -218 -878 -37 -295 -5 220 -17 -12 3 -1 0 3 0 0 3 0 0 -1 0 1 0 -1 0 0 0 0 0 0 0 0 0 0 0 0 0 0 0 0 0 0 1583836345
76194786 61861274 -142016914 -84330798 -6854465 83189233 -1835164 -100681 -1120548 -87243 -30200 -725796 -3726 -57170 -75125 87602 -4568 15621 -782 7567 -119 11367 -118 -252 -8 312 -12 -3 12 0 0 -5 3 37 3 -1 0 1 1 -1 -1 -5 0 0 0 -11 2 4 5 0 0 0 0 0 0 0 0 0 -1 0 1583836345
70115560 52883296 -123533065 -78404146 -5561005 79148520 -1310694 -101897 -1271205 -87622 -29890 -1190902 -4841 -49305 5711 58335 -7423 42935 -696 16769 -71 886 -420 -181 -10 -295 -5 -1 -15 13 0 -2 0 17 2 -1 0 -3 -1 3 -11 -3 1 0 0 4 0 -1 -2 0 0 -1 0 0 0 0 0 0 0 0 1583836345
16234024 11795830 -35853826 -26143117 -7556555 24633702 -1822921 -128414 -82651 -113387 -39134 268526 -2990 -66806 -13796 1219 -7970 19120 -1004 13223 -132 23709 -59 -246 1 -121 -9 -21 -24 0 0 2 2 19 2 0 0 0 1 3 -8 4 0 0 0 -4 1 0 -1 0 -1 0 0 -6 0 0 0 0 0 0 1583836345
9702763 6061354 -23757085 -19975907 -7599333 17664085 -1823316 -130481 -291055 -115233 -39583 -350567 -4155 -62616 124029 -80254 -7495 -5376 -901 -338 -203 -1060 -27 -266 -8 18 -10 11 17 10 0 -12 0 18 1 2 0 0 0 0 -1 21 0 0 0 1 0 -2 -1 0 0 0 0 -1 0 0 0 0 1 0 1583836345
-16080439 -15503037 21962443 5012964 -7809897 -7586480 -1835100 -142250 120816 -126364 -43348 -28500 -3979 -63326 -10980 -3693 2952 -3253 -1049 -757 -172 -167 -253 -356 -5 -18 -9 -6 1 0 0 2 11 0 1 0 0 -1 0 -5 -1 0 1 0 0 0 -1 0 0 0 0 0 0 0 0 0 0 0 0 0 1583836345
-13909470 -13653397 18046214 2981527 -7022973 -5371492 -1896993 -141505 117766 -125704 -43154 38675 -3765 -44655 -18453 -1516 -8164 -2357 -924 -1279 -234 -254 -3 -310 -3 278 -16 -8 8 1 0 0 0 0 3 -1 0 0 -2 -1 6 0 0 0 0 0 1 0 0 0 0 0 0 0 0 0 0 0 0 0 1583836345
17487890 12333781 -37115065 -27546570 -5933922 24814650 -1202966 -125242 -710999 -109265 -37037 -1045569 -5462 -53211 9840 48386 -6413 3075 -1120 6279 -191 4171 2091 -265 -12 -254 -5 7 14 -8 0 -8 0 9 3 0 0 7 1 0 -2 -2 0 0 0 -1 0 0 0 0 0 0 0 0 0 0 0 0 0 0 1583836345
-15962965 -15396801 21725426 5151456 -808714 -7350828 630537 -137808 118863 -119232 -39496 -28673 -4974 -28116 -9961 -3756 -8031 -1506 -1018 -61 -234 -217 -413 -335 -2 -22 -13 -7 0 0 0 1 0 0 0 -2 0 -1 1 -1 0 0 0 0 0 0 0 0 0 0 0 0 0 0 0 0 0 0 0 0 1583836345
-15871502 -15318033 21565188 4954447 -4126407 -7299347 -298801 -139519 124855 -121924 -40979 -4759 -4591 -56437 -12588 -3646 -8802 -3095 -993 -668 -229 -138 -249 -216 -3 108 -16 -10 1 -1 0 2 -1 -1 -2 0 0 -1 1 0 0 0 -2 0 1 0 1 0 0 0 0 0 0 0 0 0 0 0 0 0 1583836345
-16089319 -15505701 21965613 5082796 -6111973 -7560813 -334962 -139768 125016 -122175 -41143 -21417 -4697 -97471 -11240 -3801 -3905 -3151 -1025 -684 -185 -151 -550 -169 -4 -27 -18 -4 4 0 0 1 -2 0 0 0 0 0 1 5 0 0 1 -1 -3 0 0 0 0 -1 0 0 -1 0 0 0 0 0 0 0 1583836345
-16048267 -15461606 21858866 5330439 1607760 -7388818 2156591 -135298 120625 -114995 -37275 -23503 -5727 -67731 -10910 -3555 -6657 -3114 -1058 -672 -207 -121 -1075 -178 -3 16 -16 -7 1 0 0 1 -6 0 -2 -1 0 0 0 4 0 0 3 0 4 0 -5 0 0 0 0 2 -3 0 0 1 0 1 2 4 1583836345
222658262 185814932 -404544987 -224540576 15190908 229786434 5345697 -26245 -1967062 -8461 -280 843860 -1753 10662 -50899 60470 9252 59072 -697 35416 198 40424 -2952 190 -5 2984 -48 -73 14 -20 0 -20 -17 47 -12 4 0 19 -5 3 28 25 0 -2 11 -10 -12 -3 0 4 -3 7 -9 -18 1 3 0 1 3 3 1583836345
894479 -1173902 -8384306 -11422955 -7713575 9321491 -1820715 -134720 27077 -119455 -41085 89993 -3524 -66166 -46210 13989 -7431 -4727 -903 -1801 -217 -1103 -61 -304 0 -41 -12 -6 0 0 0 1 0 1 3 0 0 0 0 1 0 0 0 0 0 -1 0 0 0 0 -1 0 0 0 0 1 0 0 0 0 1583836345
62139252 50061557 -117033525 -70281983 -7044669 69296719 -1832668 -108525 -1128721 -93350 -32270 -614491 -3773 -59084 -16293 73139 -2947 60871 -981 31234 12 52689 -408 -98 -14 1692 -31 -53 1 -12 0 -6 1 9 0 0 0 5 0 0 1 -17 -1 0 0 1 0 0 1 0 0 0 0 -2 0 0 0 0 0 0 1583836345
-16087212 -15505160 21967572 5024537 -7688926 -7584411 -1854239 -142280 125028 -126428 -43380 -20764 -3939 -59740 -11348 -3752 25554 -3674 -1212 -1028 -63 -217 -1313 -298 -11 -22 -3 -5 1 0 0 1 -1 0 2 6 0 0 0 -2 0 0 3 -1 0 0 -5 0 0 0 1 -1 0 0 3 -1 0 0 0 0 1583836345
-14874970 -14447739 19731058 3931475 -7877945 -6348050 -1820299 -142031 114696 -125947 -43216 17211 -3898 -66052 -12717 -1827 -7122 -1623 -992 536 -215 4216 -41 -306 -3 175 -14 -13 0 0 0 3 -1 -3 1 0 0 -2 0 0 0 -1 2 0 0 0 0 0 0 0 0 0 0 0 1 -1 0 0 0 0 1583836345
64760995 52656972 -122442852 -72692652 -310732 72760859 -2123422 -107402 -617413 -93936 -32633 234607 -1792 96231 151582 -70978 77183 44194 -1719 33636 345 18820 5008 -445 -21 1308 8 -69 -31 -21 0 -13 -6 26 -14 -4 -1 16 11 -10 -2 9 -9 2 -8 -6 -3 1 2 3 0 0 -1 -7 0 1 0 0 0 0 1583836345
139250617 114541823 -253748333 -145013314 -5500881 144703671 -1905819 -73215 -2411307 -60032 -20882 -1880664 -4636 -29904 -61224 134568 -740 38747 -373 9440 -40 -9398 318 -168 -31 2456 -35 -27 66 -12 0 14 -2 -21 -1 -1 0 -4 0 -2 3 -3 0 0 0 -2 0 -1 0 0 0 0 0 -1 0 0 0 0 1 0 1583836345
40348789 31645618 -78016517 -49582350 -3988758 47618823 -2124893 -116587 -845569 -102518 -35268 -886782 -4272 26541 131398 -56996 -7129 -748 -812 655 -224 -3073 -147 -320 -13 71 -7 24 30 15 0 -19 0 26 3 -1 0 0 0 0 0 25 -1 1 -1 -1 0 -2 -3 0 0 0 0 -2 0 0 0 0 1 0 1583836345
-16020110 -15432601 21812547 5061936 -5204291 -7451559 -2064481 -142469 134721 -126916 -43572 14573 -3661 3201 -12903 -4189 -7710 -2239 -960 -660 -257 -157 -58 -344 -2 25 -12 -4 5 -1 0 1 -1 0 2 -2 0 0 -1 -1 1 0 0 0 0 0 0 0 0 0 0 0 0 0 0 0 0 0 0 0 1583836345
47262777 37419706 -90274555 -56095208 -7181741 54206864 -1832250 -114177 -1125329 -98819 -33912 -1179527 -4967 -55544 61770 19022 -3309 9408 -848 4590 -143 -4381 -306 -284 -21 1284 -25 -35 18 -13 0 7 3 -2 2 -2 0 4 0 0 2 3 0 0 2 -1 1 1 1 0 0 0 1 2 -1 0 0 0 0 0 1583836345
-15707811 -15184952 21289137 4667343 -7811842 -7203268 -1830770 -142139 120337 -126226 -43306 -9237 -3944 -63754 -12630 -3513 -544 -2928 -1021 -637 -188 -197 -225 -379 -4 121 -12 -8 4 -1 0 2 1 -1 1 1 0 -1 0 -1 0 0 4 0 -1 0 3 -1 0 0 0 1 0 0 0 0 0 0 0 0 1583836345
-16066739 -15481601 21912499 5114005 -4833293 -7514738 729138 -138014 124489 -119194 -39574 -11473 -5193 -119944 -11327 -3965 -8442 -2611 -996 -771 -192 -147 -507 -313 -2 -22 -12 -5 3 0 0 2 6 0 4 1 0 0 1 3 2 0 0 -2 -1 0 0 0 0 0 0 0 0 0 0 0 0 0 0 0 1583836345
-7286818 -8218892 6496386 -3408439 -3982826 943213 -2198102 -138341 -105566 -123174 -42278 -314845 -3936 37741 22446 -11641 42011 -3399 -1285 -732 -23 -735 13015 -789 -11 -77 40 0 7 0 0 1 25 3 12 -9 0 0 2 -4 -1 3 -3 0 -1 2 -3 0 -2 0 0 0 0 1 0 0 0 0 0 0 1583836345
-15012049 -14595817 20013198 4567407 9086279 -6246974 -3371174 -142935 104127 -129408 -44562 -38698 -2340 376003 -11407 -1894 -3613 -2406 -1019 -557 -428 -141 251 -594 -1 -27 -3 -4 2 0 0 1 4 4 6 -4 0 0 -2 -2 0 0 0 0 0 0 -1 1 0 0 0 0 0 0 0 0 0 0 0 0 1583836345
1964765 -529333 -9851070 -11720782 15470085 10210662 -3942455 -135281 -329154 -122935 -42350 -585830 -2397 541817 2156 17490 3569 324 -1047 112 -468 -1267 760 -745 -7 -61 9 10 14 7 0 -7 13 12 8 -1 0 -1 6 -3 -1 0 -1 0 0 0 -1 0 -1 0 0 0 0 -1 0 0 0 0 1 0 1583836345
3657753 988451 -13006302 -14109175 -6480188 11737974 -1211107 -132052 -201047 -116042 -39511 -307216 -4448 -66591 113740 -75728 -7098 -6936 -951 -676 -205 -672 -156 40 -9 -102 -18 7 11 5 0 -6 0 11 2 -1 0 0 1 1 0 4 0 0 1 4 1 0 0 0 1 0 0 1 1 0 0 0 -1 0 1583836345
-13285500 -13148649 16970692 2386401 -5424458 -4776184 -1051915 -139581 97750 -122951 -41740 -25236 -4244 -49561 -15772 -420 -9077 -2615 -968 -565 -234 -330 -136 -308 -2 -46 -12 -5 1 0 0 0 0 4 3 -1 0 0 0 -1 0 -1 0 0 0 0 0 0 0 0 0 0 0 0 0 0 0 0 0 0 1583836345
-11830880 -11921250 14355793 1248857 2204302 -3215949 3036219 -131917 79149 -110761 -35364 -36167 -6070 -76798 -14790 -251 -3917 -3481 -1038 -862 -181 -407 14223 -238 1 -83 -8 -4 2 0 0 0 -7 6 9 5 1 0 -5 3 0 0 2 0 0 0 1 -1 0 -1 0 0 0 0 0 0 0 0 0 0 1583836345
2288202 163837 -11400397 -9967342 15249524 9611122 7156152 -125049 -1476786 -93267 -27541 980130 -5701 4061 -12299 -32709 5609 108871 -628 38394 155 -7811 33090 -40 -65 2459 -38 -140 -80 -4 2 12 -16 -37 17 14 2 -2 -9 10 -10 -8 4 0 -1 13 -2 -3 0 0 0 1 -1 -7 0 -1 0 0 0 0 1583836345
1557394 -472440 -9864814 -11604664 -7724028 10091226 -1823885 -136107 -38479 -119630 -41172 186561 -3360 -66625 3896 -1262 -1145 51681 -1019 25033 -26 22759 -548 -286 -3 638 -19 -53 -38 0 0 2 5 -11 5 0 0 -1 1 9 -10 -7 0 -3 -2 7 -2 1 0 -2 -5 0 3 -4 3 4 0 0 0 0 1583836345
-15813724 -15276523 21482841 4758892 -7884141 -7319655 -1819879 -142139 118611 -126223 -43297 -23818 -3983 -65820 -11746 -3423 -7093 -2962 -976 -619 -220 -167 -54 -304 -3 22 -13 -7 1 0 0 1 -1 0 1 0 0 0 0 0 0 0 2 0 0 0 0 0 0 0 0 0 1 0 0 0 0 0 0 0 1583836345
21640126 16133151 -45093632 -31427905 -6086763 29584500 -657330 -123442 -375332 -107150 -36279 -258224 -4355 -87839 -30729 22956 -6739 3831 -828 517 -169 -2737 -392 -278 -6 467 -17 19 49 1 0 -5 0 14 0 0 0 -1 1 4 0 0 1 -1 -1 -5 1 0 0 0 0 0 0 1 0 0 0 0 1 0 1583836345
21652832 16188266 -45207836 -31302286 -6289339 29641165 -821129 -124243 -388319 -107757 -36581 -224394 -4227 -84626 16301 -7118 -8779 25632 -756 9217 -119 -3911 -310 -220 -8 966 -27 -44 -14 1 0 1 0 -6 0 0 0 -2 0 2 -4 3 0 0 0 0 0 0 0 0 0 0 0 0 0 0 0 0 0 0 1583836345
-8758877 -9263490 8741976 -1794131 -5552178 -294050 -991232 -138205 10229 -121044 -41063 -72782 -4295 -55483 -15484 5043 -8594 6258 -930 2465 -204 1150 -173 -290 -3 145 -14 -10 -1 4 0 -1 0 5 0 -1 0 -2 1 0 0 -1 0 0 0 0 0 0 0 0 0 0 0 -1 0 0 0 0 0 0 1583836345
-15506039 -14999285 20890102 4641867 -3221245 -6902634 925547 -137400 131822 -118401 -39166 18746 -5162 -94749 -10585 -5076 -7494 3006 -1005 1661 -184 -537 -541 -313 -2 75 -15 -12 -1 0 0 2 0 -1 -2 -1 0 -1 3 0 -1 0 2 0 0 0 0 0 0 0 0 0 0 0 0 0 0 0 0 0 1583836345
-15873962 -15322971 21582626 4812150 -7889053 -7369076 -1821323 -142157 127358 -126266 -43316 -11028 -3959 -65850 -12255 -3683 -1621 -2929 -1014 -634 -193 -185 -375 -387 -3 -10 -9 -7 1 0 0 2 8 0 7 0 0 0 2 7 1 0 -1 -5 -2 0 0 1 -1 -2 -6 0 5 0 4 5 0 0 0 0 1583836345
-15307225 -14836720 20554294 4278749 -7867285 -6782011 -1821113 -141969 132372 -126076 -43262 22656 -3895 -65838 -14175 -3721 -7263 -1252 -956 -229 -216 -285 -57 -197 -3 100 -17 -7 4 0 0 1 -2 -2 1 1 0 0 0 -1 1 0 0 0 0 0 0 0 1 0 0 0 0 0 0 0 0 0 0 0 1583836345
-15907248 -15355394 21650068 4847376 -7758925 -7409122 -1856796 -142207 122106 -126363 -43364 -21829 -3936 -60930 -7807 -5027 37296 2198 -1285 1195 10 -622 -2290 -611 -12 -64 6 -7 -4 0 0 2 5 0 5 -3 0 0 1 11 1 0 1 0 9 0 -3 1 -1 -3 0 1 2 0 0 -2 0 -3 -1 1 1583836345
-15745672 -15219189 21361531 4693505 -7851257 -7247661 -1824233 -142113 120138 -126211 -43296 -17348 -3966 -64914 -12167 -3440 -4754 -2927 -991 -623 -209 -181 41 -344 -3 45 -11 -6 4 -1 0 2 1 0 3 -1 0 -1 0 -1 0 0 0 0 0 0 0 0 0 0 0 0 0 0 0 0 0 0 0 0 1583836345
42861464 34121888 -83168087 -52029389 -7143290 50879668 -1723531 -115891 -376782 -101818 -35195 113259 -2870 -67095 -114552 64669 -6623 10308 -681 1761 -154 -2416 -238 -193 0 284 -19 -13 0 0 0 2 -2 -4 0 0 0 -1 0 0 7 -3 -1 0 0 -2 0 4 5 0 0 0 0 0 0 0 0 0 2 -1 1583836345
19332433 14118432 -40846827 -29101891 -2480555 27224157 -2155784 -126362 -435413 -111854 -38446 -414033 -3634 62243 -31628 34116 90525 14259 -1519 4021 259 -3581 -3317 1823 -41 484 -55 -11 5 6 0 -9 -44 -1 -31 23 -1 -2 2 -2 0 -1 0 4 -1 -3 3 17 13 0 -1 1 2 -2 -3 0 0 -1 0 1 1583836345
-16089162 -15507578 21972712 5022696 -7747584 -7588046 -1832501 -142246 125068 -126365 -43346 -21281 -3970 -62238 -11409 -3799 -7473 -3084 -974 -654 -224 -141 0 -269 -3 -27 -13 -4 4 0 0 1 -1 0 0 1 0 0 0 -1 0 0 0 0 0 0 0 0 0 0 0 0 0 0 0 0 0 0 0 0 1583836345
-4599061 -5760642 1315358 -5526086 5599689 4202803 -3044343 -138557 89327 -124737 -43070 233287 -2097 274135 19393 -9302 -259 68162 -975 30426 -154 1571 -1036 -236 0 49 -11 -49 -64 13 0 -21 -9 -16 0 6 0 2 -4 5 -15 -4 0 0 2 10 1 21 30 5 -1 4 -4 -4 0 2 0 -2 0 -3 1583836345
5089704 2310670 -15791465 -15279689 -4249540 13369427 -2133713 -133314 -143492 -118274 -40726 -4565 -3296 21817 -28490 13563 -6913 28271 -752 8634 -175 -3159 -291 -256 -4 281 -17 -20 -11 3 0 0 -3 0 1 1 0 -1 -1 -1 6 1 0 0 0 -3 1 2 5 0 0 1 0 -1 0 0 0 0 -1 0 1583836345
-15361235 -14886325 20645835 4582427 -507358 -6729541 -2494643 -142477 121039 -127604 -43860 -2573 -3225 123372 -13201 -2929 -1258 -2020 -1022 -359 -285 -220 -538 -222 -4 82 -14 -10 0 0 0 1 -11 -1 1 3 0 0 -6 0 0 0 0 0 0 0 2 -2 1 0 0 2 0 0 0 0 0 0 0 0 1583836345
-15908854 -15356868 21644560 5006025 -3333116 -7344519 -224519 -139303 116353 -121665 -40825 -32866 -4640 -43897 -10414 -3476 4730 -2520 -1092 -491 -167 -215 -12 -263 -5 -17 -13 -6 1 0 0 1 -6 0 -3 -1 0 0 1 3 0 0 -2 0 3 0 -1 0 0 0 0 0 0 0 1 0 0 0 0 -1 1583836345
-15309799 -14830285 20528317 4548357 -570807 -6655454 863297 -137232 132625 -118395 -39116 29962 -4986 -38026 -13522 -3857 -2340 -429 -1035 -193 -196 -309 -840 94 -5 151 -26 -9 2 0 0 1 -8 -2 -6 0 0 -1 0 0 4 0 -4 1 3 0 -2 1 0 2 -1 3 0 0 -1 1 0 0 0 -1 1583836345
-11539648 -11649455 13783512 1027656 3660321 -2853110 2881350 -131987 105576 -111096 -35531 20940 -5804 -41219 -20359 1490 41101 -749 -1371 -86 34 -735 6361 2739 -25 -103 -77 -6 -2 1 0 -1 -23 4 13 1 0 0 -2 1 0 0 0 6 4 -1 -6 7 -6 -9 -1 3 -1 0 -6 0 0 0 0 0 1583836345
-15926907 -15269359 21307346 8252231 86775356 -5803664 35099808 -77094 127931 -20690 13588 -2447 -19306 231175 -8022 -1697 23133 -3048 -1908 -809 -120 -8 4611 -836 2 -49 10 -4 0 0 0 2 -6 -1 28 -1 3 3 -22 9 1 0 -1 4 5 0 1 0 0 1 -1 -7 0 -1 -6 2 0 0 0 0 1583836345
14465257 10499707 -33130446 -23160814 22973491 23685267 10093807 -108976 63492 -80565 -21255 566456 -7460 31882 1866 -18228 13426 124877 -841 46676 229 -9667 14869 15 8 -212 -12 -87 -123 10 1 3 -19 -8 0 11 0 -2 -1 8 -23 -11 -3 3 -2 19 -3 -4 -1 0 0 1 0 0 0 0 0 -1 1 0 1583836345
-16088904 -15507166 21972058 5018624 -7881232 -7589900 -1811799 -142226 124955 -126315 -43325 -20688 -3984 -66036 -11184 -3817 -2159 -2968 -1003 -889 -196 -148 -345 -380 -3 -26 -9 -2 6 0 0 1 0 0 6 0 0 0 1 4 2 0 -1 -2 -1 0 0 0 0 0 -2 0 1 0 0 0 0 0 0 0 1583836345
-10695315 -10881637 12186370 -73826 -7843449 -2099413 -1819565 -140377 130902 -124411 -42748 157909 -3598 -67037 -10792 583 -7033 14742 -1041 9861 -159 -1778 -148 -282 -2 188 -16 -29 -17 -7 0 -2 0 -3 3 0 0 4 1 2 -4 -4 0 0 0 -1 0 0 0 0 -1 0 1 1 0 1 0 0 0 0 1583836345
-15739168 -15186795 21245761 5771713 23005831 -6704054 -4645624 -144298 119748 -132665 -45831 -9658 -950 735100 -12197 -2099 391 -2451 -1069 -673 -593 -10 -674 -860 -1 66 4 -7 2 0 0 2 8 -1 9 -11 1 0 -12 -6 -1 0 -1 -2 -2 0 -4 1 -1 -1 0 0 1 0 0 0 0 0 0 0 1583836345
204164 -1948870 -6795862 -10695235 -4814001 8241356 -2085052 -134819 -235464 -119641 -41042 -452301 -4192 12602 64561 -30643 -7845 14858 -909 6710 -207 -1962 -53 -301 -6 -22 -9 -11 -5 -1 0 3 0 -4 2 -2 0 0 -1 0 -4 0 0 0 0 3 0 -1 -1 0 0 0 0 0 0 0 0 0 0 0 1583836345
29316694 22428811 -58463408 -38678066 -2162006 37323927 -2303736 -122474 -478710 -108356 -37404 -351050 -3394 74532 501589 -327483 -5552 57565 -708 27775 -44 -4847 56 -284 -10 -29 -2 -39 -48 2 0 4 0 -15 2 -2 0 -1 0 1 -12 -7 0 0 0 7 -2 -1 -1 0 0 0 0 -5 0 0 0 0 3 -1 1583836345
-15996179 -15416723 21783072 4938569 -7881816 -7472733 -1820368 -142247 137193 -126344 -43346 8858 -3930 -65906 -12856 -4221 -7153 -2386 -972 -409 -219 -192 -46 -303 -2 -14 -12 -3 6 -1 0 1 -1 0 1 0 0 0 0 0 0 0 2 0 0 0 0 0 0 0 0 0 0 0 1 -1 0 0 0 0 1583836345
7142417 3644190 -19009937 -14506481 -3673269 11123748 1497242 -135002 -3560255 -104682 -34686 -253641 -5580 -134039 50546 -29136 -1190 7901 -565 -6897 -118 -1215 -1117 -41 -147 496 -18 -20 2 -3 0 0 7 -6 3 8 0 0 -2 8 2 1 -12 -5 1 1 -1 0 -1 0 -1 0 0 0 -2 -2 0 3 -1 0 1583836345
-16004195 -15435531 21817295 4988425 -6434577 -7484092 -604234 -140176 122883 -122890 -41526 -23907 -4572 -91727 -11145 -3728 -9821 -2770 -977 -519 -217 -159 -155 -284 -2 -27 -12 -6 1 0 0 1 1 0 2 0 0 0 0 1 0 0 0 0 0 0 0 0 0 0 0 0 0 0 0 0 0 0 0 0 1583836345
4297766 1867949 -14820233 -14082510 6354534 13219178 2564067 -125923 141382 -105942 -34024 460280 -4535 28402 73197 -83129 17050 4214 -1019 729 -87 -1301 806 418 -8 475 -32 -11 -3 22 0 -2 9 17 -2 19 1 1 -8 -7 -5 -5 -15 1 9 9 4 5 4 2 0 -3 1 0 0 0 0 0 3 -1 1583836345
23364719 17645409 -48392089 -31170084 47078104 32119610 20059674 -86196 -437242 -47088 -4035 -370627 -13146 85193 63685 -31382 -13783 11987 -1161 4060 -208 -2829 -3770 -683 -1 511 0 3 10 27 0 -8 40 39 20 -1 0 -1 1 -12 -6 -15 0 0 0 3 -1 8 7 0 1 -1 0 0 0 0 0 0 3 -1 1583836345
-16091494 -15478324 21857357 6140612 23417540 -7059074 10051943 -121246 123890 -92342 -24988 -19896 -8869 50928 -10024 -3055 5613 -3278 -1303 -799 -183 -87 1005 409 -6 -34 -25 -3 4 0 0 2 17 0 6 14 0 0 -6 -9 -2 0 -15 4 7 1 5 1 -1 -2 0 0 0 0 1 0 0 1 0 0 1583836345
-13463885 -13907034 18501288 2553148 -7869521 -4511789 -1819891 -141328 125098 -125408 -43065 81029 -3775 -66262 66229 -61081 -1747 1554 -964 1434 -170 -300 -366 -382 -5 117 -10 -4 0 11 0 -1 8 11 7 0 0 0 2 7 0 0 -1 -5 -3 1 0 5 3 -2 -6 0 5 1 4 5 0 0 2 0 1583836345
6589051 3664909 -18635880 -16795837 -7474002 14950364 -1842933 -132666 -63792 -117226 -40346 54124 -3487 -60707 13150 -14801 -1853 48558 -755 17527 -47 -4460 403 -263 -1 101 -9 -17 -35 34 0 -18 7 39 3 0 0 -1 1 0 -12 -5 1 0 0 -1 0 5 5 1 0 0 -1 -7 0 0 0 0 0 0 1583836345
-10845395 -11071691 12490372 1590048 38422237 -1657532 15211357 -109633 45530 -75260 -16191 -78387 -10958 128881 -16018 4906 -2482 -2536 -1327 -676 -247 -385 3140 -616 1 -50 0 -2 2 1 0 0 -5 6 -12 -19 1 0 -16 2 0 -1 9 -5 -5 0 2 -2 2 -4 0 1 1 0 0 -1 0 0 0 0 1583836345
-14145646 -13777021 18319759 3314027 -4635256 -5450184 -660829 -139620 194430 -122492 -41415 158576 -4122 -53660 -18421 -6232 -7521 6351 -946 2633 -198 -810 -324 -263 0 129 -15 -17 -9 2 0 1 -1 -3 -1 -1 0 -1 0 0 -1 -3 0 0 1 0 -1 0 0 0 0 0 -1 0 0 0 0 0 0 -1 1583836345
-14327551 -13970911 18727249 3359413 -7858901 -5765163 -1821358 -141665 149829 -125766 -43171 70856 -3797 -66059 -17493 -3627 -7939 220 -938 243 -214 -430 91 -296 -2 176 -15 -14 -1 0 0 3 0 -2 2 -1 0 0 0 -1 0 -1 0 0 0 0 0 0 0 0 0 0 0 0 0 0 0 0 0 0 1583836345
-9653608 -10054601 10401000 -689585 6753359 -918718 3314667 -130246 96470 -109005 -34511 38888 -5850 5528 -25087 3635 -8373 -976 -1041 -96 -240 -624 -1128 -351 0 -77 -10 -5 -1 1 0 0 5 8 5 0 0 0 -2 -4 -1 -1 0 0 0 -1 -1 2 0 1 0 0 0 0 1 0 0 0 0 0 1583836345
-8982279 -9514840 9267533 -1650019 -3915650 -493013 -1096581 -137892 32483 -121265 -41149 -39982 -4105 -15227 -21133 4362 -7052 -989 -965 -109 -235 -686 -160 -329 -3 122 -13 -7 2 3 0 -2 0 9 1 -1 0 -1 2 0 0 -3 0 0 0 0 0 1 1 0 0 0 0 0 0 0 0 0 0 0 1583836345
-15858206 -15307046 21548425 4814074 -7884463 -7354678 -1820281 -142207 121501 -126263 -43312 -15161 -3969 -65844 -11899 -3690 -7608 -2536 -970 -451 -221 -189 20 -306 -3 16 -12 -8 1 0 0 1 0 0 2 -1 0 0 0 -1 0 0 0 0 0 0 0 0 0 0 0 0 0 0 0 0 0 0 0 0 1583836345
-10693560 -10937636 12297849 -194754 -7712920 -2181631 -1854785 -139937 113612 -124302 -42699 55082 -3731 -61622 -15084 -4784 21539 -1718 -1153 -298 -73 -638 -1204 -620 -7 -65 -2 -4 0 2 0 0 27 5 4 -5 0 -1 3 -1 -1 0 0 -2 4 0 -3 4 0 0 0 2 4 -2 -3 0 0 -1 0 0 1583836345
-15727031 -15177754 21278500 4703865 -7511607 -7178125 -1880003 -142252 144772 -126428 -43404 33439 -3820 -55799 -12859 -4825 29408 -69 -1226 335 -35 -475 -1116 -182 -11 -13 -6 -4 3 0 0 2 17 0 -3 14 0 0 -4 -5 -3 0 4 -6 0 0 -1 -2 1 -2 0 0 -1 0 1 0 0 0 0 0 1583836345
-15836718 -15296189 21524380 4782943 -7701817 -7337784 -1660196 -141868 121116 -125785 -43065 -20892 -4056 -69426 -11891 -3473 -7421 -3007 -976 -632 -220 -162 -75 -291 -3 7 -13 -7 1 0 0 1 -1 0 0 -1 0 0 0 1 0 0 0 0 0 0 0 0 0 0 0 0 0 0 0 0 0 0 0 0 1583836345
-16066250 -15485889 21923657 5062162 -6150006 -7537953 -366723 -139822 124140 -122257 -41187 -19844 -4680 -96752 -10682 -3997 -8408 -2109 -980 -514 -205 -182 -286 -304 -2 -26 -11 -5 2 0 0 1 3 0 3 0 0 0 0 1 2 0 0 -1 0 0 0 0 0 0 0 0 0 0 0 0 0 0 0 0 1583836345
-14104137 -13859265 18467913 3239312 -3452005 -5605634 -2248547 -141626 74053 -126418 -43415 -90646 -3605 51457 -6705 -3063 35227 -3386 -1259 -935 -69 -374 8105 -759 -8 -52 18 -4 2 0 0 2 19 0 -11 -16 -1 -2 8 -3 0 1 3 -2 -2 -1 0 0 0 0 0 0 0 1 0 0 0 0 0 0 1583836345
-13853882 -13640422 18013912 2843784 -7863179 -5410339 -1819900 -141184 87080 -125355 -42999 -63215 -4020 -65533 -7291 -4469 -7625 -2937 -967 -593 -222 -268 6 -305 -3 -35 -11 -6 2 0 0 1 0 0 2 -1 0 0 0 0 0 1 0 0 0 -1 0 0 0 0 0 0 0 0 0 0 0 0 0 0 1583836345
-14204797 -13946475 18659225 3192453 -7585922 -5774778 -1846657 -141346 76291 -125527 -43053 -88629 -4040 -57970 -6644 -3539 -5254 -2683 -984 -516 -214 -274 1060 -321 -3 -33 -12 -5 2 0 0 1 0 0 0 -2 0 0 0 0 0 1 0 0 0 -1 0 0 0 0 0 0 0 0 0 0 0 0 0 0 1583836345
1745203 -635481 -9578650 -12080096 -1145057 9881640 -2419530 -134342 -212935 -119825 -41163 -386590 -3689 105994 -22807 23331 -5273 -745 -952 -361 -290 -1330 -308 -395 -5 -91 -5 1 7 1 0 -1 -3 4 0 -4 0 0 -1 0 0 -3 1 0 -1 0 0 -1 -1 0 0 0 0 0 0 0 0 0 0 0 1583836345
-12678290 -12609115 15771681 3068065 31068290 -3554327 -5381886 -143413 87509 -133047 -46065 -38139 -181 937777 -15975 2437 9048 -2190 -1132 -763 -653 -189 -1588 -998 -1 -38 8 -3 2 0 0 1 -5 0 -13 -23 0 0 -8 1 0 0 7 -5 -4 0 -2 0 0 0 0 0 -1 0 0 0 0 -1 0 -1 1583836345
17579137 12726047 -37869840 -27399314 -4534210 25773914 -2096712 -127649 -260355 -112999 -38968 -51095 -3234 13223 124194 -93701 -8440 3618 -803 2551 -213 -1961 -24 -312 -7 508 -16 86 58 112 0 -136 6 145 5 0 0 -2 0 0 3 -19 2 0 0 3 -1 -2 -3 0 0 0 0 2 0 0 0 0 -2 1 1583836345
35621665 27550917 -69389962 -44620303 7121999 42872278 -2372826 -118085 -968437 -104268 -35512 -1183901 -4171 281062 49874 26498 509 8769 -1036 6374 -303 -3685 -804 -516 -16 32 0 17 23 8 0 -21 0 28 -3 -10 0 4 -3 0 1 -5 2 -3 -3 0 -1 5 6 0 0 0 0 1 0 0 0 0 0 0 1583836345
-12121252 -12179008 14913415 1286017 -5193422 -3627488 -2061916 -140702 71924 -125234 -43002 -29936 -3677 3097 -17875 1317 -7256 -2387 -961 -568 -253 -407 -56 -340 -3 191 -14 -7 4 3 0 -3 -2 9 1 -2 0 -1 0 0 0 -2 0 0 0 0 0 2 2 0 0 0 0 0 0 0 0 0 0 0 1583836345
-10161267 -10509502 11382436 -648250 -7121788 -1690708 -1597139 -139371 63727 -123301 -42209 25979 -3896 -61344 -15937 -2107 -7820 484 -910 -238 -214 -641 -75 -215 -4 204 -18 47 79 -2 0 -4 -1 23 0 0 0 -1 0 1 -1 -3 0 0 1 0 1 6 9 0 0 0 0 0 0 0 0 0 1 0 1583836345
19288812 14155418 -41036845 -26719282 62664347 28283851 24845260 -79099 -439449 -34789 3007 -430115 -15138 191914 -34977 38499 -8941 5036 -1345 1002 -255 -2528 3378 -709 0 545 -4 -11 8 5 0 -1 29 18 17 -2 1 0 -11 -3 0 -5 5 -1 2 -1 1 6 3 0 0 -2 0 0 -3 1 0 0 0 -1 1583836345
-5506354 -6635608 3103083 -4037392 24930330 3321983 11171662 -114649 -64799 -84639 -21789 -145519 -9454 28482 -20885 11276 1498 -1966 -1184 -1149 -180 -805 19726 -344 0 294 -3 -4 15 0 1 0 2 11 5 5 0 0 -3 2 4 -3 6 -2 1 1 0 3 3 1 0 0 0 0 0 0 0 0 0 0 1583836345
-5549330 -6650530 3204014 -5168071 -6729136 2841105 -1541707 -136939 18151 -121125 -41430 -46217 -3966 -55749 37157 -36313 -8154 -5794 -942 -1075 -224 -429 1758 -285 -2 -97 -10 -3 2 0 0 1 -1 0 2 0 0 0 0 0 0 2 0 0 0 2 0 -1 -1 0 0 0 0 1 0 0 0 0 0 0 1583836345
-15749011 -15168870 21210048 5735398 21458677 -6728647 9450037 -122187 142319 -93985 -25924 -654 -8631 27944 -11599 -3127 -7517 -3156 -1200 -742 -240 -64 -2477 -257 0 100 -19 -9 1 -1 0 2 7 -1 6 -2 1 0 -13 2 0 0 8 -1 3 0 2 2 -2 2 0 1 0 0 2 -1 0 0 0 0 1583836345
-16087751 -15486029 21887017 5841852 15162423 -7202518 7164533 -126393 120227 -100625 -29472 -28050 -7721 9968 -9953 -3163 780 -3187 -1181 -702 -192 -132 11625 -296 0 -55 -9 -6 1 0 0 1 0 0 -1 1 0 0 1 0 0 0 4 -1 -1 0 0 0 0 0 0 0 0 0 0 0 0 0 0 0 1583836345
20521814 15388757 -43463111 -30302661 -7508519 28993546 -1820641 -126528 -68696 -111763 -38652 396334 -2731 -67310 213532 -177122 -7732 5885 -725 3994 -143 -1910 -37 -284 -4 694 -19 2 30 7 0 -7 0 33 3 0 0 -1 0 1 2 4 0 0 -1 14 -2 8 10 0 0 0 0 3 0 0 0 0 1 0 1583836345
14207868 9698233 -31496409 -24321220 -7558056 21931804 -1822556 -128394 -484260 -113036 -38794 -587459 -4490 -61195 126553 -66490 -5330 10129 -826 3811 -157 -2180 -213 -297 -12 439 -12 23 48 6 0 -5 1 20 4 0 0 0 1 2 4 2 0 -1 -1 1 0 3 3 -1 -2 0 2 4 1 2 0 0 0 0 1583836345
-11267114 -11481827 13436459 336524 -7839985 -2880191 -1819092 -139999 42649 -124230 -42616 -98469 -4040 -65396 -15886 3273 -8366 -2511 -953 -584 -224 -469 2 -293 -3 -46 -13 -3 3 1 0 0 1 5 3 0 0 0 0 1 0 -1 0 0 0 0 0 1 0 0 -1 0 0 0 0 1 0 0 0 0 1583836345
-12243477 -12224405 15026843 1333366 -7840583 -3687203 -1822917 -140719 137267 -124927 -42907 108234 -3700 -66233 -20059 -1025 -6224 109 -983 1262 -203 3891 -10 -317 -1 9 -13 -3 2 4 0 0 3 9 2 -1 0 -2 0 -2 2 -1 0 0 0 0 0 1 1 0 0 0 0 0 0 0 0 0 0 0 1583836345
2933501 -3094838 -4816765 -13258973 -7468618 13379275 -1877123 -133910 -139474 -118480 -40736 -152180 -3856 -55283 125064 -88516 47129 3318 -1229 1431 82 -1290 -1936 -848 -18 783 11 -8 19 5 -1 0 58 4 5 -12 0 -2 5 -13 3 0 -5 -2 9 6 -4 8 0 0 2 0 0 1 3 -2 0 -1 0 1 1583836345
-15721022 -15191397 21302470 4710489 -6726065 -7189962 -2013734 -142329 128072 -126716 -43539 -275 -3722 -30476 -12470 -3642 120955 -5048 -1892 -1904 391 -488 -2552 -1009 -29 42 37 -4 1 0 -2 5 97 -2 0 16 0 -2 1 -31 -7 0 4 -11 -2 0 -1 3 -3 4 0 1 0 0 -1 0 0 1 0 0 1583836345
-9109159 -9622689 9504602 -1652683 -6900659 -614800 -1957187 -139488 67264 -123897 -42595 46588 -3608 -40092 -22521 1287 68210 -456 -1479 -153 153 -978 -2027 1125 -29 519 -44 -15 7 0 0 2 26 -2 -9 26 0 -2 -2 -16 -5 -3 4 -10 2 1 -1 0 0 1 2 6 5 0 2 -2 0 0 0 0 1583836345
-5063430 -6259384 2361696 -5464895 -2828607 3342521 -721852 -135239 -28979 -118453 -39989 -100917 -4299 -10784 49730 -41188 19627 -3005 -1158 -207 -96 -647 -836 1530 -21 463 -61 -15 7 0 0 1 2 2 0 13 0 -1 0 2 0 1 5 2 -1 1 0 11 -6 -6 1 7 1 2 -1 -2 0 0 0 0 1583836345
-13287340 -13089030 16857058 2463905 -7530614 -4667010 -1852256 -141623 134433 -125569 -43162 216329 -3506 -58635 -5871 12808 -4993 803 -1316 9861 -184 48661 -28 -142 0 66 -13 0 3 14 0 12 -1 -13 1 2 0 -14 -2 2 -3 -3 0 2 1 1 1 0 0 0 0 0 0 0 0 0 0 0 0 0 1583836345
-15642980 -15095277 21067338 5424378 15451150 -6700711 -3954396 -143782 139951 -131110 -45231 37358 -1602 539331 -14220 -3249 386 -1769 -1045 -659 -487 -90 -725 1652 -13 125 -61 -10 3 0 0 1 -19 -1 5 -6 0 -1 -3 -10 -3 0 0 -5 -6 0 0 0 0 0 4 1 1 0 0 2 0 0 0 0 1583836345
-15984406 -15404335 21729433 5494354 8322496 -7199046 -3304955 -143376 123970 -129705 -44662 -9173 -2377 355465 -11877 -3134 1692 -2686 -1062 -655 -389 -89 -429 1241 -12 69 -53 -9 1 0 0 1 -11 0 3 2 -1 -2 4 -9 -2 0 -2 -1 -4 0 0 1 -1 0 4 1 0 0 0 2 0 0 0 0 1583836345
-3937989 -5254297 242863 -6436626 -157143 4649896 -2517148 -137548 40800 -123042 -42376 83525 -2877 130736 2752 -18622 -5733 -3791 -944 -886 -302 -675 -277 1480 -13 451 -65 -21 1 0 0 1 -10 0 6 -2 -1 -2 4 -5 -1 1 0 -2 0 4 2 0 0 0 1 1 0 1 0 1 0 0 0 0 1583836345
-11754020 -11849797 14223671 865192 -7549676 -3272676 -1848278 -140455 85646 -124655 -42790 2319 -3845 -58152 -15317 -1238 -6485 2934 -944 1450 -203 -765 1030 -295 -3 185 -15 -15 -3 0 0 1 1 0 0 -1 0 -1 0 0 -1 -2 0 0 0 0 0 1 1 0 0 0 0 0 0 0 0 0 0 0 1583836345
-15622497 -11349501 13525721 11446001 2708460 -4945337 -2867137 9569208 100302 -118875 -42251 -27102 -2671 217325 -10319 -3018 107369 -9691 308525 9962 968 -181 26013 -982 -8 -63 74 -6 1 0 0 1 69 0 -5 -25 -50 -1 4 -11 -2 0 2 -6 0 0 -4 1 -1 0 -1 2 0 0 0 2 0 1 0 0 1583836345
-15668631 -15166961 21227582 4795829 -7879681 -7451201 -1822020 -142626 -97830 -126006 -43252 -25515 -3980 -65616 -10758 -3531 -6501 -2449 -936 -1520 -218 -128 -16 -322 -12 -2 -12 -7 1 0 0 1 3 0 2 -1 0 0 0 0 0 0 0 0 0 0 1 0 0 0 0 0 0 0 0 0 0 0 0 0 1583836345
-16072366 -15356726 21666195 5252863 -7609797 -7501665 -1848628 244937 119822 -125980 -43269 -30124 -3960 -58155 -10893 -3673 -6010 -3194 3903 -483 -207 -143 1549 -305 -2 -32 -10 -9 2 0 0 1 1 0 2 0 2 0 0 -1 0 0 0 0 0 0 0 0 0 0 0 0 0 0 0 0 0 0 0 0 1583836345
-16006337 -15313620 21526983 6256100 28331924 -6703321 -5134470 -145042 224089 -134199 -46468 193623 -102 874579 46137 -32682 5990 106813 -852 40917 -345 -6535 -205 -798 7 -997 21 13 -15 1 0 1 11 1 9 -10 1 -1 -5 2 -35 1 -2 0 -1 -4 -3 0 -2 0 0 0 0 0 0 -1 0 1 -3 1 1583836345
-16090565 -15497119 21923399 5622216 9274994 -7301161 -2534205 -142098 120522 -127565 -43527 -25976 -2779 339132 -5902 -4983 3532 4788 -1071 2216 -353 -538 -709 -622 -2 -91 -2 -4 0 0 0 1 5 0 -3 -11 0 0 -5 -1 -3 0 0 -3 -2 -1 -2 0 0 0 0 0 0 -1 0 0 0 0 0 0 1583836345
-16088821 -15488493 21914048 5452573 4263250 -7367270 1017111 -136895 133215 -118042 -38745 -3074 -4886 62829 -10269 -4316 19513 -952 -1228 34 -136 -319 935 1461 -16 -53 -54 -1 7 0 0 0 -10 0 -12 22 0 -1 -1 -6 -3 0 0 7 -1 2 11 4 -3 -6 0 3 -3 0 -1 3 0 -1 0 1 1583836345
-16099155 -15408607 21574653 8946540 101588026 -5741932 41114540 -66052 117269 -3537 22852 -25990 -21865 276262 -6277 -1094 -3347 -3415 -1012 -773 -253 122 18558 -419 11 -84 16 -4 0 0 1 3 28 -2 28 16 0 0 -8 -22 -6 0 -8 -2 -5 -2 -8 1 -1 0 0 0 0 0 0 0 0 0 1 1 1583836345
-16076448 -15445157 21752064 6864459 44099722 -6691012 17004931 -108769 123209 -72337 -14155 -18897 -11645 158823 -9298 -2469 22130 -3676 -1561 -1032 -136 -62 2723 1198 -11 -36 -37 -5 1 0 0 1 -2 0 -15 20 0 -1 2 -7 -1 0 -9 2 7 0 0 0 0 -3 0 5 -8 1 2 5 0 1 1 2 1583836345
-15919038 -15358191 21651359 4976592 -4499162 -7357965 -804397 -140326 126422 -123340 -41715 -13639 -4349 -40154 -8734 -4889 -659 2038 -1028 1259 -185 -475 1178 -395 -3 -69 -13 -8 -3 0 0 1 3 0 4 -1 0 0 1 2 0 0 0 0 0 0 1 0 0 0 0 0 0 0 0 0 0 0 0 0 1583836345
130563967 109431525 -242767109 -131404848 132817923 140124082 51930270 15518 -956252 86662 58962 916512 -22371 403893 -124430 53092 2368 51626 -1041 11428 -25 43 31044 -445 16 4297 -56 -100 31 -7 2 17 35 0 -25 9 -4 -12 29 0 15 -4 15 -3 0 -11 6 -4 0 -3 0 4 -3 0 1 0 0 1 -7 2 1583836345
-12274658 -12228936 14928748 3427505 50388474 -2800239 19870673 -102185 93722 -62645 -9260 13905 -12740 172265 598 -10433 10984 -3656 -1456 -1293 -185 -202 19561 -691 5 23 9 -7 1 -1 0 3 22 -2 1 5 -2 -2 16 -2 1 6 3 0 0 -6 0 0 0 0 0 0 -1 3 0 0 0 0 1 0 1583836345
-14439690 -14095174 18984476 3473409 -7877055 -5897990 -1820922 -141721 127891 -125775 -43173 55431 -3825 -66300 -12740 -5344 -3294 1009 -922 -725 -191 -379 -288 -361 -4 299 -15 -13 3 -1 0 3 6 -4 6 0 0 -1 1 4 7 -1 0 -4 -2 0 0 1 -1 -2 -5 0 4 0 3 4 0 0 0 0 1583836345
-13531388 -13348591 17400564 2540807 -7827601 -5042161 -1824400 -141101 111569 -125311 -43001 -3671 -3908 -65000 -16211 -1435 -5729 -3206 -976 -780 -213 -299 -84 -239 -3 -47 -15 -6 1 0 0 1 0 2 1 1 0 0 0 -1 0 0 0 0 0 0 0 0 0 0 0 0 0 0 0 0 0 0 0 0 1583836345
-14744639 -14343583 19513286 3730018 -7550444 -6209004 -1543331 -141211 144827 -125078 -42777 21904 -4022 -72133 -15245 -3284 -7748 -2642 -967 -526 -217 -250 -83 -299 -2 116 -14 -10 1 0 0 0 0 2 0 0 0 -1 0 1 0 -1 0 0 0 0 0 1 1 0 0 0 0 0 0 0 0 0 0 0 1583836345
-4558340 -5951334 1690210 -6183854 -6949269 3507527 -1470186 -136043 -170103 -120015 -40923 -432497 -4655 -62537 -6501 14271 -7713 -461 -960 50 -217 -979 -132 -297 -6 -52 -10 -2 6 -1 0 2 -1 -2 2 -1 0 0 -1 0 0 0 0 0 0 -1 0 0 0 0 0 0 1 0 -1 0 0 0 0 0 1583836345
359390 -1650570 -7400700 -10538036 1512594 8878945 1281601 -129494 -28827 -110688 -36302 24640 -4906 -13923 193288 -142530 -3871 -6275 -1085 2497 -191 6464 -939 3 -8 393 -19 -2 12 10 0 -7 -8 19 0 9 1 -1 -8 0 -3 1 0 0 0 11 3 1 6 0 0 1 1 2 1 -1 0 0 0 0 1583836345
-16088869 -15508044 21973332 5022159 -7874383 -7595700 -1820983 -142250 120277 -126335 -43336 -21047 -3982 -65525 -10596 -4051 -7799 -2063 -957 -581 -222 -179 94 -300 -2 -30 -14 -5 2 0 0 1 0 0 2 -1 0 0 0 -1 1 0 0 0 0 0 0 0 0 0 0 0 0 0 0 0 0 0 0 0 1583836345
-16086135 -15476861 21907417 5127158 -6149520 -7548668 -1992751 -117452 120521 -126741 -43501 -29931 -3811 -20124 -10861 -3589 16789 -3806 17047 -236 -81 -171 -1252 498 -12 -19 -26 1 0 0 0 0 -9 0 -10 22 -11 0 -7 -5 -1 0 -1 0 1 1 4 3 -2 3 -1 -4 0 0 -1 0 0 0 0 0 1583836345
-15690276 -15166443 21240061 4740331 -7599729 -7316937 -1847311 -142397 19830 -126178 -43301 -15145 -3936 -58418 -8606 -3737 -5148 -694 -826 -3914 -215 -8 -98 -245 -7 53 -16 -9 1 -1 0 1 -2 0 0 3 0 0 0 -1 0 0 0 0 0 0 1 0 0 0 0 0 0 0 0 0 0 0 0 0 1583836345
-16078351 -15409324 21772265 5186982 -7290886 -7527798 -1737294 45798 120223 -125915 -43153 -30143 -4011 -56561 -10920 -3684 -7104 -3756 40139 894 -124 -112 2430 -235 -1 -63 -10 -77 16 1 0 1 -4 0 2 0 72 0 10 0 0 0 1 0 0 0 0 0 0 0 0 0 0 0 0 0 0 0 0 0 1583836345
-16014121 -15407259 21691223 6372503 31921060 -6843221 13975259 -114412 118814 -81143 -18995 -25737 -10593 49294 -9003 -2921 -13584 -2208 -1228 -305 -265 -78 4627 -498 4 -27 -3 -6 0 0 0 3 19 -1 17 -2 2 0 -13 -5 -2 0 2 -1 0 0 2 0 0 -2 1 1 0 0 0 0 0 0 0 0 1583836345
-16087864 -15492458 21928196 5317589 581954 -7435508 260525 -138342 131170 -120265 -39985 -12096 -4684 18570 -10737 -4040 -7770 -1738 -1019 -159 -257 -186 -510 -395 -1 -34 -7 -4 3 0 0 2 5 0 5 -3 0 0 -3 -2 -1 0 0 0 0 0 0 0 0 0 0 0 0 0 0 0 0 0 0 0 1583836345
-14719494 -14493434 19704880 4488652 -7880349 -7522716 -1817824 -144045 -906748 -124922 -42967 -88633 -4067 -65614 -6452 -2098 -7596 -477 -822 -3471 -222 -101 -34 -307 -43 -27 -11 -5 2 0 0 0 0 2 3 0 0 0 0 1 0 1 0 0 0 -1 0 1 0 0 0 0 0 0 0 0 0 0 0 0 1583836345
-15676140 -11840878 14539245 10362874 -8147103 -5418690 -1850146 9409133 100967 -116017 -41150 -28859 -3788 -64910 -10428 -3533 -8663 -2867 -5351 -780 -230 -135 55 -297 -2 -25 -11 -3 1 0 0 1 1 0 2 0 -1 0 0 1 0 0 0 0 0 0 0 0 0 0 -1 0 0 0 0 1 0 0 0 0 1583836345
-15693670 -15035551 21003950 4538160 -7849487 -7113086 -1824261 -141779 247632 -126294 -43311 -8721 -3952 -64990 -12896 -3362 -4922 -3200 -990 -736 -210 -166 -9 -342 1 29 -11 -8 1 0 0 2 1 0 3 -1 0 -1 0 -1 0 0 0 0 0 0 0 0 0 0 0 0 0 0 0 0 0 0 0 0 1583836345
-15961497 -15400789 21746489 4895763 -7868928 -7464431 -1825061 -142189 123021 -126297 -43325 -21904 -3975 -65162 -11309 -3733 -291 -2725 -1025 -549 -186 -196 -399 -361 -4 -19 -11 -6 1 0 0 1 -2 0 3 1 0 0 0 2 0 0 0 1 2 0 1 -1 1 -1 0 0 0 0 0 0 0 0 0 0 1583836345
-16067497 -15489762 21935022 4998656 -7834654 -7568643 -1827490 -142234 124479 -126346 -43342 -21657 -3975 -64276 -8441 -4965 -927 1509 -1011 1083 -179 -441 -303 -381 -3 -67 -9 -8 -2 0 0 1 -1 0 2 0 0 0 0 -1 -1 0 2 0 -1 0 1 0 0 0 0 0 0 0 0 0 0 0 0 0 1583836345
-16089012 -15508400 21974002 5022816 -7853211 -7595988 -1825847 -142255 120032 -126348 -43342 -22002 -3977 -64754 -10391 -4100 -1635 -1816 -1005 -421 -191 -221 -274 -379 -4 -38 -7 -4 2 0 0 1 0 0 2 0 0 0 0 -1 1 0 1 0 0 0 0 0 0 0 0 -1 0 0 0 0 0 0 0 0 1583836345
-16089728 -15510854 21978698 5027546 -7624882 -7593587 -1871085 -141777 120613 -126462 -43397 -30130 -3935 -57177 -10807 -3603 43940 -4062 -566 -1190 26 -257 -2248 -690 -13 -24 8 -4 2 0 0 2 5 0 5 4 0 -1 2 -2 0 0 8 0 -6 0 2 2 -2 3 0 -3 -1 0 0 0 0 0 0 0 1583836345
-15823781 -15281092 21485455 4931744 -3118160 -7245759 -2271310 -142490 120529 -127273 -43720 -21025 -3492 57840 -11664 -3226 29492 -3416 -1245 -969 -101 -234 -841 895 -17 7 -40 -6 1 0 0 0 -23 0 -4 10 0 -1 0 -5 -1 0 0 0 -3 0 0 0 0 0 2 -2 -1 0 0 2 0 0 0 0 1583836345
-13867281 -13654015 18031910 2974755 -7725929 -5522764 -1832968 -141579 -10191 -125371 -43032 -18811 -3929 -62157 -8276 -4177 -6138 122 -853 -2481 -213 -239 43 -315 -7 122 -12 -8 4 -1 0 2 -2 -2 0 -2 0 -1 1 -1 4 0 0 0 0 0 0 0 0 0 0 0 0 0 0 0 0 0 0 0 1583836345
-15790338 -15258887 21445308 4730558 -7884910 -7299210 -1819687 -142107 118388 -126206 -43291 -26415 -3987 -65836 -10968 -3767 -7182 -2657 -974 -502 -220 -185 -37 -310 -3 -5 -12 -7 1 0 0 1 0 0 2 0 0 0 0 0 0 0 0 0 0 0 0 0 0 0 0 -1 0 0 0 0 0 0 0 0 1583836345
-16081331 -15435270 21824354 5158391 -7029760 -7538959 -1540867 35192 120237 -125340 -42854 -30153 -4104 -60208 -10881 -3671 -7434 -3282 10214 -238 -197 -129 399 -288 -2 -32 -12 -18 4 0 0 1 -2 0 0 -1 11 0 3 0 0 0 0 0 0 0 0 0 0 0 0 0 0 0 0 0 0 0 0 0 1583836345
-16089278 -15502917 21955346 5180616 -3356136 -7512724 -84940 -139174 125127 -121373 -40661 -20161 -4704 -51442 -7676 -5169 -7045 2591 -1000 1518 -208 -470 -518 -334 -2 -77 -9 -4 2 0 0 1 -4 0 0 -2 0 0 0 3 -1 0 2 0 0 0 0 0 0 2 0 0 0 0 0 0 0 0 -1 0 1583836345
-6164218 -7006461 3983403 -4354060 -6394045 2471448 -1460900 -137951 114254 -121669 -41669 331134 -3363 -55090 467 -19099 -7188 42719 -592 10796 -103 -3020 -305 -239 -1 588 -22 -12 10 -1 0 3 -2 -8 0 -2 0 -1 -1 -4 19 -4 2 0 0 5 0 0 -1 0 0 -1 0 -1 -1 0 0 0 0 0 1583836345
-15861045 -15324040 21572339 4910646 -6615539 -7447009 -1414572 -141614 39513 -125009 -42657 -22410 -4137 -57566 -10836 -3844 -4944 -2455 -987 -745 -212 -174 -272 -246 -7 -25 -18 -6 1 0 0 1 -6 0 1 0 0 0 0 1 0 0 -1 1 0 0 0 -1 0 0 0 0 0 0 0 0 0 0 0 0 1583836345
-15701097 -15183922 21286186 4652478 -7850778 -7207200 -1824243 -142098 116401 -126188 -43288 -21230 -3972 -64914 -11307 -3778 -6119 -2602 -980 -501 -215 -195 -104 -311 -3 66 -16 -9 1 0 0 2 1 -1 2 0 0 0 0 1 0 0 1 0 0 0 0 0 0 0 0 -1 0 0 0 0 0 0 0 0 1583836345
-15972917 -15372377 21621846 6265960 30209821 -6825154 11106732 -119032 122627 -89098 -23143 -19331 -9110 150112 -7863 -3592 -7627 603 -1237 702 -288 -240 -1376 -615 1 -58 2 -6 -2 0 0 3 33 -1 13 2 -2 -3 14 -10 -3 0 -3 1 0 -1 -1 1 -1 0 0 0 0 0 0 0 0 0 0 0 1583836345
-16089451 -15503403 21954353 5215930 -2453590 -7504062 -212019 -139318 119858 -121677 -40791 -21373 -4587 -23683 -10362 -3906 -6912 -1917 -995 -451 -233 -184 2530 -319 -1 -43 -10 -5 2 0 0 1 0 0 4 0 0 0 1 -1 1 0 0 0 0 0 0 0 0 0 0 0 0 0 0 0 0 0 0 0 1583836345
-16088760 -15506301 21967713 5073716 -6286196 -7562438 -1978584 -142368 124785 -126707 -43486 -20898 -3809 -23198 -10096 -3932 12566 -1956 -1067 -1140 -142 -224 5911 -508 -4 -48 3 -6 0 0 0 2 12 0 7 -4 0 0 0 -4 -1 0 -1 1 0 0 -1 0 0 0 0 0 0 0 0 0 0 0 0 0 1583836345
-16081051 -15433814 21822477 5140400 -7607730 -7547545 -1847587 7281 120311 -126258 -43329 -30159 -3966 -58258 -10911 -3680 -4996 -3396 15008 -79 -175 -134 1030 -311 -2 -24 -10 0 0 0 0 1 0 0 3 -1 -10 0 -1 0 0 0 0 0 0 0 0 0 0 0 0 0 0 0 0 0 0 0 0 0 1583836345
-7153205 -8021039 6077186 -3126566 7523445 1407616 -3221544 -139156 -19181 -125649 -43261 -167887 -2598 333236 -20372 10791 -1502 -2099 -1011 -708 -393 -662 -334 -542 -3 65 -4 -4 5 0 0 0 -3 3 -4 -10 0 0 -3 0 0 -1 2 -2 -3 0 -1 0 0 0 0 0 0 0 0 0 0 0 0 0 1583836345
-16089863 -15499701 21940760 5373257 2229244 -7415588 -2745673 -142952 124901 -128454 -44165 -19406 -2990 197742 -10940 -3529 -2492 -2315 -1020 -447 -331 -135 265 -472 -2 -32 -6 -4 4 0 0 1 0 0 -4 -4 0 -1 5 0 0 0 1 0 0 0 0 0 0 0 0 0 0 0 0 0 0 0 0 0 1583836345
-16083057 -15490646 21935118 5101464 -5317765 -7530840 -2053989 -142417 132975 -126883 -43549 -14881 -3722 1031 -10770 -4151 -7896 -1483 -970 -60 -254 -219 171 -323 -2 -27 -11 -5 3 0 0 1 -1 0 0 -1 0 -1 1 0 0 0 0 0 0 0 0 0 0 0 0 0 0 0 0 0 0 0 0 0 1583836345
-9532021 -13584057 17404186 -1230931 -7804919 940845 -1817526 -139251 -59272 -123364 -42316 -187047 -4168 -63367 86276 -62855 -2418 -5915 -1010 -527 -193 -103 -203 -244 -9 -48 -12 -2 6 0 0 1 4 0 0 0 0 0 0 0 0 1 -3 -1 0 2 0 0 0 0 0 0 0 1 0 0 0 0 0 0 1583836345
-15899597 -15448173 21832740 4841002 -7744757 -7352856 -1832392 -142155 115300 -126276 -43321 -31039 -3992 -62086 58532 -51680 -7727 -5507 -982 -598 -223 209 40 -270 -4 -19 -14 -5 3 0 0 1 -1 0 0 1 0 0 0 -1 0 3 0 0 0 3 0 0 0 0 0 0 0 1 0 0 0 0 0 0 1583836345
-16088664 -15500750 21957471 5057866 -7165419 -7579909 -1891013 -142126 120604 -126507 -43401 -30106 -3922 -46805 -10895 -3651 996 -3339 4816 -529 -176 -151 -127 -163 -5 -23 -17 0 0 0 0 1 -1 0 -4 3 -7 0 -1 -1 0 0 0 0 0 0 2 0 0 2 0 -3 0 0 -2 1 0 0 0 0 1583836345
-15573269 -15065435 21037412 4534077 -7885319 -7063452 -1822754 -142077 124904 -126169 -43291 7794 -3919 -65821 -13038 -3622 2530 -2100 -1013 -1038 -171 -217 -614 -444 -4 36 -2 -5 4 0 0 2 10 -1 10 0 0 0 2 9 6 0 -2 -8 -4 0 -1 2 -1 -4 -9 0 7 0 5 7 0 0 0 0 1583838187
-15966202 -15401659 21748832 4904723 -7891224 -7464447 -1819950 -142206 124739 -126296 -43323 -16476 -3972 -65950 -11767 -3751 -4832 -2873 -992 -594 -209 -171 -191 -345 -3 -13 -11 -7 1 0 0 2 4 0 5 0 0 0 1 4 0 0 0 -3 -1 0 0 1 0 -1 -3 0 3 0 2 3 0 0 0 0 1583838187
-16089159 -15507749 21973272 5017834 -7886067 -7590572 -1820203 -142236 124990 -126337 -43335 -21451 -3983 -65808 -11270 -3856 -7344 -2882 -975 -576 -221 -155 6 -310 -2 -29 -12 -4 4 0 0 1 0 0 2 -1 0 0 0 0 0 0 0 0 0 0 0 0 0 0 0 0 0 0 0 0 0 0 0 0 1583838187
-16089571 -15509781 21976887 5021220 -7857479 -7596879 -1825359 -141214 120624 -126340 -43336 -30217 -3992 -64847 -10909 -3686 -4103 -3193 561 -638 -203 -147 -66 -344 -3 -26 -8 -5 1 0 0 1 3 0 2 0 0 0 0 -1 0 0 1 0 0 0 0 0 0 0 0 -1 0 0 0 0 0 0 0 0 1583838187
-15364493 -14911446 20693487 4453825 -7589910 -7034737 -1880370 -142387 -21493 -126107 -43303 -16053 -3893 -56342 -11041 -3187 40005 -2125 -1248 -2094 8 -288 -1506 -431 -19 74 3 -8 1 -1 -1 3 35 -1 5 0 0 -1 3 -10 -2 0 8 -3 -2 0 2 3 -2 3 1 2 2 0 1 -2 0 0 0 0 1583838187
-16078908 -15415191 21785171 5158082 -7889017 -7541148 -1821160 89640 120150 -126087 -43280 -30192 -3993 -65687 -10907 -3690 -7656 -3178 3889 -475 -211 -135 -38 -227 -3 -26 -13 -5 1 0 0 1 -1 0 0 1 -1 0 0 0 0 0 0 0 0 0 0 0 0 0 0 0 0 0 0 0 0 0 0 0 1583838187
-16021657 -15453020 21856472 4960281 -7759941 -7524824 -1845730 -142247 120785 -126373 -43357 -24626 -3959 -61606 -9685 -4300 11289 -859 -1103 125 -126 -343 -435 -555 -6 1 0 -6 0 2 0 -1 21 -2 7 -5 0 -1 2 -3 -1 0 -1 0 1 0 1 4 5 0 0 0 0 0 0 0 0 0 0 0 1583838187
-16066470 -15485144 21925663 5003345 -7854823 -7565520 -1829324 -142264 124371 -126363 -43353 -11735 -3955 -64772 -11120 -4095 5254 -2215 -1050 -728 -158 -213 -743 -170 -6 -26 -15 -5 2 0 0 1 -3 0 0 0 0 0 0 6 3 0 -4 -2 2 0 0 0 0 0 0 1 0 0 -1 -1 0 -1 0 0 1583838187
-16089776 -15510001 21975530 5059163 -6732201 -7578101 -1934143 -141812 120589 -126593 -43439 -30027 -3872 -35230 -10866 -3615 11475 -3441 -333 -834 -143 -177 -864 -162 -8 -25 -13 -5 2 0 0 1 -8 0 -8 13 0 0 -2 -8 -2 0 -6 0 -2 0 1 -1 0 2 0 0 0 0 0 0 0 0 0 0 1583838187
-15850440 -15245260 21315901 6920135 51584470 -6332605 20373130 -102842 122976 -62663 -8971 -8524 -13059 170531 -9844 -2166 14281 -3355 -1586 -933 -175 -23 -5003 -49 -5 39 -17 -6 0 0 0 0 -22 0 -18 5 0 0 -7 -2 0 -1 -24 0 4 0 -4 -1 0 5 -2 -5 1 0 -3 1 0 1 0 -1 1583838187
-14938599 -14429722 19706519 3993941 -4238967 -6292952 -595208 -139449 212867 -122481 -41320 39126 -4348 -45246 -16347 -3162 -7802 -2618 -985 -589 -229 -224 -60 -296 0 142 -14 -12 0 -1 0 2 -1 -2 1 0 0 -1 -1 -2 0 0 0 0 0 0 0 0 0 0 0 0 0 0 0 0 0 0 0 0 1583838187
-15524871 -15032346 20966118 4473571 -7887443 -7030308 -1818628 -141991 119908 -126103 -43258 -19391 -3972 -66043 -11759 -3588 -7702 -2648 -969 -500 -222 -201 -28 -305 -2 -13 -12 -7 1 0 0 1 0 0 3 0 0 0 0 1 0 0 0 0 0 0 0 0 0 0 -1 0 0 0 0 1 0 0 0 0 1583838187
-16067863 -15485787 21919344 5150369 -3605750 -7496867 -140089 -139266 124430 -121523 -40744 -21545 -4684 -53204 -10817 -3841 -5821 -2454 -1020 -422 -213 -174 -526 915 -9 -28 -43 -7 1 0 0 1 -8 0 1 -4 0 -1 4 0 0 0 0 0 1 0 0 2 -1 0 1 0 0 0 2 -1 0 0 0 0 1583838187
432364364 358455479 -770885619 -429051701 -3053963 436268387 -1869507 58834 -5229449 61919 19567 -2141159 -554 -35903 -179269 276013 -3492 44585 45 25641 170 45393 -760 -3 -15 465 0 -7 9 -18 0 0 4 67 0 0 0 13 2 0 -3 1 2 0 0 -8 2 -13 -16 1 0 0 -1 -9 0 0 0 0 -3 1 1583838187
459817035 377226683 -811465422 -455886398 -1940490 460556692 -1932939 74861 -8174183 80094 26987 -7381685 -9017 18223 222303 278765 6756 97322 -202 46807 291 64488 2297 57 -76 1297 17 68 107 27 0 -6 3 60 0 -1 0 2 0 4 -16 0 0 1 0 -6 1 -8 -9 0 0 0 0 -1 0 0 0 -1 5 -2 1583838187
26469102 19978681 -53308283 -35855778 2431124 34032523 -2724864 -123475 -715120 -109723 -37755 -797661 -3684 196761 10937 44575 -5765 8207 -1260 12626 -290 42290 27 -417 -6 -415 2 2 1 -9 0 0 4 1 3 -2 0 4 -1 0 -5 2 0 0 0 -4 0 0 0 0 0 0 0 -2 0 0 0 0 0 0 1583838187
69546618 56759904 -131105038 -77631815 -4007717 77508293 -2102065 -104936 -534069 -92053 -32093 235687 -1923 12714 26316 -36897 -8776 9294 -540 2452 -172 -959 -73 -274 0 776 -22 -11 10 13 0 7 0 29 2 -1 0 0 0 0 -3 27 -1 0 0 -8 1 0 0 0 0 0 0 -8 0 0 0 -1 4 -1 1583838187
325356198 269937782 -583281668 -325159849 2722852 326629858 -2489622 11523 -5687263 19568 6151 -4763144 -6058 155952 155114 171860 -860 67517 -254 30137 46 42344 -431 -135 -58 2440 -13 34 124 2 0 16 2 20 2 0 0 -3 0 -2 9 -5 0 0 0 -2 0 -1 -1 0 0 0 0 4 0 0 0 1 -5 2 1583838187
-5120608 -6315867 2485196 -5545881 -7772079 3158598 -1817270 -137460 -63587 -121643 -41736 -169819 -4065 -64767 -20365 10082 -7876 -1797 -936 -486 -218 -878 -37 -295 -5 220 -17 -12 3 -1 0 3 0 0 3 0 0 -1 0 1 0 -1 0 0 0 0 0 0 0 0 0 0 0 0 0 0 0 0 0 0 1583838187
76194786 61861274 -142016914 -84330798 -6854465 83189233 -1835164 -100681 -1120548 -87243 -30200 -725796 -3726 -57170 -75125 87602 -4568 15621 -782 7567 -119 11367 -118 -252 -8 312 -12 -3 12 0 0 -5 3 37 3 -1 0 1 1 -1 -1 -5 0 0 0 -11 2 4 5 0 0 0 0 0 0 0 0 0 -1 0 1583838187
70115560 52883296 -123533065 -78404146 -5561005 79148520 -1310694 -101897 -1271205 -87622 -29890 -1190902 -4841 -49305 5711 58335 -7423 42935 -696 16769 -71 886 -420 -181 -10 -295 -5 -1 -15 13 0 -2 0 17 2 -1 0 -3 -1 3 -11 -3 1 0 0 4 0 -1 -2 0 0 -1 0 0 0 0 0 0 0 0 1583838187
16234024 11795830 -35853826 -26143117 -7556555 24633702 -1822921 -128414 -82651 -113387 -39134 268526 -2990 -66806 -13796 1219 -7970 19120 -1004 13223 -132 23709 -59 -246 1 -121 -9 -21 -24 0 0 2 2 19 2 0 0 0 1 3 -8 4 0 0 0 -4 1 0 -1 0 -1 0 0 -6 0 0 0 0 0 0 1583838187
9702763 6061354 -23757085 -19975907 -7599333 17664085 -1823316 -130481 -291055 -115233 -39583 -350567 -4155 -62616 124029 -80254 -7495 -5376 -901 -338 -203 -1060 -27 -266 -8 18 -10 11 17 10 0 -12 0 18 1 2 0 0 0 0 -1 21 0 0 0 1 0 -2 -1 0 0 0 0 -1 0 0 0 0 1 0 1583838187
-16080439 -15503037 21962443 5012964 -7809897 -7586480 -1835100 -142250 120816 -126364 -43348 -28500 -3979 -63326 -10980 -3693 2952 -3253 -1049 -757 -172 -167 -253 -356 -5 -18 -9 -6 1 0 0 2 11 0 1 0 0 -1 0 -5 -1 0 1 0 0 0 -1 0 0 0 0 0 0 0 0 0 0 0 0 0 1583838187
-13909470 -13653397 18046214 2981527 -7022973 -5371492 -1896993 -141505 117766 -125704 -43154 38675 -3765 -44655 -18453 -1516 -8164 -2357 -924 -1279 -234 -254 -3 -310 -3 278 -16 -8 8 1 0 0 0 0 3 -1 0 0 -2 -1 6 0 0 0 0 0 1 0 0 0 0 0 0 0 0 0 0 0 0 0 1583838187
17487890 12333781 -37115065 -27546570 -5933922 24814650 -1202966 -125242 -710999 -109265 -37037 -1045569 -5462 -53211 9840 48386 -6413 3075 -1120 6279 -191 4171 2091 -265 -12 -254 -5 7 14 -8 0 -8 0 9 3 0 0 7 1 0 -2 -2 0 0 0 -1 0 0 0 0 0 0 0 0 0 0 0 0 0 0 1583838187
-15962965 -15396801 21725426 5151456 -808714 -7350828 630537 -137808 118863 -119232 -39496 -28673 -4974 -28116 -9961 -3756 -8031 -1506 -1018 -61 -234 -217 -413 -335 -2 -22 -13 -7 0 0 0 1 0 0 0 -2 0 -1 1 -1 0 0 0 0 0 0 0 0 0 0 0 0 0 0 0 0 0 0 0 0 1583838187
-15871502 -15318033 21565188 4954447 -4126407 -7299347 -298801 -139519 124855 -121924 -40979 -4759 -4591 -56437 -12588 -3646 -8802 -3095 -993 -668 -229 -138 -249 -216 -3 108 -16 -10 1 -1 0 2 -1 -1 -2 0 0 -1 1 0 0 0 -2 0 1 0 1 0 0 0 0 0 0 0 0 0 0 0 0 0 1583838187
-16089319 -15505701 21965613 5082796 -6111973 -7560813 -334962 -139768 125016 -122175 -41143 -21417 -4697 -97471 -11240 -3801 -3905 -3151 -1025 -684 -185 -151 -550 -169 -4 -27 -18 -4 4 0 0 1 -2 0 0 0 0 0 1 5 0 0 1 -1 -3 0 0 0 0 -1 0 0 -1 0 0 0 0 0 0 0 1583838187
-16048267 -15461606 21858866 5330439 1607760 -7388818 2156591 -135298 120625 -114995 -37275 -23503 -5727 -67731 -10910 -3555 -6657 -3114 -1058 -672 -207 -121 -1075 -178 -3 16 -16 -7 1 0 0 1 -6 0 -2 -1 0 0 0 4 0 0 3 0 4 0 -5 0 0 0 0 2 -3 0 0 1 0 1 2 4 1583838187
222658262 185814932 -404544987 -224540576 15190908 229786434 5345697 -26245 -1967062 -8461 -280 843860 -1753 10662 -50899 60470 9252 59072 -697 35416 198 40424 -2952 190 -5 2984 -48 -73 14 -20 0 -20 -17 47 -12 4 0 19 -5 3 28 25 0 -2 11 -10 -12 -3 0 4 -3 7 -9 -18 1 3 0 1 3 3 1583838187
894479 -1173902 -8384306 -11422955 -7713575 9321491 -1820715 -134720 27077 -119455 -41085 89993 -3524 -66166 -46210 13989 -7431 -4727 -903 -1801 -217 -1103 -61 -304 0 -41 -12 -6 0 0 0 1 0 1 3 0 0 0 0 1 0 0 0 0 0 -1 0 0 0 0 -1 0 0 0 0 1 0 0 0 0 1583838187
62139252 50061557 -117033525 -70281983 -7044669 69296719 -1832668 -108525 -1128721 -93350 -32270 -614491 -3773 -59084 -16293 73139 -2947 60871 -981 31234 12 52689 -408 -98 -14 1692 -31 -53 1 -12 0 -6 1 9 0 0 0 5 0 0 1 -17 -1 0 0 1 0 0 1 0 0 0 0 -2 0 0 0 0 0 0 1583838187
-16087212 -15505160 21967572 5024537 -7688926 -7584411 -1854239 -142280 125028 -126428 -43380 -20764 -3939 -59740 -11348 -3752 25554 -3674 -1212 -1028 -63 -217 -1313 -298 -11 -22 -3 -5 1 0 0 1 -1 0 2 6 0 0 0 -2 0 0 3 -1 0 0 -5 0 0 0 1 -1 0 0 3 -1 0 0 0 0 1583838187
-14874970 -14447739 19731058 3931475 -7877945 -6348050 -1820299 -142031 114696 -125947 -43216 17211 -3898 -66052 -12717 -1827 -7122 -1623 -992 536 -215 4216 -41 -306 -3 175 -14 -13 0 0 0 3 -1 -3 1 0 0 -2 0 0 0 -1 2 0 0 0 0 0 0 0 0 0 0 0 1 -1 0 0 0 0 1583838187
64760995 52656972 -122442852 -72692652 -310732 72760859 -2123422 -107402 -617413 -93936 -32633 234607 -1792 96231 151582 -70978 77183 44194 -1719 33636 345 18820 5008 -445 -21 1308 8 -69 -31 -21 0 -13 -6 26 -14 -4 -1 16 11 -10 -2 9 -9 2 -8 -6 -3 1 2 3 0 0 -1 -7 0 1 0 0 0 0 1583838187
139250617 114541823 -253748333 -145013314 -5500881 144703671 -1905819 -73215 -2411307 -60032 -20882 -1880664 -4636 -29904 -61224 134568 -740 38747 -373 9440 -40 -9398 318 -168 -31 2456 -35 -27 66 -12 0 14 -2 -21 -1 -1 0 -4 0 -2 3 -3 0 0 0 -2 0 -1 0 0 0 0 0 -1 0 0 0 0 1 0 1583838187
40348789 31645618 -78016517 -49582350 -3988758 47618823 -2124893 -116587 -845569 -102518 -35268 -886782 -4272 26541 131398 -56996 -7129 -748 -812 655 -224 -3073 -147 -320 -13 71 -7 24 30 15 0 -19 0 26 3 -1 0 0 0 0 0 25 -1 1 -1 -1 0 -2 -3 0 0 0 0 -2 0 0 0 0 1 0 1583838187
-16020110 -15432601 21812547 5061936 -5204291 -7451559 -2064481 -142469 134721 -126916 -43572 14573 -3661 3201 -12903 -4189 -7710 -2239 -960 -660 -257 -157 -58 -344 -2 25 -12 -4 5 -1 0 1 -1 0 2 -2 0 0 -1 -1 1 0 0 0 0 0 0 0 0 0 0 0 0 0 0 0 0 0 0 0 1583838187
47262777 37419706 -90274555 -56095208 -7181741 54206864 -1832250 -114177 -1125329 -98819 -33912 -1179527 -4967 -55544 61770 19022 -3309 9408 -848 4590 -143 -4381 -306 -284 -21 1284 -25 -35 18 -13 0 7 3 -2 2 -2 0 4 0 0 2 3 0 0 2 -1 1 1 1 0 0 0 1 2 -1 0 0 0 0 0 1583838187
-15707811 -15184952 21289137 4667343 -7811842 -7203268 -1830770 -142139 120337 -126226 -43306 -9237 -3944 -63754 -12630 -3513 -544 -2928 -1021 -637 -188 -197 -225 -379 -4 121 -12 -8 4 -1 0 2 1 -1 1 1 0 -1 0 -1 0 0 4 0 -1 0 3 -1 0 0 0 1 0 0 0 0 0 0 0 0 1583838187
-16066739 -15481601 21912499 5114005 -4833293 -7514738 729138 -138014 124489 -119194 -39574 -11473 -5193 -119944 -11327 -3965 -8442 -2611 -996 -771 -192 -147 -507 -313 -2 -22 -12 -5 3 0 0 2 6 0 4 1 0 0 1 3 2 0 0 -2 -1 0 0 0 0 0 0 0 0 0 0 0 0 0 0 0 1583838187
-7286818 -8218892 6496386 -3408439 -3982826 943213 -2198102 -138341 -105566 -123174 -42278 -314845 -3936 37741 22446 -11641 42011 -3399 -1285 -732 -23 -735 13015 -789 -11 -77 40 0 7 0 0 1 25 3 12 -9 0 0 2 -4 -1 3 -3 0 -1 2 -3 0 -2 0 0 0 0 1 0 0 0 0 0 0 1583838187
-15012049 -14595817 20013198 4567407 9086279 -6246974 -3371174 -142935 104127 -129408 -44562 -38698 -2340 376003 -11407 -1894 -3613 -2406 -1019 -557 -428 -141 251 -594 -1 -27 -3 -4 2 0 0 1 4 4 6 -4 0 0 -2 -2 0 0 0 0 0 0 -1 1 0 0 0 0 0 0 0 0 0 0 0 0 1583838187
1964765 -529333 -9851070 -11720782 15470085 10210662 -3942455 -135281 -329154 -122935 -42350 -585830 -2397 541817 2156 17490 3569 324 -1047 112 -468 -1267 760 -745 -7 -61 9 10 14 7 0 -7 13 12 8 -1 0 -1 6 -3 -1 0 -1 0 0 0 -1 0 -1 0 0 0 0 -1 0 0 0 0 1 0 1583838187
3657753 988451 -13006302 -14109175 -6480188 11737974 -1211107 -132052 -201047 -116042 -39511 -307216 -4448 -66591 113740 -75728 -7098 -6936 -951 -676 -205 -672 -156 40 -9 -102 -18 7 11 5 0 -6 0 11 2 -1 0 0 1 1 0 4 0 0 1 4 1 0 0 0 1 0 0 1 1 0 0 0 -1 0 1583838187
-13285500 -13148649 16970692 2386401 -5424458 -4776184 -1051915 -139581 97750 -122951 -41740 -25236 -4244 -49561 -15772 -420 -9077 -2615 -968 -565 -234 -330 -136 -308 -2 -46 -12 -5 1 0 0 0 0 4 3 -1 0 0 0 -1 0 -1 0 0 0 0 0 0 0 0 0 0 0 0 0 0 0 0 0 0 1583838187
-11830880 -11921250 14355793 1248857 2204302 -3215949 3036219 -131917 79149 -110761 -35364 -36167 -6070 -76798 -14790 -251 -3917 -3481 -1038 -862 -181 -407 14223 -238 1 -83 -8 -4 2 0 0 0 -7 6 9 5 1 0 -5 3 0 0 2 0 0 0 1 -1 0 -1 0 0 0 0 0 0 0 0 0 0 1583838187
2288202 163837 -11400397 -9967342 15249524 9611122 7156152 -125049 -1476786 -93267 -27541 980130 -5701 4061 -12299 -32709 5609 108871 -628 38394 155 -7811 33090 -40 -65 2459 -38 -140 -80 -4 2 12 -16 -37 17 14 2 -2 -9 10 -10 -8 4 0 -1 13 -2 -3 0 0 0 1 -1 -7 0 -1 0 0 0 0 1583838187
1557394 -472440 -9864814 -11604664 -7724028 10091226 -1823885 -136107 -38479 -119630 -41172 186561 -3360 -66625 3896 -1262 -1145 51681 -1019 25033 -26 22759 -548 -286 -3 638 -19 -53 -38 0 0 2 5 -11 5 0 0 -1 1 9 -10 -7 0 -3 -2 7 -2 1 0 -2 -5 0 3 -4 3 4 0 0 0 0 1583838187
-15813724 -15276523 21482841 4758892 -7884141 -7319655 -1819879 -142139 118611 -126223 -43297 -23818 -3983 -65820 -11746 -3423 -7093 -2962 -976 -619 -220 -167 -54 -304 -3 22 -13 -7 1 0 0 1 -1 0 1 0 0 0 0 0 0 0 2 0 0 0 0 0 0 0 0 0 1 0 0 0 0 0 0 0 1583838187
21640126 16133151 -45093632 -31427905 -6086763 29584500 -657330 -123442 -375332 -107150 -36279 -258224 -4355 -87839 -30729 22956 -6739 3831 -828 517 -169 -2737 -392 -278 -6 467 -17 19 49 1 0 -5 0 14 0 0 0 -1 1 4 0 0 1 -1 -1 -5 1 0 0 0 0 0 0 1 0 0 0 0 1 0 1583838187
21652832 16188266 -45207836 -31302286 -6289339 29641165 -821129 -124243 -388319 -107757 -36581 -224394 -4227 -84626 16301 -7118 -8779 25632 -756 9217 -119 -3911 -310 -220 -8 966 -27 -44 -14 1 0 1 0 -6 0 0 0 -2 0 2 -4 3 0 0 0 0 0 0 0 0 0 0 0 0 0 0 0 0 0 0 1583838187
-8758877 -9263490 8741976 -1794131 -5552178 -294050 -991232 -138205 10229 -121044 -41063 -72782 -4295 -55483 -15484 5043 -8594 6258 -930 2465 -204 1150 -173 -290 -3 145 -14 -10 -1 4 0 -1 0 5 0 -1 0 -2 1 0 0 -1 0 0 0 0 0 0 0 0 0 0 0 -1 0 0 0 0 0 0 1583838187
-15506039 -14999285 20890102 4641867 -3221245 -6902634 925547 -137400 131822 -118401 -39166 18746 -5162 -94749 -10585 -5076 -7494 3006 -1005 1661 -184 -537 -541 -313 -2 75 -15 -12 -1 0 0 2 0 -1 -2 -1 0 -1 3 0 -1 0 2 0 0 0 0 0 0 0 0 0 0 0 0 0 0 0 0 0 1583838187
-15873962 -15322971 21582626 4812150 -7889053 -7369076 -1821323 -142157 127358 -126266 -43316 -11028 -3959 -65850 -12255 -3683 -1621 -2929 -1014 -634 -193 -185 -375 -387 -3 -10 -9 -7 1 0 0 2 8 0 7 0 0 0 2 7 1 0 -1 -5 -2 0 0 1 -1 -2 -6 0 5 0 4 5 0 0 0 0 1583838187
-15307225 -14836720 20554294 4278749 -7867285 -6782011 -1821113 -141969 132372 -126076 -43262 22656 -3895 -65838 -14175 -3721 -7263 -1252 -956 -229 -216 -285 -57 -197 -3 100 -17 -7 4 0 0 1 -2 -2 1 1 0 0 0 -1 1 0 0 0 0 0 0 0 1 0 0 0 0 0 0 0 0 0 0 0 1583838187
-15907248 -15355394 21650068 4847376 -7758925 -7409122 -1856796 -142207 122106 -126363 -43364 -21829 -3936 -60930 -7807 -5027 37296 2198 -1285 1195 10 -622 -2290 -611 -12 -64 6 -7 -4 0 0 2 5 0 5 -3 0 0 1 11 1 0 1 0 9 0 -3 1 -1 -3 0 1 2 0 0 -2 0 -3 -1 1 1583838187
-15745672 -15219189 21361531 4693505 -7851257 -7247661 -1824233 -142113 120138 -126211 -43296 -17348 -3966 -64914 -12167 -3440 -4754 -2927 -991 -623 -209 -181 41 -344 -3 45 -11 -6 4 -1 0 2 1 0 3 -1 0 -1 0 -1 0 0 0 0 0 0 0 0 0 0 0 0 0 0 0 0 0 0 0 0 1583838187
42861464 34121888 -83168087 -52029389 -7143290 50879668 -1723531 -115891 -376782 -101818 -35195 113259 -2870 -67095 -114552 64669 -6623 10308 -681 1761 -154 -2416 -238 -193 0 284 -19 -13 0 0 0 2 -2 -4 0 0 0 -1 0 0 7 -3 -1 0 0 -2 0 4 5 0 0 0 0 0 0 0 0 0 2 -1 1583838187
19332433 14118432 -40846827 -29101891 -2480555 27224157 -2155784 -126362 -435413 -111854 -38446 -414033 -3634 62243 -31628 34116 90525 14259 -1519 4021 259 -3581 -3317 1823 -41 484 -55 -11 5 6 0 -9 -44 -1 -31 23 -1 -2 2 -2 0 -1 0 4 -1 -3 3 17 13 0 -1 1 2 -2 -3 0 0 -1 0 1 1583838187
-16089162 -15507578 21972712 5022696 -7747584 -7588046 -1832501 -142246 125068 -126365 -43346 -21281 -3970 -62238 -11409 -3799 -7473 -3084 -974 -654 -224 -141 0 -269 -3 -27 -13 -4 4 0 0 1 -1 0 0 1 0 0 0 -1 0 0 0 0 0 0 0 0 0 0 0 0 0 0 0 0 0 0 0 0 1583838187
-4599061 -5760642 1315358 -5526086 5599689 4202803 -3044343 -138557 89327 -124737 -43070 233287 -2097 274135 19393 -9302 -259 68162 -975 30426 -154 1571 -1036 -236 0 49 -11 -49 -64 13 0 -21 -9 -16 0 6 0 2 -4 5 -15 -4 0 0 2 10 1 21 30 5 -1 4 -4 -4 0 2 0 -2 0 -3 1583838187
5089704 2310670 -15791465 -15279689 -4249540 13369427 -2133713 -133314 -143492 -118274 -40726 -4565 -3296 21817 -28490 13563 -6913 28271 -752 8634 -175 -3159 -291 -256 -4 281 -17 -20 -11 3 0 0 -3 0 1 1 0 -1 -1 -1 6 1 0 0 0 -3 1 2 5 0 0 1 0 -1 0 0 0 0 -1 0 1583838187
-15361235 -14886325 20645835 4582427 -507358 -6729541 -2494643 -142477 121039 -127604 -43860 -2573 -3225 123372 -13201 -2929 -1258 -2020 -1022 -359 -285 -220 -538 -222 -4 82 -14 -10 0 0 0 1 -11 -1 1 3 0 0 -6 0 0 0 0 0 0 0 2 -2 1 0 0 2 0 0 0 0 0 0 0 0 1583838187
-15908854 -15356868 21644560 5006025 -3333116 -7344519 -224519 -139303 116353 -121665 -40825 -32866 -4640 -43897 -10414 -3476 4730 -2520 -1092 -491 -167 -215 -12 -263 -5 -17 -13 -6 1 0 0 1 -6 0 -3 -1 0 0 1 3 0 0 -2 0 3 0 -1 0 0 0 0 0 0 0 1 0 0 0 0 -1 1583838187
-15309799 -14830285 20528317 4548357 -570807 -6655454 863297 -137232 132625 -118395 -39116 29962 -4986 -38026 -13522 -3857 -2340 -429 -1035 -193 -196 -309 -840 94 -5 151 -26 -9 2 0 0 1 -8 -2 -6 0 0 -1 0 0 4 0 -4 1 3 0 -2 1 0 2 -1 3 0 0 -1 1 0 0 0 -1 1583838187
-11539648 -11649455 13783512 1027656 3660321 -2853110 2881350 -131987 105576 -111096 -35531 20940 -5804 -41219 -20359 1490 41101 -749 -1371 -86 34 -735 6361 2739 -25 -103 -77 -6 -2 1 0 -1 -23 4 13 1 0 0 -2 1 0 0 0 6 4 -1 -6 7 -6 -9 -1 3 -1 0 -6 0 0 0 0 0 1583838187
-15926907 -15269359 21307346 8252231 86775356 -5803664 35099808 -77094 127931 -20690 13588 -2447 -19306 231175 -8022 -1697 23133 -3048 -1908 -809 -120 -8 4611 -836 2 -49 10 -4 0 0 0 2 -6 -1 28 -1 3 3 -22 9 1 0 -1 4 5 0 1 0 0 1 -1 -7 0 -1 -6 2 0 0 0 0 1583838187
14465257 10499707 -33130446 -23160814 22973491 23685267 10093807 -108976 63492 -80565 -21255 566456 -7460 31882 1866 -18228 13426 124877 -841 46676 229 -9667 14869 15 8 -212 -12 -87 -123 10 1 3 -19 -8 0 11 0 -2 -1 8 -23 -11 -3 3 -2 19 -3 -4 -1 0 0 1 0 0 0 0 0 -1 1 0 1583838187
-16088904 -15507166 21972058 5018624 -7881232 -7589900 -1811799 -142226 124955 -126315 -43325 -20688 -3984 -66036 -11184 -3817 -2159 -2968 -1003 -889 -196 -148 -345 -380 -3 -26 -9 -2 6 0 0 1 0 0 6 0 0 0 1 4 2 0 -1 -2 -1 0 0 0 0 0 -2 0 1 0 0 0 0 0 0 0 1583838187
-10695315 -10881637 12186370 -73826 -7843449 -2099413 -1819565 -140377 130902 -124411 -42748 157909 -3598 -67037 -10792 583 -7033 14742 -1041 9861 -159 -1778 -148 -282 -2 188 -16 -29 -17 -7 0 -2 0 -3 3 0 0 4 1 2 -4 -4 0 0 0 -1 0 0 0 0 -1 0 1 1 0 1 0 0 0 0 1583838187
-15739168 -15186795 21245761 5771713 23005831 -6704054 -4645624 -144298 119748 -132665 -45831 -9658 -950 735100 -12197 -2099 391 -2451 -1069 -673 -593 -10 -674 -860 -1 66 4 -7 2 0 0 2 8 -1 9 -11 1 0 -12 -6 -1 0 -1 -2 -2 0 -4 1 -1 -1 0 0 1 0 0 0 0 0 0 0 1583838187
204164 -1948870 -6795862 -10695235 -4814001 8241356 -2085052 -134819 -235464 -119641 -41042 -452301 -4192 12602 64561 -30643 -7845 14858 -909 6710 -207 -1962 -53 -301 -6 -22 -9 -11 -5 -1 0 3 0 -4 2 -2 0 0 -1 0 -4 0 0 0 0 3 0 -1 -1 0 0 0 0 0 0 0 0 0 0 0 1583838187
29316694 22428811 -58463408 -38678066 -2162006 37323927 -2303736 -122474 -478710 -108356 -37404 -351050 -3394 74532 501589 -327483 -5552 57565 -708 27775 -44 -4847 56 -284 -10 -29 -2 -39 -48 2 0 4 0 -15 2 -2 0 -1 0 1 -12 -7 0 0 0 7 -2 -1 -1 0 0 0 0 -5 0 0 0 0 3 -1 1583838187
-15996179 -15416723 21783072 4938569 -7881816 -7472733 -1820368 -142247 137193 -126344 -43346 8858 -3930 -65906 -12856 -4221 -7153 -2386 -972 -409 -219 -192 -46 -303 -2 -14 -12 -3 6 -1 0 1 -1 0 1 0 0 0 0 0 0 0 2 0 0 0 0 0 0 0 0 0 0 0 1 -1 0 0 0 0 1583838187
7142417 3644190 -19009937 -14506481 -3673269 11123748 1497242 -135002 -3560255 -104682 -34686 -253641 -5580 -134039 50546 -29136 -1190 7901 -565 -6897 -118 -1215 -1117 -41 -147 496 -18 -20 2 -3 0 0 7 -6 3 8 0 0 -2 8 2 1 -12 -5 1 1 -1 0 -1 0 -1 0 0 0 -2 -2 0 3 -1 0 1583838187
-16004195 -15435531 21817295 4988425 -6434577 -7484092 -604234 -140176 122883 -122890 -41526 -23907 -4572 -91727 -11145 -3728 -9821 -2770 -977 -519 -217 -159 -155 -284 -2 -27 -12 -6 1 0 0 1 1 0 2 0 0 0 0 1 0 0 0 0 0 0 0 0 0 0 0 0 0 0 0 0 0 0 0 0 1583838187
4297766 1867949 -14820233 -14082510 6354534 13219178 2564067 -125923 141382 -105942 -34024 460280 -4535 28402 73197 -83129 17050 4214 -1019 729 -87 -1301 806 418 -8 475 -32 -11 -3 22 0 -2 9 17 -2 19 1 1 -8 -7 -5 -5 -15 1 9 9 4 5 4 2 0 -3 1 0 0 0 0 0 3 -1 1583838187
23364719 17645409 -48392089 -31170084 47078104 32119610 20059674 -86196 -437242 -47088 -4035 -370627 -13146 85193 63685 -31382 -13783 11987 -1161 4060 -208 -2829 -3770 -683 -1 511 0 3 10 27 0 -8 40 39 20 -1 0 -1 1 -12 -6 -15 0 0 0 3 -1 8 7 0 1 -1 0 0 0 0 0 0 3 -1 1583838187
-16091494 -15478324 21857357 6140612 23417540 -7059074 10051943 -121246 123890 -92342 -24988 -19896 -8869 50928 -10024 -3055 5613 -3278 -1303 -799 -183 -87 1005 409 -6 -34 -25 -3 4 0 0 2 17 0 6 14 0 0 -6 -9 -2 0 -15 4 7 1 5 1 -1 -2 0 0 0 0 1 0 0 1 0 0 1583838187
-13463885 -13907034 18501288 2553148 -7869521 -4511789 -1819891 -141328 125098 -125408 -43065 81029 -3775 -66262 66229 -61081 -1747 1554 -964 1434 -170 -300 -366 -382 -5 117 -10 -4 0 11 0 -1 8 11 7 0 0 0 2 7 0 0 -1 -5 -3 1 0 5 3 -2 -6 0 5 1 4 5 0 0 2 0 1583838187
6589051 3664909 -18635880 -16795837 -7474002 14950364 -1842933 -132666 -63792 -117226 -40346 54124 -3487 -60707 13150 -14801 -1853 48558 -755 17527 -47 -4460 403 -263 -1 101 -9 -17 -35 34 0 -18 7 39 3 0 0 -1 1 0 -12 -5 1 0 0 -1 0 5 5 1 0 0 -1 -7 0 0 0 0 0 0 1583838187
-10845395 -11071691 12490372 1590048 38422237 -1657532 15211357 -109633 45530 -75260 -16191 -78387 -10958 128881 -16018 4906 -2482 -2536 -1327 -676 -247 -385 3140 -616 1 -50 0 -2 2 1 0 0 -5 6 -12 -19 1 0 -16 2 0 -1 9 -5 -5 0 2 -2 2 -4 0 1 1 0 0 -1 0 0 0 0 1583838187
-14145646 -13777021 18319759 3314027 -4635256 -5450184 -660829 -139620 194430 -122492 -41415 158576 -4122 -53660 -18421 -6232 -7521 6351 -946 2633 -198 -810 -324 -263 0 129 -15 -17 -9 2 0 1 -1 -3 -1 -1 0 -1 0 0 -1 -3 0 0 1 0 -1 0 0 0 0 0 -1 0 0 0 0 0 0 -1 1583838187
-14327551 -13970911 18727249 3359413 -7858901 -5765163 -1821358 -141665 149829 -125766 -43171 70856 -3797 -66059 -17493 -3627 -7939 220 -938 243 -214 -430 91 -296 -2 176 -15 -14 -1 0 0 3 0 -2 2 -1 0 0 0 -1 0 -1 0 0 0 0 0 0 0 0 0 0 0 0 0 0 0 0 0 0 1583838187
-9653608 -10054601 10401000 -689585 6753359 -918718 3314667 -130246 96470 -109005 -34511 38888 -5850 5528 -25087 3635 -8373 -976 -1041 -96 -240 -624 -1128 -351 0 -77 -10 -5 -1 1 0 0 5 8 5 0 0 0 -2 -4 -1 -1 0 0 0 -1 -1 2 0 1 0 0 0 0 1 0 0 0 0 0 1583838187
-8982279 -9514840 9267533 -1650019 -3915650 -493013 -1096581 -137892 32483 -121265 -41149 -39982 -4105 -15227 -21133 4362 -7052 -989 -965 -109 -235 -686 -160 -329 -3 122 -13 -7 2 3 0 -2 0 9 1 -1 0 -1 2 0 0 -3 0 0 0 0 0 1 1 0 0 0 0 0 0 0 0 0 0 0 1583838187
-15858206 -15307046 21548425 4814074 -7884463 -7354678 -1820281 -142207 121501 -126263 -43312 -15161 -3969 -65844 -11899 -3690 -7608 -2536 -970 -451 -221 -189 20 -306 -3 16 -12 -8 1 0 0 1 0 0 2 -1 0 0 0 -1 0 0 0 0 0 0 0 0 0 0 0 0 0 0 0 0 0 0 0 0 1583838187
-10693560 -10937636 12297849 -194754 -7712920 -2181631 -1854785 -139937 113612 -124302 -42699 55082 -3731 -61622 -15084 -4784 21539 -1718 -1153 -298 -73 -638 -1204 -620 -7 -65 -2 -4 0 2 0 0 27 5 4 -5 0 -1 3 -1 -1 0 0 -2 4 0 -3 4 0 0 0 2 4 -2 -3 0 0 -1 0 0 1583838187
-15727031 -15177754 21278500 4703865 -7511607 -7178125 -1880003 -142252 144772 -126428 -43404 33439 -3820 -55799 -12859 -4825 29408 -69 -1226 335 -35 -475 -1116 -182 -11 -13 -6 -4 3 0 0 2 17 0 -3 14 0 0 -4 -5 -3 0 4 -6 0 0 -1 -2 1 -2 0 0 -1 0 1 0 0 0 0 0 1583838187
-15836718 -15296189 21524380 4782943 -7701817 -7337784 -1660196 -141868 121116 -125785 -43065 -20892 -4056 -69426 -11891 -3473 -7421 -3007 -976 -632 -220 -162 -75 -291 -3 7 -13 -7 1 0 0 1 -1 0 0 -1 0 0 0 1 0 0 0 0 0 0 0 0 0 0 0 0 0 0 0 0 0 0 0 0 1583838187
-16066250 -15485889 21923657 5062162 -6150006 -7537953 -366723 -139822 124140 -122257 -41187 -19844 -4680 -96752 -10682 -3997 -8408 -2109 -980 -514 -205 -182 -286 -304 -2 -26 -11 -5 2 0 0 1 3 0 3 0 0 0 0 1 2 0 0 -1 0 0 0 0 0 0 0 0 0 0 0 0 0 0 0 0 1583838187
-14104137 -13859265 18467913 3239312 -3452005 -5605634 -2248547 -141626 74053 -126418 -43415 -90646 -3605 51457 -6705 -3063 35227 -3386 -1259 -935 -69 -374 8105 -759 -8 -52 18 -4 2 0 0 2 19 0 -11 -16 -1 -2 8 -3 0 1 3 -2 -2 -1 0 0 0 0 0 0 0 1 0 0 0 0 0 0 1583838187
-13853882 -13640422 18013912 2843784 -7863179 -5410339 -1819900 -141184 87080 -125355 -42999 -63215 -4020 -65533 -7291 -4469 -7625 -2937 -967 -593 -222 -268 6 -305 -3 -35 -11 -6 2 0 0 1 0 0 2 -1 0 0 0 0 0 1 0 0 0 -1 0 0 0 0 0 0 0 0 0 0 0 0 0 0 1583838187
-14204797 -13946475 18659225 3192453 -7585922 -5774778 -1846657 -141346 76291 -125527 -43053 -88629 -4040 -57970 -6644 -3539 -5254 -2683 -984 -516 -214 -274 1060 -321 -3 -33 -12 -5 2 0 0 1 0 0 0 -2 0 0 0 0 0 1 0 0 0 -1 0 0 0 0 0 0 0 0 0 0 0 0 0 0 1583838187
1745203 -635481 -9578650 -12080096 -1145057 9881640 -2419530 -134342 -212935 -119825 -41163 -386590 -3689 105994 -22807 23331 -5273 -745 -952 -361 -290 -1330 -308 -395 -5 -91 -5 1 7 1 0 -1 -3 4 0 -4 0 0 -1 0 0 -3 1 0 -1 0 0 -1 -1 0 0 0 0 0 0 0 0 0 0 0 1583838187
-12678290 -12609115 15771681 3068065 31068290 -3554327 -5381886 -143413 87509 -133047 -46065 -38139 -181 937777 -15975 2437 9048 -2190 -1132 -763 -653 -189 -1588 -998 -1 -38 8 -3 2 0 0 1 -5 0 -13 -23 0 0 -8 1 0 0 7 -5 -4 0 -2 0 0 0 0 0 -1 0 0 0 0 -1 0 -1 1583838187
17579137 12726047 -37869840 -27399314 -4534210 25773914 -2096712 -127649 -260355 -112999 -38968 -51095 -3234 13223 124194 -93701 -8440 3618 -803 2551 -213 -1961 -24 -312 -7 508 -16 86 58 112 0 -136 6 145 5 0 0 -2 0 0 3 -19 2 0 0 3 -1 -2 -3 0 0 0 0 2 0 0 0 0 -2 1 1583838187
35621665 27550917 -69389962 -44620303 7121999 42872278 -2372826 -118085 -968437 -104268 -35512 -1183901 -4171 281062 49874 26498 509 8769 -1036 6374 -303 -3685 -804 -516 -16 32 0 17 23 8 0 -21 0 28 -3 -10 0 4 -3 0 1 -5 2 -3 -3 0 -1 5 6 0 0 0 0 1 0 0 0 0 0 0 1583838187
-12121252 -12179008 14913415 1286017 -5193422 -3627488 -2061916 -140702 71924 -125234 -43002 -29936 -3677 3097 -17875 1317 -7256 -2387 -961 -568 -253 -407 -56 -340 -3 191 -14 -7 4 3 0 -3 -2 9 1 -2 0 -1 0 0 0 -2 0 0 0 0 0 2 2 0 0 0 0 0 0 0 0 0 0 0 1583838187
-10161267 -10509502 11382436 -648250 -7121788 -1690708 -1597139 -139371 63727 -123301 -42209 25979 -3896 -61344 -15937 -2107 -7820 484 -910 -238 -214 -641 -75 -215 -4 204 -18 47 79 -2 0 -4 -1 23 0 0 0 -1 0 1 -1 -3 0 0 1 0 1 6 9 0 0 0 0 0 0 0 0 0 1 0 1583838187
19288812 14155418 -41036845 -26719282 62664347 28283851 24845260 -79099 -439449 -34789 3007 -430115 -15138 191914 -34977 38499 -8941 5036 -1345 1002 -255 -2528 3378 -709 0 545 -4 -11 8 5 0 -1 29 18 17 -2 1 0 -11 -3 0 -5 5 -1 2 -1 1 6 3 0 0 -2 0 0 -3 1 0 0 0 -1 1583838187
-5506354 -6635608 3103083 -4037392 24930330 3321983 11171662 -114649 -64799 -84639 -21789 -145519 -9454 28482 -20885 11276 1498 -1966 -1184 -1149 -180 -805 19726 -344 0 294 -3 -4 15 0 1 0 2 11 5 5 0 0 -3 2 4 -3 6 -2 1 1 0 3 3 1 0 0 0 0 0 0 0 0 0 0 1583838187
-5549330 -6650530 3204014 -5168071 -6729136 2841105 -1541707 -136939 18151 -121125 -41430 -46217 -3966 -55749 37157 -36313 -8154 -5794 -942 -1075 -224 -429 1758 -285 -2 -97 -10 -3 2 0 0 1 -1 0 2 0 0 0 0 0 0 2 0 0 0 2 0 -1 -1 0 0 0 0 1 0 0 0 0 0 0 1583838187
-15749011 -15168870 21210048 5735398 21458677 -6728647 9450037 -122187 142319 -93985 -25924 -654 -8631 27944 -11599 -3127 -7517 -3156 -1200 -742 -240 -64 -2477 -257 0 100 -19 -9 1 -1 0 2 7 -1 6 -2 1 0 -13 2 0 0 8 -1 3 0 2 2 -2 2 0 1 0 0 2 -1 0 0 0 0 1583838187
-16087751 -15486029 21887017 5841852 15162423 -7202518 7164533 -126393 120227 -100625 -29472 -28050 -7721 9968 -9953 -3163 780 -3187 -1181 -702 -192 -132 11625 -296 0 -55 -9 -6 1 0 0 1 0 0 -1 1 0 0 1 0 0 0 4 -1 -1 0 0 0 0 0 0 0 0 0 0 0 0 0 0 0 1583838187
20521814 15388757 -43463111 -30302661 -7508519 28993546 -1820641 -126528 -68696 -111763 -38652 396334 -2731 -67310 213532 -177122 -7732 5885 -725 3994 -143 -1910 -37 -284 -4 694 -19 2 30 7 0 -7 0 33 3 0 0 -1 0 1 2 4 0 0 -1 14 -2 8 10 0 0 0 0 3 0 0 0 0 1 0 1583838187
14207868 9698233 -31496409 -24321220 -7558056 21931804 -1822556 -128394 -484260 -113036 -38794 -587459 -4490 -61195 126553 -66490 -5330 10129 -826 3811 -157 -2180 -213 -297 -12 439 -12 23 48 6 0 -5 1 20 4 0 0 0 1 2 4 2 0 -1 -1 1 0 3 3 -1 -2 0 2 4 1 2 0 0 0 0 1583838187
-11267114 -11481827 13436459 336524 -7839985 -2880191 -1819092 -139999 42649 -124230 -42616 -98469 -4040 -65396 -15886 3273 -8366 -2511 -953 -584 -224 -469 2 -293 -3 -46 -13 -3 3 1 0 0 1 5 3 0 0 0 0 1 0 -1 0 0 0 0 0 1 0 0 -1 0 0 0 0 1 0 0 0 0 1583838187
-12243477 -12224405 15026843 1333366 -7840583 -3687203 -1822917 -140719 137267 -124927 -42907 108234 -3700 -66233 -20059 -1025 -6224 109 -983 1262 -203 3891 -10 -317 -1 9 -13 -3 2 4 0 0 3 9 2 -1 0 -2 0 -2 2 -1 0 0 0 0 0 1 1 0 0 0 0 0 0 0 0 0 0 0 1583838187
2933501 -3094838 -4816765 -13258973 -7468618 13379275 -1877123 -133910 -139474 -118480 -40736 -152180 -3856 -55283 125064 -88516 47129 3318 -1229 1431 82 -1290 -1936 -848 -18 783 11 -8 19 5 -1 0 58 4 5 -12 0 -2 5 -13 3 0 -5 -2 9 6 -4 8 0 0 2 0 0 1 3 -2 0 -1 0 1 1583838187
-15721022 -15191397 21302470 4710489 -6726065 -7189962 -2013734 -142329 128072 -126716 -43539 -275 -3722 -30476 -12470 -3642 120955 -5048 -1892 -1904 391 -488 -2552 -1009 -29 42 37 -4 1 0 -2 5 97 -2 0 16 0 -2 1 -31 -7 0 4 -11 -2 0 -1 3 -3 4 0 1 0 0 -1 0 0 1 0 0 1583838187
-9109159 -9622689 9504602 -1652683 -6900659 -614800 -1957187 -139488 67264 -123897 -42595 46588 -3608 -40092 -22521 1287 68210 -456 -1479 -153 153 -978 -2027 1125 -29 519 -44 -15 7 0 0 2 26 -2 -9 26 0 -2 -2 -16 -5 -3 4 -10 2 1 -1 0 0 1 2 6 5 0 2 -2 0 0 0 0 1583838187
-5063430 -6259384 2361696 -5464895 -2828607 3342521 -721852 -135239 -28979 -118453 -39989 -100917 -4299 -10784 49730 -41188 19627 -3005 -1158 -207 -96 -647 -836 1530 -21 463 -61 -15 7 0 0 1 2 2 0 13 0 -1 0 2 0 1 5 2 -1 1 0 11 -6 -6 1 7 1 2 -1 -2 0 0 0 0 1583838187
-13287340 -13089030 16857058 2463905 -7530614 -4667010 -1852256 -141623 134433 -125569 -43162 216329 -3506 -58635 -5871 12808 -4993 803 -1316 9861 -184 48661 -28 -142 0 66 -13 0 3 14 0 12 -1 -13 1 2 0 -14 -2 2 -3 -3 0 2 1 1 1 0 0 0 0 0 0 0 0 0 0 0 0 0 1583838187
-15642980 -15095277 21067338 5424378 15451150 -6700711 -3954396 -143782 139951 -131110 -45231 37358 -1602 539331 -14220 -3249 386 -1769 -1045 -659 -487 -90 -725 1652 -13 125 -61 -10 3 0 0 1 -19 -1 5 -6 0 -1 -3 -10 -3 0 0 -5 -6 0 0 0 0 0 4 1 1 0 0 2 0 0 0 0 1583838187
-15984406 -15404335 21729433 5494354 8322496 -7199046 -3304955 -143376 123970 -129705 -44662 -9173 -2377 355465 -11877 -3134 1692 -2686 -1062 -655 -389 -89 -429 1241 -12 69 -53 -9 1 0 0 1 -11 0 3 2 -1 -2 4 -9 -2 0 -2 -1 -4 0 0 1 -1 0 4 1 0 0 0 2 0 0 0 0 1583838187
-3937989 -5254297 242863 -6436626 -157143 4649896 -2517148 -137548 40800 -123042 -42376 83525 -2877 130736 2752 -18622 -5733 -3791 -944 -886 -302 -675 -277 1480 -13 451 -65 -21 1 0 0 1 -10 0 6 -2 -1 -2 4 -5 -1 1 0 -2 0 4 2 0 0 0 1 1 0 1 0 1 0 0 0 0 1583838187
-11754020 -11849797 14223671 865192 -7549676 -3272676 -1848278 -140455 85646 -124655 -42790 2319 -3845 -58152 -15317 -1238 -6485 2934 -944 1450 -203 -765 1030 -295 -3 185 -15 -15 -3 0 0 1 1 0 0 -1 0 -1 0 0 -1 -2 0 0 0 0 0 1 1 0 0 0 0 0 0 0 0 0 0 0 1583838187
-15622497 -11349501 13525721 11446001 2708460 -4945337 -2867137 9569208 100302 -118875 -42251 -27102 -2671 217325 -10319 -3018 107369 -9691 308525 9962 968 -181 26013 -982 -8 -63 74 -6 1 0 0 1 69 0 -5 -25 -50 -1 4 -11 -2 0 2 -6 0 0 -4 1 -1 0 -1 2 0 0 0 2 0 1 0 0 1583838187
-15668631 -15166961 21227582 4795829 -7879681 -7451201 -1822020 -142626 -97830 -126006 -43252 -25515 -3980 -65616 -10758 -3531 -6501 -2449 -936 -1520 -218 -128 -16 -322 -12 -2 -12 -7 1 0 0 1 3 0 2 -1 0 0 0 0 0 0 0 0 0 0 1 0 0 0 0 0 0 0 0 0 0 0 0 0 1583838187
-16072366 -15356726 21666195 5252863 -7609797 -7501665 -1848628 244937 119822 -125980 -43269 -30124 -3960 -58155 -10893 -3673 -6010 -3194 3903 -483 -207 -143 1549 -305 -2 -32 -10 -9 2 0 0 1 1 0 2 0 2 0 0 -1 0 0 0 0 0 0 0 0 0 0 0 0 0 0 0 0 0 0 0 0 1583838187
-16006337 -15313620 21526983 6256100 28331924 -6703321 -5134470 -145042 224089 -134199 -46468 193623 -102 874579 46137 -32682 5990 106813 -852 40917 -345 -6535 -205 -798 7 -997 21 13 -15 1 0 1 11 1 9 -10 1 -1 -5 2 -35 1 -2 0 -1 -4 -3 0 -2 0 0 0 0 0 0 -1 0 1 -3 1 1583838187
-16090565 -15497119 21923399 5622216 9274994 -7301161 -2534205 -142098 120522 -127565 -43527 -25976 -2779 339132 -5902 -4983 3532 4788 -1071 2216 -353 -538 -709 -622 -2 -91 -2 -4 0 0 0 1 5 0 -3 -11 0 0 -5 -1 -3 0 0 -3 -2 -1 -2 0 0 0 0 0 0 -1 0 0 0 0 0 0 1583838187
-16088821 -15488493 21914048 5452573 4263250 -7367270 1017111 -136895 133215 -118042 -38745 -3074 -4886 62829 -10269 -4316 19513 -952 -1228 34 -136 -319 935 1461 -16 -53 -54 -1 7 0 0 0 -10 0 -12 22 0 -1 -1 -6 -3 0 0 7 -1 2 11 4 -3 -6 0 3 -3 0 -1 3 0 -1 0 1 1583838187
-16099155 -15408607 21574653 8946540 101588026 -5741932 41114540 -66052 117269 -3537 22852 -25990 -21865 276262 -6277 -1094 -3347 -3415 -1012 -773 -253 122 18558 -419 11 -84 16 -4 0 0 1 3 28 -2 28 16 0 0 -8 -22 -6 0 -8 -2 -5 -2 -8 1 -1 0 0 0 0 0 0 0 0 0 1 1 1583838187
-16076448 -15445157 21752064 6864459 44099722 -6691012 17004931 -108769 123209 -72337 -14155 -18897 -11645 158823 -9298 -2469 22130 -3676 -1561 -1032 -136 -62 2723 1198 -11 -36 -37 -5 1 0 0 1 -2 0 -15 20 0 -1 2 -7 -1 0 -9 2 7 0 0 0 0 -3 0 5 -8 1 2 5 0 1 1 2 1583838187
-15919038 -15358191 21651359 4976592 -4499162 -7357965 -804397 -140326 126422 -123340 -41715 -13639 -4349 -40154 -8734 -4889 -659 2038 -1028 1259 -185 -475 1178 -395 -3 -69 -13 -8 -3 0 0 1 3 0 4 -1 0 0 1 2 0 0 0 0 0 0 1 0 0 0 0 0 0 0 0 0 0 0 0 0 1583838187
130563967 109431525 -242767109 -131404848 132817923 140124082 51930270 15518 -956252 86662 58962 916512 -22371 403893 -124430 53092 2368 51626 -1041 11428 -25 43 31044 -445 16 4297 -56 -100 31 -7 2 17 35 0 -25 9 -4 -12 29 0 15 -4 15 -3 0 -11 6 -4 0 -3 0 4 -3 0 1 0 0 1 -7 2 1583838187
-12274658 -12228936 14928748 3427505 50388474 -2800239 19870673 -102185 93722 -62645 -9260 13905 -12740 172265 598 -10433 10984 -3656 -1456 -1293 -185 -202 19561 -691 5 23 9 -7 1 -1 0 3 22 -2 1 5 -2 -2 16 -2 1 6 3 0 0 -6 0 0 0 0 0 0 -1 3 0 0 0 0 1 0 1583838187
-14439690 -14095174 18984476 3473409 -7877055 -5897990 -1820922 -141721 127891 -125775 -43173 55431 -3825 -66300 -12740 -5344 -3294 1009 -922 -725 -191 -379 -288 -361 -4 299 -15 -13 3 -1 0 3 6 -4 6 0 0 -1 1 4 7 -1 0 -4 -2 0 0 1 -1 -2 -5 0 4 0 3 4 0 0 0 0 1583838187
-13531388 -13348591 17400564 2540807 -7827601 -5042161 -1824400 -141101 111569 -125311 -43001 -3671 -3908 -65000 -16211 -1435 -5729 -3206 -976 -780 -213 -299 -84 -239 -3 -47 -15 -6 1 0 0 1 0 2 1 1 0 0 0 -1 0 0 0 0 0 0 0 0 0 0 0 0 0 0 0 0 0 0 0 0 1583838187
-14744639 -14343583 19513286 3730018 -7550444 -6209004 -1543331 -141211 144827 -125078 -42777 21904 -4022 -72133 -15245 -3284 -7748 -2642 -967 -526 -217 -250 -83 -299 -2 116 -14 -10 1 0 0 0 0 2 0 0 0 -1 0 1 0 -1 0 0 0 0 0 1 1 0 0 0 0 0 0 0 0 0 0 0 1583838187
-4558340 -5951334 1690210 -6183854 -6949269 3507527 -1470186 -136043 -170103 -120015 -40923 -432497 -4655 -62537 -6501 14271 -7713 -461 -960 50 -217 -979 -132 -297 -6 -52 -10 -2 6 -1 0 2 -1 -2 2 -1 0 0 -1 0 0 0 0 0 0 -1 0 0 0 0 0 0 1 0 -1 0 0 0 0 0 1583838187
359390 -1650570 -7400700 -10538036 1512594 8878945 1281601 -129494 -28827 -110688 -36302 24640 -4906 -13923 193288 -142530 -3871 -6275 -1085 2497 -191 6464 -939 3 -8 393 -19 -2 12 10 0 -7 -8 19 0 9 1 -1 -8 0 -3 1 0 0 0 11 3 1 6 0 0 1 1 2 1 -1 0 0 0 0 1583838187
-16088869 -15508044 21973332 5022159 -7874383 -7595700 -1820983 -142250 120277 -126335 -43336 -21047 -3982 -65525 -10596 -4051 -7799 -2063 -957 -581 -222 -179 94 -300 -2 -30 -14 -5 2 0 0 1 0 0 2 -1 0 0 0 -1 1 0 0 0 0 0 0 0 0 0 0 0 0 0 0 0 0 0 0 0 1583838187
-16086135 -15476861 21907417 5127158 -6149520 -7548668 -1992751 -117452 120521 -126741 -43501 -29931 -3811 -20124 -10861 -3589 16789 -3806 17047 -236 -81 -171 -1252 498 -12 -19 -26 1 0 0 0 0 -9 0 -10 22 -11 0 -7 -5 -1 0 -1 0 1 1 4 3 -2 3 -1 -4 0 0 -1 0 0 0 0 0 1583838187
-15690276 -15166443 21240061 4740331 -7599729 -7316937 -1847311 -142397 19830 -126178 -43301 -15145 -3936 -58418 -8606 -3737 -5148 -694 -826 -3914 -215 -8 -98 -245 -7 53 -16 -9 1 -1 0 1 -2 0 0 3 0 0 0 -1 0 0 0 0 0 0 1 0 0 0 0 0 0 0 0 0 0 0 0 0 1583838187
-16078351 -15409324 21772265 5186982 -7290886 -7527798 -1737294 45798 120223 -125915 -43153 -30143 -4011 -56561 -10920 -3684 -7104 -3756 40139 894 -124 -112 2430 -235 -1 -63 -10 -77 16 1 0 1 -4 0 2 0 72 0 10 0 0 0 1 0 0 0 0 0 0 0 0 0 0 0 0 0 0 0 0 0 1583838187
-16014121 -15407259 21691223 6372503 31921060 -6843221 13975259 -114412 118814 -81143 -18995 -25737 -10593 49294 -9003 -2921 -13584 -2208 -1228 -305 -265 -78 4627 -498 4 -27 -3 -6 0 0 0 3 19 -1 17 -2 2 0 -13 -5 -2 0 2 -1 0 0 2 0 0 -2 1 1 0 0 0 0 0 0 0 0 1583838187
-16087864 -15492458 21928196 5317589 581954 -7435508 260525 -138342 131170 -120265 -39985 -12096 -4684 18570 -10737 -4040 -7770 -1738 -1019 -159 -257 -186 -510 -395 -1 -34 -7 -4 3 0 0 2 5 0 5 -3 0 0 -3 -2 -1 0 0 0 0 0 0 0 0 0 0 0 0 0 0 0 0 0 0 0 1583838187
-14719494 -14493434 19704880 4488652 -7880349 -7522716 -1817824 -144045 -906748 -124922 -42967 -88633 -4067 -65614 -6452 -2098 -7596 -477 -822 -3471 -222 -101 -34 -307 -43 -27 -11 -5 2 0 0 0 0 2 3 0 0 0 0 1 0 1 0 0 0 -1 0 1 0 0 0 0 0 0 0 0 0 0 0 0 1583838187
-15676140 -11840878 14539245 10362874 -8147103 -5418690 -1850146 9409133 100967 -116017 -41150 -28859 -3788 -64910 -10428 -3533 -8663 -2867 -5351 -780 -230 -135 55 -297 -2 -25 -11 -3 1 0 0 1 1 0 2 0 -1 0 0 1 0 0 0 0 0 0 0 0 0 0 -1 0 0 0 0 1 0 0 0 0 1583838187
-15693670 -15035551 21003950 4538160 -7849487 -7113086 -1824261 -141779 247632 -126294 -43311 -8721 -3952 -64990 -12896 -3362 -4922 -3200 -990 -736 -210 -166 -9 -342 1 29 -11 -8 1 0 0 2 1 0 3 -1 0 -1 0 -1 0 0 0 0 0 0 0 0 0 0 0 0 0 0 0 0 0 0 0 0 1583838187
-15961497 -15400789 21746489 4895763 -7868928 -7464431 -1825061 -142189 123021 -126297 -43325 -21904 -3975 -65162 -11309 -3733 -291 -2725 -1025 -549 -186 -196 -399 -361 -4 -19 -11 -6 1 0 0 1 -2 0 3 1 0 0 0 2 0 0 0 1 2 0 1 -1 1 -1 0 0 0 0 0 0 0 0 0 0 1583838187
-16067497 -15489762 21935022 4998656 -7834654 -7568643 -1827490 -142234 124479 -126346 -43342 -21657 -3975 -64276 -8441 -4965 -927 1509 -1011 1083 -179 -441 -303 -381 -3 -67 -9 -8 -2 0 0 1 -1 0 2 0 0 0 0 -1 -1 0 2 0 -1 0 1 0 0 0 0 0 0 0 0 0 0 0 0 0 1583838187
-16089012 -15508400 21974002 5022816 -7853211 -7595988 -1825847 -142255 120032 -126348 -43342 -22002 -3977 -64754 -10391 -4100 -1635 -1816 -1005 -421 -191 -221 -274 -379 -4 -38 -7 -4 2 0 0 1 0 0 2 0 0 0 0 -1 1 0 1 0 0 0 0 0 0 0 0 -1 0 0 0 0 0 0 0 0 1583838187
-16089728 -15510854 21978698 5027546 -7624882 -7593587 -1871085 -141777 120613 -126462 -43397 -30130 -3935 -57177 -10807 -3603 43940 -4062 -566 -1190 26 -257 -2248 -690 -13 -24 8 -4 2 0 0 2 5 0 5 4 0 -1 2 -2 0 0 8 0 -6 0 2 2 -2 3 0 -3 -1 0 0 0 0 0 0 0 1583838187
-15823781 -15281092 21485455 4931744 -3118160 -7245759 -2271310 -142490 120529 -127273 -43720 -21025 -3492 57840 -11664 -3226 29492 -3416 -1245 -969 -101 -234 -841 895 -17 7 -40 -6 1 0 0 0 -23 0 -4 10 0 -1 0 -5 -1 0 0 0 -3 0 0 0 0 0 2 -2 -1 0 0 2 0 0 0 0 1583838187
-13867281 -13654015 18031910 2974755 -7725929 -5522764 -1832968 -141579 -10191 -125371 -43032 -18811 -3929 -62157 -8276 -4177 -6138 122 -853 -2481 -213 -239 43 -315 -7 122 -12 -8 4 -1 0 2 -2 -2 0 -2 0 -1 1 -1 4 0 0 0 0 0 0 0 0 0 0 0 0 0 0 0 0 0 0 0 1583838187
-15790338 -15258887 21445308 4730558 -7884910 -7299210 -1819687 -142107 118388 -126206 -43291 -26415 -3987 -65836 -10968 -3767 -7182 -2657 -974 -502 -220 -185 -37 -310 -3 -5 -12 -7 1 0 0 1 0 0 2 0 0 0 0 0 0 0 0 0 0 0 0 0 0 0 0 -1 0 0 0 0 0 0 0 0 1583838187
-16081331 -15435270 21824354 5158391 -7029760 -7538959 -1540867 35192 120237 -125340 -42854 -30153 -4104 -60208 -10881 -3671 -7434 -3282 10214 -238 -197 -129 399 -288 -2 -32 -12 -18 4 0 0 1 -2 0 0 -1 11 0 3 0 0 0 0 0 0 0 0 0 0 0 0 0 0 0 0 0 0 0 0 0 1583838187
-16089278 -15502917 21955346 5180616 -3356136 -7512724 -84940 -139174 125127 -121373 -40661 -20161 -4704 -51442 -7676 -5169 -7045 2591 -1000 1518 -208 -470 -518 -334 -2 -77 -9 -4 2 0 0 1 -4 0 0 -2 0 0 0 3 -1 0 2 0 0 0 0 0 0 2 0 0 0 0 0 0 0 0 -1 0 1583838187
-6164218 -7006461 3983403 -4354060 -6394045 2471448 -1460900 -137951 114254 -121669 -41669 331134 -3363 -55090 467 -19099 -7188 42719 -592 10796 -103 -3020 -305 -239 -1 588 -22 -12 10 -1 0 3 -2 -8 0 -2 0 -1 -1 -4 19 -4 2 0 0 5 0 0 -1 0 0 -1 0 -1 -1 0 0 0 0 0 1583838187
-15861045 -15324040 21572339 4910646 -6615539 -7447009 -1414572 -141614 39513 -125009 -42657 -22410 -4137 -57566 -10836 -3844 -4944 -2455 -987 -745 -212 -174 -272 -246 -7 -25 -18 -6 1 0 0 1 -6 0 1 0 0 0 0 1 0 0 -1 1 0 0 0 -1 0 0 0 0 0 0 0 0 0 0 0 0 1583838187
-15701097 -15183922 21286186 4652478 -7850778 -7207200 -1824243 -142098 116401 -126188 -43288 -21230 -3972 -64914 -11307 -3778 -6119 -2602 -980 -501 -215 -195 -104 -311 -3 66 -16 -9 1 0 0 2 1 -1 2 0 0 0 0 1 0 0 1 0 0 0 0 0 0 0 0 -1 0 0 0 0 0 0 0 0 1583838187
-15972917 -15372377 21621846 6265960 30209821 -6825154 11106732 -119032 122627 -89098 -23143 -19331 -9110 150112 -7863 -3592 -7627 603 -1237 702 -288 -240 -1376 -615 1 -58 2 -6 -2 0 0 3 33 -1 13 2 -2 -3 14 -10 -3 0 -3 1 0 -1 -1 1 -1 0 0 0 0 0 0 0 0 0 0 0 1583838187
-16089451 -15503403 21954353 5215930 -2453590 -7504062 -212019 -139318 119858 -121677 -40791 -21373 -4587 -23683 -10362 -3906 -6912 -1917 -995 -451 -233 -184 2530 -319 -1 -43 -10 -5 2 0 0 1 0 0 4 0 0 0 1 -1 1 0 0 0 0 0 0 0 0 0 0 0 0 0 0 0 0 0 0 0 1583838187
-16088760 -15506301 21967713 5073716 -6286196 -7562438 -1978584 -142368 124785 -126707 -43486 -20898 -3809 -23198 -10096 -3932 12566 -1956 -1067 -1140 -142 -224 5911 -508 -4 -48 3 -6 0 0 0 2 12 0 7 -4 0 0 0 -4 -1 0 -1 1 0 0 -1 0 0 0 0 0 0 0 0 0 0 0 0 0 1583838187
-16081051 -15433814 21822477 5140400 -7607730 -7547545 -1847587 7281 120311 -126258 -43329 -30159 -3966 -58258 -10911 -3680 -4996 -3396 15008 -79 -175 -134 1030 -311 -2 -24 -10 0 0 0 0 1 0 0 3 -1 -10 0 -1 0 0 0 0 0 0 0 0 0 0 0 0 0 0 0 0 0 0 0 0 0 1583838187
-7153205 -8021039 6077186 -3126566 7523445 1407616 -3221544 -139156 -19181 -125649 -43261 -167887 -2598 333236 -20372 10791 -1502 -2099 -1011 -708 -393 -662 -334 -542 -3 65 -4 -4 5 0 0 0 -3 3 -4 -10 0 0 -3 0 0 -1 2 -2 -3 0 -1 0 0 0 0 0 0 0 0 0 0 0 0 0 1583838187
-16089863 -15499701 21940760 5373257 2229244 -7415588 -2745673 -142952 124901 -128454 -44165 -19406 -2990 197742 -10940 -3529 -2492 -2315 -1020 -447 -331 -135 265 -472 -2 -32 -6 -4 4 0 0 1 0 0 -4 -4 0 -1 5 0 0 0 1 0 0 0 0 0 0 0 0 0 0 0 0 0 0 0 0 0 1583838187
-16083057 -15490646 21935118 5101464 -5317765 -7530840 -2053989 -142417 132975 -126883 -43549 -14881 -3722 1031 -10770 -4151 -7896 -1483 -970 -60 -254 -219 171 -323 -2 -27 -11 -5 3 0 0 1 -1 0 0 -1 0 -1 1 0 0 0 0 0 0 0 0 0 0 0 0 0 0 0 0 0 0 0 0 0 1583838187
-9532021 -13584057 17404186 -1230931 -7804919 940845 -1817526 -139251 -59272 -123364 -42316 -187047 -4168 -63367 86276 -62855 -2418 -5915 -1010 -527 -193 -103 -203 -244 -9 -48 -12 -2 6 0 0 1 4 0 0 0 0 0 0 0 0 1 -3 -1 0 2 0 0 0 0 0 0 0 1 0 0 0 0 0 0 1583838187
-15899597 -15448173 21832740 4841002 -7744757 -7352856 -1832392 -142155 115300 -126276 -43321 -31039 -3992 -62086 58532 -51680 -7727 -5507 -982 -598 -223 209 40 -270 -4 -19 -14 -5 3 0 0 1 -1 0 0 1 0 0 0 -1 0 3 0 0 0 3 0 0 0 0 0 0 0 1 0 0 0 0 0 0 1583838187
-16088664 -15500750 21957471 5057866 -7165419 -7579909 -1891013 -142126 120604 -126507 -43401 -30106 -3922 -46805 -10895 -3651 996 -3339 4816 -529 -176 -151 -127 -163 -5 -23 -17 0 0 0 0 1 -1 0 -4 3 -7 0 -1 -1 0 0 0 0 0 0 2 0 0 2 0 -3 0 0 -2 1 0 0 0 0 1583838187
