-16091746 -15471802 21824509 6533715 34467740 -6877569 12010870 -117349 118033 -86474 -21678 -25675 -9404 196414 -7869 -879 14850 -3796 -1453 -575 -208 -153 -3437 -148 -6 -20 -12 -4 1 0 0 1 2 0 -12 -18 0 -1 2 3 0 0 5 0 0 0 2 0 0 -3 1 2 1 0 -2 0 0 0 0 0 1583838658
-16089677 -15509527 21975087 5046881 -7121734 -7584582 -1635516 -141890 120604 -125787 -43031 -30168 -4061 -57886 -10891 -3670 -7878 -3095 -976 -656 -228 -136 68 -302 -2 -26 -14 -4 1 0 0 1 0 0 0 -1 0 -1 1 0 0 0 0 0 0 0 0 0 0 0 0 0 0 0 0 0 0 0 0 0 1583838658
-16087215 -15504455 21956508 5203066 -2731183 -7507561 45425 -138926 119179 -120975 -40437 -26416 -4751 -42610 -9485 -2037 -8319 -3375 -1023 -329 -233 -176 -416 -350 -2 -24 -11 -4 2 1 0 2 0 0 4 -2 0 0 -2 -1 0 0 0 0 -1 0 -1 0 0 0 0 0 0 0 0 0 0 0 0 0 1583838658
-16106254 -15329121 21262738 11950238 185242412 -4323035 74182367 -8385 114701 90988 73763 -22880 -35690 512993 -2673 887 16200 -4074 -2658 -1249 -200 395 -4747 -1747 14 -35 41 1 -1 0 0 5 67 -2 -22 -32 -3 -3 12 -8 -2 1 19 -8 -3 0 -3 3 -3 3 0 0 2 0 -2 0 0 0 0 0 1583838658
-16088661 -15504732 21955825 5227929 -2065087 -7498755 725548 -137802 119171 -119074 -39438 -28010 -5086 -59888 -9387 -2018 -6953 -3448 -1035 -274 -215 -213 3979 -310 -1 -36 -11 -6 1 0 0 1 -4 0 5 1 0 0 -2 1 0 0 0 0 0 0 0 0 0 0 0 0 0 0 0 0 0 0 0 0 1583838658
-16088435 -15434665 21689565 7682956 66234985 -6333629 28515847 -89058 114718 -39717 3267 -18348 -16750 106491 -4429 2420 25348 -4995 -1847 133 -66 -110 5019 -977 0 -46 20 0 2 3 0 4 18 -1 -23 -15 -3 -2 18 -3 0 0 3 -2 -3 0 -2 0 0 1 0 -3 0 0 0 0 0 0 0 0 1583838658
-16086761 -15509166 21975290 5018173 -7892661 -7595105 -1819027 -142240 119357 -126325 -43330 -26569 -3994 -66079 -9958 -2131 -7449 -3613 -1005 -40 -222 -223 -43 -139 -4 -24 -16 -4 2 1 0 2 -3 0 2 0 0 0 0 0 0 0 0 0 -1 0 0 1 0 -1 -1 0 0 0 0 1 0 0 0 0 1583838658
-16088142 -15510351 21977816 5018259 -7893260 -7597465 -1818552 -142236 119329 -126322 -43329 -27998 -3996 -66006 -9587 -2019 -7111 -3484 -999 -215 -220 -249 -60 -315 -3 -25 -12 -6 1 0 0 1 0 0 3 0 0 0 0 1 0 0 0 0 0 0 0 0 0 0 -1 0 0 0 0 1 0 0 0 0 1583838658
-16078677 -15502454 21961225 5007126 -7892537 -7586900 -1819234 -142225 120598 -126320 -43328 -28982 -3996 -65938 -11007 -3688 -6324 -3134 -983 -682 -217 -142 -105 -325 -3 -22 -10 -6 1 0 0 1 2 0 4 0 0 0 1 2 0 0 0 -1 -1 0 0 0 0 -1 -2 0 2 0 1 2 0 0 0 0 1583838658
-16086502 -15508898 21974555 5020254 -7869939 -7595849 -1824569 -142253 118036 -126340 -43339 -25747 -3987 -65537 -8219 -332 -1757 -3935 -1058 153 -193 -385 -366 271 -7 -23 -26 -6 1 -1 0 1 -4 0 1 -2 0 0 1 3 0 0 0 -1 0 0 0 1 -1 0 0 0 0 0 0 -1 0 0 0 0 1583838658
-16084899 -15507496 21970975 5031182 -7581462 -7589796 -1868204 -142307 116739 -126454 -43394 -23969 -3933 -57046 -7012 1040 30311 -4732 -1303 69 -39 -412 -1996 288 -15 -21 -26 -5 2 0 0 0 -9 0 -4 22 0 0 -2 2 0 0 12 -5 -5 0 -1 2 -1 -2 -2 -4 -4 0 0 0 0 0 0 0 1583838658
-15884843 -15335677 21604924 5003594 -7696425 -7263326 -1860619 -142890 117216 -126652 -43547 193776 -3616 -61771 94876 168828 34138 -65138 -5057 77286 31 5107 -2327 697 -24 -135 -34 46 30 59 0 26 -17 -3 -3 23 0 -30 -6 4 0 4 5 -4 -3 1 -8 0 0 -5 1 2 -2 1 0 0 0 0 0 0 1583838658
-16084887 -15506025 21966932 5050261 -7107438 -7581579 -1163310 -141168 116753 -124490 -42364 -24117 -4305 -79955 -7104 966 -5512 -4147 -1056 519 -203 -351 -289 -208 -4 -24 -14 -6 1 0 0 1 -1 0 0 -1 0 0 1 4 0 0 0 0 -1 0 0 0 0 -1 0 0 -1 0 0 0 0 0 0 0 1583838658
-16086904 -15470007 21878140 5463374 3445981 -7383434 -2881959 -143255 120280 -128825 -44316 -28418 -2855 230242 -10714 -3141 41046 -3696 -1320 -1128 -133 -213 5394 -592 -10 -26 10 25 -4 -1 0 1 8 0 -11 -19 0 -1 3 -3 0 0 -1 0 0 0 -1 0 0 0 0 0 0 0 1 -1 0 0 0 0 1583838658
-15813192 -15280904 21485223 4849934 -5729223 -7320480 -2018904 -142338 89985 -126648 -43470 -26716 -3775 -9651 -9959 -3442 -2900 -2142 -941 -2052 -229 -89 153 -369 -4 -20 -9 -6 1 0 0 1 0 0 0 -3 0 -1 2 0 0 0 0 0 0 0 0 0 0 0 0 0 0 0 0 0 0 0 0 0 1583838658
-16090688 -15459114 21809833 6335434 28112705 -6976032 11192803 -119203 119515 -89032 -23153 -28480 -9235 101181 -9289 -2667 77759 -4697 -1845 -1615 150 -240 1698 1248 -26 -37 -39 -2 1 0 -1 0 -11 0 -66 -19 -5 -5 29 1 1 0 6 0 -1 2 10 0 0 -3 1 3 -1 0 1 2 0 -1 0 0 1583838658
-16089791 -15508207 21969991 5093330 -5840220 -7563005 -860733 -140576 120564 -123600 -41870 -30181 -4416 -66553 -10815 -3648 -6489 -3137 -998 -673 -215 -139 594 -310 -2 -28 -11 -4 1 0 0 1 -1 0 -1 -2 0 -1 2 0 0 0 1 0 0 0 0 0 0 0 0 0 0 0 0 0 0 0 0 0 1583838658
-116 -154 308 148 708 -898 415 -475 399 201 72 -186 323 317 -400 264 332 -330 -320 -292 -148 -142 -406 643 169 -94 78 758 200 -154 38 -54 -102 158 -278 -144 126 61 60 191 151 120 165 -263 192 34 330 453 -238 241 708 116 -559 231 -194 -99 -77 300 19 -597 -17 348 140 -401 -107 76 493 -152 33 -24 128 36 319 100 70 -230 547 -832 34 160 357 -139 500 -356 407 16 195 -200 -54 764 5 453 338 -124 276 261 -240 -275 -354 43 149 392 144 174 -5 -5 -19 315 -286 289 167 392 -378 -38 -246 115 -352 234 -445 115 -209 -203 -235 641 106 363 -32 136 -99 -379 15 34 -560 -165 94 -170 245 375 2 12 -154 411 -30 390 163 -122 458 -374 -163 -67 -96 -314 -118 209 195 -607 50 -319 -12 -69 182 211 189 111 -191 178 -504 143 520 122 -139 -138 336 285 -215 210 166 47 -63 -339 360 -43 252 227 -521 -6 -151 291 66 98 -163 -81 429 -238 -479 -43 52 -45 204 -417 -246 -158 -739 -29 181 442 81 -348 575 -732 261 -154 -14 -608 -20 -290 141 290 132 134 291 -157 -429 -448 -362 253 160 22 35 -336 240 -77 166 8 -478 214 -158 165 197 -223 -326 342 160 -39 -90 325 417 -202 805 -463 -124 -358 -369 -233 165 -104 268 271 327 51 159 47 226 -155 236 -452 753 -447 468 148 -111 -206 -67 -401 -29 229 436 271 -19 94 -310 -45 208 -470 253 -321 588 -15 307 167 183 -348 336 301 -552 -96 42 47 129 5 195 -177 200 -177 205 650 -16 110 -281 -189 -233 -526 93 -179 142 -150 40 178 -29 204 31 401 321 460 -73 -234 12 190 97 -96 353 -15 303 130 346 95 -27 -233 -34 -17 282 209 207 233 321 235 207 687 -211 209 -8 36 15 349 -200 438 -233 -13 -332 83 221 183 273 362 25 -88 176 -55 -222 -205 284 182 -154 93 156 184 124 7 229 197 -31 -495 94 -195 262 -19 -138 -240 -19 251 30 -12 244 -295 266 55 35 200 67 -65 -38 17 4 -240 -195 -193 -106 -289 -175 271 161 432 109 55 30 11 129 291 201 -161 345 267 -99 202 -115 -77 1583863281
125 82 -59 60 -265 -621 205 -405 5 300 -144 -924 -819 46 297 124 -274 -92 89 -511 -208 7 -77 178 276 193 463 -174 101 -258 338 -56 242 -532 13 165 293 -241 -274 -112 221 -63 -534 -381 -104 283 -427 -330 614 603 314 -97 159 -177 101 137 -296 -236 774 -266 -363 -208 -91 -147 617 -125 -96 480 -110 -140 130 -350 340 30 -636 135 -232 -412 -91 -461 54 4 -121 -279 -119 -507 -18 121 -70 470 233 0 -158 -294 -138 168 392 317 242 -273 -89 429 490 -21 -278 148 262 -227 -1 739 -1 -437 -102 38 51 -246 -208 325 227 771 249 27 -358 -446 -55 453 -338 -52 232 -15 -176 88 255 51 -465 277 202 18 511 -355 -402 -200 19 182 -554 -94 -179 30 443 -314 463 -625 -127 -212 -241 -338 -117 111 -108 606 -279 125 255 317 -329 363 185 33 -18 155 -258 -343 -558 -2 -2 214 -95 -63 -450 82 -226 49 612 197 266 -205 609 448 -174 -368 -67 81 -16 -154 195 -218 98 222 380 -138 -585 -47 -208 323 -53 662 -69 -196 -539 -36 571 323 144 -306 30 203 -242 -237 431 -34 -790 -58 -657 -94 -187 391 274 -120 26 -138 426 204 -444 285 -331 551 259 -161 506 -139 11 -287 -210 -323 285 250 166 503 -111 -170 433 -146 -95 73 -178 -201 67 -53 -344 -15 -87 -104 472 79 -228 -82 24 322 88 27 254 240 245 240 -192 -79 35 18 -133 -53 225 -258 -444 48 -107 131 69 -293 -111 86 -14 -281 253 41 -439 44 78 341 197 -381 -73 -318 -96 359 -129 65 -171 62 12 -185 -2 -68 48 423 -228 521 -75 -278 -244 432 22 -299 -54 -349 289 408 175 283 -110 -119 -144 717 251 113 119 486 69 -113 -191 -20 -129 245 -110 74 -39 -570 -219 337 188 77 244 -180 330 157 -139 -67 -305 -107 -50 -98 386 255 306 90 254 -16 -41 -177 -205 184 128 -496 393 -213 29 -120 -34 -249 -340 121 -417 132 500 304 -103 -579 -104 -150 -265 120 -102 126 466 -10 -226 -339 -36 218 238 -479 115 190 -445 -37 -270 -263 38 -84 239 -447 -253 175 -395 4 -24 323 -159 46 -4 -106 403 394 -125 64 197 -24 1583863281
-68 155 39 -384 -337 259 548 -64 194 140 573 275 40 66 -337 706 129 161 97 -161 -313 -471 289 159 542 -49 -142 360 109 523 79 -42 332 -194 -113 67 96 223 -638 -425 145 -433 511 12 -87 134 219 -193 52 -265 -406 483 -447 -44 -134 -142 -80 -222 270 124 682 497 -28 147 624 213 -492 -829 -11 74 -330 10 -432 103 553 44 93 -621 109 -83 162 -452 -248 459 249 437 -599 105 159 -205 -41 -95 -126 205 248 -39 -70 -193 272 -12 22 139 -218 -4 -36 58 -383 -147 -282 -238 -319 -218 541 -226 302 422 -137 274 -168 -358 -508 125 267 75 40 -127 337 19 574 406 10 475 226 -301 -258 68 58 358 308 -407 -323 -317 438 87 330 -95 -341 312 427 -755 -243 243 -250 19 -221 -409 -232 -109 322 -153 194 456 491 178 -54 46 80 336 53 295 -516 -247 249 69 14 166 359 152 254 509 -80 171 -556 -77 399 -391 -3 -1009 -358 -384 442 60 -365 -92 -412 -36 -162 48 110 -60 18 129 279 223 183 -9 461 -195 -76 184 -62 473 -181 -26 456 330 369 109 262 -108 82 -137 -315 502 130 -278 104 -14 0 106 425 -218 -277 486 -254 -248 471 143 -111 -194 146 353 401 -584 372 -51 155 424 103 -23 -247 264 -188 -163 113 14 91 -367 324 446 -297 -13 96 -531 456 131 93 -181 -616 131 389 -171 -29 162 -189 -313 -220 -593 50 548 -61 215 -1 54 -262 -529 -353 -285 -39 -40 291 6 559 425 293 -33 -97 -34 -138 380 -453 -200 -459 -99 -135 557 -25 171 91 -131 506 110 -432 406 233 316 -297 -51 276 283 -117 -298 -255 297 5 -263 -255 278 -694 -555 131 -207 137 178 -172 289 -304 426 -64 16 66 -568 -200 330 141 -191 -469 -194 66 -513 -98 161 -97 190 -46 -96 -359 -270 -291 227 44 222 -18 -405 35 -71 -315 43 405 -120 -341 -245 -134 120 198 407 176 127 109 192 370 -139 -145 -22 -175 224 -458 -43 -42 231 -150 56 397 447 -160 194 -196 -263 -314 -290 -252 -12 23 274 -166 218 118 289 78 90 -33 7 225 311 245 123 136 56 -185 -177 -248 13 -352 -47 315 251 1583863281
-38 32 -263 -381 -335 -521 504 172 -465 -461 -224 -127 -165 -150 243 252 -18 -543 265 -79 433 29 -27 -17 -39 904 -195 75 402 -92 304 495 -142 -412 13 25 -209 -450 462 222 -415 260 17 638 207 -30 256 -265 -287 -41 223 -171 -310 65 107 -110 -581 566 330 -416 -15 -231 413 450 199 -109 227 59 -43 454 434 -362 101 355 -54 226 -279 266 520 251 20 381 480 -673 -319 -138 -151 -164 -487 181 -144 7 107 -283 120 -114 -433 120 110 160 293 -24 360 -172 422 420 393 223 -13 -254 -165 258 -556 10 92 -51 190 40 225 309 328 -4 -131 -549 -35 24 495 -5 190 223 -330 -672 383 -160 152 -22 133 664 149 -53 790 -377 -9 -108 -57 303 256 -110 -219 -124 -116 -92 -32 223 -457 582 222 533 78 125 59 -130 -266 -49 -316 323 57 -153 97 4 227 -131 -370 137 115 63 137 273 -76 166 -133 -361 290 77 60 88 -457 -278 -280 -290 106 207 -144 540 374 -48 2 429 -513 -116 -117 -606 -27 194 -205 -211 485 68 384 -172 374 -455 5 84 101 -138 -168 34 434 14 -143 274 54 130 135 -333 399 -184 629 256 141 -157 275 446 -122 548 3 74 -278 -371 7 -415 172 785 410 -534 263 105 -218 151 -274 462 -102 195 111 -280 159 -528 -329 -639 -402 -137 -44 31 16 -5 -67 -30 -123 303 -159 11 -138 161 -25 -452 -219 -514 137 -459 25 -230 -143 252 -267 -284 -253 106 -122 60 169 -149 -141 -95 -13 -576 -155 141 -116 -50 -145 -301 156 -72 126 242 -364 183 -584 212 256 120 -528 -36 202 282 235 67 -122 -298 260 -194 -44 -289 -277 -171 247 -309 -409 -373 -387 136 14 295 -159 379 -355 175 31 252 180 352 -34 216 -351 -164 88 319 -510 -263 -140 -246 211 422 133 -167 56 -405 -254 124 371 -152 276 -160 110 51 -343 -37 -437 -470 -33 -240 22 159 -9 12 181 48 43 -75 234 -127 -43 141 190 188 117 89 24 107 -171 -115 156 -122 -689 -40 188 -47 326 323 -239 103 -461 -236 -65 -3 579 -93 -43 -366 -255 -17 -178 -107 113 -176 168 178 181 -29 150 323 123 -9 -268 60 1583863281
-128 -153 204 -252 666 90 162 -44 -89 -213 -279 -236 -145 331 315 -223 117 -243 -169 -330 372 -559 0 665 -113 312 486 217 265 -62 -33 -31 235 -273 856 -364 -435 216 -78 16 123 165 -38 128 332 -135 51 -198 -491 -120 -355 101 377 -429 155 173 21 -239 -354 387 -265 402 -437 285 -196 -487 176 -81 191 58 281 -329 263 -33 -103 -70 572 -327 426 121 86 171 206 -67 -513 306 29 568 549 -68 612 -356 50 -279 228 40 232 -55 487 -83 504 -176 223 230 9 -124 47 127 229 420 820 525 185 654 446 21 61 132 -14 -77 -142 -155 243 -22 -56 331 -252 -6 -143 296 -398 91 -132 252 9 287 181 170 -124 -115 -113 159 -96 -884 201 99 -368 -223 340 243 -138 26 -51 134 -1122 -423 -176 551 -5 71 84 40 -268 -241 293 -13 307 -9 356 483 320 305 -141 136 -312 -180 543 -10 66 115 299 125 -157 329 -420 -339 103 581 -175 -9 299 703 -531 -518 340 48 124 -79 -274 323 -190 36 624 100 -23 264 -800 322 -837 -218 425 457 466 333 -156 115 -79 48 97 129 -355 -95 -470 -61 -289 -496 307 -204 295 245 -179 154 -219 -122 -138 -378 337 -239 -41 -300 -119 -190 -270 373 103 217 -321 -163 -264 -225 -63 -58 -524 226 84 353 -114 469 233 -392 -194 -218 -132 -315 -52 -73 -225 730 -3 -259 12 -573 377 216 -25 -379 -392 309 -396 252 -170 -143 111 -11 -434 143 -376 -615 -90 -326 455 307 -441 3 74 -4 178 -422 2 43 -42 202 15 -36 64 312 331 160 -254 113 -42 -10 102 158 -122 -152 -61 -275 212 37 -40 164 -210 264 143 492 455 -200 74 596 579 91 613 -50 0 -179 -43 -201 -99 -116 -31 161 -302 -283 -34 -79 -131 700 -135 405 150 -255 23 94 142 32 -179 32 50 77 -245 -219 -181 -306 -42 451 -114 92 177 342 -318 -6 -130 176 500 313 -45 -57 -437 163 316 169 -90 63 -86 365 239 40 -169 -302 -144 44 -94 -204 -342 -54 -103 33 225 307 160 -201 127 186 15 163 567 220 -193 293 512 70 -479 251 -113 -83 -149 104 105 -248 -126 -181 519 -48 -641 -6 1583863281
296 -212 142 -346 -131 -294 758 307 284 -131 55 -82 280 -188 -448 -178 -499 -334 225 -259 98 -81 840 641 -240 358 -292 249 -330 420 204 480 149 494 -161 108 37 -219 -261 420 -221 71 274 -100 -63 -145 -174 -61 -74 -90 30 -483 -77 33 392 696 389 -355 407 -600 32 -3 -51 294 -157 269 131 229 106 180 -251 588 -553 522 81 -74 -867 -139 -31 -381 -285 126 51 38 -227 26 -598 -13 294 -234 458 5 -279 273 149 34 45 -370 68 -299 -52 580 -99 6 270 -368 -18 -368 595 62 -29 -30 -120 98 -1 291 -560 478 -80 158 123 -28 142 -186 -375 -573 248 79 -233 507 26 423 -80 -560 -459 -337 439 -278 17 -609 475 232 216 161 21 586 307 523 -90 89 -181 395 -85 198 -619 122 -311 442 203 204 -249 -23 176 -140 -471 192 -54 47 65 -65 54 5 247 326 -166 202 -200 -461 -101 -471 35 -132 44 -123 0 86 109 146 -15 -508 -65 18 80 112 -676 158 -753 44 -235 -10 -162 -512 -712 162 -270 -381 659 264 335 15 -217 62 -22 725 316 -557 256 -21 -278 201 -119 110 21 330 100 175 515 14 148 -296 322 -133 307 401 -229 -333 329 -113 77 328 -19 307 245 185 -688 72 -392 -347 -192 329 -513 327 -234 100 137 -67 -93 -40 -46 -48 -106 -410 -6 -85 -283 -333 34 -203 -434 145 -351 43 -685 162 130 -192 112 -449 -156 -55 -99 239 228 -150 193 -301 0 -292 134 115 -368 -521 626 181 126 308 -44 -109 -165 99 -647 -230 310 -40 308 152 63 43 130 -31 -336 824 -560 -666 238 12 -521 392 -292 -286 -247 120 18 107 60 -37 52 -122 -78 136 65 -499 -18 381 2 -249 390 -56 173 301 -240 -85 244 179 -197 -109 -396 -473 101 -120 -16 300 47 -128 188 -211 -144 22 -66 146 187 -112 36 29 91 225 237 165 -211 -206 49 -204 187 -214 -119 -37 520 -143 -9 293 26 -264 43 328 -157 -254 -99 10 -153 -88 160 233 130 370 217 145 169 -309 195 -451 230 246 -163 -265 -458 317 75 -88 -226 190 19 81 435 -479 -320 -47 272 16 73 272 138 -135 100 207 -162 -166 1583863281
409 -29 -274 -281 85 283 283 285 141 38 -569 302 301 208 474 147 190 563 293 578 -369 -339 -430 -656 -234 -39 566 -438 382 212 288 -240 -226 401 -432 -151 -79 -26 -317 635 231 -5 -179 184 43 -373 33 -19 -46 -266 351 35 130 -189 -176 272 -402 -114 386 181 -46 3 -206 363 18 -311 -159 333 -434 -516 456 110 444 564 103 -87 -274 -371 -319 -157 -132 462 -151 -523 -560 117 734 437 -162 -132 -297 380 2 542 417 -146 319 247 120 -406 96 38 -455 88 31 -91 -234 469 -85 -178 605 -164 -376 235 361 -404 -117 -124 855 42 -330 628 263 70 -192 -446 224 -8 3 -141 104 281 102 -32 58 50 -98 -28 209 599 142 -204 -502 607 -239 -43 -271 300 -61 98 -499 -207 169 -391 -170 -25 216 766 -60 729 245 53 205 -492 -34 -275 344 327 128 -154 96 -353 -352 -194 407 316 -320 -242 266 5 -106 -25 -28 -293 527 -314 143 -79 -155 11 42 114 -142 139 1 204 -188 207 26 275 231 -425 184 594 29 -123 210 153 -74 33 238 -326 47 -222 450 -217 -658 -284 175 17 -138 366 -539 217 -64 -187 -90 -205 596 160 311 72 139 442 140 172 -278 -347 -266 284 5 307 9 -11 -251 738 -283 -154 398 323 382 286 -44 -69 119 99 -110 380 71 -120 -290 -175 219 -80 379 64 457 40 -227 138 346 -3 185 -379 430 251 526 -278 -610 59 713 -199 -331 -55 484 -46 -183 380 -164 682 -189 89 -67 108 -408 22 315 -106 -20 -306 8 -52 -178 -25 325 105 139 -149 320 -130 -305 -80 -234 42 183 585 12 172 -122 -235 445 -41 -151 -415 80 -281 140 80 -172 -385 146 -49 111 -258 287 443 99 -151 98 -39 444 402 -489 -185 37 -77 -601 269 -86 -273 266 -88 178 139 99 131 -41 346 -202 158 320 -418 -99 285 -127 -116 59 35 309 -440 31 -128 -153 227 -34 149 -7 -233 133 -17 -230 -132 282 90 -466 155 9 237 329 -135 -256 -413 117 127 -80 -43 -339 104 -295 -402 108 122 -304 -257 48 -130 396 107 14 148 114 495 16 -43 79 -4 55 -389 13 330 97 92 398 -288 355 -199 1583863281
-55 -654 -145 299 316 216 -263 -335 459 -506 -139 157 197 -260 -131 130 155 -259 -303 -12 -174 -3 367 -82 2 -138 180 -229 199 -294 -39 512 356 -411 31 251 -71 205 -247 -474 181 -530 195 78 392 -224 87 -87 11 -171 -264 574 322 0 -468 -333 402 -436 117 16 -70 -456 -193 -163 484 17 439 -515 117 171 78 -246 -231 -222 -41 -137 -77 152 -85 251 -49 -189 271 -60 -187 78 -327 -167 -822 -22 -694 -70 -215 123 -217 -317 303 -699 172 453 0 156 -207 -208 -70 -551 100 646 70 -355 -388 301 140 -238 -150 -229 144 6 248 153 305 -831 716 484 302 302 -267 -67 67 -389 -109 -502 423 -553 -435 247 -384 -287 92 286 49 -105 431 254 155 -20 282 -65 106 211 307 -158 -44 190 574 6 -352 108 -430 4 -164 -159 566 322 -374 173 245 320 12 259 90 -328 -128 -154 15 75 -67 487 219 245 40 267 329 304 659 -255 255 413 121 114 103 301 14 559 -171 -1 -322 315 -357 -321 -237 191 -309 22 354 -470 139 -98 -22 -76 -54 122 299 621 -86 -189 -177 -354 -460 268 -149 141 313 -168 -154 -41 260 229 192 180 -459 46 -116 111 -402 20 239 520 -21 -43 384 -321 -129 282 -115 224 93 -121 131 609 436 205 252 -188 -251 401 -225 -506 334 368 -91 -497 -350 -97 79 -323 88 455 76 -319 266 -318 567 -140 -254 14 -260 486 247 199 -483 77 120 24 169 -375 477 -97 -34 -30 81 215 416 -300 -268 223 -30 -503 -12 -427 262 -253 381 86 -242 -40 -2 -195 243 534 -302 -34 155 92 393 -529 -452 12 -110 -53 -328 45 20 52 -396 -44 -84 -318 240 -63 270 -453 324 -126 75 235 -98 -109 -332 126 -252 526 -297 452 -257 417 61 -228 -170 457 212 559 -46 1 200 73 93 -197 256 -47 151 61 -633 247 -19 -220 392 -230 280 -187 65 -447 -209 191 80 368 248 -16 -337 140 -33 283 142 -142 54 -154 196 14 -111 -150 167 279 82 -283 -183 586 -115 135 195 417 360 337 111 -148 76 402 457 -93 -15 -43 -255 -25 -102 -117 -167 -139 -18 409 -206 513 191 141 -218 -3 331 -14 1583863281
60 -656 -126 282 -23 -157 104 294 227 332 32 -452 501 80 -135 62 10 -153 463 199 -260 357 -146 -231 -406 -260 -328 297 21 143 -240 -205 -90 207 -257 -251 -316 109 606 263 -228 104 -736 -125 -17 433 -74 -56 -402 323 107 -332 323 -387 376 769 373 12 -43 138 468 184 -60 449 -363 -158 -130 -82 -450 -338 -519 266 223 -259 -353 288 330 200 -408 -207 -96 -53 645 136 -228 -266 368 -237 476 61 -5 64 430 398 -346 -234 74 104 -55 -242 -430 -107 -64 -101 37 209 -440 -58 -613 218 -110 171 -353 231 319 -215 -12 -161 -394 639 137 221 398 504 -223 27 -187 -499 -18 -2 195 180 -523 -718 -432 -425 -23 542 -68 -666 290 -181 555 289 -184 46 71 -43 -372 104 209 -153 407 -377 -303 460 -655 -137 -133 -45 -631 257 -129 -122 -469 -600 16 61 -532 5 571 -55 182 -320 -331 -32 -285 10 -843 194 267 -96 -245 -139 -34 -28 -120 -142 -149 225 169 92 -9 120 21 -81 70 545 50 210 -377 165 -493 252 367 447 -3 -58 -605 -264 380 99 -113 235 741 139 131 -598 -428 -248 -6 78 94 190 277 698 111 -123 -260 -234 423 -12 -59 59 191 56 572 7 -578 -644 316 -563 246 255 153 -219 -92 -45 -106 501 -217 251 255 368 807 237 516 -686 -178 -35 -198 44 -581 -53 468 -133 -148 -354 -424 362 -63 -14 -224 246 -142 710 138 596 -140 271 461 -141 -185 -160 -186 125 239 -100 56 -207 -10 333 209 -244 -95 184 190 155 -358 -17 -225 479 461 46 25 89 43 388 -331 39 164 -243 74 280 -255 466 -183 215 535 -16 359 -97 -384 156 407 113 -107 124 -52 -388 -120 -240 -214 0 94 -183 13 -163 758 70 429 -216 -132 -712 -40 359 -80 -286 -282 -384 51 267 497 -523 -82 -658 425 33 217 391 337 151 -103 -82 -200 -153 -136 88 87 110 -6 394 448 -170 470 -55 -175 -52 73 231 88 366 -39 84 538 -124 -79 81 -304 -163 94 486 -108 -216 -151 60 -167 257 -39 425 6 -56 4 -84 173 -78 -168 135 44 165 131 -318 -19 -32 -254 -21 282 488 -621 -25 263 -187 23 -268 -105 117 1583863281
213 472 379 -153 -485 653 410 397 201 229 -251 91 734 239 -167 -373 -227 -125 11 235 -432 -171 -49 -151 436 133 -223 -505 211 181 -670 -114 220 8 24 -572 -108 31 -342 -259 63 -56 368 40 29 78 -166 -297 287 153 -159 -305 -498 -21 226 -34 -158 -107 45 1013 434 231 216 33 -43 -141 40 289 237 -202 68 415 -25 211 -791 -533 411 384 -276 175 15 -318 -269 98 -269 -360 -142 -411 -25 -110 -64 100 -215 56 68 -51 -212 194 -272 -270 -134 273 244 475 -255 -195 -78 148 -306 59 -573 -392 -17 -398 158 273 -45 280 134 -239 117 251 352 78 -28 -149 -79 -68 322 -210 -59 89 497 640 199 -278 241 903 -147 464 -28 263 240 -44 -66 338 4 339 -249 -459 336 -192 -308 -159 153 176 -281 329 -214 -84 144 229 -82 -56 423 345 440 81 -395 -149 4 381 -382 -61 474 -38 157 -4 412 -193 196 88 602 -20 -139 106 -67 509 -192 185 25 179 328 -403 -121 -1078 -260 -5 21 103 112 47 -164 -158 301 -4 11 500 -44 175 -387 -199 -329 -72 27 -357 -636 -251 -70 616 41 -419 -117 -7 23 -75 -496 -265 571 418 151 -597 -165 -24 -303 307 -213 -578 -117 -455 19 139 -362 125 313 317 -389 -239 86 261 -187 496 65 9 -28 -532 -332 346 258 67 384 -470 119 108 -77 164 317 44 -257 -27 -75 -171 -267 -452 -30 54 313 178 35 179 -126 266 51 -275 -5 31 -745 -5 398 184 144 16 -230 90 -274 -68 16 -108 210 -227 -182 172 -156 179 266 -440 -416 -131 202 105 206 -297 -229 115 -197 -60 114 -38 149 -94 21 740 25 -110 -6 285 -181 -171 173 74 10 -41 -354 36 -544 419 296 -25 -316 -213 129 -307 -89 71 150 -30 84 140 703 -231 -445 -177 -605 -15 -95 175 171 -151 -187 -115 -148 -352 -322 -46 -132 209 -183 176 1 -58 150 240 10 -6 113 157 -20 90 504 180 -359 496 -463 -45 -177 -197 -26 -416 279 196 202 -226 138 11 -100 -5 184 197 350 -69 111 -488 163 169 478 -112 20 -103 -196 374 377 129 12 -49 362 213 -310 164 456 -90 26 -30 135 -89 589 -198 1583863281
-120 873 115 164 53 -9 235 -228 -50 -137 39 -409 740 -403 -74 -112 -357 24 -194 579 -552 -286 504 -94 -118 -259 -148 -272 -141 -161 -219 320 360 639 746 -130 257 461 -265 -349 -509 -333 -11 117 242 437 381 39 189 -733 278 -250 -40 491 136 -117 59 592 -478 205 56 -535 -139 -98 -198 206 209 -60 111 56 -549 -43 69 -184 -57 -15 485 -184 -31 347 -72 116 88 -185 -298 -489 -477 429 -538 -605 456 314 367 -286 -286 247 7 211 421 -203 -436 -225 -218 331 492 -133 239 32 412 121 161 -113 28 75 -195 -174 -324 -81 406 45 219 -409 250 46 122 -252 37 -460 11 134 36 103 84 -314 146 219 181 -120 -188 80 -251 -424 35 -72 189 -126 541 332 -453 -446 408 225 -370 -519 -77 113 -371 625 177 84 18 -110 426 -204 -7 -462 248 388 -490 554 -271 147 210 220 248 -231 -471 360 357 -353 -252 -432 196 -6 115 -302 63 -335 -62 -324 414 307 91 -431 -166 -237 -382 -73 185 12 -19 260 -30 495 103 -349 -246 -6 194 -83 247 76 -58 -242 322 -267 -275 -142 343 169 -168 -446 -252 731 -55 -232 35 -312 73 212 614 434 409 -145 4 -88 -179 -189 -541 -11 -38 -147 40 46 515 -144 -114 597 503 -368 84 -250 141 209 473 209 141 -109 212 126 -128 -320 601 -195 -348 -127 -139 -111 -70 326 -351 27 4 -575 43 163 -161 -540 -219 19 -609 61 65 -230 -178 -220 159 63 337 107 110 341 -216 -32 143 -40 6 -596 582 -18 -21 -372 -299 184 364 64 287 407 314 272 -455 -112 134 -167 220 -324 330 73 180 -137 -123 -62 -44 78 210 481 96 -32 -230 330 365 269 -249 -23 226 -34 42 -88 -328 162 131 -291 -28 236 66 218 41 -133 -381 633 -467 -56 61 19 218 -150 -28 81 -137 -135 -103 -263 161 -71 -148 139 157 -168 192 35 86 -13 -193 -205 -194 105 100 359 136 113 -400 -61 -151 -122 -310 -262 -96 204 -69 249 -31 250 -38 -57 76 370 -113 -130 -148 62 395 54 446 -24 186 -282 -106 26 -57 -224 344 -80 51 332 326 70 -187 -65 190 188 -103 -429 368 242 28 284 1583863281
-322 53 227 168 -379 -248 696 -165 369 -33 209 -967 661 -171 163 304 -516 -196 168 -369 480 -391 -364 395 335 -455 -389 -65 205 -100 24 60 229 -212 -110 -320 156 324 195 153 106 -95 -27 26 -181 420 -424 -53 -46 -92 524 350 403 608 -30 -42 379 -12 -14 191 -572 214 372 18 -133 -12 40 -394 -293 -365 245 80 -433 -192 -529 13 151 -573 -90 130 257 -535 -446 280 433 -87 -248 541 163 293 -192 -151 -16 113 -288 51 396 105 195 -242 275 -347 -227 -116 365 171 509 154 -157 -508 -606 423 27 10 22 -171 -68 334 313 -156 -99 319 -71 -93 -530 280 -3 -222 160 14 -126 -517 -212 97 -78 -214 718 -541 -196 721 -273 -136 156 115 -680 -177 -60 -456 -9 180 119 80 -353 -332 -4 64 -293 1 -356 -445 167 780 833 -130 -146 278 282 -128 439 -116 640 -82 -688 -80 -58 80 325 -223 -153 -13 -273 272 67 -91 -570 -567 -90 344 165 -334 -110 342 -99 249 282 88 -221 408 9 -130 -246 -159 -241 -278 -174 85 -74 145 27 -365 287 -413 -60 191 114 809 105 348 108 -47 -469 328 241 23 -80 533 110 279 -192 -33 497 -106 -146 225 60 -178 214 -455 185 134 162 -222 186 -256 40 -29 419 -300 66 -261 74 779 -378 106 236 -307 199 518 78 225 -222 525 -6 -280 -530 43 -387 93 52 -34 278 402 233 -29 -76 16 -214 139 -139 248 -152 -649 235 4 132 411 29 -303 -92 -595 -67 -136 -130 -45 -17 68 -107 -366 76 -333 -156 -62 -97 -47 75 -354 -132 14 -250 201 -109 121 -379 59 535 -261 125 -237 -265 -70 -379 -289 -32 -135 20 -418 -427 -125 -29 -191 459 -247 264 180 -122 236 17 351 202 -390 -8 642 61 -443 137 155 -58 251 -128 80 61 -113 115 -152 -141 252 -2 246 -50 116 -561 143 -196 85 223 -188 126 158 252 -15 -81 29 11 -188 296 -382 -102 254 84 -423 460 286 180 -86 26 31 382 -198 338 -370 0 -326 335 236 -172 35 -111 132 -155 21 101 -241 -105 170 192 -167 -231 267 -164 -274 -53 -425 -26 -212 161 -248 -416 223 281 329 -66 171 232 -121 -206 151 1583863281
-94 -372 246 549 288 236 555 296 609 -147 -667 453 130 0 543 65 215 163 -26 -230 33 -430 265 -299 -152 61 -617 116 -459 680 -301 160 201 268 393 452 -28 429 77 -53 531 -654 -244 17 425 195 409 273 462 300 -219 69 32 -214 59 250 -150 -115 165 243 -183 -735 170 54 17 328 7 -153 85 -569 -460 -278 283 66 263 -320 -47 121 -110 41 479 85 -352 -82 -105 350 -434 -89 -42 473 -81 478 -278 673 -151 367 -278 -128 -23 -388 168 267 -108 -450 98 31 -143 169 354 231 95 -160 113 -531 -210 175 -62 -421 -508 -668 213 -202 -147 -416 34 290 139 -282 401 129 48 277 382 -559 276 118 -80 237 -82 -59 345 -346 -127 280 -15 665 7 -150 443 13 -228 -428 129 587 -286 -367 77 216 65 -74 6 344 413 546 107 141 -99 -394 -110 148 -163 -265 405 173 279 283 -558 269 -302 340 145 248 389 216 -293 -4 560 281 -46 152 -93 -117 774 -344 386 -27 -324 21 -99 -174 212 -457 114 492 -449 25 -157 -358 -444 124 -81 -463 285 208 -98 295 -192 209 -540 175 -297 6 429 -345 187 242 29 -74 120 180 -19 -154 268 267 -182 239 273 61 -9 -59 264 -346 129 72 -309 218 -99 238 -471 225 -86 -159 78 473 -260 -266 184 49 9 -57 -237 148 -346 143 437 -709 -394 -358 -345 187 2 -133 -167 -169 -24 470 -215 112 343 -43 230 -37 -161 131 36 -285 -68 65 108 -72 -455 35 197 288 -14 -241 67 325 -182 -6 -42 355 6 52 477 -141 118 -67 -573 469 217 -56 -284 -411 362 109 -232 -505 -271 100 -150 -27 388 59 -73 35 -55 -281 -14 -161 313 -155 111 66 104 -373 -192 -397 158 -67 -445 299 -374 123 -266 41 2 318 142 91 15 -39 -243 -37 -156 -114 236 -4 -101 -675 -272 21 46 11 315 -250 138 202 -311 281 40 97 414 -71 549 11 266 -158 -304 87 -72 -379 42 -14 -49 242 -495 448 249 -160 -226 -55 38 -285 -178 -16 -365 -455 113 98 314 250 -169 -108 602 -2 82 180 42 152 192 81 -419 254 193 -15 184 -225 549 -26 -133 123 54 74 -448 -84 1583863281
224 -207 217 240 -56 7 -138 -518 313 -161 -110 -352 299 -292 5 -98 241 33 915 -472 -233 179 190 -53 507 94 82 289 -160 53 329 -766 -178 -504 -427 -702 -351 -7 3 -44 34 -157 29 -272 19 22 -305 -238 155 -468 525 -346 -212 -60 72 75 11 118 -535 221 65 606 364 -211 238 -212 445 -199 886 490 -32 -38 -120 209 -254 -740 619 -137 -71 -6 -161 107 217 345 102 -31 172 -268 -405 -328 -683 162 -475 129 -395 -304 -236 -133 127 -313 1 -103 305 303 200 -212 -4 -178 -382 -73 -523 389 370 118 23 -172 500 -496 -552 -20 -193 231 -527 40 289 637 -477 -169 525 386 -305 341 -190 756 171 -268 -402 523 686 89 14 -199 -117 -292 454 -137 -400 -83 392 -75 423 -273 115 84 439 -120 567 -176 -244 218 -7 -545 -679 148 -19 160 -116 -90 -29 234 413 -142 54 -177 -162 -394 -91 328 -8 79 303 -319 -102 -128 -63 102 255 614 40 81 435 -373 504 -335 18 362 -99 -138 -34 -566 332 -165 -375 -266 30 254 -55 169 -206 -174 59 469 -1 -324 306 78 -39 19 136 -391 223 -591 -342 128 273 -279 284 -69 402 -132 -273 -672 272 296 169 78 278 52 -89 -66 70 226 194 81 -30 -467 88 251 569 266 145 -277 217 -54 -56 -592 -224 -144 -33 191 -85 102 -56 1 46 199 239 225 114 383 163 -196 -200 173 -249 343 -51 437 -118 -53 561 70 38 -249 220 -309 -89 -138 -163 111 -31 -33 108 88 -145 132 12 -296 -395 72 -100 -147 -80 -22 -118 230 -301 0 -313 -283 603 -86 -66 20 104 -109 63 -11 212 125 284 236 -8 258 154 -8 295 232 -343 -13 171 -533 266 35 -27 -259 41 219 -648 -271 -102 -276 -230 330 30 315 196 -130 -57 -232 159 -179 -82 254 -9 302 131 -253 -127 456 44 -452 -165 8 -130 523 -363 -541 -11 -246 279 -169 -307 -32 29 -172 -562 75 338 -135 568 232 38 74 167 183 452 -2 133 -192 -396 -65 208 -242 611 -90 45 -80 163 -361 -102 -15 3 -293 29 49 -353 205 -287 385 -229 -89 -228 497 -236 -207 180 -95 94 -10 -25 -390 -468 -29 21 -80 1583863281
-413 -80 65 790 214 -191 -465 -502 283 -124 171 -270 108 69 -67 -104 -14 247 127 105 279 -772 -268 -127 -265 -447 -286 -47 -6 -404 193 -88 -187 101 408 -93 -358 151 -467 -206 -183 282 178 2 -61 -304 452 -36 8 52 -289 -340 347 408 465 81 170 209 -226 -11 -172 -45 -153 265 -153 252 79 184 -20 -215 220 36 147 73 396 831 -105 239 -332 -322 -306 -4 -14 75 525 -391 -279 307 -32 67 -190 -442 -183 -88 192 -99 -86 109 430 -86 -190 -285 446 180 -43 267 315 422 154 -445 197 137 -101 -458 -125 100 -230 -408 442 -573 -48 325 -120 -115 -91 -29 22 -165 261 252 -637 -5 -202 271 229 268 -28 -374 10 -117 -164 245 380 176 -65 -60 240 57 -250 34 115 -1 -84 36 550 -212 -151 -140 501 -62 810 -59 -581 -60 137 221 365 128 -503 -252 -16 -23 105 282 -355 383 124 373 31 -6 -13 39 -357 -169 509 18 113 311 354 -377 -105 -85 -267 -41 203 -73 337 399 65 118 202 140 -21 -151 -373 -20 128 410 138 -277 -686 16 -370 360 -10 -103 368 -562 749 -318 -216 -323 638 305 -315 -320 -227 153 396 -257 251 -111 76 17 106 -288 -482 -102 213 -308 -294 8 -423 280 179 -180 -37 62 -156 421 -117 305 89 -722 373 -439 -627 140 80 478 -196 146 241 -372 -20 362 218 214 -232 216 12 91 303 57 -679 375 -605 233 -260 -591 263 9 87 388 -75 366 -73 -6 -171 129 -68 8 -564 333 245 -15 100 -194 -487 267 -269 -224 398 58 -546 -180 204 -62 -365 329 -205 377 -69 -144 71 -113 3 111 -174 -200 343 -143 -466 -284 230 -565 539 4 -233 -419 406 160 -96 -190 -169 58 31 -90 -238 -608 -64 265 -216 -78 -62 -253 -535 79 420 -262 86 183 -26 349 -108 -245 58 -36 -275 17 -179 -151 -229 -370 194 -283 53 -179 -311 -188 -10 -312 -259 -4 -65 29 253 123 -252 232 -187 10 289 314 -69 -303 -69 47 -112 -274 -424 131 -216 349 -124 115 132 411 -427 -138 -550 214 -312 365 -141 -12 -136 -205 123 150 -183 -221 20 403 56 -104 191 -109 -234 -212 64 -12 -103 245 263 256 1583863281
228 -99 583 -28 313 12 286 -19 -478 -52 -133 554 370 602 -341 444 557 -195 50 -120 651 -186 -77 612 -360 138 382 304 149 94 -359 -188 153 4 -408 -293 -268 -295 -246 -382 -521 -110 -137 133 586 -270 -392 -157 72 47 -216 347 -265 509 584 175 -469 -306 447 -379 93 481 617 -196 -225 -254 -326 -454 165 -244 111 -98 211 647 -46 383 -106 -820 -164 148 109 -25 -321 239 -419 456 -499 148 36 202 102 136 86 -211 129 -250 75 -116 254 81 -24 100 452 -488 558 -379 115 747 -15 -74 -141 -361 -796 -358 51 -180 -312 -26 -173 -106 -123 -223 -304 138 20 3 -72 -325 284 132 -303 -95 -146 -7 338 -503 -262 46 -39 -127 134 -154 239 223 -12 -591 331 255 -273 -139 -47 21 657 79 227 73 -288 112 340 -280 -465 317 275 257 -385 125 204 -67 -243 390 -161 64 -148 -439 63 -217 -261 70 85 -307 440 125 169 -4 -726 129 86 284 -60 -359 -393 -491 -438 58 41 0 46 -401 -460 231 176 166 -285 28 -333 26 -592 -362 -69 356 311 163 -153 -521 -83 -11 465 496 249 -151 -119 -223 193 -717 -373 300 -284 266 409 147 294 757 431 463 -4 -313 353 172 246 13 -65 -522 -233 -332 -133 -103 526 -130 101 -4 79 -66 185 -47 -275 212 452 261 -300 39 32 179 30 188 -583 -240 293 241 91 -303 -75 198 -363 -169 345 -147 -148 -4 -178 412 370 -57 163 -345 181 471 -33 -348 -145 -458 -358 76 -431 300 -453 69 325 -247 -50 -144 298 -417 123 181 -57 295 97 158 16 -1 -55 320 382 84 -128 166 105 376 171 -653 -88 -623 -289 -307 -91 282 -11 -208 -217 116 230 363 85 415 -261 -7 -48 -29 28 105 143 57 456 46 -413 85 -612 82 267 -167 117 35 -24 -483 37 217 -266 418 492 93 17 0 -221 35 35 141 -14 91 302 53 -299 114 -263 -86 360 296 28 97 -617 -7 -63 215 12 346 -127 86 -526 112 509 258 -144 63 -165 177 230 -272 -49 -9 318 -33 -138 198 -162 -282 368 -7 -350 176 -89 116 -203 -145 -199 57 247 268 -160 -1 351 -589 41 -260 -134 -16 -119 8 1583863281
193 -364 -340 155 -127 -48 6 482 275 -92 369 42 -149 432 161 -210 65 -161 1006 -100 -288 268 -189 317 -33 58 -174 -96 -64 -132 -63 354 -39 170 60 -135 52 66 184 -215 58 -206 319 -435 172 114 233 27 -294 -28 -133 -164 92 212 50 -76 -194 491 -20 585 236 -355 -73 314 39 -15 176 -183 -515 127 -120 -164 -2 -274 288 -112 888 87 483 -233 -269 -383 86 -120 310 331 496 5 120 437 -149 -478 -292 -463 658 12 158 -54 -382 -395 156 60 126 158 60 745 163 -637 214 243 -645 125 -417 20 -656 -60 -550 -604 19 363 351 8 -156 -27 -812 122 -305 -60 146 -41 -519 -276 -283 -179 -147 -223 -147 187 -284 -131 383 84 -76 222 -260 197 -243 -94 53 419 110 -24 -57 -530 488 115 -705 -245 -251 146 387 32 -46 -139 234 216 -194 -169 -582 492 1 -123 -46 -117 -227 -74 501 224 440 -60 -329 -446 44 577 -157 80 -106 91 447 431 -53 -435 501 146 31 -57 309 -38 392 -136 -186 66 245 124 -52 -792 567 475 -152 -136 396 355 41 -147 -338 287 12 -222 -381 304 29 193 317 166 200 -258 -4 -472 -285 427 572 -477 593 -60 388 -80 -508 -465 -637 -80 -36 339 -72 -344 -289 134 252 242 2 -347 -152 -289 -294 41 -1027 38 3 -246 -268 -288 -209 -197 97 39 403 620 290 -466 -7 6 -46 168 407 28 364 105 119 100 337 86 53 306 119 -85 297 5 -559 408 -50 172 -585 -11 -253 35 -47 275 -176 149 -127 -165 273 -409 236 138 88 -31 -239 234 109 -257 -45 73 -234 64 4 84 401 150 -227 70 266 -134 45 100 -171 332 -309 217 110 -34 107 -118 -40 -93 30 13 -159 402 -134 128 -173 505 -39 40 -81 -495 -445 -39 112 -243 -168 -105 216 -40 15 74 431 63 251 106 298 -31 -336 -122 -301 493 -272 160 -450 172 5 110 162 -317 -103 240 -200 123 -417 -1 345 -401 -127 -154 -405 -387 298 272 263 237 282 -188 -346 372 170 328 -113 488 -156 601 -349 -410 207 629 258 -1 -663 -174 -113 -64 -180 -34 113 -14 -228 -6 176 138 335 272 342 52 171 -144 -125 78 1583863281
