-16088628 -15505537 21958393 5210060 -2542352 -7506899 345992 -138432 119168 -120144 -40014 -27992 -4922 -58520 -9354 -2008 -6258 -3435 -1042 -346 -214 -195 -641 -353 -2 -25 -11 -6 1 0 0 1 -2 0 -1 -2 0 0 0 3 0 0 4 0 1 0 -1 0 0 0 0 0 0 0 2 -2 0 0 0 0 1583836345
159969015 132011735 -290706184 -165809360 -5969386 165507390 -1839633 -61600 -2190910 -51371 -18096 -1504449 -3722 -50284 -220084 214204 -4298 -2327 -421 -5557 -146 -10995 -490 -234 -8 -1016 6 25 11 -10 0 11 0 -23 3 -1 0 0 1 4 -1 5 0 -2 0 -17 3 0 0 -1 -2 0 1 -3 1 2 0 0 -1 0 1583836345
-16088175 -15510601 21978288 5018684 -7870465 -7597219 -1824530 -142242 119333 -126338 -43337 -28130 -3989 -65211 -9574 -2110 -983 -3512 -1038 -387 -191 -228 -407 -285 -4 -25 -8 -6 1 0 0 1 -5 0 -1 6 0 0 -1 0 0 0 0 0 1 0 -3 -1 1 -1 0 -1 -1 0 0 0 0 0 0 0 1583836345
-16089408 -15508366 21974052 5022562 -7878366 -7596395 -1822427 -142251 120627 -126337 -43334 -30221 -3996 -65471 -10910 -3688 -5166 -3149 -992 -685 -211 -145 -115 -306 -3 -25 -11 -2 1 0 0 1 0 0 1 1 0 0 0 -1 0 0 0 0 0 0 0 0 0 0 0 0 0 0 0 0 0 0 0 0 1583836345
-16086787 -15509073 21974858 5023605 -7736884 -7592439 -1842791 -142266 119350 -126387 -43360 -26457 -3964 -61270 -8637 -2073 12196 -3009 -1084 -1484 -128 -208 -843 -476 -6 -24 -5 -4 2 1 0 2 -1 0 1 4 0 0 0 0 0 0 3 1 0 0 2 -1 1 0 0 3 2 0 -1 0 0 0 0 0 1583836345
-16089578 -15509879 21977122 5020262 -7881472 -7597344 -1820461 -142239 120627 -126329 -43330 -30224 -3998 -65724 -10913 -3691 -6661 -3122 -981 -669 -218 -142 -87 -159 -3 -26 -16 -4 1 0 0 1 -3 0 1 0 0 0 0 0 0 0 0 0 -1 0 0 0 0 0 0 0 0 0 0 0 0 0 0 0 1583836345
-15610776 -15130869 21091999 5681741 15742027 -7170158 7302911 -126778 -240758 -99734 -29128 -46105 -7795 14193 -6303 -3936 -3139 -2153 -1112 -2049 -217 -44 1865 -544 -14 -31 -1 -5 1 -1 0 2 4 0 12 0 0 0 0 -2 0 1 -1 1 0 -1 -3 1 -1 2 0 0 0 0 1 0 0 0 0 0 1583836345
-16087351 -15499257 21939206 5343741 1113485 -7442088 886169 -137335 117816 -118505 -39066 -19943 -5009 553 -5209 3058 -3347 -4095 -1185 2327 -224 -2249 -699 -460 -3 -5 -7 -11 -1 -6 0 0 2 0 6 -4 0 3 -2 -2 0 0 0 0 0 0 0 0 0 0 0 0 0 0 0 0 0 0 0 0 1583836345
-16040523 -15464954 21868682 5214626 -2666635 -7489816 92805 -139014 82570 -120835 -40379 -1650 -4736 -43600 5118 13565 -8696 -4928 -1090 1371 -231 -1276 -378 -341 -3 0 -12 -2 4 4 0 3 -1 0 2 -1 0 0 0 0 0 0 0 0 0 0 1 0 0 0 0 0 0 0 0 0 0 0 0 0 1583836345
-16088156 -15510425 21977906 5019479 -7854562 -7596850 -1824078 -142241 119333 -126336 -43335 -28172 -3990 -64893 -9619 -2143 -4904 -3443 -1010 -331 -210 -207 -64 -305 -3 -26 -11 -6 1 0 0 1 0 0 1 1 0 0 0 0 0 0 0 0 0 0 0 0 0 0 0 0 1 0 0 0 0 0 0 0 1583836345
-16088157 -15509917 21976321 5029734 -7583557 -7592235 -1559672 -141806 119320 -125597 -42947 -28147 -4122 -71694 -8690 -2130 -7374 -2724 -952 -1186 -218 -151 -100 20 -4 -26 -21 -6 1 0 0 1 -3 0 2 0 0 0 0 0 0 0 0 0 -1 0 0 0 0 0 1 0 0 0 0 0 0 0 0 0 1583836345
-16057444 -15221230 21388158 5513418 -5734401 -7391226 -1102074 -142574 120569 -124722 -42337 -30113 -4278 -52944 -10820 -3629 -2780 -3193 -1025 -715 -203 -143 -463 397 -7 -8 -28 28 -5 -1 0 1 -8 0 2 0 0 0 1 2 0 0 0 0 -1 0 3 0 0 -1 2 1 0 0 0 1 0 0 0 0 1583836345
-16074192 -15487771 21921508 5224217 -2272515 -7465706 -439166 -139723 124446 -122332 -41146 -175 -4449 -20676 -12570 -3833 -2288 -3373 -1043 -802 -216 -122 -627 -9 -5 48 -20 11 12 24 0 -36 -7 -21 0 2 0 0 -3 1 0 1 0 1 -1 0 0 2 -2 0 -1 1 -1 0 -1 1 0 0 0 0 1583836345
-16079983 -15497597 21947077 5110838 -5397431 -7533193 -759081 -140426 123080 -123324 -41723 -11547 -4427 -65002 -11961 -3829 -9359 -3206 -981 -697 -230 -122 -195 -304 -2 19 -13 4 8 14 0 -22 0 -13 3 0 0 0 0 0 0 0 1 0 1 0 -1 0 0 0 0 0 -1 0 0 0 0 0 0 1 1583836345
-16081296 -15499495 21951877 5094510 -5830065 -7543228 -1077023 -140950 122979 -124223 -42216 -13693 -4308 -69505 -11869 -3826 -8385 -3212 -981 -702 -223 -128 -170 -223 -3 13 -15 3 7 12 0 -19 -2 -11 1 1 0 0 0 0 0 0 0 0 0 0 0 0 0 0 0 0 0 0 0 0 0 0 0 0 1583836345
-16085476 -15502535 21955039 5147730 -4360501 -7528716 958100 -137618 121816 -118541 -39222 -21535 -5312 -120712 -11224 -3751 -8861 -3228 -1012 -688 -195 -129 -524 -302 -2 -5 -13 -1 4 6 0 -9 0 -6 0 0 0 0 2 2 0 0 2 0 1 0 0 0 0 0 0 0 0 0 1 -1 0 0 0 0 1583836345
-16020359 -15425253 21795494 5155694 -4911033 -7386852 32322 -139457 137923 -121260 -40650 98584 -4634 -90640 -18698 -4923 -5920 -4004 -1010 -1057 -198 -95 -526 -151 -5 297 -20 72 46 106 0 -164 -1 -92 2 -4 0 0 0 4 0 4 2 1 0 -2 -1 0 -1 0 0 1 1 0 -2 0 0 0 0 0 1583836345
-16081686 -15505799 21967464 5021294 -7893476 -7593303 -1818568 -142266 114183 -126325 -43333 -20410 -3985 -66062 -5554 3772 -7087 -5185 -1100 1916 -219 -406 -65 -318 -3 -24 -12 -6 2 0 0 1 -1 0 3 0 0 0 0 1 0 0 0 0 0 0 0 0 0 0 -1 0 0 0 0 1 0 0 0 0 1583836345
-16088552 -15497704 21949330 5092812 -6313726 -7565004 -502356 -140108 120579 -122651 -41388 -30334 -4634 -93842 -10805 -3685 -9965 -3105 -979 -643 -217 -132 -166 -284 -2 -21 -13 5 0 0 0 1 1 0 2 0 0 0 0 1 0 0 0 0 0 0 0 0 0 0 0 0 0 0 0 0 0 0 0 0 1583836345
-16088268 -15509399 21973807 5056389 -6843535 -7580058 -943853 -140780 119303 -123870 -42036 -28212 -4418 -84546 -9547 -2114 -8324 -3433 -1001 -278 -215 -213 -171 -255 -3 -26 -14 -6 1 0 0 1 -2 0 1 2 0 0 0 0 0 0 0 0 0 0 0 0 0 0 0 0 0 0 0 0 0 0 0 0 1583836345
-16086483 -15505582 21961796 5152781 -4068817 -7529211 -2183419 -142536 118587 -127171 -43673 -24625 -3598 33245 -8247 302 26919 -4793 -1310 672 -100 -74 -1910 1172 -18 -26 -43 -4 2 0 0 0 -26 0 0 14 0 -1 -2 0 0 0 8 13 -7 0 0 14 -11 -6 1 4 -1 0 4 -4 0 -1 0 1 1583836345
-16088590 -15509599 21974766 5053286 -6896387 -7580478 -1910081 -142306 119596 -126532 -43412 -27440 -3898 -40283 -9573 -1723 -7202 -3643 -1016 146 -233 -352 -52 -191 -3 -24 -15 -6 1 -1 0 1 -3 0 1 0 0 0 0 0 0 0 0 1 0 0 1 0 0 -1 0 0 0 0 0 0 0 0 0 0 1583836345
-16088937 -15503887 21950391 5331864 1047812 -7443394 -2639453 -142869 119133 -128204 -44075 -26858 -3127 163120 -10547 -3322 1536 -2775 -1034 -1118 -294 -92 -716 401 -8 -22 -27 -4 2 1 0 1 -15 0 3 0 1 0 -10 0 0 0 3 3 -3 0 4 1 -1 -5 1 2 -1 0 0 1 0 0 0 0 1583836345
-16085287 -15506646 21967181 5078931 -6184815 -7564341 -1977437 -142372 118172 -126691 -43477 -23919 -3821 -22188 -8046 919 -1717 -4751 -1114 1237 -214 -538 -373 210 -7 -19 -21 -6 2 0 0 1 -8 0 1 2 0 0 -2 0 0 0 0 0 0 0 1 -1 1 -1 1 0 0 0 0 0 0 0 0 0 1583836345
-16089016 -15502496 21944702 5394492 2831669 -7412608 -2803560 -142996 119035 -128586 -44240 -26559 -2973 201527 -9806 -1692 3310 -3578 -1100 -108 -303 -252 -905 1533 -14 -20 -58 -6 2 0 0 0 -22 0 6 -1 1 0 -9 -3 -1 0 2 -4 0 0 2 0 0 0 1 -1 0 0 0 0 0 0 0 0 1583836345
-16076707 -15501124 21957059 5027170 -7840220 -7588542 -1833122 -142315 110296 -126370 -43359 -13959 -3957 -64060 -317 8598 10047 -5498 -1215 1654 -135 -631 -885 -516 -6 -20 -3 -6 2 -1 0 1 0 0 2 1 0 0 1 0 0 0 6 0 0 0 0 2 -1 2 0 -1 1 0 1 -2 0 -1 0 0 1583836345
-16088175 -15510619 21978330 5018533 -7874114 -7597295 -1821079 -142237 119333 -126328 -43331 -28158 -3994 -65472 -9627 -2132 -6979 -3421 -996 -293 -220 -208 -48 -307 -3 -26 -12 -6 1 0 0 1 -1 0 1 0 0 0 0 0 0 0 2 0 0 0 0 0 0 0 0 -1 0 0 0 0 0 0 0 0 1583836345
-16086250 -15475341 21901720 5176550 -4794149 -7525921 -1033828 -140954 120534 -124085 -42082 -30012 -4277 -37123 -10816 -3607 -8991 -3064 -983 -646 -242 -124 -193 -322 -2 -11 -10 23 -4 -1 0 1 -1 0 3 0 0 0 0 0 0 0 0 0 0 0 0 0 0 1 0 0 -1 0 0 1 0 0 0 0 1583836345
-16086514 -15509166 21975121 5019338 -7886130 -7596267 -1820096 -142245 118044 -126327 -43332 -26390 -3992 -65786 -8306 -779 -6865 -3530 -1001 -167 -219 -180 -48 -318 -3 -26 -12 -6 2 0 0 1 0 0 3 0 0 0 0 0 0 0 0 1 0 0 1 0 0 0 0 0 0 0 0 0 0 0 0 0 1583836345
-16088207 -15509876 21975644 5040266 -7284474 -7587405 -1310790 -141390 119307 -124898 -42578 -28362 -4241 -76812 -9694 -2237 -8148 -3411 -996 -287 -219 -161 -106 -221 -3 -26 -14 -6 2 0 0 1 -1 0 1 2 0 0 0 0 0 0 0 0 0 0 0 0 0 0 0 0 0 0 0 0 0 0 0 0 1583836345
-16088213 -15509343 21973944 5055444 -6855407 -7579758 -1513570 -141680 119294 -125439 -42847 -28039 -4112 -58451 -9511 -2064 -7555 -3383 -997 -324 -225 -208 -114 -274 -3 -26 -16 -6 1 0 0 1 -3 0 1 0 0 0 -2 0 0 0 0 0 0 0 0 0 0 0 0 0 0 0 1 -1 0 0 0 0 1583836345
-14260340 -14088770 18806157 4690002 -5337966 -7288385 -851766 -144082 -1257464 -122158 -41645 232074 -3973 -58452 160863 184031 -7482 -24377 -2039 24204 -176 -5272 -207 -241 -54 52 -15 -10 1 -8 0 -1 -3 0 0 2 0 8 1 -3 0 -2 -1 0 -1 0 0 0 0 0 0 0 0 0 0 0 0 0 0 0 1583836345
-16088253 -15489465 21898028 5761477 12788643 -7245348 6087383 -128277 117399 -103705 -31149 -25177 -7279 -3470 -7272 23 20482 -4240 -1369 -329 -95 -302 -2813 114 -10 -21 -17 -5 1 0 0 0 -24 0 -15 26 0 0 -12 -12 -3 0 -9 -3 -2 -1 -5 0 0 5 -1 1 2 0 4 -3 0 0 1 3 1583836345
-16002529 -15443667 21826670 5049832 -6219860 -7560622 -1975708 -142497 54883 -126607 -43457 -23512 -3817 -22273 -8128 -506 2335 -3441 -1054 -578 -195 -238 -351 -109 -8 -21 -17 -6 1 0 0 1 -7 0 -2 0 0 0 1 0 0 0 0 2 0 0 0 0 0 0 0 1 0 0 0 0 0 0 0 0 1583836345
-16086599 -15508073 21970696 5067675 -6511498 -7572521 -1945159 -142342 117992 -126612 -43443 -26206 -3858 -30061 -8425 -741 -7082 -3581 -1007 -42 -238 -171 14 -281 -3 -26 -13 -6 2 0 0 1 -2 0 0 1 0 0 0 -1 0 0 0 0 0 0 0 0 0 0 0 0 0 0 0 0 0 0 0 0 1583836345
-15962624 -14370864 19653751 6979057 1080179 -6772802 -2651923 -149305 120386 -130054 -44585 -28837 -3104 169956 -10811 -3299 -2222 -2972 -1022 -691 -317 -101 291 -280 -4 99 -13 250 -50 -6 0 1 -8 0 0 5 0 -1 1 -2 0 0 -3 0 -1 0 0 0 0 0 0 0 0 0 0 0 0 0 0 0 1583836345
-16037388 -15447376 21815257 5649309 10029170 -7234696 -3460667 -143674 100918 -130103 -44826 18486 -2159 400786 -10452 -245 7658 -3493 -1115 -575 -385 -150 188 -196 -7 82 374 18 15 31 0 -48 -16 -27 -3 13 0 0 0 -4 -1 1 -6 0 -2 0 0 -2 1 1 0 0 1 0 0 0 0 0 0 0 1583836345
-16088272 -15509056 21972374 5079975 -6133526 -7567120 -1993720 -142381 119271 -126734 -43499 -27809 -3804 -19699 -9490 -1978 23772 -3933 -1221 -646 -91 -274 -1627 337 -13 -23 -19 -5 2 0 0 0 -19 0 -7 22 0 0 -6 0 0 0 -1 2 2 1 7 0 0 2 -1 -2 1 0 0 0 0 0 0 0 1583836345
-16088262 -15511085 21978829 5027421 -7600940 -7592806 -1847158 -142255 119342 -126387 -43355 -28950 -3967 -58382 -9156 -2065 -3449 -3198 -1004 -685 -206 -210 -249 -110 -4 -25 -13 -6 1 0 0 1 -5 0 1 2 0 0 0 0 0 0 0 1 0 0 0 1 -1 0 0 -1 0 0 0 0 0 0 0 0 1583836345
-16090041 -15507594 21965310 5175842 -3404437 -7520780 -2229537 -142548 120491 -127262 -43696 -29525 -3558 51022 -10867 -3498 -4317 -3053 -1003 -683 -266 -123 -46 -157 -4 -25 -14 -4 1 0 0 1 -5 0 1 1 0 -1 1 -1 0 0 0 3 -2 0 0 1 -1 -1 0 0 -1 0 0 0 0 0 0 0 1583836345
-16088167 -15510641 21978392 5018093 -7886049 -7597504 -1820087 -142236 119326 -126325 -43330 -28142 -3995 -65774 -9904 -2113 -7249 -3645 -1008 0 -221 -233 -1 -313 -3 -26 -12 -6 2 0 0 1 0 0 2 -1 0 0 0 0 0 0 0 0 0 0 0 0 0 0 0 0 0 0 0 0 0 0 0 0 1583836345
-16089716 -15509259 21973796 5065126 -6588496 -7575248 -1948133 -142343 120586 -126628 -43453 -30006 -3858 -31891 -10861 -3607 13107 -3457 -1127 -882 -137 -180 -1128 605 -12 -23 -34 -4 1 0 0 0 -14 0 -2 14 0 0 -3 0 0 0 2 2 0 0 3 4 -3 1 0 -2 1 0 -2 0 0 0 0 0 1583836345
-16091882 -15476930 21853637 6157539 23715576 -7059501 10035231 -121272 119201 -92378 -25004 -14172 -8844 57239 -2015 7132 1177 -5931 -1423 2134 -208 -3876 -3108 89 -5 35 -23 -16 -2 -13 0 -5 -16 1 -12 6 0 8 -4 -6 -1 0 -7 0 -3 0 1 -2 1 0 0 1 0 0 0 0 0 0 0 0 1583836345
-16088766 -15503855 21952076 5262538 -1118661 -7483245 1741326 -136132 119124 -116239 -37952 -28081 -5589 -87771 -9082 -1984 -5858 -3385 -1063 -496 -193 -187 -827 638 -7 -25 -39 -6 1 0 0 1 -6 0 0 -2 -1 -1 5 0 0 0 0 0 1 0 0 0 0 0 0 0 1 0 0 -1 0 0 0 0 1583836345
-16089041 -15505107 21967438 5027425 -7874609 -7594405 -1820998 -142267 120627 -126337 -43333 -30223 -3997 -65480 -10914 -3692 -7312 -3110 -976 -662 -222 -140 -43 -275 -3 -25 -13 -2 1 0 0 1 -2 0 0 1 0 0 0 0 0 0 0 0 0 0 0 0 0 0 0 0 1 0 0 0 0 0 0 0 1583836345
-16088303 -15508953 21971926 5079698 -6168819 -7568246 -1265931 -141238 119277 -124728 -42462 -28056 -4210 -54696 -9459 -2084 -5029 -3383 -1017 -407 -214 -198 -203 -265 -3 -26 -13 -6 1 0 0 1 -3 0 -2 0 0 0 1 0 0 0 -3 0 0 0 0 0 0 0 0 0 0 0 0 0 0 0 0 0 1583836345
-16089579 -15509894 21977161 5020062 -7886726 -7597441 -1819937 -142239 120627 -126327 -43330 -30224 -3998 -65789 -10912 -3690 -6163 -3131 -984 -675 -216 -143 -112 -284 -3 -26 -13 -4 1 0 0 1 -3 0 1 1 0 0 0 0 0 0 0 0 0 0 -1 0 0 0 0 0 0 0 0 0 0 0 0 0 1583836345
-16088154 -15510479 21978065 5018321 -7885962 -7597414 -1820202 -142237 119325 -126326 -43331 -27959 -3994 -65779 -9442 -1997 -6618 -3401 -996 -340 -218 -255 -87 -288 -3 -25 -13 -6 1 0 0 1 -3 0 0 1 0 0 0 0 0 0 0 0 0 0 0 0 0 0 0 0 0 0 0 0 0 0 0 0 1583836345
-16089620 -15510160 21977588 5022097 -7815391 -7596397 -1830379 -142248 120624 -126354 -43342 -30205 -3985 -63661 -10897 -3677 747 -3257 -1034 -749 -183 -159 -258 -356 -4 -26 -7 -4 1 0 0 1 0 0 1 1 0 0 0 -1 0 0 1 0 0 0 0 0 0 1 0 0 1 0 0 -1 0 0 0 0 1583836345
-16060847 -15454259 21859107 5108392 -6652010 -7527078 -782297 -140790 111833 -123532 -41885 87304 -4325 -88841 52002 74682 -8352 -14782 -2684 42261 -141 -22121 -379 -318 -7 107 -17 -75 -40 -75 0 -34 0 5 2 0 -1 57 8 0 -1 0 0 0 -1 0 0 0 0 0 0 0 0 -1 0 0 0 0 -1 0 1583836345
-16082437 -15491314 21936200 5090396 -6444293 -7562030 -1963156 -142462 114808 -126703 -43499 16027 -3771 -27633 10000 28083 13400 -13409 -1775 13615 -124 -10602 5896 -526 -7 92 0 -38 -12 -39 0 -16 5 2 5 -4 0 28 4 -4 0 -1 -1 1 -1 0 -1 0 0 0 0 0 0 0 0 0 0 0 0 0 1583836345
-16058690 -15452113 21856481 5084060 -7046607 -7516986 -1110688 -141310 122893 -124458 -42368 82718 -4173 -81872 45379 73995 -8848 -21693 -2625 37777 -170 -19485 -245 -321 -7 150 -17 -65 -29 -67 0 -29 1 4 2 0 -1 51 6 -1 0 -2 0 0 -1 0 0 0 0 0 0 0 0 1 0 0 0 0 0 0 1583836345
-16086755 -15479657 21879070 5765091 12612278 -7241150 4662264 -130592 117228 -107651 -33178 3168 -6460 68883 4142 19230 1113 -10796 -1647 9146 -224 -7240 -2055 -442 -5 74 -11 -27 -7 -27 0 -11 -9 2 -5 -6 0 20 -6 3 1 0 -2 0 1 0 2 -2 1 -1 0 0 1 0 0 0 0 0 0 0 1583836345
-16090870 -15488112 21887856 5931612 17731700 -7160979 5572114 -128701 119878 -104943 -31735 -27816 -6890 85188 -9459 -2156 9750 -3710 -1283 -458 -195 95 -2755 -319 -5 -25 -6 -4 2 0 0 1 -18 0 -11 -7 2 0 -17 7 1 0 -6 -3 1 0 0 -2 1 0 0 -1 0 0 -2 0 0 0 0 0 1583836345
-16090521 -15474657 21844969 6230447 25745961 -7024673 11119760 -119418 117900 -89305 -23363 -14540 -9327 51536 -2952 6916 2347 -6341 -1517 3720 -195 -3415 -2893 -106 -5 19 -16 -15 -3 -13 0 -4 -12 0 -3 23 0 8 -1 -12 -2 0 -9 0 -4 0 1 -3 2 1 0 1 1 0 0 0 0 0 0 0 1583836345
-16082653 -15429898 21795414 5509347 2911192 -7373266 2736895 -134666 120297 -113442 -36375 -29877 -5930 -46443 -10425 -3440 -2779 -3232 -1092 -723 -196 -125 1711 -234 -3 -1 -13 57 -11 -2 0 1 -4 0 2 6 0 0 0 -4 -1 0 -3 0 -2 0 0 0 0 0 0 0 0 0 0 0 0 0 0 0 1583836345
-15910617 -15378219 21679655 5107335 -7898461 -7473255 -1820388 -143108 -16868 -126437 -43483 186246 -3689 -67629 178860 160319 -2592 6347 -112 -14610 -161 -1405 -239 -381 3 -13 -7 -14 -3 -12 0 -3 0 0 6 -1 0 4 2 5 1 0 -1 -2 -2 1 -1 0 0 -1 -4 0 3 0 2 3 0 0 0 0 1583836345
-16084856 -15507610 21971672 5020957 -7878429 -7594854 -1822343 -142258 116756 -126334 -43336 -24416 -3987 -65536 -7071 719 -4546 -3868 -1035 169 -207 -224 -204 -275 -4 -26 -12 -6 2 0 0 1 -2 0 0 2 0 0 0 0 0 0 -1 0 2 0 -2 0 0 -1 0 0 0 0 0 0 0 0 0 0 1583836345
-16067849 -15312121 21570613 5426628 -4376403 -7421432 -2154430 -143612 120523 -127416 -43727 -29653 -3634 26820 -10826 -3502 19424 -3509 -1169 -936 -137 -186 494 -391 -8 65 -9 188 -37 -5 0 0 -6 0 -11 0 -1 -1 3 -6 -1 0 -3 0 -3 0 0 -1 0 1 0 0 0 0 0 0 0 0 0 0 1583836345
-15386601 -14940528 20754536 4478021 -7881306 -7032003 -1820232 -142384 -14513 -126001 -43258 15610 -3921 -66112 24499 36798 -6050 -8081 -1245 5387 -205 -390 -98 -338 -7 -7 -10 -4 3 1 0 2 -2 0 3 -1 0 -1 0 1 0 0 0 1 0 0 1 0 0 0 0 0 0 0 0 0 0 0 0 0 1583836345
-16077519 -15401240 21755027 5217603 -6717397 -7513496 -1936269 -142946 120593 -126774 -43490 -30026 -3870 -34708 -10865 -3615 10804 -3415 -1109 -856 -148 -175 -845 -92 -8 0 -12 45 -8 -1 0 1 -8 0 -7 13 0 0 -2 -6 -1 0 -4 1 -1 0 2 0 0 0 0 1 0 0 1 0 0 0 0 0 1583836345
-16091918 -15469997 21817765 6576550 35546660 -6861091 15222420 -112212 117994 -77588 -17060 -26430 -11078 71054 -7611 -1059 11359 -3787 -1467 -691 -155 -110 -3594 -685 -2 -22 -4 -4 1 0 0 1 -6 0 -7 -8 -1 -2 8 -3 0 0 -9 2 -3 -1 -6 0 0 1 0 -1 0 0 0 0 0 0 0 0 1583836345
-16090845 -15496981 21925352 5532664 6429954 -7354669 3414361 -132944 120188 -111316 -35213 -29566 -6123 -1777 -10321 -3327 -957 -3233 -1122 -740 -208 -117 2171 -441 -2 -33 -10 -4 1 0 0 2 5 0 8 1 0 -1 4 -2 0 0 -3 2 0 0 -1 0 0 0 0 0 0 0 0 0 0 0 0 0 1583836345
-16086672 -15508824 21974687 5018322 -7862737 -7592570 -1826873 -142248 120749 -126347 -43341 -26441 -3983 -64851 -11101 -3715 973 -3264 -1034 -792 -182 -157 -383 -414 -4 -23 -6 -2 3 3 0 3 1 0 3 -1 0 0 0 0 0 0 1 1 0 0 0 0 0 0 0 1 1 0 0 0 0 0 0 0 1583836345
-16088626 -15510113 21977402 5021263 -7769059 -7593573 -1838442 -142252 121327 -126376 -43354 -27610 -3973 -62264 -8071 -2545 7158 -1318 -1114 1041 -145 -503 -595 -348 -6 -49 -7 -7 0 0 0 1 0 0 -1 7 0 0 -1 -1 -1 0 3 0 1 0 0 -1 0 0 0 0 0 0 -1 0 0 0 0 0 1583836345
-16088124 -15504202 21962804 5072864 -6568583 -7573085 -714815 -140427 119194 -123242 -41708 -14644 -4507 -89460 -3791 7054 -8633 -6552 -1211 4234 -209 -3870 -218 -304 -3 22 -14 -18 -3 -14 0 -4 0 0 3 0 0 9 2 0 0 0 0 0 0 0 0 0 0 0 0 0 0 0 0 0 0 0 0 0 1583836345
-16088029 -15505078 21966281 5043103 -7375036 -7586329 -1641468 -141946 119219 -125827 -43063 -14535 -4045 -63295 -4069 7152 -4616 -6925 -1226 4078 -205 -3862 -230 -115 -5 25 -20 -17 -2 -14 0 -5 -4 1 0 0 0 9 1 0 0 0 0 1 0 0 1 0 0 0 0 0 0 0 1 -1 0 0 0 0 1583836345
-16084718 -15488405 21924821 5201557 -3401469 -7511779 152213 -138905 116314 -120752 -40349 16855 -4775 -62203 9982 28760 -7896 -14012 -1688 13761 -210 -11285 -450 -278 -5 127 -17 -41 -13 -43 0 -17 -2 2 0 0 0 30 2 -1 0 -1 -3 0 0 0 0 0 0 0 0 0 0 0 0 0 0 0 0 0 1583836345
-16088822 -15500238 21954595 5087055 -6372211 -7567417 -581058 -140222 120581 -122867 -41502 -30323 -4594 -91411 -10810 -3684 -9389 -3113 -982 -648 -216 -133 -167 -283 -2 -22 -15 2 0 0 0 1 0 0 3 0 0 0 0 0 0 0 0 0 0 0 0 0 0 0 0 -1 0 0 0 0 0 0 0 0 1583836345
-16088222 -15510600 21977938 5026215 -7651109 -7593491 -1848472 -142262 119340 -126397 -43364 -28250 -3966 -60548 -9470 -2218 7161 -3488 -1089 -683 -149 -255 -593 1948 -17 -23 -67 -7 2 0 0 0 -17 0 9 -2 0 -1 3 -2 0 0 2 -4 -1 0 3 0 0 0 -3 1 -1 0 0 -2 0 0 0 0 1583836345
-16089767 -15511336 21979829 5023394 -7726553 -7595611 -1834357 -142241 120609 -126358 -43342 -29773 -3982 -61609 -9439 -3426 -6284 -2214 -923 -1852 -219 -170 25 -313 -2 -25 -12 -5 2 1 0 2 -2 0 0 -2 0 -2 1 0 0 0 0 0 0 0 0 0 0 0 0 0 0 0 0 0 0 0 0 0 1583836345
-16089403 -15508292 21973866 5023470 -7854695 -7595950 -1829506 -142260 120625 -126357 -43344 -30208 -3986 -64537 -10890 -3673 4205 -3322 -1060 -788 -166 -166 -648 -364 -5 -24 -7 -2 1 0 0 1 0 0 1 -1 0 0 0 5 1 0 -1 0 7 0 0 -1 0 -2 1 0 0 0 0 0 0 -1 0 0 1583836345
-16080084 -15504660 21964591 5027987 -7717508 -7589236 -1846399 -142307 112762 -126409 -43382 -14936 -3954 -60868 52035 6214 15949 36430 1483 -52384 -114 2196 -1142 -312 3 -51 -6 -18 -8 -15 0 -5 -8 1 -3 15 0 1 -3 1 0 1 6 0 1 1 0 -2 1 0 0 0 1 0 -2 0 0 0 0 0 1583836345
-16083605 -15505668 21965682 5055944 -6907866 -7576524 -997250 -140890 116733 -124023 -42119 -22944 -4384 -83425 -6500 686 -8007 -3368 -993 -404 -213 -178 -176 -308 -2 -25 -10 -4 2 1 0 2 0 0 3 0 0 0 0 1 0 0 0 0 0 0 0 0 0 0 0 0 0 0 0 0 0 0 0 0 1583836345
-16088600 -15485840 21912090 5369067 1217414 -7433708 1536873 -135812 120346 -116730 -38138 -29814 -5365 -27273 -10523 -3454 2571 -3334 481 -726 -178 -131 -1201 1083 -11 -17 -47 7 -1 0 0 0 -15 0 1 8 0 -1 3 -5 -1 0 0 1 -2 0 2 1 -1 0 0 0 0 0 0 0 0 0 0 0 1583836345
-15983663 -15429236 21795448 5019530 -6830702 -7571965 -1630400 -142016 40880 -125660 -42988 -24494 -4037 -51786 -11382 -3619 -7917 -3072 -962 -713 -230 -150 4204 -259 -5 -34 -12 -6 1 0 0 1 -5 0 3 1 0 0 -1 1 0 0 0 0 0 0 0 0 0 0 0 0 0 0 0 0 0 0 0 0 1583836345
-15948910 -15355045 21550292 6766573 42289560 -6737831 18216938 -107204 10167 -68922 -12457 -28521 -12379 72660 -7665 -2476 3576 -2606 -1400 -1993 -187 38 -3730 -847 -3 -20 0 -4 1 0 0 2 17 -1 12 -2 -2 -2 13 -2 0 0 0 3 0 0 -2 0 0 2 0 0 0 0 -1 0 0 0 0 0 1583836345
-15969100 -15418830 21769179 5137150 -6238031 -7483447 -1210345 -141745 29479 -124668 -42504 121549 -4046 -60033 189140 108178 -7900 57454 3161 -79624 -209 2539 159 -244 18 -57 -9 -28 -15 -26 0 -10 -1 2 0 -1 0 4 2 0 0 1 0 0 0 3 0 0 0 0 0 0 0 0 0 0 0 0 0 0 1583836345
-16088135 -15510624 21978339 5018332 -7878254 -7597375 -1822311 -142239 119301 -126331 -43333 -28191 -3992 -65476 -9928 -2134 -4679 -3692 -1027 -20 -209 -182 -178 -334 -3 -26 -11 -6 2 0 0 1 -1 0 1 1 0 0 0 0 0 0 3 0 0 0 0 0 0 1 0 0 0 0 2 -2 0 0 0 0 1583836345
-16086551 -15509257 21975290 5019613 -7874258 -7596131 -1820978 -142245 118054 -126329 -43332 -26085 -3991 -65498 -8259 -574 -7391 -3659 -1006 7 -222 -278 -23 -300 -3 -25 -14 -6 1 0 0 1 -1 0 1 0 0 0 0 0 0 0 2 0 0 0 0 0 0 0 0 -1 0 0 0 0 0 0 0 0 1583836345
-16091201 -15480304 21858747 6185149 24703911 -7042787 10047955 -121152 119835 -92291 -24937 -26860 -8835 73839 -9699 -2907 -1901 -3255 -1263 -779 -235 -42 -3219 -705 0 -21 -2 -3 2 1 0 3 4 0 20 -5 2 2 -18 6 0 0 4 1 3 1 7 -2 2 -3 0 0 1 0 0 0 0 0 0 0 1583836345
-16019060 -15450172 21831776 5261962 -401237 -7465201 639051 -137919 66786 -119175 -39466 -24811 -4952 -19615 -9960 -3519 -7574 -2365 -976 -1681 -239 -67 -464 9 -6 -23 -22 -6 1 0 0 1 -4 0 -1 3 0 -1 2 -3 0 0 -2 1 -1 0 0 0 0 0 0 0 0 0 0 0 0 0 0 0 1583836345
-16085223 -15504002 21956983 5171910 -3637518 -7522631 -802600 -140341 116609 -123348 -41687 -23510 -4333 -22051 -5024 1197 -7078 -2628 -965 -1319 -238 -264 -284 296 -5 -24 -28 -7 1 -1 0 0 -6 0 2 1 0 0 1 -1 0 1 0 0 0 0 2 0 0 0 0 0 0 0 0 0 0 0 0 0 1583836345
-16081657 -15505493 21966828 5022099 -7882941 -7592942 -1820266 -142270 114182 -126330 -43336 -20255 -3984 -65990 -4529 3848 -7218 -4458 -1053 1000 -219 -392 -60 88 -5 -23 -22 -6 2 0 0 1 -3 0 2 0 0 0 0 0 0 0 0 0 -1 0 0 0 0 0 1 0 0 0 0 0 0 0 0 0 1583836345
-16072996 -15489678 21920611 5296161 -147030 -7441504 513323 -138050 117111 -119599 -39678 -9051 -4868 -16323 -7658 728 -3310 -3875 -1088 -7 -220 -184 -769 -267 -4 -12 -14 8 9 18 0 9 -8 0 3 2 0 2 1 0 0 0 -3 1 0 0 -2 0 0 0 0 0 0 0 0 0 0 0 0 0 1583836345
-16088209 -15503047 21958403 5117284 -5315222 -7551455 -706314 -140320 119152 -123181 -41679 -14381 -4504 -81957 -3201 7314 -8368 -6429 -1181 3420 -213 -3857 -256 -306 -3 26 -14 -18 -3 -15 0 -5 -3 0 1 -1 0 9 2 1 0 0 0 0 -1 0 0 0 0 0 0 0 0 0 0 0 0 0 0 0 1583836345
-16052814 -15183774 21316089 5492896 -7908523 -7404830 -1821561 -142975 120635 -126855 -43478 -30231 -3996 -65757 -10912 -3691 -6612 -3173 2220 -548 -211 -138 -44 -317 -3 51 -13 152 -30 -4 0 1 -1 0 2 -1 2 0 1 0 0 0 0 1 0 0 0 0 0 0 0 0 0 0 0 0 0 0 0 0 1583836345
-16088567 -15506055 21960193 5197251 -2878893 -7512435 -154386 -139245 119154 -121530 -40727 -27916 -4652 -36382 -9416 -2007 -6793 -3402 -1032 -319 -229 -142 -466 -245 -3 -26 -12 -6 1 0 0 1 -5 0 0 -1 0 0 0 1 0 0 0 0 0 0 0 0 0 0 0 0 0 0 0 0 0 0 0 0 1583836345
-16089618 -15510239 21977860 5019576 -7886281 -7597638 -1819884 -142237 120627 -126327 -43329 -30225 -3998 -65776 -10914 -3692 -7299 -3110 -976 -662 -222 -140 -37 -304 -3 -26 -12 -4 1 0 0 1 -1 0 1 0 0 0 0 0 0 0 2 0 0 0 0 0 0 0 0 0 0 0 1 -1 0 0 0 0 1583836345
-16088628 -15505537 21958393 5210060 -2542352 -7506899 345992 -138432 119168 -120144 -40014 -27992 -4922 -58520 -9354 -2008 -6258 -3435 -1042 -346 -214 -195 -641 -353 -2 -25 -11 -6 1 0 0 1 -2 0 -1 -2 0 0 0 3 0 0 4 0 1 0 -1 0 0 0 0 0 0 0 2 -2 0 0 0 0 1583838187
159969015 132011735 -290706184 -165809360 -5969386 165507390 -1839633 -61600 -2190910 -51371 -18096 -1504449 -3722 -50284 -220084 214204 -4298 -2327 -421 -5557 -146 -10995 -490 -234 -8 -1016 6 25 11 -10 0 11 0 -23 3 -1 0 0 1 4 -1 5 0 -2 0 -17 3 0 0 -1 -2 0 1 -3 1 2 0 0 -1 0 1583838187
-16088175 -15510601 21978288 5018684 -7870465 -7597219 -1824530 -142242 119333 -126338 -43337 -28130 -3989 -65211 -9574 -2110 -983 -3512 -1038 -387 -191 -228 -407 -285 -4 -25 -8 -6 1 0 0 1 -5 0 -1 6 0 0 -1 0 0 0 0 0 1 0 -3 -1 1 -1 0 -1 -1 0 0 0 0 0 0 0 1583838187
-16089408 -15508366 21974052 5022562 -7878366 -7596395 -1822427 -142251 120627 -126337 -43334 -30221 -3996 -65471 -10910 -3688 -5166 -3149 -992 -685 -211 -145 -115 -306 -3 -25 -11 -2 1 0 0 1 0 0 1 1 0 0 0 -1 0 0 0 0 0 0 0 0 0 0 0 0 0 0 0 0 0 0 0 0 1583838187
-16086787 -15509073 21974858 5023605 -7736884 -7592439 -1842791 -142266 119350 -126387 -43360 -26457 -3964 -61270 -8637 -2073 12196 -3009 -1084 -1484 -128 -208 -843 -476 -6 -24 -5 -4 2 1 0 2 -1 0 1 4 0 0 0 0 0 0 3 1 0 0 2 -1 1 0 0 3 2 0 -1 0 0 0 0 0 1583838187
-16089578 -15509879 21977122 5020262 -7881472 -7597344 -1820461 -142239 120627 -126329 -43330 -30224 -3998 -65724 -10913 -3691 -6661 -3122 -981 -669 -218 -142 -87 -159 -3 -26 -16 -4 1 0 0 1 -3 0 1 0 0 0 0 0 0 0 0 0 -1 0 0 0 0 0 0 0 0 0 0 0 0 0 0 0 1583838187
-15610776 -15130869 21091999 5681741 15742027 -7170158 7302911 -126778 -240758 -99734 -29128 -46105 -7795 14193 -6303 -3936 -3139 -2153 -1112 -2049 -217 -44 1865 -544 -14 -31 -1 -5 1 -1 0 2 4 0 12 0 0 0 0 -2 0 1 -1 1 0 -1 -3 1 -1 2 0 0 0 0 1 0 0 0 0 0 1583838187
-16087351 -15499257 21939206 5343741 1113485 -7442088 886169 -137335 117816 -118505 -39066 -19943 -5009 553 -5209 3058 -3347 -4095 -1185 2327 -224 -2249 -699 -460 -3 -5 -7 -11 -1 -6 0 0 2 0 6 -4 0 3 -2 -2 0 0 0 0 0 0 0 0 0 0 0 0 0 0 0 0 0 0 0 0 1583838187
-16040523 -15464954 21868682 5214626 -2666635 -7489816 92805 -139014 82570 -120835 -40379 -1650 -4736 -43600 5118 13565 -8696 -4928 -1090 1371 -231 -1276 -378 -341 -3 0 -12 -2 4 4 0 3 -1 0 2 -1 0 0 0 0 0 0 0 0 0 0 1 0 0 0 0 0 0 0 0 0 0 0 0 0 1583838187
-16088156 -15510425 21977906 5019479 -7854562 -7596850 -1824078 -142241 119333 -126336 -43335 -28172 -3990 -64893 -9619 -2143 -4904 -3443 -1010 -331 -210 -207 -64 -305 -3 -26 -11 -6 1 0 0 1 0 0 1 1 0 0 0 0 0 0 0 0 0 0 0 0 0 0 0 0 1 0 0 0 0 0 0 0 1583838187
-16088157 -15509917 21976321 5029734 -7583557 -7592235 -1559672 -141806 119320 -125597 -42947 -28147 -4122 -71694 -8690 -2130 -7374 -2724 -952 -1186 -218 -151 -100 20 -4 -26 -21 -6 1 0 0 1 -3 0 2 0 0 0 0 0 0 0 0 0 -1 0 0 0 0 0 1 0 0 0 0 0 0 0 0 0 1583838187
-16057444 -15221230 21388158 5513418 -5734401 -7391226 -1102074 -142574 120569 -124722 -42337 -30113 -4278 -52944 -10820 -3629 -2780 -3193 -1025 -715 -203 -143 -463 397 -7 -8 -28 28 -5 -1 0 1 -8 0 2 0 0 0 1 2 0 0 0 0 -1 0 3 0 0 -1 2 1 0 0 0 1 0 0 0 0 1583838187
-16074192 -15487771 21921508 5224217 -2272515 -7465706 -439166 -139723 124446 -122332 -41146 -175 -4449 -20676 -12570 -3833 -2288 -3373 -1043 -802 -216 -122 -627 -9 -5 48 -20 11 12 24 0 -36 -7 -21 0 2 0 0 -3 1 0 1 0 1 -1 0 0 2 -2 0 -1 1 -1 0 -1 1 0 0 0 0 1583838187
-16079983 -15497597 21947077 5110838 -5397431 -7533193 -759081 -140426 123080 -123324 -41723 -11547 -4427 -65002 -11961 -3829 -9359 -3206 -981 -697 -230 -122 -195 -304 -2 19 -13 4 8 14 0 -22 0 -13 3 0 0 0 0 0 0 0 1 0 1 0 -1 0 0 0 0 0 -1 0 0 0 0 0 0 1 1583838187
-16081296 -15499495 21951877 5094510 -5830065 -7543228 -1077023 -140950 122979 -124223 -42216 -13693 -4308 -69505 -11869 -3826 -8385 -3212 -981 -702 -223 -128 -170 -223 -3 13 -15 3 7 12 0 -19 -2 -11 1 1 0 0 0 0 0 0 0 0 0 0 0 0 0 0 0 0 0 0 0 0 0 0 0 0 1583838187
-16085476 -15502535 21955039 5147730 -4360501 -7528716 958100 -137618 121816 -118541 -39222 -21535 -5312 -120712 -11224 -3751 -8861 -3228 -1012 -688 -195 -129 -524 -302 -2 -5 -13 -1 4 6 0 -9 0 -6 0 0 0 0 2 2 0 0 2 0 1 0 0 0 0 0 0 0 0 0 1 -1 0 0 0 0 1583838187
-16020359 -15425253 21795494 5155694 -4911033 -7386852 32322 -139457 137923 -121260 -40650 98584 -4634 -90640 -18698 -4923 -5920 -4004 -1010 -1057 -198 -95 -526 -151 -5 297 -20 72 46 106 0 -164 -1 -92 2 -4 0 0 0 4 0 4 2 1 0 -2 -1 0 -1 0 0 1 1 0 -2 0 0 0 0 0 1583838187
-16081686 -15505799 21967464 5021294 -7893476 -7593303 -1818568 -142266 114183 -126325 -43333 -20410 -3985 -66062 -5554 3772 -7087 -5185 -1100 1916 -219 -406 -65 -318 -3 -24 -12 -6 2 0 0 1 -1 0 3 0 0 0 0 1 0 0 0 0 0 0 0 0 0 0 -1 0 0 0 0 1 0 0 0 0 1583838187
-16088552 -15497704 21949330 5092812 -6313726 -7565004 -502356 -140108 120579 -122651 -41388 -30334 -4634 -93842 -10805 -3685 -9965 -3105 -979 -643 -217 -132 -166 -284 -2 -21 -13 5 0 0 0 1 1 0 2 0 0 0 0 1 0 0 0 0 0 0 0 0 0 0 0 0 0 0 0 0 0 0 0 0 1583838187
-16088268 -15509399 21973807 5056389 -6843535 -7580058 -943853 -140780 119303 -123870 -42036 -28212 -4418 -84546 -9547 -2114 -8324 -3433 -1001 -278 -215 -213 -171 -255 -3 -26 -14 -6 1 0 0 1 -2 0 1 2 0 0 0 0 0 0 0 0 0 0 0 0 0 0 0 0 0 0 0 0 0 0 0 0 1583838187
-16086483 -15505582 21961796 5152781 -4068817 -7529211 -2183419 -142536 118587 -127171 -43673 -24625 -3598 33245 -8247 302 26919 -4793 -1310 672 -100 -74 -1910 1172 -18 -26 -43 -4 2 0 0 0 -26 0 0 14 0 -1 -2 0 0 0 8 13 -7 0 0 14 -11 -6 1 4 -1 0 4 -4 0 -1 0 1 1583838187
-16088590 -15509599 21974766 5053286 -6896387 -7580478 -1910081 -142306 119596 -126532 -43412 -27440 -3898 -40283 -9573 -1723 -7202 -3643 -1016 146 -233 -352 -52 -191 -3 -24 -15 -6 1 -1 0 1 -3 0 1 0 0 0 0 0 0 0 0 1 0 0 1 0 0 -1 0 0 0 0 0 0 0 0 0 0 1583838187
-16088937 -15503887 21950391 5331864 1047812 -7443394 -2639453 -142869 119133 -128204 -44075 -26858 -3127 163120 -10547 -3322 1536 -2775 -1034 -1118 -294 -92 -716 401 -8 -22 -27 -4 2 1 0 1 -15 0 3 0 1 0 -10 0 0 0 3 3 -3 0 4 1 -1 -5 1 2 -1 0 0 1 0 0 0 0 1583838187
-16085287 -15506646 21967181 5078931 -6184815 -7564341 -1977437 -142372 118172 -126691 -43477 -23919 -3821 -22188 -8046 919 -1717 -4751 -1114 1237 -214 -538 -373 210 -7 -19 -21 -6 2 0 0 1 -8 0 1 2 0 0 -2 0 0 0 0 0 0 0 1 -1 1 -1 1 0 0 0 0 0 0 0 0 0 1583838187
-16089016 -15502496 21944702 5394492 2831669 -7412608 -2803560 -142996 119035 -128586 -44240 -26559 -2973 201527 -9806 -1692 3310 -3578 -1100 -108 -303 -252 -905 1533 -14 -20 -58 -6 2 0 0 0 -22 0 6 -1 1 0 -9 -3 -1 0 2 -4 0 0 2 0 0 0 1 -1 0 0 0 0 0 0 0 0 1583838187
-16076707 -15501124 21957059 5027170 -7840220 -7588542 -1833122 -142315 110296 -126370 -43359 -13959 -3957 -64060 -317 8598 10047 -5498 -1215 1654 -135 -631 -885 -516 -6 -20 -3 -6 2 -1 0 1 0 0 2 1 0 0 1 0 0 0 6 0 0 0 0 2 -1 2 0 -1 1 0 1 -2 0 -1 0 0 1583838187
-16088175 -15510619 21978330 5018533 -7874114 -7597295 -1821079 -142237 119333 -126328 -43331 -28158 -3994 -65472 -9627 -2132 -6979 -3421 -996 -293 -220 -208 -48 -307 -3 -26 -12 -6 1 0 0 1 -1 0 1 0 0 0 0 0 0 0 2 0 0 0 0 0 0 0 0 -1 0 0 0 0 0 0 0 0 1583838187
-16086250 -15475341 21901720 5176550 -4794149 -7525921 -1033828 -140954 120534 -124085 -42082 -30012 -4277 -37123 -10816 -3607 -8991 -3064 -983 -646 -242 -124 -193 -322 -2 -11 -10 23 -4 -1 0 1 -1 0 3 0 0 0 0 0 0 0 0 0 0 0 0 0 0 1 0 0 -1 0 0 1 0 0 0 0 1583838187
-16086514 -15509166 21975121 5019338 -7886130 -7596267 -1820096 -142245 118044 -126327 -43332 -26390 -3992 -65786 -8306 -779 -6865 -3530 -1001 -167 -219 -180 -48 -318 -3 -26 -12 -6 2 0 0 1 0 0 3 0 0 0 0 0 0 0 0 1 0 0 1 0 0 0 0 0 0 0 0 0 0 0 0 0 1583838187
-16088207 -15509876 21975644 5040266 -7284474 -7587405 -1310790 -141390 119307 -124898 -42578 -28362 -4241 -76812 -9694 -2237 -8148 -3411 -996 -287 -219 -161 -106 -221 -3 -26 -14 -6 2 0 0 1 -1 0 1 2 0 0 0 0 0 0 0 0 0 0 0 0 0 0 0 0 0 0 0 0 0 0 0 0 1583838187
-16088213 -15509343 21973944 5055444 -6855407 -7579758 -1513570 -141680 119294 -125439 -42847 -28039 -4112 -58451 -9511 -2064 -7555 -3383 -997 -324 -225 -208 -114 -274 -3 -26 -16 -6 1 0 0 1 -3 0 1 0 0 0 -2 0 0 0 0 0 0 0 0 0 0 0 0 0 0 0 1 -1 0 0 0 0 1583838187
-14260340 -14088770 18806157 4690002 -5337966 -7288385 -851766 -144082 -1257464 -122158 -41645 232074 -3973 -58452 160863 184031 -7482 -24377 -2039 24204 -176 -5272 -207 -241 -54 52 -15 -10 1 -8 0 -1 -3 0 0 2 0 8 1 -3 0 -2 -1 0 -1 0 0 0 0 0 0 0 0 0 0 0 0 0 0 0 1583838187
-16088253 -15489465 21898028 5761477 12788643 -7245348 6087383 -128277 117399 -103705 -31149 -25177 -7279 -3470 -7272 23 20482 -4240 -1369 -329 -95 -302 -2813 114 -10 -21 -17 -5 1 0 0 0 -24 0 -15 26 0 0 -12 -12 -3 0 -9 -3 -2 -1 -5 0 0 5 -1 1 2 0 4 -3 0 0 1 3 1583838187
-16002529 -15443667 21826670 5049832 -6219860 -7560622 -1975708 -142497 54883 -126607 -43457 -23512 -3817 -22273 -8128 -506 2335 -3441 -1054 -578 -195 -238 -351 -109 -8 -21 -17 -6 1 0 0 1 -7 0 -2 0 0 0 1 0 0 0 0 2 0 0 0 0 0 0 0 1 0 0 0 0 0 0 0 0 1583838187
-16086599 -15508073 21970696 5067675 -6511498 -7572521 -1945159 -142342 117992 -126612 -43443 -26206 -3858 -30061 -8425 -741 -7082 -3581 -1007 -42 -238 -171 14 -281 -3 -26 -13 -6 2 0 0 1 -2 0 0 1 0 0 0 -1 0 0 0 0 0 0 0 0 0 0 0 0 0 0 0 0 0 0 0 0 1583838187
-15962624 -14370864 19653751 6979057 1080179 -6772802 -2651923 -149305 120386 -130054 -44585 -28837 -3104 169956 -10811 -3299 -2222 -2972 -1022 -691 -317 -101 291 -280 -4 99 -13 250 -50 -6 0 1 -8 0 0 5 0 -1 1 -2 0 0 -3 0 -1 0 0 0 0 0 0 0 0 0 0 0 0 0 0 0 1583838187
-16037388 -15447376 21815257 5649309 10029170 -7234696 -3460667 -143674 100918 -130103 -44826 18486 -2159 400786 -10452 -245 7658 -3493 -1115 -575 -385 -150 188 -196 -7 82 374 18 15 31 0 -48 -16 -27 -3 13 0 0 0 -4 -1 1 -6 0 -2 0 0 -2 1 1 0 0 1 0 0 0 0 0 0 0 1583838187
-16088272 -15509056 21972374 5079975 -6133526 -7567120 -1993720 -142381 119271 -126734 -43499 -27809 -3804 -19699 -9490 -1978 23772 -3933 -1221 -646 -91 -274 -1627 337 -13 -23 -19 -5 2 0 0 0 -19 0 -7 22 0 0 -6 0 0 0 -1 2 2 1 7 0 0 2 -1 -2 1 0 0 0 0 0 0 0 1583838187
-16088262 -15511085 21978829 5027421 -7600940 -7592806 -1847158 -142255 119342 -126387 -43355 -28950 -3967 -58382 -9156 -2065 -3449 -3198 -1004 -685 -206 -210 -249 -110 -4 -25 -13 -6 1 0 0 1 -5 0 1 2 0 0 0 0 0 0 0 1 0 0 0 1 -1 0 0 -1 0 0 0 0 0 0 0 0 1583838187
-16090041 -15507594 21965310 5175842 -3404437 -7520780 -2229537 -142548 120491 -127262 -43696 -29525 -3558 51022 -10867 -3498 -4317 -3053 -1003 -683 -266 -123 -46 -157 -4 -25 -14 -4 1 0 0 1 -5 0 1 1 0 -1 1 -1 0 0 0 3 -2 0 0 1 -1 -1 0 0 -1 0 0 0 0 0 0 0 1583838187
-16088167 -15510641 21978392 5018093 -7886049 -7597504 -1820087 -142236 119326 -126325 -43330 -28142 -3995 -65774 -9904 -2113 -7249 -3645 -1008 0 -221 -233 -1 -313 -3 -26 -12 -6 2 0 0 1 0 0 2 -1 0 0 0 0 0 0 0 0 0 0 0 0 0 0 0 0 0 0 0 0 0 0 0 0 1583838187
-16089716 -15509259 21973796 5065126 -6588496 -7575248 -1948133 -142343 120586 -126628 -43453 -30006 -3858 -31891 -10861 -3607 13107 -3457 -1127 -882 -137 -180 -1128 605 -12 -23 -34 -4 1 0 0 0 -14 0 -2 14 0 0 -3 0 0 0 2 2 0 0 3 4 -3 1 0 -2 1 0 -2 0 0 0 0 0 1583838187
-16091882 -15476930 21853637 6157539 23715576 -7059501 10035231 -121272 119201 -92378 -25004 -14172 -8844 57239 -2015 7132 1177 -5931 -1423 2134 -208 -3876 -3108 89 -5 35 -23 -16 -2 -13 0 -5 -16 1 -12 6 0 8 -4 -6 -1 0 -7 0 -3 0 1 -2 1 0 0 1 0 0 0 0 0 0 0 0 1583838187
-16088766 -15503855 21952076 5262538 -1118661 -7483245 1741326 -136132 119124 -116239 -37952 -28081 -5589 -87771 -9082 -1984 -5858 -3385 -1063 -496 -193 -187 -827 638 -7 -25 -39 -6 1 0 0 1 -6 0 0 -2 -1 -1 5 0 0 0 0 0 1 0 0 0 0 0 0 0 1 0 0 -1 0 0 0 0 1583838187
-16089041 -15505107 21967438 5027425 -7874609 -7594405 -1820998 -142267 120627 -126337 -43333 -30223 -3997 -65480 -10914 -3692 -7312 -3110 -976 -662 -222 -140 -43 -275 -3 -25 -13 -2 1 0 0 1 -2 0 0 1 0 0 0 0 0 0 0 0 0 0 0 0 0 0 0 0 1 0 0 0 0 0 0 0 1583838187
-16088303 -15508953 21971926 5079698 -6168819 -7568246 -1265931 -141238 119277 -124728 -42462 -28056 -4210 -54696 -9459 -2084 -5029 -3383 -1017 -407 -214 -198 -203 -265 -3 -26 -13 -6 1 0 0 1 -3 0 -2 0 0 0 1 0 0 0 -3 0 0 0 0 0 0 0 0 0 0 0 0 0 0 0 0 0 1583838187
-16089579 -15509894 21977161 5020062 -7886726 -7597441 -1819937 -142239 120627 -126327 -43330 -30224 -3998 -65789 -10912 -3690 -6163 -3131 -984 -675 -216 -143 -112 -284 -3 -26 -13 -4 1 0 0 1 -3 0 1 1 0 0 0 0 0 0 0 0 0 0 -1 0 0 0 0 0 0 0 0 0 0 0 0 0 1583838187
-16088154 -15510479 21978065 5018321 -7885962 -7597414 -1820202 -142237 119325 -126326 -43331 -27959 -3994 -65779 -9442 -1997 -6618 -3401 -996 -340 -218 -255 -87 -288 -3 -25 -13 -6 1 0 0 1 -3 0 0 1 0 0 0 0 0 0 0 0 0 0 0 0 0 0 0 0 0 0 0 0 0 0 0 0 1583838187
-16089620 -15510160 21977588 5022097 -7815391 -7596397 -1830379 -142248 120624 -126354 -43342 -30205 -3985 -63661 -10897 -3677 747 -3257 -1034 -749 -183 -159 -258 -356 -4 -26 -7 -4 1 0 0 1 0 0 1 1 0 0 0 -1 0 0 1 0 0 0 0 0 0 1 0 0 1 0 0 -1 0 0 0 0 1583838187
-16060847 -15454259 21859107 5108392 -6652010 -7527078 -782297 -140790 111833 -123532 -41885 87304 -4325 -88841 52002 74682 -8352 -14782 -2684 42261 -141 -22121 -379 -318 -7 107 -17 -75 -40 -75 0 -34 0 5 2 0 -1 57 8 0 -1 0 0 0 -1 0 0 0 0 0 0 0 0 -1 0 0 0 0 -1 0 1583838187
-16082437 -15491314 21936200 5090396 -6444293 -7562030 -1963156 -142462 114808 -126703 -43499 16027 -3771 -27633 10000 28083 13400 -13409 -1775 13615 -124 -10602 5896 -526 -7 92 0 -38 -12 -39 0 -16 5 2 5 -4 0 28 4 -4 0 -1 -1 1 -1 0 -1 0 0 0 0 0 0 0 0 0 0 0 0 0 1583838187
-16058690 -15452113 21856481 5084060 -7046607 -7516986 -1110688 -141310 122893 -124458 -42368 82718 -4173 -81872 45379 73995 -8848 -21693 -2625 37777 -170 -19485 -245 -321 -7 150 -17 -65 -29 -67 0 -29 1 4 2 0 -1 51 6 -1 0 -2 0 0 -1 0 0 0 0 0 0 0 0 1 0 0 0 0 0 0 1583838187
-16086755 -15479657 21879070 5765091 12612278 -7241150 4662264 -130592 117228 -107651 -33178 3168 -6460 68883 4142 19230 1113 -10796 -1647 9146 -224 -7240 -2055 -442 -5 74 -11 -27 -7 -27 0 -11 -9 2 -5 -6 0 20 -6 3 1 0 -2 0 1 0 2 -2 1 -1 0 0 1 0 0 0 0 0 0 0 1583838187
-16090870 -15488112 21887856 5931612 17731700 -7160979 5572114 -128701 119878 -104943 -31735 -27816 -6890 85188 -9459 -2156 9750 -3710 -1283 -458 -195 95 -2755 -319 -5 -25 -6 -4 2 0 0 1 -18 0 -11 -7 2 0 -17 7 1 0 -6 -3 1 0 0 -2 1 0 0 -1 0 0 -2 0 0 0 0 0 1583838187
-16090521 -15474657 21844969 6230447 25745961 -7024673 11119760 -119418 117900 -89305 -23363 -14540 -9327 51536 -2952 6916 2347 -6341 -1517 3720 -195 -3415 -2893 -106 -5 19 -16 -15 -3 -13 0 -4 -12 0 -3 23 0 8 -1 -12 -2 0 -9 0 -4 0 1 -3 2 1 0 1 1 0 0 0 0 0 0 0 1583838187
-16082653 -15429898 21795414 5509347 2911192 -7373266 2736895 -134666 120297 -113442 -36375 -29877 -5930 -46443 -10425 -3440 -2779 -3232 -1092 -723 -196 -125 1711 -234 -3 -1 -13 57 -11 -2 0 1 -4 0 2 6 0 0 0 -4 -1 0 -3 0 -2 0 0 0 0 0 0 0 0 0 0 0 0 0 0 0 1583838187
-15910617 -15378219 21679655 5107335 -7898461 -7473255 -1820388 -143108 -16868 -126437 -43483 186246 -3689 -67629 178860 160319 -2592 6347 -112 -14610 -161 -1405 -239 -381 3 -13 -7 -14 -3 -12 0 -3 0 0 6 -1 0 4 2 5 1 0 -1 -2 -2 1 -1 0 0 -1 -4 0 3 0 2 3 0 0 0 0 1583838187
-16084856 -15507610 21971672 5020957 -7878429 -7594854 -1822343 -142258 116756 -126334 -43336 -24416 -3987 -65536 -7071 719 -4546 -3868 -1035 169 -207 -224 -204 -275 -4 -26 -12 -6 2 0 0 1 -2 0 0 2 0 0 0 0 0 0 -1 0 2 0 -2 0 0 -1 0 0 0 0 0 0 0 0 0 0 1583838187
-16067849 -15312121 21570613 5426628 -4376403 -7421432 -2154430 -143612 120523 -127416 -43727 -29653 -3634 26820 -10826 -3502 19424 -3509 -1169 -936 -137 -186 494 -391 -8 65 -9 188 -37 -5 0 0 -6 0 -11 0 -1 -1 3 -6 -1 0 -3 0 -3 0 0 -1 0 1 0 0 0 0 0 0 0 0 0 0 1583838187
-15386601 -14940528 20754536 4478021 -7881306 -7032003 -1820232 -142384 -14513 -126001 -43258 15610 -3921 -66112 24499 36798 -6050 -8081 -1245 5387 -205 -390 -98 -338 -7 -7 -10 -4 3 1 0 2 -2 0 3 -1 0 -1 0 1 0 0 0 1 0 0 1 0 0 0 0 0 0 0 0 0 0 0 0 0 1583838187
-16077519 -15401240 21755027 5217603 -6717397 -7513496 -1936269 -142946 120593 -126774 -43490 -30026 -3870 -34708 -10865 -3615 10804 -3415 -1109 -856 -148 -175 -845 -92 -8 0 -12 45 -8 -1 0 1 -8 0 -7 13 0 0 -2 -6 -1 0 -4 1 -1 0 2 0 0 0 0 1 0 0 1 0 0 0 0 0 1583838187
-16091918 -15469997 21817765 6576550 35546660 -6861091 15222420 -112212 117994 -77588 -17060 -26430 -11078 71054 -7611 -1059 11359 -3787 -1467 -691 -155 -110 -3594 -685 -2 -22 -4 -4 1 0 0 1 -6 0 -7 -8 -1 -2 8 -3 0 0 -9 2 -3 -1 -6 0 0 1 0 -1 0 0 0 0 0 0 0 0 1583838187
-16090845 -15496981 21925352 5532664 6429954 -7354669 3414361 -132944 120188 -111316 -35213 -29566 -6123 -1777 -10321 -3327 -957 -3233 -1122 -740 -208 -117 2171 -441 -2 -33 -10 -4 1 0 0 2 5 0 8 1 0 -1 4 -2 0 0 -3 2 0 0 -1 0 0 0 0 0 0 0 0 0 0 0 0 0 1583838187
-16086672 -15508824 21974687 5018322 -7862737 -7592570 -1826873 -142248 120749 -126347 -43341 -26441 -3983 -64851 -11101 -3715 973 -3264 -1034 -792 -182 -157 -383 -414 -4 -23 -6 -2 3 3 0 3 1 0 3 -1 0 0 0 0 0 0 1 1 0 0 0 0 0 0 0 1 1 0 0 0 0 0 0 0 1583838187
-16088626 -15510113 21977402 5021263 -7769059 -7593573 -1838442 -142252 121327 -126376 -43354 -27610 -3973 -62264 -8071 -2545 7158 -1318 -1114 1041 -145 -503 -595 -348 -6 -49 -7 -7 0 0 0 1 0 0 -1 7 0 0 -1 -1 -1 0 3 0 1 0 0 -1 0 0 0 0 0 0 -1 0 0 0 0 0 1583838187
-16088124 -15504202 21962804 5072864 -6568583 -7573085 -714815 -140427 119194 -123242 -41708 -14644 -4507 -89460 -3791 7054 -8633 -6552 -1211 4234 -209 -3870 -218 -304 -3 22 -14 -18 -3 -14 0 -4 0 0 3 0 0 9 2 0 0 0 0 0 0 0 0 0 0 0 0 0 0 0 0 0 0 0 0 0 1583838187
-16088029 -15505078 21966281 5043103 -7375036 -7586329 -1641468 -141946 119219 -125827 -43063 -14535 -4045 -63295 -4069 7152 -4616 -6925 -1226 4078 -205 -3862 -230 -115 -5 25 -20 -17 -2 -14 0 -5 -4 1 0 0 0 9 1 0 0 0 0 1 0 0 1 0 0 0 0 0 0 0 1 -1 0 0 0 0 1583838187
-16084718 -15488405 21924821 5201557 -3401469 -7511779 152213 -138905 116314 -120752 -40349 16855 -4775 -62203 9982 28760 -7896 -14012 -1688 13761 -210 -11285 -450 -278 -5 127 -17 -41 -13 -43 0 -17 -2 2 0 0 0 30 2 -1 0 -1 -3 0 0 0 0 0 0 0 0 0 0 0 0 0 0 0 0 0 1583838187
-16088822 -15500238 21954595 5087055 -6372211 -7567417 -581058 -140222 120581 -122867 -41502 -30323 -4594 -91411 -10810 -3684 -9389 -3113 -982 -648 -216 -133 -167 -283 -2 -22 -15 2 0 0 0 1 0 0 3 0 0 0 0 0 0 0 0 0 0 0 0 0 0 0 0 -1 0 0 0 0 0 0 0 0 1583838187
-16088222 -15510600 21977938 5026215 -7651109 -7593491 -1848472 -142262 119340 -126397 -43364 -28250 -3966 -60548 -9470 -2218 7161 -3488 -1089 -683 -149 -255 -593 1948 -17 -23 -67 -7 2 0 0 0 -17 0 9 -2 0 -1 3 -2 0 0 2 -4 -1 0 3 0 0 0 -3 1 -1 0 0 -2 0 0 0 0 1583838187
-16089767 -15511336 21979829 5023394 -7726553 -7595611 -1834357 -142241 120609 -126358 -43342 -29773 -3982 -61609 -9439 -3426 -6284 -2214 -923 -1852 -219 -170 25 -313 -2 -25 -12 -5 2 1 0 2 -2 0 0 -2 0 -2 1 0 0 0 0 0 0 0 0 0 0 0 0 0 0 0 0 0 0 0 0 0 1583838187
-16089403 -15508292 21973866 5023470 -7854695 -7595950 -1829506 -142260 120625 -126357 -43344 -30208 -3986 -64537 -10890 -3673 4205 -3322 -1060 -788 -166 -166 -648 -364 -5 -24 -7 -2 1 0 0 1 0 0 1 -1 0 0 0 5 1 0 -1 0 7 0 0 -1 0 -2 1 0 0 0 0 0 0 -1 0 0 1583838187
-16080084 -15504660 21964591 5027987 -7717508 -7589236 -1846399 -142307 112762 -126409 -43382 -14936 -3954 -60868 52035 6214 15949 36430 1483 -52384 -114 2196 -1142 -312 3 -51 -6 -18 -8 -15 0 -5 -8 1 -3 15 0 1 -3 1 0 1 6 0 1 1 0 -2 1 0 0 0 1 0 -2 0 0 0 0 0 1583838187
-16083605 -15505668 21965682 5055944 -6907866 -7576524 -997250 -140890 116733 -124023 -42119 -22944 -4384 -83425 -6500 686 -8007 -3368 -993 -404 -213 -178 -176 -308 -2 -25 -10 -4 2 1 0 2 0 0 3 0 0 0 0 1 0 0 0 0 0 0 0 0 0 0 0 0 0 0 0 0 0 0 0 0 1583838187
-16088600 -15485840 21912090 5369067 1217414 -7433708 1536873 -135812 120346 -116730 -38138 -29814 -5365 -27273 -10523 -3454 2571 -3334 481 -726 -178 -131 -1201 1083 -11 -17 -47 7 -1 0 0 0 -15 0 1 8 0 -1 3 -5 -1 0 0 1 -2 0 2 1 -1 0 0 0 0 0 0 0 0 0 0 0 1583838187
-15983663 -15429236 21795448 5019530 -6830702 -7571965 -1630400 -142016 40880 -125660 -42988 -24494 -4037 -51786 -11382 -3619 -7917 -3072 -962 -713 -230 -150 4204 -259 -5 -34 -12 -6 1 0 0 1 -5 0 3 1 0 0 -1 1 0 0 0 0 0 0 0 0 0 0 0 0 0 0 0 0 0 0 0 0 1583838187
-15948910 -15355045 21550292 6766573 42289560 -6737831 18216938 -107204 10167 -68922 -12457 -28521 -12379 72660 -7665 -2476 3576 -2606 -1400 -1993 -187 38 -3730 -847 -3 -20 0 -4 1 0 0 2 17 -1 12 -2 -2 -2 13 -2 0 0 0 3 0 0 -2 0 0 2 0 0 0 0 -1 0 0 0 0 0 1583838187
-15969100 -15418830 21769179 5137150 -6238031 -7483447 -1210345 -141745 29479 -124668 -42504 121549 -4046 -60033 189140 108178 -7900 57454 3161 -79624 -209 2539 159 -244 18 -57 -9 -28 -15 -26 0 -10 -1 2 0 -1 0 4 2 0 0 1 0 0 0 3 0 0 0 0 0 0 0 0 0 0 0 0 0 0 1583838187
-16088135 -15510624 21978339 5018332 -7878254 -7597375 -1822311 -142239 119301 -126331 -43333 -28191 -3992 -65476 -9928 -2134 -4679 -3692 -1027 -20 -209 -182 -178 -334 -3 -26 -11 -6 2 0 0 1 -1 0 1 1 0 0 0 0 0 0 3 0 0 0 0 0 0 1 0 0 0 0 2 -2 0 0 0 0 1583838187
-16086551 -15509257 21975290 5019613 -7874258 -7596131 -1820978 -142245 118054 -126329 -43332 -26085 -3991 -65498 -8259 -574 -7391 -3659 -1006 7 -222 -278 -23 -300 -3 -25 -14 -6 1 0 0 1 -1 0 1 0 0 0 0 0 0 0 2 0 0 0 0 0 0 0 0 -1 0 0 0 0 0 0 0 0 1583838187
-16091201 -15480304 21858747 6185149 24703911 -7042787 10047955 -121152 119835 -92291 -24937 -26860 -8835 73839 -9699 -2907 -1901 -3255 -1263 -779 -235 -42 -3219 -705 0 -21 -2 -3 2 1 0 3 4 0 20 -5 2 2 -18 6 0 0 4 1 3 1 7 -2 2 -3 0 0 1 0 0 0 0 0 0 0 1583838187
-16019060 -15450172 21831776 5261962 -401237 -7465201 639051 -137919 66786 -119175 -39466 -24811 -4952 -19615 -9960 -3519 -7574 -2365 -976 -1681 -239 -67 -464 9 -6 -23 -22 -6 1 0 0 1 -4 0 -1 3 0 -1 2 -3 0 0 -2 1 -1 0 0 0 0 0 0 0 0 0 0 0 0 0 0 0 1583838187
-16085223 -15504002 21956983 5171910 -3637518 -7522631 -802600 -140341 116609 -123348 -41687 -23510 -4333 -22051 -5024 1197 -7078 -2628 -965 -1319 -238 -264 -284 296 -5 -24 -28 -7 1 -1 0 0 -6 0 2 1 0 0 1 -1 0 1 0 0 0 0 2 0 0 0 0 0 0 0 0 0 0 0 0 0 1583838187
-16081657 -15505493 21966828 5022099 -7882941 -7592942 -1820266 -142270 114182 -126330 -43336 -20255 -3984 -65990 -4529 3848 -7218 -4458 -1053 1000 -219 -392 -60 88 -5 -23 -22 -6 2 0 0 1 -3 0 2 0 0 0 0 0 0 0 0 0 -1 0 0 0 0 0 1 0 0 0 0 0 0 0 0 0 1583838187
-16072996 -15489678 21920611 5296161 -147030 -7441504 513323 -138050 117111 -119599 -39678 -9051 -4868 -16323 -7658 728 -3310 -3875 -1088 -7 -220 -184 -769 -267 -4 -12 -14 8 9 18 0 9 -8 0 3 2 0 2 1 0 0 0 -3 1 0 0 -2 0 0 0 0 0 0 0 0 0 0 0 0 0 1583838187
-16088209 -15503047 21958403 5117284 -5315222 -7551455 -706314 -140320 119152 -123181 -41679 -14381 -4504 -81957 -3201 7314 -8368 -6429 -1181 3420 -213 -3857 -256 -306 -3 26 -14 -18 -3 -15 0 -5 -3 0 1 -1 0 9 2 1 0 0 0 0 -1 0 0 0 0 0 0 0 0 0 0 0 0 0 0 0 1583838187
-16052814 -15183774 21316089 5492896 -7908523 -7404830 -1821561 -142975 120635 -126855 -43478 -30231 -3996 -65757 -10912 -3691 -6612 -3173 2220 -548 -211 -138 -44 -317 -3 51 -13 152 -30 -4 0 1 -1 0 2 -1 2 0 1 0 0 0 0 1 0 0 0 0 0 0 0 0 0 0 0 0 0 0 0 0 1583838187
-16088567 -15506055 21960193 5197251 -2878893 -7512435 -154386 -139245 119154 -121530 -40727 -27916 -4652 -36382 -9416 -2007 -6793 -3402 -1032 -319 -229 -142 -466 -245 -3 -26 -12 -6 1 0 0 1 -5 0 0 -1 0 0 0 1 0 0 0 0 0 0 0 0 0 0 0 0 0 0 0 0 0 0 0 0 1583838187
-16089618 -15510239 21977860 5019576 -7886281 -7597638 -1819884 -142237 120627 -126327 -43329 -30225 -3998 -65776 -10914 -3692 -7299 -3110 -976 -662 -222 -140 -37 -304 -3 -26 -12 -4 1 0 0 1 -1 0 1 0 0 0 0 0 0 0 2 0 0 0 0 0 0 0 0 0 0 0 1 -1 0 0 0 0 1583838187
