-15818202 -15224604 21371407 4893170 -5345673 -7372563 -2051551 -142456 71490 -126730 -43511 -9159 -3716 -1643 -9561 -3727 -8128 -940 -843 -3106 -258 -27 -57 -327 -4 26 -12 -4 6 -2 0 1 -1 0 0 -1 0 0 0 1 0 0 1 0 0 0 0 0 0 1 0 0 -1 0 0 1 0 0 0 0 1583836345
-16066446 -15484967 21925378 5002187 -7889745 -7565773 -1815869 -142246 124565 -126327 -43333 -11245 -3968 -66165 -10625 -4274 -7765 -1238 -946 -512 -220 -212 -27 -302 -2 -33 -12 -5 2 0 0 1 0 0 3 0 0 0 0 0 2 0 0 0 0 0 0 0 0 0 0 0 0 0 0 0 0 0 0 0 1583836345
-16089231 -15506761 21970762 5025640 -7856462 -7595077 -1824136 -141636 120625 -126342 -43337 -30218 -3993 -65184 -10907 -3686 -2740 -3254 2663 -574 -190 -148 -270 183 -6 -25 -23 -5 1 0 0 1 -6 0 4 -1 -2 -1 1 0 0 0 0 0 -1 0 0 0 0 0 0 0 0 0 0 0 0 0 0 0 1583836345
-15307954 -14835019 20547143 4319641 -7617784 -6821782 -1845255 -142091 98375 -126115 -43286 26909 -3863 -59181 4393 -16504 -4740 -2468 -946 -1246 -209 -104 342 -337 -4 32 -11 -9 0 -1 0 1 0 0 0 -2 0 0 1 0 0 4 0 0 0 -1 0 0 0 0 0 0 0 -1 0 0 0 0 1 0 1583836345
-14946416 -14535234 19899251 4217501 272965 -6307031 1141382 -136523 116064 -117397 -38601 -2586 -5127 -28715 -14144 -2325 11582 -3157 -1161 -834 -137 -250 419 -193 -7 114 -12 -10 1 -1 0 1 -4 -1 -17 -4 -1 -2 6 0 0 0 -3 0 1 0 2 -2 1 0 0 0 0 0 0 0 0 0 0 0 1583836345
-15957895 -15391640 21726372 4932871 -6765956 -7432190 -1324092 -141327 129120 -124885 -42567 -10289 -4175 -64968 -12015 -3825 -7777 -2708 -978 -514 -222 -171 396 -297 -2 -27 -15 -7 1 0 0 1 -2 0 0 -1 0 -1 1 0 0 0 0 0 0 0 0 0 0 0 0 0 0 0 0 0 0 0 0 0 1583836345
-16089462 -15510512 21978434 5018539 -7885923 -7597063 -1820247 -142234 120994 -126328 -43331 -29215 -3996 -65802 -10954 -3708 -6240 -3107 -984 -667 -216 -144 -111 -220 -3 -25 -13 -4 4 0 0 1 -2 0 1 0 0 0 0 1 0 0 -2 0 0 0 0 0 0 0 0 0 0 0 0 0 0 0 0 0 1583836345
-16088874 -15504506 21960995 5142001 -4343095 -7528315 -2151819 -142499 125076 -127102 -43639 -19898 -3622 27156 -9666 -3591 10436 -2063 -1019 -2538 -182 -83 433 -471 -5 -26 -4 -6 1 -1 0 1 -2 0 -12 -8 -1 -1 6 0 0 0 -1 0 0 0 0 0 0 0 0 0 0 0 0 0 0 0 0 0 1583836345
-15645859 -15116487 21147125 4615418 -7742108 -7122584 -1832812 -142140 132301 -126235 -43310 5716 -3916 -62372 -13438 -3675 -7394 -2445 -970 -430 -221 -208 -32 -216 -3 74 -16 -10 0 0 0 2 -2 -1 0 0 0 0 0 0 0 0 0 0 1 0 0 0 0 0 0 -1 0 0 0 0 0 0 0 0 1583836345
-13319195 -13138686 16943618 2750783 2261540 -4598038 -2749481 -141972 123691 -127461 -43865 74060 -2779 197798 -19780 -1669 9160 -1780 -1048 -1316 -271 -311 109 -576 -5 369 -5 -19 0 -2 0 3 -9 -4 -5 -7 -1 -2 7 2 1 -1 1 0 -1 0 -1 -1 0 0 0 0 0 0 0 0 0 0 0 0 1583836345
-15856823 -15308503 21551530 4806126 -7604610 -7346369 -1899605 -142253 127243 -126477 -43425 -9482 -3862 -55403 -12210 -3529 83098 -4493 -1628 -1552 217 -381 -4150 -571 -23 3 16 -4 1 0 -1 2 26 0 7 -4 0 0 3 4 0 0 -7 -3 13 0 -9 0 0 -6 3 -1 -3 0 2 -1 0 -3 0 0 1583836345
-16086654 -15483096 21921884 5079617 -7283261 -7571324 -1921450 -75281 120461 -126522 -43442 -30033 -3875 -47181 -10732 -3536 77682 -4683 -365 -1540 188 -333 -3783 -624 -22 -23 17 -3 2 0 0 1 0 0 -10 39 1 0 -6 -3 -1 1 20 -6 3 0 -6 0 0 4 0 -4 5 0 -1 -2 0 0 0 0 1583836345
3895115 2175549 -15310101 -13900513 -7706338 13636092 -1825473 -135713 781676 -120621 -41883 1609431 -911 -75385 -6340 -63063 -6409 108997 -330 36755 110 1669 -347 -134 14 2769 -56 -166 -103 -8 0 15 0 -45 1 -2 0 -4 0 1 -9 -22 1 0 1 -8 1 -2 -1 0 0 0 1 12 0 0 0 -1 3 -1 1583836345
-15825989 -15254861 21444131 4758991 -7864710 -7298746 -1823225 -142125 150356 -126286 -43324 556 -3938 -65444 -11486 -4802 -4265 -2888 -994 -586 -205 -175 -212 -178 -3 123 -20 -11 1 -1 0 2 -3 -1 1 1 0 0 0 0 0 0 2 0 -2 0 0 1 -1 0 0 0 0 0 0 -1 0 0 0 0 1583836345
-15712283 -15188919 21297191 4675403 -7339181 -7203598 -1924665 -142205 122736 -126471 -43430 -15318 -3841 -49634 -10565 -4086 99043 -3576 -1744 -1256 299 -494 -5308 1623 -38 -9 -40 -5 0 0 0 0 -28 0 -5 45 0 0 -5 1 -1 0 2 -13 3 -3 -20 -8 6 -9 0 2 0 0 -2 1 0 1 0 -2 1583836345
8325995 6616154 -24683497 -18680023 -7290240 15662847 -1702507 -131043 -54741 -115964 -39846 37385 -3551 -64263 -18360 -450 -3954 6281 -883 2606 -164 -2129 -148 -193 -1 -278 -6 -8 -12 0 0 1 -3 1 -1 -2 0 0 1 3 -3 9 0 1 0 -8 1 0 -2 0 0 0 -1 -3 0 0 0 1 -3 1 1583836345
-15666007 -15105012 21112984 4895983 195745 -6994423 4910859 -130858 156540 -107364 -33364 12350 -7157 -208461 -6829 -7715 -5643 -517 -1092 409 -116 -317 -1537 -157 -2 76 -14 -11 -1 0 0 2 4 -1 4 6 0 0 1 9 1 -1 -6 -4 0 0 -1 0 0 0 -1 0 0 0 -1 -1 0 1 0 0 1583836345
-16088353 -15489165 21924056 5285723 -959491 -7468734 -2514373 -129250 120377 -127963 -44003 -29026 -3232 118558 -10628 -3227 111851 -5452 20761 -1028 329 -408 10076 -120 -27 -71 25 -35 8 0 0 0 0 0 -30 -11 31 -2 15 -4 0 0 -2 2 0 1 3 0 0 3 1 0 1 0 2 0 0 0 0 0 1583836345
-16079970 -15498739 21954129 5015948 -7747155 -7577321 -1832511 -142250 125372 -126366 -43348 -19288 -3967 -62246 -6705 -5768 -6794 4561 -962 2276 -201 -603 -77 -254 -2 -90 -10 -9 -5 0 0 1 -2 0 0 1 0 0 0 0 -1 0 0 0 0 0 1 0 0 0 0 0 0 -1 0 0 0 0 0 0 1583836345
-15599387 -15089886 21077678 4779601 -1186786 -6989308 -2432574 -142495 119976 -127535 -43818 -20158 -3319 108253 -11738 -3237 -3857 -2904 -1007 -656 -293 -147 -123 -354 -3 -16 56 -6 1 0 0 1 -2 0 0 -3 0 -1 0 0 0 0 -1 0 0 0 0 0 0 0 0 0 0 0 0 0 0 0 0 0 1583836345
-9500643 -9954528 10184366 -887089 5673446 -843983 2944964 -130767 61175 -109916 -35024 -30242 -5797 967 -9129 -4156 37461 -4392 -1375 -1369 -16 -546 -1735 1232 -20 -66 -52 -4 1 0 0 0 -20 5 -30 7 0 -1 3 3 0 1 -8 5 6 2 9 0 0 -4 -1 0 -1 -1 -1 2 0 0 0 0 1583836345
-15020219 -6797657 4275502 9541063 149484137 -8612073 57403793 -37429 100001 43523 48218 222210 -27939 526193 -19417 -2415 25160 -5745 -2403 -1983 -207 376 -10300 -880 0 -48 9 -2 -3 0 0 2 0 0 -6 -18 4 3 -37 1 0 0 -8 0 2 0 0 0 0 -2 0 -7 0 0 -4 1 0 1 0 0 1583836345
-15846945 -15219086 21212499 7916831 79793002 -5856308 28007806 -88725 117508 -40440 3226 -19050 -15811 423775 -7676 -1335 48251 -3121 -1974 -992 -111 -77 4937 -976 -3 -31 29 -3 0 0 0 1 -4 -1 1 -7 0 0 -9 -6 -1 0 -17 3 -1 -1 -6 -1 0 0 0 -1 2 0 0 -1 0 0 0 0 1583836345
-11576619 -11684128 13862261 962071 331838 -2937726 1234044 -134912 103450 -115800 -38035 35695 -5060 -32802 -6644 -9426 7325 -2878 -1101 -576 -150 -436 6479 -248 -4 145 -11 -11 0 0 0 0 -7 1 -4 -2 0 -1 3 3 0 2 0 1 0 -1 1 1 3 -1 0 0 -1 -1 0 0 0 0 0 0 1583836345
-15879339 -15332407 21597276 4891118 -5748356 -7352753 -907472 -140544 118801 -123637 -41903 -28583 -4381 -62418 -11290 -3387 -9218 -2982 -972 -618 -229 -156 2516 -270 -1 -26 -12 -6 1 0 0 1 -2 0 3 0 0 0 0 0 0 0 0 0 0 0 0 0 0 0 0 0 0 0 0 0 0 0 0 0 1583836345
-15917121 -15278522 21344094 7835950 75209951 -6007019 32165723 -82567 117082 -29225 8896 -21805 -18306 124424 -7802 -1586 13446 -3671 -1804 -1125 -127 63 -7914 -250 -3 23 -11 -4 0 0 0 3 19 -1 31 -12 1 1 -15 -8 -2 0 -2 1 0 0 1 0 0 0 0 -2 1 0 0 -1 0 0 0 0 1583836345
2020297 -175175 -10607354 -10371189 53412346 11405855 21475138 -92847 -7164 -52168 -4865 -15902 -13279 159250 -37919 17348 40115 -4889 -1687 -2060 -30 -1168 8833 -231 -3 -177 4 0 0 1 0 0 -16 7 -8 2 0 0 2 8 1 -1 -12 4 4 -1 4 -2 5 -3 -1 0 0 0 0 0 0 0 0 0 1583836345
-15930236 -15373856 21689606 4866113 -7890073 -7431307 -1820623 -142176 123685 -126277 -43318 -18346 -3972 -65837 -11196 -3963 -709 -2554 -1021 -487 -187 -205 -429 -398 -4 -7 -12 -7 1 0 0 2 2 0 7 0 0 0 1 6 1 0 -1 -3 -2 0 0 1 0 -2 -5 0 4 0 3 4 0 0 0 0 1583836345
-14889504 -14496170 19830666 3853274 -7873091 -6400713 -1820449 -141691 116659 -125843 -43172 -20496 -3962 -65752 -13553 -2326 -5399 -2889 -983 -644 -211 -235 -155 -322 -3 -35 -10 -6 1 0 0 1 -3 0 2 -1 0 0 0 1 0 0 0 0 1 0 0 0 0 0 0 0 1 0 -1 0 0 0 0 0 1583836345
-11933763 -12013667 14569696 989719 -7614204 -3487882 -1885744 -140412 82397 -124771 -42845 -45134 -3880 -57385 -3736 -7620 69484 -4466 -1519 -1417 155 -537 -3707 217 -24 -49 8 -3 1 0 -1 2 10 0 14 -5 0 0 3 11 2 2 -6 -4 6 0 0 1 -2 0 0 2 2 -2 -1 -2 0 -1 0 0 1583836345
-15824212 -15282929 21496269 4786221 -7347288 -7314492 -1906446 -142237 122927 -126462 -43412 -15407 -3865 -49666 -11869 -3458 62956 -4009 -1480 -1357 115 -335 -3400 -404 -19 22 2 -5 1 0 0 1 -4 0 -11 37 0 0 -6 -2 -1 0 11 -7 4 -1 -9 0 0 1 0 -2 3 0 4 -4 0 0 0 0 1583836345
-15497202 -15005060 20908567 4464334 -7512561 -6986204 -1888985 -142082 124225 -126298 -43358 -6092 -3864 -55046 -13147 -3125 61522 -4114 -1472 -1342 113 -351 -3385 1019 -26 30 -35 -6 1 0 0 0 -16 0 0 23 0 0 -1 0 0 0 -1 -8 -1 -1 -10 -4 3 -5 1 -1 -4 0 0 1 0 1 0 -1 1583836345
-15833051 -15292369 21516698 4774298 -7769599 -7334714 -1716697 -141952 122590 -125942 -43148 -20702 -4028 -68232 -11600 -3670 -7437 -2925 -975 -599 -220 -167 -63 -295 -3 -22 -12 -6 1 0 0 1 0 0 0 -1 0 0 0 1 0 0 0 0 0 0 0 0 0 0 0 0 0 0 0 0 0 0 0 0 1583836345
1140207 -1031028 -8710789 -11538187 -3433248 9492664 1736893 -128496 -57169 -109152 -35681 -77582 -5529 -140181 46828 -41216 -8700 -5988 -974 -1075 -172 -771 -696 -311 -3 -141 -8 -2 2 -1 0 2 4 -1 5 2 0 0 1 4 0 0 0 -1 -1 2 0 0 -1 0 0 0 0 1 0 0 0 0 0 0 1583836345
-15009383 -14589275 20026489 4037336 -7152686 -6492431 -1891102 -141963 111497 -126105 -43280 10008 -3834 -46750 -14328 -2716 1534 -2806 -977 -1840 -187 -170 2890 -381 -4 210 -12 -13 1 -1 0 2 1 -2 2 -3 0 -1 0 -1 0 0 0 0 0 0 0 0 0 0 0 0 0 0 0 0 0 0 0 0 1583836345
-16091057 -15486289 21888036 5929689 17851051 -7151076 -4174819 -133233 119824 -131702 -45443 -26228 -1483 601827 -10657 -2592 3307 -2679 -269 -683 -509 -21 -811 -823 -2 -21 3 -4 2 0 0 2 2 0 9 -11 1 0 -10 -4 -1 0 -1 -1 -3 0 -4 1 -1 0 0 0 0 0 0 0 0 0 0 0 1583836345
8555811 5256450 -22032285 -18469389 2257367 16989396 -2727531 -132046 -106873 -118258 -40804 25412 -2553 191207 -25782 17010 -3119 10306 -16 -19280 -322 -684 -224 -481 0 357 -9 -22 -2 -6 0 2 1 5 5 -6 0 0 -5 -2 0 0 0 0 -1 -8 0 0 0 0 0 0 1 4 0 0 0 0 1 0 1583836345
-12160841 -12198988 14958880 1310029 -5194371 -3660599 -2061843 -140674 85146 -125256 -43007 -31941 -3682 3075 -14528 -971 -7689 -2871 -961 -667 -256 -370 -29 -342 -2 -19 -11 -1 4 4 0 -3 0 12 3 -1 0 0 -1 0 0 -1 0 0 0 0 0 1 1 0 0 0 0 0 0 0 0 0 0 0 1583836345
-14081315 -13811278 18378701 3108703 -6945854 -5577641 -1363287 -140564 112223 -124225 -42375 -12388 -4136 -67384 -15167 -1615 -4001 -3092 -999 -745 -202 -274 -209 -303 -3 39 -16 -7 2 0 0 0 -4 3 -2 0 0 -1 1 0 0 -1 -3 0 0 0 0 0 1 0 0 0 0 0 0 0 0 0 0 0 1583836345
-16091375 -15447629 21768247 6692301 37914497 -6809707 16618151 -60521 119119 -73598 -14957 -28546 -11722 54862 -8903 -2598 11224 -3630 1068 -837 -136 -52 1295 -397 -2 -36 -5 -6 1 0 0 0 -23 0 -16 -7 0 -1 6 3 0 0 -1 0 -4 0 -3 -2 1 0 0 0 0 0 0 -2 0 0 0 0 1583836345
-16068993 -15454997 21806730 6168929 24712838 -7011471 8848185 -123061 123392 -95607 -26653 -9034 -8150 130220 -9786 -3041 17803 -2707 -1336 -1768 -167 -62 -932 -80 -7 -20 -7 -1 5 0 0 0 -16 0 -12 -5 0 0 -5 3 5 0 -3 0 3 0 -3 1 -1 1 -1 0 0 0 0 0 0 0 0 -1 1583836345
-16098957 -15408459 21575927 8921276 100871372 -5753025 40136814 -67135 117287 -6259 21437 -25790 -21349 312278 -6286 -1033 23765 -3962 -477 -1134 -147 138 -7058 -1116 1 -21 21 -1 0 0 0 3 26 -1 -7 -4 -7 -6 41 -11 -1 0 -13 5 -2 -1 -7 0 0 3 0 -1 0 0 0 0 0 0 0 0 1583836345
102917726 86878665 -194673723 -109274688 23339350 109903422 9737616 -68623 -675621 -44616 -9510 445787 -6113 38982 -11390 -28199 5480 -12522 -834 -4806 -115 -6244 -1128 -628 8 -626 9 21 -5 21 0 -20 20 43 3 0 -2 -2 15 -2 -5 11 -6 1 0 -2 -2 -2 -4 1 0 0 0 -2 0 0 0 1 -3 0 1583836345
-15180865 -14735225 20338413 4142082 -7883546 -6675118 -1819366 -141853 125856 -125986 -43224 -2794 -3937 -66062 -13942 -2988 -5331 -2994 -984 -659 -211 -213 -163 -338 -3 -24 -10 -5 2 1 0 0 0 4 4 0 0 0 1 3 0 -1 0 -1 -1 0 0 0 0 -1 -2 0 2 0 1 2 0 0 0 0 1583836345
31461088 24650677 -63090052 -40716325 2401208 39909742 1795508 -114579 -131782 -96656 -31402 249070 -4250 -24999 -85694 33053 -6070 -6347 -862 -3086 -206 -2826 -862 -406 4 -236 -3 1 -2 6 0 -5 2 16 6 -1 0 -1 2 -1 -1 2 -1 1 0 -8 0 -3 -4 0 0 0 0 0 0 0 0 0 -1 0 1583836345
-15602599 -15095975 21101048 4555061 -7870049 -7103740 -1821136 -142050 120799 -126149 -43275 -15604 -3964 -65554 -11312 -3764 -6462 -848 -974 182 -211 -310 -101 -285 -3 4 -14 -9 0 0 0 1 -3 0 0 1 0 0 0 0 0 0 0 0 0 0 0 0 0 0 0 0 1 0 -1 0 0 0 0 0 1583836345
-5735527 -6800569 3524982 -5037014 -7743499 2627635 -1825369 -137488 22029 -121997 -41882 -75335 -3906 -64244 -22952 6882 -4046 -2856 -962 -847 -201 -798 -133 -300 -3 -90 -11 -2 2 1 0 0 -1 2 1 1 0 0 0 0 0 0 0 0 0 -1 0 -1 0 0 0 0 0 0 0 0 0 0 0 0 1583836345
-16079548 -15495009 21947147 5014047 -7816222 -7571160 -1840060 -142274 129588 -126403 -43370 -11443 -3943 -63412 -11718 -3967 13706 -3118 -1126 -749 -118 -213 -1078 -107 -9 -23 -13 -6 1 0 0 1 3 0 0 3 0 0 0 1 0 0 3 -3 1 0 -3 0 0 -1 1 0 0 0 0 0 0 0 0 0 1583836345
-12105011 -12105095 14774843 1159272 -7516811 -3584282 -1874587 -140508 137033 -124917 -42896 23147 -3779 -56187 -16848 -1529 41597 -289 -1304 109 26 -718 -2761 -39 -14 18 -19 -9 -2 0 0 0 -20 1 -16 42 1 0 -10 -1 -2 0 -1 -6 10 -4 -16 -9 7 -8 1 -5 -4 1 3 1 0 0 0 -2 1583836345
-15767665 -15202314 21331848 4734812 -7823909 -7238931 -1836932 -142225 140693 -126318 -43342 131 -3920 -63983 -13267 -3561 14370 -3532 -1131 -925 -115 -210 -1237 141 -10 40 -19 -8 1 0 0 1 -9 0 -3 15 0 0 -3 1 0 0 -1 -4 0 0 -5 -3 2 -2 0 0 -1 0 0 0 0 0 0 0 1583836345
-15866744 -15295281 21512119 5131493 1614333 -7193772 -2724897 -142856 136051 -128364 -44158 -16140 -2994 181209 -11712 -3050 77562 -4303 -1604 -1519 73 -307 -3962 2394 -36 44 -75 -6 2 0 0 -1 -50 0 -18 28 0 0 -6 1 0 0 4 4 0 2 13 5 -4 2 1 -7 -1 0 3 0 0 -1 0 1 1583836345
-683608 -2482828 -5606843 -9922555 -7433490 7760369 -1849420 -135315 60342 -120157 -41314 67432 -3559 -58657 -41437 11955 -5220 -4534 -928 -1675 -209 -1020 -188 216 -2 -146 -23 -5 0 0 0 1 -4 1 2 1 0 0 0 0 0 0 2 0 0 -1 0 0 -1 -1 1 0 0 -1 1 0 0 0 0 0 1583836345
15428699 10283518 -32752663 -25502470 -7417977 24395516 -1833995 -128208 67 -113676 -39211 242487 -3023 -62848 -55345 12130 -7388 -6297 -841 -2519 -210 -1858 -75 -100 1 -261 -15 9 5 8 0 -9 -2 21 2 0 0 0 0 0 -1 3 0 1 0 -4 0 1 0 0 0 1 0 -4 0 0 0 0 -1 0 1583836345
-15188244 -8351337 7633299 4829721 13308164 -10303405 -3773963 -143762 106652 -130623 -45113 183030 -1564 477977 -23577 -4992 -821 -4189 -1036 -1276 -467 30 -814 540 -10 -47 -36 -7 -1 0 0 0 -14 1 1 -3 0 0 -4 -3 0 0 0 -1 -3 0 0 1 -1 1 3 2 -1 0 0 3 0 0 0 -1 1583836345
-16066811 -15486205 21922751 5108679 -4692952 -7512344 -2110903 -142452 124882 -126993 -43593 -19761 -3669 17074 -11040 -3643 -6399 -2690 -965 -1078 -259 -108 -108 -254 -3 -19 -12 -6 1 0 0 1 -5 0 1 0 0 0 -1 -1 0 0 0 0 0 0 0 0 0 0 0 0 0 0 0 0 0 0 0 0 1583836345
62873213 56261323 -129372165 -71207833 2338233 67633894 -2703399 -107901 -504020 -96024 -33526 296440 -1279 176858 -88528 32698 1915 -4512 -731 -2709 -251 -4686 -656 827 -6 -405 -32 40 11 48 0 -52 -9 92 4 0 0 -2 3 -3 -4 -2 0 1 -2 -1 0 9 8 0 -1 0 -3 -11 0 0 0 0 0 0 1583836345
-6374055 -7309312 4606822 -4359704 -6429759 2074960 -1203913 -136772 60800 -120589 -41075 -7142 -4073 -65928 -29987 8154 -6112 -3607 -959 -1170 -210 -720 -260 97 -3 -86 -21 0 3 4 0 -4 -4 9 1 0 0 0 -1 0 0 -1 0 0 1 0 0 0 1 -1 1 0 0 0 0 0 0 0 0 0 1583836345
13920416 9764024 -31633915 -22788778 28601440 22688475 13274457 -102211 -168470 -70743 -16019 -96884 -10055 -1618 -51655 29487 -4983 -3108 -1184 -1531 -188 -1890 -3665 437 -3 -159 -24 14 8 17 0 -18 -13 35 -5 2 0 0 -10 -2 -1 -5 2 -1 -2 -2 1 1 2 -2 1 2 0 0 3 -1 0 0 1 2 1583836345
-14325860 -13998685 18739590 4094212 14026726 -5462815 6250990 -127144 112571 -102495 -30612 -5430 -7230 27162 83089 -68700 8351 -6464 -1260 -710 -165 268 -2036 27 -8 -21 -13 0 5 5 0 -5 0 10 -3 5 0 -1 2 -6 -2 3 -16 3 3 3 -1 0 0 1 0 -1 0 -1 0 0 0 0 0 0 1583836345
-16086869 -15500412 21948479 5208393 -2513670 -7496504 341938 -138437 124790 -120161 -40012 -20754 -4886 -52193 -10900 -3777 4113 -2874 -1099 -618 -165 -181 -150 144 -7 -29 -21 -6 1 0 0 1 -9 0 -6 1 0 0 -1 0 0 0 0 1 0 0 0 3 -2 0 0 0 0 0 0 -1 0 0 0 0 1583836345
3998461 1376296 -13805482 -14382864 -5538054 12299064 -984782 -131671 -76766 -115557 -39254 -68040 -4094 -58309 -39094 17513 -8296 -3363 -912 -1308 -219 -1350 -195 -274 -1 -143 -14 6 8 7 0 -7 -2 16 0 -1 0 0 0 0 0 -1 -1 0 0 -2 0 1 1 0 0 0 0 0 0 0 0 0 0 0 1583836345
254975530 212599092 -461317771 -256867119 31137099 261828976 12758847 6864 -1923113 27453 16223 -119239 -6146 36764 797465 -560427 -4493 -47740 -417 -8117 -55 -10291 -2803 -433 15 -1817 39 30 -10 -21 0 24 2 -43 -13 -9 -1 0 3 -1 -4 16 1 -1 -2 -21 3 0 0 0 0 0 0 -4 0 -1 0 0 -2 1 1583836345
-3474640 -4839161 -624763 -7064530 -3262642 5050767 -207765 -133676 71474 -116590 -39151 50795 -4312 -44453 -34445 8292 -5398 -4323 -970 -1492 -214 -843 105 -287 0 -125 -11 -5 0 0 0 2 -2 0 -2 0 0 -1 2 -1 0 1 0 0 0 -1 0 0 0 0 0 0 0 -1 0 0 0 0 0 0 1583836345
46276095 41127484 -97452370 -55568758 -7191916 51571429 -1831446 -114060 -398609 -100546 -34799 135 -2961 -64292 -91300 49126 -3385 -5687 -767 -3159 -176 -3761 -354 -337 1 -456 -5 0 -4 -2 0 4 1 -5 5 0 0 0 1 5 0 6 -1 -2 -1 -5 0 0 -1 0 -2 0 1 0 0 0 0 -1 3 -1 1583836345
-4101517 -5415325 592535 -6618555 -7592832 4265389 -1848373 -136780 20338 -121407 -41701 -56604 -3821 -60252 -26320 8285 16335 -3296 -1103 -1143 -102 -942 -1204 -235 -7 -105 -8 -4 0 0 0 1 -5 -1 -3 14 0 0 -2 0 -1 2 2 -2 1 -3 -3 -1 1 0 0 0 0 0 -2 0 0 0 0 0 1583836345
4736568 2051719 -15219633 -15200249 -7624211 13057298 -1833107 -132778 -23469 -117780 -40513 -12284 -3636 -63968 48188 -45715 6019 -6403 -1004 -1262 -143 -988 -800 169 -7 -169 -28 -4 0 -1 0 2 -7 -2 0 8 0 0 0 2 -1 8 1 -3 -3 4 -1 0 0 0 0 1 1 2 0 -1 0 0 -1 0 1583836345
7652632 4460821 -20336004 -18009014 -6666093 15857946 -1911596 -131402 -109177 -116567 -40073 -143696 -3720 -39067 -45058 25535 -4521 -2719 -912 -1244 -211 -1636 152 -328 -1 -177 -8 -2 1 -1 0 2 -1 -2 -1 -3 0 -1 2 0 0 1 0 0 0 -4 0 0 0 0 0 0 0 2 0 0 0 0 0 0 1583836345
-793397 -2614222 -5343142 -9683047 -4126915 7663116 -2149478 -135625 18106 -120818 -41566 31137 -3302 27359 -41241 13922 -8286 -3916 -912 -1473 -269 -1021 -64 -336 0 -142 -10 -4 0 0 0 2 -1 -1 0 -2 0 0 0 0 0 0 0 0 0 -1 0 0 0 0 0 0 0 0 0 0 0 0 0 0 1583836345
3538757 1050069 -13104743 -13861405 -2593290 11964229 -2286753 -133664 -9568 -119306 -41073 -9010 -3160 64983 -46809 19825 -4102 -4230 -931 -1749 -266 -1273 -319 -226 -1 -164 -13 -3 0 -1 0 2 -7 -1 0 -3 0 0 0 1 0 0 0 1 0 -1 0 1 -1 0 0 0 -1 0 0 0 0 0 -1 0 1583836345
3532782 989532 -12982768 -14013747 -6814655 11776055 -1516653 -132661 -76241 -117193 -40086 -139141 -3996 -60378 -36902 19679 -5360 -2979 -929 -1194 -205 -1359 -245 -70 -3 -154 -15 -2 1 -1 0 2 -3 0 -1 0 0 0 0 2 0 0 0 1 1 -1 0 1 -1 0 0 -1 0 -1 0 0 0 0 0 0 1583836345
-16072832 -15489283 21935068 5007047 -7874494 -7564944 -1820991 -142251 129306 -126348 -43342 -10613 -3963 -65588 -11820 -4004 -7603 -2718 -971 -514 -222 -165 84 -306 -2 -13 -12 -5 4 0 0 1 0 0 2 -1 0 0 0 0 0 0 0 0 0 0 0 0 0 0 0 0 0 0 0 0 0 0 0 0 1583836345
-15107234 -14671030 20202489 4083642 -7876522 -6593919 -1820115 -141870 125359 -125976 -43224 8633 -3916 -66005 -14124 -3393 -7507 -2611 -967 -507 -220 -230 -39 -261 -3 80 -15 -10 0 -1 0 2 -1 -1 0 1 0 0 0 0 0 0 0 0 0 0 0 0 0 0 0 0 0 0 0 0 0 0 0 0 1583836345
-16076396 -15493079 21943007 5009161 -7855076 -7569107 -1824287 -142249 129299 -126356 -43346 -11475 -3961 -65029 -11583 -4066 -4943 -2493 -990 -438 -208 -187 -180 -241 -3 -21 -13 -7 0 0 0 1 -2 0 0 4 0 0 -1 0 0 0 0 0 1 0 -1 -1 0 -1 0 0 0 0 0 0 0 0 0 0 1583836345
-15666125 -15148782 21213208 4614659 -7795182 -7163551 -1829170 -142071 124072 -126195 -43293 -13337 -3953 -63511 -11823 -3518 -5003 -2650 -962 -1197 -211 -151 0 -330 -3 23 -14 -8 1 0 0 1 0 0 -1 -3 0 -1 2 0 0 0 0 0 0 0 0 0 0 0 0 0 0 0 0 0 0 0 0 0 1583836345
-16088857 -15503262 21963463 5035072 -7728593 -7590860 -1834371 -141772 120621 -126370 -43346 -30200 -3982 -61674 -10918 -3687 -5062 -3368 12703 -171 -179 -133 -196 -216 -3 -34 -17 -25 5 0 0 1 -5 0 1 1 18 0 2 0 0 0 0 0 0 0 0 0 0 0 0 -1 0 0 0 0 0 0 0 0 1583836345
-15818202 -15224604 21371407 4893170 -5345673 -7372563 -2051551 -142456 71490 -126730 -43511 -9159 -3716 -1643 -9561 -3727 -8128 -940 -843 -3106 -258 -27 -57 -327 -4 26 -12 -4 6 -2 0 1 -1 0 0 -1 0 0 0 1 0 0 1 0 0 0 0 0 0 1 0 0 -1 0 0 1 0 0 0 0 1583838187
-16066446 -15484967 21925378 5002187 -7889745 -7565773 -1815869 -142246 124565 -126327 -43333 -11245 -3968 -66165 -10625 -4274 -7765 -1238 -946 -512 -220 -212 -27 -302 -2 -33 -12 -5 2 0 0 1 0 0 3 0 0 0 0 0 2 0 0 0 0 0 0 0 0 0 0 0 0 0 0 0 0 0 0 0 1583838187
-16089231 -15506761 21970762 5025640 -7856462 -7595077 -1824136 -141636 120625 -126342 -43337 -30218 -3993 -65184 -10907 -3686 -2740 -3254 2663 -574 -190 -148 -270 183 -6 -25 -23 -5 1 0 0 1 -6 0 4 -1 -2 -1 1 0 0 0 0 0 -1 0 0 0 0 0 0 0 0 0 0 0 0 0 0 0 1583838187
-15307954 -14835019 20547143 4319641 -7617784 -6821782 -1845255 -142091 98375 -126115 -43286 26909 -3863 -59181 4393 -16504 -4740 -2468 -946 -1246 -209 -104 342 -337 -4 32 -11 -9 0 -1 0 1 0 0 0 -2 0 0 1 0 0 4 0 0 0 -1 0 0 0 0 0 0 0 -1 0 0 0 0 1 0 1583838187
-14946416 -14535234 19899251 4217501 272965 -6307031 1141382 -136523 116064 -117397 -38601 -2586 -5127 -28715 -14144 -2325 11582 -3157 -1161 -834 -137 -250 419 -193 -7 114 -12 -10 1 -1 0 1 -4 -1 -17 -4 -1 -2 6 0 0 0 -3 0 1 0 2 -2 1 0 0 0 0 0 0 0 0 0 0 0 1583838187
-15957895 -15391640 21726372 4932871 -6765956 -7432190 -1324092 -141327 129120 -124885 -42567 -10289 -4175 -64968 -12015 -3825 -7777 -2708 -978 -514 -222 -171 396 -297 -2 -27 -15 -7 1 0 0 1 -2 0 0 -1 0 -1 1 0 0 0 0 0 0 0 0 0 0 0 0 0 0 0 0 0 0 0 0 0 1583838187
-16089462 -15510512 21978434 5018539 -7885923 -7597063 -1820247 -142234 120994 -126328 -43331 -29215 -3996 -65802 -10954 -3708 -6240 -3107 -984 -667 -216 -144 -111 -220 -3 -25 -13 -4 4 0 0 1 -2 0 1 0 0 0 0 1 0 0 -2 0 0 0 0 0 0 0 0 0 0 0 0 0 0 0 0 0 1583838187
-16088874 -15504506 21960995 5142001 -4343095 -7528315 -2151819 -142499 125076 -127102 -43639 -19898 -3622 27156 -9666 -3591 10436 -2063 -1019 -2538 -182 -83 433 -471 -5 -26 -4 -6 1 -1 0 1 -2 0 -12 -8 -1 -1 6 0 0 0 -1 0 0 0 0 0 0 0 0 0 0 0 0 0 0 0 0 0 1583838187
-15645859 -15116487 21147125 4615418 -7742108 -7122584 -1832812 -142140 132301 -126235 -43310 5716 -3916 -62372 -13438 -3675 -7394 -2445 -970 -430 -221 -208 -32 -216 -3 74 -16 -10 0 0 0 2 -2 -1 0 0 0 0 0 0 0 0 0 0 1 0 0 0 0 0 0 -1 0 0 0 0 0 0 0 0 1583838187
-13319195 -13138686 16943618 2750783 2261540 -4598038 -2749481 -141972 123691 -127461 -43865 74060 -2779 197798 -19780 -1669 9160 -1780 -1048 -1316 -271 -311 109 -576 -5 369 -5 -19 0 -2 0 3 -9 -4 -5 -7 -1 -2 7 2 1 -1 1 0 -1 0 -1 -1 0 0 0 0 0 0 0 0 0 0 0 0 1583838187
-15856823 -15308503 21551530 4806126 -7604610 -7346369 -1899605 -142253 127243 -126477 -43425 -9482 -3862 -55403 -12210 -3529 83098 -4493 -1628 -1552 217 -381 -4150 -571 -23 3 16 -4 1 0 -1 2 26 0 7 -4 0 0 3 4 0 0 -7 -3 13 0 -9 0 0 -6 3 -1 -3 0 2 -1 0 -3 0 0 1583838187
-16086654 -15483096 21921884 5079617 -7283261 -7571324 -1921450 -75281 120461 -126522 -43442 -30033 -3875 -47181 -10732 -3536 77682 -4683 -365 -1540 188 -333 -3783 -624 -22 -23 17 -3 2 0 0 1 0 0 -10 39 1 0 -6 -3 -1 1 20 -6 3 0 -6 0 0 4 0 -4 5 0 -1 -2 0 0 0 0 1583838187
3895115 2175549 -15310101 -13900513 -7706338 13636092 -1825473 -135713 781676 -120621 -41883 1609431 -911 -75385 -6340 -63063 -6409 108997 -330 36755 110 1669 -347 -134 14 2769 -56 -166 -103 -8 0 15 0 -45 1 -2 0 -4 0 1 -9 -22 1 0 1 -8 1 -2 -1 0 0 0 1 12 0 0 0 -1 3 -1 1583838187
-15825989 -15254861 21444131 4758991 -7864710 -7298746 -1823225 -142125 150356 -126286 -43324 556 -3938 -65444 -11486 -4802 -4265 -2888 -994 -586 -205 -175 -212 -178 -3 123 -20 -11 1 -1 0 2 -3 -1 1 1 0 0 0 0 0 0 2 0 -2 0 0 1 -1 0 0 0 0 0 0 -1 0 0 0 0 1583838187
-15712283 -15188919 21297191 4675403 -7339181 -7203598 -1924665 -142205 122736 -126471 -43430 -15318 -3841 -49634 -10565 -4086 99043 -3576 -1744 -1256 299 -494 -5308 1623 -38 -9 -40 -5 0 0 0 0 -28 0 -5 45 0 0 -5 1 -1 0 2 -13 3 -3 -20 -8 6 -9 0 2 0 0 -2 1 0 1 0 -2 1583838187
8325995 6616154 -24683497 -18680023 -7290240 15662847 -1702507 -131043 -54741 -115964 -39846 37385 -3551 -64263 -18360 -450 -3954 6281 -883 2606 -164 -2129 -148 -193 -1 -278 -6 -8 -12 0 0 1 -3 1 -1 -2 0 0 1 3 -3 9 0 1 0 -8 1 0 -2 0 0 0 -1 -3 0 0 0 1 -3 1 1583838187
-15666007 -15105012 21112984 4895983 195745 -6994423 4910859 -130858 156540 -107364 -33364 12350 -7157 -208461 -6829 -7715 -5643 -517 -1092 409 -116 -317 -1537 -157 -2 76 -14 -11 -1 0 0 2 4 -1 4 6 0 0 1 9 1 -1 -6 -4 0 0 -1 0 0 0 -1 0 0 0 -1 -1 0 1 0 0 1583838187
-16088353 -15489165 21924056 5285723 -959491 -7468734 -2514373 -129250 120377 -127963 -44003 -29026 -3232 118558 -10628 -3227 111851 -5452 20761 -1028 329 -408 10076 -120 -27 -71 25 -35 8 0 0 0 0 0 -30 -11 31 -2 15 -4 0 0 -2 2 0 1 3 0 0 3 1 0 1 0 2 0 0 0 0 0 1583838187
-16079970 -15498739 21954129 5015948 -7747155 -7577321 -1832511 -142250 125372 -126366 -43348 -19288 -3967 -62246 -6705 -5768 -6794 4561 -962 2276 -201 -603 -77 -254 -2 -90 -10 -9 -5 0 0 1 -2 0 0 1 0 0 0 0 -1 0 0 0 0 0 1 0 0 0 0 0 0 -1 0 0 0 0 0 0 1583838187
-15599387 -15089886 21077678 4779601 -1186786 -6989308 -2432574 -142495 119976 -127535 -43818 -20158 -3319 108253 -11738 -3237 -3857 -2904 -1007 -656 -293 -147 -123 -354 -3 -16 56 -6 1 0 0 1 -2 0 0 -3 0 -1 0 0 0 0 -1 0 0 0 0 0 0 0 0 0 0 0 0 0 0 0 0 0 1583838187
-9500643 -9954528 10184366 -887089 5673446 -843983 2944964 -130767 61175 -109916 -35024 -30242 -5797 967 -9129 -4156 37461 -4392 -1375 -1369 -16 -546 -1735 1232 -20 -66 -52 -4 1 0 0 0 -20 5 -30 7 0 -1 3 3 0 1 -8 5 6 2 9 0 0 -4 -1 0 -1 -1 -1 2 0 0 0 0 1583838187
-15020219 -6797657 4275502 9541063 149484137 -8612073 57403793 -37429 100001 43523 48218 222210 -27939 526193 -19417 -2415 25160 -5745 -2403 -1983 -207 376 -10300 -880 0 -48 9 -2 -3 0 0 2 0 0 -6 -18 4 3 -37 1 0 0 -8 0 2 0 0 0 0 -2 0 -7 0 0 -4 1 0 1 0 0 1583838187
-15846945 -15219086 21212499 7916831 79793002 -5856308 28007806 -88725 117508 -40440 3226 -19050 -15811 423775 -7676 -1335 48251 -3121 -1974 -992 -111 -77 4937 -976 -3 -31 29 -3 0 0 0 1 -4 -1 1 -7 0 0 -9 -6 -1 0 -17 3 -1 -1 -6 -1 0 0 0 -1 2 0 0 -1 0 0 0 0 1583838187
-11576619 -11684128 13862261 962071 331838 -2937726 1234044 -134912 103450 -115800 -38035 35695 -5060 -32802 -6644 -9426 7325 -2878 -1101 -576 -150 -436 6479 -248 -4 145 -11 -11 0 0 0 0 -7 1 -4 -2 0 -1 3 3 0 2 0 1 0 -1 1 1 3 -1 0 0 -1 -1 0 0 0 0 0 0 1583838187
-15879339 -15332407 21597276 4891118 -5748356 -7352753 -907472 -140544 118801 -123637 -41903 -28583 -4381 -62418 -11290 -3387 -9218 -2982 -972 -618 -229 -156 2516 -270 -1 -26 -12 -6 1 0 0 1 -2 0 3 0 0 0 0 0 0 0 0 0 0 0 0 0 0 0 0 0 0 0 0 0 0 0 0 0 1583838187
-15917121 -15278522 21344094 7835950 75209951 -6007019 32165723 -82567 117082 -29225 8896 -21805 -18306 124424 -7802 -1586 13446 -3671 -1804 -1125 -127 63 -7914 -250 -3 23 -11 -4 0 0 0 3 19 -1 31 -12 1 1 -15 -8 -2 0 -2 1 0 0 1 0 0 0 0 -2 1 0 0 -1 0 0 0 0 1583838187
2020297 -175175 -10607354 -10371189 53412346 11405855 21475138 -92847 -7164 -52168 -4865 -15902 -13279 159250 -37919 17348 40115 -4889 -1687 -2060 -30 -1168 8833 -231 -3 -177 4 0 0 1 0 0 -16 7 -8 2 0 0 2 8 1 -1 -12 4 4 -1 4 -2 5 -3 -1 0 0 0 0 0 0 0 0 0 1583838187
-15930236 -15373856 21689606 4866113 -7890073 -7431307 -1820623 -142176 123685 -126277 -43318 -18346 -3972 -65837 -11196 -3963 -709 -2554 -1021 -487 -187 -205 -429 -398 -4 -7 -12 -7 1 0 0 2 2 0 7 0 0 0 1 6 1 0 -1 -3 -2 0 0 1 0 -2 -5 0 4 0 3 4 0 0 0 0 1583838187
-14889504 -14496170 19830666 3853274 -7873091 -6400713 -1820449 -141691 116659 -125843 -43172 -20496 -3962 -65752 -13553 -2326 -5399 -2889 -983 -644 -211 -235 -155 -322 -3 -35 -10 -6 1 0 0 1 -3 0 2 -1 0 0 0 1 0 0 0 0 1 0 0 0 0 0 0 0 1 0 -1 0 0 0 0 0 1583838187
-11933763 -12013667 14569696 989719 -7614204 -3487882 -1885744 -140412 82397 -124771 -42845 -45134 -3880 -57385 -3736 -7620 69484 -4466 -1519 -1417 155 -537 -3707 217 -24 -49 8 -3 1 0 -1 2 10 0 14 -5 0 0 3 11 2 2 -6 -4 6 0 0 1 -2 0 0 2 2 -2 -1 -2 0 -1 0 0 1583838187
-15824212 -15282929 21496269 4786221 -7347288 -7314492 -1906446 -142237 122927 -126462 -43412 -15407 -3865 -49666 -11869 -3458 62956 -4009 -1480 -1357 115 -335 -3400 -404 -19 22 2 -5 1 0 0 1 -4 0 -11 37 0 0 -6 -2 -1 0 11 -7 4 -1 -9 0 0 1 0 -2 3 0 4 -4 0 0 0 0 1583838187
-15497202 -15005060 20908567 4464334 -7512561 -6986204 -1888985 -142082 124225 -126298 -43358 -6092 -3864 -55046 -13147 -3125 61522 -4114 -1472 -1342 113 -351 -3385 1019 -26 30 -35 -6 1 0 0 0 -16 0 0 23 0 0 -1 0 0 0 -1 -8 -1 -1 -10 -4 3 -5 1 -1 -4 0 0 1 0 1 0 -1 1583838187
-15833051 -15292369 21516698 4774298 -7769599 -7334714 -1716697 -141952 122590 -125942 -43148 -20702 -4028 -68232 -11600 -3670 -7437 -2925 -975 -599 -220 -167 -63 -295 -3 -22 -12 -6 1 0 0 1 0 0 0 -1 0 0 0 1 0 0 0 0 0 0 0 0 0 0 0 0 0 0 0 0 0 0 0 0 1583838187
1140207 -1031028 -8710789 -11538187 -3433248 9492664 1736893 -128496 -57169 -109152 -35681 -77582 -5529 -140181 46828 -41216 -8700 -5988 -974 -1075 -172 -771 -696 -311 -3 -141 -8 -2 2 -1 0 2 4 -1 5 2 0 0 1 4 0 0 0 -1 -1 2 0 0 -1 0 0 0 0 1 0 0 0 0 0 0 1583838187
-15009383 -14589275 20026489 4037336 -7152686 -6492431 -1891102 -141963 111497 -126105 -43280 10008 -3834 -46750 -14328 -2716 1534 -2806 -977 -1840 -187 -170 2890 -381 -4 210 -12 -13 1 -1 0 2 1 -2 2 -3 0 -1 0 -1 0 0 0 0 0 0 0 0 0 0 0 0 0 0 0 0 0 0 0 0 1583838187
-16091057 -15486289 21888036 5929689 17851051 -7151076 -4174819 -133233 119824 -131702 -45443 -26228 -1483 601827 -10657 -2592 3307 -2679 -269 -683 -509 -21 -811 -823 -2 -21 3 -4 2 0 0 2 2 0 9 -11 1 0 -10 -4 -1 0 -1 -1 -3 0 -4 1 -1 0 0 0 0 0 0 0 0 0 0 0 1583838187
8555811 5256450 -22032285 -18469389 2257367 16989396 -2727531 -132046 -106873 -118258 -40804 25412 -2553 191207 -25782 17010 -3119 10306 -16 -19280 -322 -684 -224 -481 0 357 -9 -22 -2 -6 0 2 1 5 5 -6 0 0 -5 -2 0 0 0 0 -1 -8 0 0 0 0 0 0 1 4 0 0 0 0 1 0 1583838187
-12160841 -12198988 14958880 1310029 -5194371 -3660599 -2061843 -140674 85146 -125256 -43007 -31941 -3682 3075 -14528 -971 -7689 -2871 -961 -667 -256 -370 -29 -342 -2 -19 -11 -1 4 4 0 -3 0 12 3 -1 0 0 -1 0 0 -1 0 0 0 0 0 1 1 0 0 0 0 0 0 0 0 0 0 0 1583838187
-14081315 -13811278 18378701 3108703 -6945854 -5577641 -1363287 -140564 112223 -124225 -42375 -12388 -4136 -67384 -15167 -1615 -4001 -3092 -999 -745 -202 -274 -209 -303 -3 39 -16 -7 2 0 0 0 -4 3 -2 0 0 -1 1 0 0 -1 -3 0 0 0 0 0 1 0 0 0 0 0 0 0 0 0 0 0 1583838187
-16091375 -15447629 21768247 6692301 37914497 -6809707 16618151 -60521 119119 -73598 -14957 -28546 -11722 54862 -8903 -2598 11224 -3630 1068 -837 -136 -52 1295 -397 -2 -36 -5 -6 1 0 0 0 -23 0 -16 -7 0 -1 6 3 0 0 -1 0 -4 0 -3 -2 1 0 0 0 0 0 0 -2 0 0 0 0 1583838187
-16068993 -15454997 21806730 6168929 24712838 -7011471 8848185 -123061 123392 -95607 -26653 -9034 -8150 130220 -9786 -3041 17803 -2707 -1336 -1768 -167 -62 -932 -80 -7 -20 -7 -1 5 0 0 0 -16 0 -12 -5 0 0 -5 3 5 0 -3 0 3 0 -3 1 -1 1 -1 0 0 0 0 0 0 0 0 -1 1583838187
-16098957 -15408459 21575927 8921276 100871372 -5753025 40136814 -67135 117287 -6259 21437 -25790 -21349 312278 -6286 -1033 23765 -3962 -477 -1134 -147 138 -7058 -1116 1 -21 21 -1 0 0 0 3 26 -1 -7 -4 -7 -6 41 -11 -1 0 -13 5 -2 -1 -7 0 0 3 0 -1 0 0 0 0 0 0 0 0 1583838187
102917726 86878665 -194673723 -109274688 23339350 109903422 9737616 -68623 -675621 -44616 -9510 445787 -6113 38982 -11390 -28199 5480 -12522 -834 -4806 -115 -6244 -1128 -628 8 -626 9 21 -5 21 0 -20 20 43 3 0 -2 -2 15 -2 -5 11 -6 1 0 -2 -2 -2 -4 1 0 0 0 -2 0 0 0 1 -3 0 1583838187
-15180865 -14735225 20338413 4142082 -7883546 -6675118 -1819366 -141853 125856 -125986 -43224 -2794 -3937 -66062 -13942 -2988 -5331 -2994 -984 -659 -211 -213 -163 -338 -3 -24 -10 -5 2 1 0 0 0 4 4 0 0 0 1 3 0 -1 0 -1 -1 0 0 0 0 -1 -2 0 2 0 1 2 0 0 0 0 1583838187
31461088 24650677 -63090052 -40716325 2401208 39909742 1795508 -114579 -131782 -96656 -31402 249070 -4250 -24999 -85694 33053 -6070 -6347 -862 -3086 -206 -2826 -862 -406 4 -236 -3 1 -2 6 0 -5 2 16 6 -1 0 -1 2 -1 -1 2 -1 1 0 -8 0 -3 -4 0 0 0 0 0 0 0 0 0 -1 0 1583838187
-15602599 -15095975 21101048 4555061 -7870049 -7103740 -1821136 -142050 120799 -126149 -43275 -15604 -3964 -65554 -11312 -3764 -6462 -848 -974 182 -211 -310 -101 -285 -3 4 -14 -9 0 0 0 1 -3 0 0 1 0 0 0 0 0 0 0 0 0 0 0 0 0 0 0 0 1 0 -1 0 0 0 0 0 1583838187
-5735527 -6800569 3524982 -5037014 -7743499 2627635 -1825369 -137488 22029 -121997 -41882 -75335 -3906 -64244 -22952 6882 -4046 -2856 -962 -847 -201 -798 -133 -300 -3 -90 -11 -2 2 1 0 0 -1 2 1 1 0 0 0 0 0 0 0 0 0 -1 0 -1 0 0 0 0 0 0 0 0 0 0 0 0 1583838187
-16079548 -15495009 21947147 5014047 -7816222 -7571160 -1840060 -142274 129588 -126403 -43370 -11443 -3943 -63412 -11718 -3967 13706 -3118 -1126 -749 -118 -213 -1078 -107 -9 -23 -13 -6 1 0 0 1 3 0 0 3 0 0 0 1 0 0 3 -3 1 0 -3 0 0 -1 1 0 0 0 0 0 0 0 0 0 1583838187
-12105011 -12105095 14774843 1159272 -7516811 -3584282 -1874587 -140508 137033 -124917 -42896 23147 -3779 -56187 -16848 -1529 41597 -289 -1304 109 26 -718 -2761 -39 -14 18 -19 -9 -2 0 0 0 -20 1 -16 42 1 0 -10 -1 -2 0 -1 -6 10 -4 -16 -9 7 -8 1 -5 -4 1 3 1 0 0 0 -2 1583838187
-15767665 -15202314 21331848 4734812 -7823909 -7238931 -1836932 -142225 140693 -126318 -43342 131 -3920 -63983 -13267 -3561 14370 -3532 -1131 -925 -115 -210 -1237 141 -10 40 -19 -8 1 0 0 1 -9 0 -3 15 0 0 -3 1 0 0 -1 -4 0 0 -5 -3 2 -2 0 0 -1 0 0 0 0 0 0 0 1583838187
-15866744 -15295281 21512119 5131493 1614333 -7193772 -2724897 -142856 136051 -128364 -44158 -16140 -2994 181209 -11712 -3050 77562 -4303 -1604 -1519 73 -307 -3962 2394 -36 44 -75 -6 2 0 0 -1 -50 0 -18 28 0 0 -6 1 0 0 4 4 0 2 13 5 -4 2 1 -7 -1 0 3 0 0 -1 0 1 1583838187
-683608 -2482828 -5606843 -9922555 -7433490 7760369 -1849420 -135315 60342 -120157 -41314 67432 -3559 -58657 -41437 11955 -5220 -4534 -928 -1675 -209 -1020 -188 216 -2 -146 -23 -5 0 0 0 1 -4 1 2 1 0 0 0 0 0 0 2 0 0 -1 0 0 -1 -1 1 0 0 -1 1 0 0 0 0 0 1583838187
15428699 10283518 -32752663 -25502470 -7417977 24395516 -1833995 -128208 67 -113676 -39211 242487 -3023 -62848 -55345 12130 -7388 -6297 -841 -2519 -210 -1858 -75 -100 1 -261 -15 9 5 8 0 -9 -2 21 2 0 0 0 0 0 -1 3 0 1 0 -4 0 1 0 0 0 1 0 -4 0 0 0 0 -1 0 1583838187
-15188244 -8351337 7633299 4829721 13308164 -10303405 -3773963 -143762 106652 -130623 -45113 183030 -1564 477977 -23577 -4992 -821 -4189 -1036 -1276 -467 30 -814 540 -10 -47 -36 -7 -1 0 0 0 -14 1 1 -3 0 0 -4 -3 0 0 0 -1 -3 0 0 1 -1 1 3 2 -1 0 0 3 0 0 0 -1 1583838187
-16066811 -15486205 21922751 5108679 -4692952 -7512344 -2110903 -142452 124882 -126993 -43593 -19761 -3669 17074 -11040 -3643 -6399 -2690 -965 -1078 -259 -108 -108 -254 -3 -19 -12 -6 1 0 0 1 -5 0 1 0 0 0 -1 -1 0 0 0 0 0 0 0 0 0 0 0 0 0 0 0 0 0 0 0 0 1583838187
62873213 56261323 -129372165 -71207833 2338233 67633894 -2703399 -107901 -504020 -96024 -33526 296440 -1279 176858 -88528 32698 1915 -4512 -731 -2709 -251 -4686 -656 827 -6 -405 -32 40 11 48 0 -52 -9 92 4 0 0 -2 3 -3 -4 -2 0 1 -2 -1 0 9 8 0 -1 0 -3 -11 0 0 0 0 0 0 1583838187
-6374055 -7309312 4606822 -4359704 -6429759 2074960 -1203913 -136772 60800 -120589 -41075 -7142 -4073 -65928 -29987 8154 -6112 -3607 -959 -1170 -210 -720 -260 97 -3 -86 -21 0 3 4 0 -4 -4 9 1 0 0 0 -1 0 0 -1 0 0 1 0 0 0 1 -1 1 0 0 0 0 0 0 0 0 0 1583838187
13920416 9764024 -31633915 -22788778 28601440 22688475 13274457 -102211 -168470 -70743 -16019 -96884 -10055 -1618 -51655 29487 -4983 -3108 -1184 -1531 -188 -1890 -3665 437 -3 -159 -24 14 8 17 0 -18 -13 35 -5 2 0 0 -10 -2 -1 -5 2 -1 -2 -2 1 1 2 -2 1 2 0 0 3 -1 0 0 1 2 1583838187
-14325860 -13998685 18739590 4094212 14026726 -5462815 6250990 -127144 112571 -102495 -30612 -5430 -7230 27162 83089 -68700 8351 -6464 -1260 -710 -165 268 -2036 27 -8 -21 -13 0 5 5 0 -5 0 10 -3 5 0 -1 2 -6 -2 3 -16 3 3 3 -1 0 0 1 0 -1 0 -1 0 0 0 0 0 0 1583838187
-16086869 -15500412 21948479 5208393 -2513670 -7496504 341938 -138437 124790 -120161 -40012 -20754 -4886 -52193 -10900 -3777 4113 -2874 -1099 -618 -165 -181 -150 144 -7 -29 -21 -6 1 0 0 1 -9 0 -6 1 0 0 -1 0 0 0 0 1 0 0 0 3 -2 0 0 0 0 0 0 -1 0 0 0 0 1583838187
3998461 1376296 -13805482 -14382864 -5538054 12299064 -984782 -131671 -76766 -115557 -39254 -68040 -4094 -58309 -39094 17513 -8296 -3363 -912 -1308 -219 -1350 -195 -274 -1 -143 -14 6 8 7 0 -7 -2 16 0 -1 0 0 0 0 0 -1 -1 0 0 -2 0 1 1 0 0 0 0 0 0 0 0 0 0 0 1583838187
254975530 212599092 -461317771 -256867119 31137099 261828976 12758847 6864 -1923113 27453 16223 -119239 -6146 36764 797465 -560427 -4493 -47740 -417 -8117 -55 -10291 -2803 -433 15 -1817 39 30 -10 -21 0 24 2 -43 -13 -9 -1 0 3 -1 -4 16 1 -1 -2 -21 3 0 0 0 0 0 0 -4 0 -1 0 0 -2 1 1583838187
-3474640 -4839161 -624763 -7064530 -3262642 5050767 -207765 -133676 71474 -116590 -39151 50795 -4312 -44453 -34445 8292 -5398 -4323 -970 -1492 -214 -843 105 -287 0 -125 -11 -5 0 0 0 2 -2 0 -2 0 0 -1 2 -1 0 1 0 0 0 -1 0 0 0 0 0 0 0 -1 0 0 0 0 0 0 1583838187
46276095 41127484 -97452370 -55568758 -7191916 51571429 -1831446 -114060 -398609 -100546 -34799 135 -2961 -64292 -91300 49126 -3385 -5687 -767 -3159 -176 -3761 -354 -337 1 -456 -5 0 -4 -2 0 4 1 -5 5 0 0 0 1 5 0 6 -1 -2 -1 -5 0 0 -1 0 -2 0 1 0 0 0 0 -1 3 -1 1583838187
-4101517 -5415325 592535 -6618555 -7592832 4265389 -1848373 -136780 20338 -121407 -41701 -56604 -3821 -60252 -26320 8285 16335 -3296 -1103 -1143 -102 -942 -1204 -235 -7 -105 -8 -4 0 0 0 1 -5 -1 -3 14 0 0 -2 0 -1 2 2 -2 1 -3 -3 -1 1 0 0 0 0 0 -2 0 0 0 0 0 1583838187
4736568 2051719 -15219633 -15200249 -7624211 13057298 -1833107 -132778 -23469 -117780 -40513 -12284 -3636 -63968 48188 -45715 6019 -6403 -1004 -1262 -143 -988 -800 169 -7 -169 -28 -4 0 -1 0 2 -7 -2 0 8 0 0 0 2 -1 8 1 -3 -3 4 -1 0 0 0 0 1 1 2 0 -1 0 0 -1 0 1583838187
7652632 4460821 -20336004 -18009014 -6666093 15857946 -1911596 -131402 -109177 -116567 -40073 -143696 -3720 -39067 -45058 25535 -4521 -2719 -912 -1244 -211 -1636 152 -328 -1 -177 -8 -2 1 -1 0 2 -1 -2 -1 -3 0 -1 2 0 0 1 0 0 0 -4 0 0 0 0 0 0 0 2 0 0 0 0 0 0 1583838187
-793397 -2614222 -5343142 -9683047 -4126915 7663116 -2149478 -135625 18106 -120818 -41566 31137 -3302 27359 -41241 13922 -8286 -3916 -912 -1473 -269 -1021 -64 -336 0 -142 -10 -4 0 0 0 2 -1 -1 0 -2 0 0 0 0 0 0 0 0 0 -1 0 0 0 0 0 0 0 0 0 0 0 0 0 0 1583838187
3538757 1050069 -13104743 -13861405 -2593290 11964229 -2286753 -133664 -9568 -119306 -41073 -9010 -3160 64983 -46809 19825 -4102 -4230 -931 -1749 -266 -1273 -319 -226 -1 -164 -13 -3 0 -1 0 2 -7 -1 0 -3 0 0 0 1 0 0 0 1 0 -1 0 1 -1 0 0 0 -1 0 0 0 0 0 -1 0 1583838187
3532782 989532 -12982768 -14013747 -6814655 11776055 -1516653 -132661 -76241 -117193 -40086 -139141 -3996 -60378 -36902 19679 -5360 -2979 -929 -1194 -205 -1359 -245 -70 -3 -154 -15 -2 1 -1 0 2 -3 0 -1 0 0 0 0 2 0 0 0 1 1 -1 0 1 -1 0 0 -1 0 -1 0 0 0 0 0 0 1583838187
-16072832 -15489283 21935068 5007047 -7874494 -7564944 -1820991 -142251 129306 -126348 -43342 -10613 -3963 -65588 -11820 -4004 -7603 -2718 -971 -514 -222 -165 84 -306 -2 -13 -12 -5 4 0 0 1 0 0 2 -1 0 0 0 0 0 0 0 0 0 0 0 0 0 0 0 0 0 0 0 0 0 0 0 0 1583838187
-15107234 -14671030 20202489 4083642 -7876522 -6593919 -1820115 -141870 125359 -125976 -43224 8633 -3916 -66005 -14124 -3393 -7507 -2611 -967 -507 -220 -230 -39 -261 -3 80 -15 -10 0 -1 0 2 -1 -1 0 1 0 0 0 0 0 0 0 0 0 0 0 0 0 0 0 0 0 0 0 0 0 0 0 0 1583838187
-16076396 -15493079 21943007 5009161 -7855076 -7569107 -1824287 -142249 129299 -126356 -43346 -11475 -3961 -65029 -11583 -4066 -4943 -2493 -990 -438 -208 -187 -180 -241 -3 -21 -13 -7 0 0 0 1 -2 0 0 4 0 0 -1 0 0 0 0 0 1 0 -1 -1 0 -1 0 0 0 0 0 0 0 0 0 0 1583838187
-15666125 -15148782 21213208 4614659 -7795182 -7163551 -1829170 -142071 124072 -126195 -43293 -13337 -3953 -63511 -11823 -3518 -5003 -2650 -962 -1197 -211 -151 0 -330 -3 23 -14 -8 1 0 0 1 0 0 -1 -3 0 -1 2 0 0 0 0 0 0 0 0 0 0 0 0 0 0 0 0 0 0 0 0 0 1583838187
-16088857 -15503262 21963463 5035072 -7728593 -7590860 -1834371 -141772 120621 -126370 -43346 -30200 -3982 -61674 -10918 -3687 -5062 -3368 12703 -171 -179 -133 -196 -216 -3 -34 -17 -25 5 0 0 1 -5 0 1 1 18 0 2 0 0 0 0 0 0 0 0 0 0 0 0 -1 0 0 0 0 0 0 0 0 1583838187
