-16091746 -15471802 21824509 6533715 34467740 -6877569 12010870 -117349 118033 -86474 -21678 -25675 -9404 196414 -7869 -879 14850 -3796 -1453 -575 -208 -153 -3437 -148 -6 -20 -12 -4 1 0 0 1 2 0 -12 -18 0 -1 2 3 0 0 5 0 0 0 2 0 0 -3 1 2 1 0 -2 0 0 0 0 0 1583836345
-16089677 -15509527 21975087 5046881 -7121734 -7584582 -1635516 -141890 120604 -125787 -43031 -30168 -4061 -57886 -10891 -3670 -7878 -3095 -976 -656 -228 -136 68 -302 -2 -26 -14 -4 1 0 0 1 0 0 0 -1 0 -1 1 0 0 0 0 0 0 0 0 0 0 0 0 0 0 0 0 0 0 0 0 0 1583836345
-16087215 -15504455 21956508 5203066 -2731183 -7507561 45425 -138926 119179 -120975 -40437 -26416 -4751 -42610 -9485 -2037 -8319 -3375 -1023 -329 -233 -176 -416 -350 -2 -24 -11 -4 2 1 0 2 0 0 4 -2 0 0 -2 -1 0 0 0 0 -1 0 -1 0 0 0 0 0 0 0 0 0 0 0 0 0 1583836345
-16106254 -15329121 21262738 11950238 185242412 -4323035 74182367 -8385 114701 90988 73763 -22880 -35690 512993 -2673 887 16200 -4074 -2658 -1249 -200 395 -4747 -1747 14 -35 41 1 -1 0 0 5 67 -2 -22 -32 -3 -3 12 -8 -2 1 19 -8 -3 0 -3 3 -3 3 0 0 2 0 -2 0 0 0 0 0 1583836345
-16088661 -15504732 21955825 5227929 -2065087 -7498755 725548 -137802 119171 -119074 -39438 -28010 -5086 -59888 -9387 -2018 -6953 -3448 -1035 -274 -215 -213 3979 -310 -1 -36 -11 -6 1 0 0 1 -4 0 5 1 0 0 -2 1 0 0 0 0 0 0 0 0 0 0 0 0 0 0 0 0 0 0 0 0 1583836345
-16088435 -15434665 21689565 7682956 66234985 -6333629 28515847 -89058 114718 -39717 3267 -18348 -16750 106491 -4429 2420 25348 -4995 -1847 133 -66 -110 5019 -977 0 -46 20 0 2 3 0 4 18 -1 -23 -15 -3 -2 18 -3 0 0 3 -2 -3 0 -2 0 0 1 0 -3 0 0 0 0 0 0 0 0 1583836345
-16086761 -15509166 21975290 5018173 -7892661 -7595105 -1819027 -142240 119357 -126325 -43330 -26569 -3994 -66079 -9958 -2131 -7449 -3613 -1005 -40 -222 -223 -43 -139 -4 -24 -16 -4 2 1 0 2 -3 0 2 0 0 0 0 0 0 0 0 0 -1 0 0 1 0 -1 -1 0 0 0 0 1 0 0 0 0 1583836345
-16088142 -15510351 21977816 5018259 -7893260 -7597465 -1818552 -142236 119329 -126322 -43329 -27998 -3996 -66006 -9587 -2019 -7111 -3484 -999 -215 -220 -249 -60 -315 -3 -25 -12 -6 1 0 0 1 0 0 3 0 0 0 0 1 0 0 0 0 0 0 0 0 0 0 -1 0 0 0 0 1 0 0 0 0 1583836345
-16078677 -15502454 21961225 5007126 -7892537 -7586900 -1819234 -142225 120598 -126320 -43328 -28982 -3996 -65938 -11007 -3688 -6324 -3134 -983 -682 -217 -142 -105 -325 -3 -22 -10 -6 1 0 0 1 2 0 4 0 0 0 1 2 0 0 0 -1 -1 0 0 0 0 -1 -2 0 2 0 1 2 0 0 0 0 1583836345
-16086502 -15508898 21974555 5020254 -7869939 -7595849 -1824569 -142253 118036 -126340 -43339 -25747 -3987 -65537 -8219 -332 -1757 -3935 -1058 153 -193 -385 -366 271 -7 -23 -26 -6 1 -1 0 1 -4 0 1 -2 0 0 1 3 0 0 0 -1 0 0 0 1 -1 0 0 0 0 0 0 -1 0 0 0 0 1583836345
-16084899 -15507496 21970975 5031182 -7581462 -7589796 -1868204 -142307 116739 -126454 -43394 -23969 -3933 -57046 -7012 1040 30311 -4732 -1303 69 -39 -412 -1996 288 -15 -21 -26 -5 2 0 0 0 -9 0 -4 22 0 0 -2 2 0 0 12 -5 -5 0 -1 2 -1 -2 -2 -4 -4 0 0 0 0 0 0 0 1583836345
-15884843 -15335677 21604924 5003594 -7696425 -7263326 -1860619 -142890 117216 -126652 -43547 193776 -3616 -61771 94876 168828 34138 -65138 -5057 77286 31 5107 -2327 697 -24 -135 -34 46 30 59 0 26 -17 -3 -3 23 0 -30 -6 4 0 4 5 -4 -3 1 -8 0 0 -5 1 2 -2 1 0 0 0 0 0 0 1583836345
-16084887 -15506025 21966932 5050261 -7107438 -7581579 -1163310 -141168 116753 -124490 -42364 -24117 -4305 -79955 -7104 966 -5512 -4147 -1056 519 -203 -351 -289 -208 -4 -24 -14 -6 1 0 0 1 -1 0 0 -1 0 0 1 4 0 0 0 0 -1 0 0 0 0 -1 0 0 -1 0 0 0 0 0 0 0 1583836345
-16086904 -15470007 21878140 5463374 3445981 -7383434 -2881959 -143255 120280 -128825 -44316 -28418 -2855 230242 -10714 -3141 41046 -3696 -1320 -1128 -133 -213 5394 -592 -10 -26 10 25 -4 -1 0 1 8 0 -11 -19 0 -1 3 -3 0 0 -1 0 0 0 -1 0 0 0 0 0 0 0 1 -1 0 0 0 0 1583836345
-15813192 -15280904 21485223 4849934 -5729223 -7320480 -2018904 -142338 89985 -126648 -43470 -26716 -3775 -9651 -9959 -3442 -2900 -2142 -941 -2052 -229 -89 153 -369 -4 -20 -9 -6 1 0 0 1 0 0 0 -3 0 -1 2 0 0 0 0 0 0 0 0 0 0 0 0 0 0 0 0 0 0 0 0 0 1583836345
-16090688 -15459114 21809833 6335434 28112705 -6976032 11192803 -119203 119515 -89032 -23153 -28480 -9235 101181 -9289 -2667 77759 -4697 -1845 -1615 150 -240 1698 1248 -26 -37 -39 -2 1 0 -1 0 -11 0 -66 -19 -5 -5 29 1 1 0 6 0 -1 2 10 0 0 -3 1 3 -1 0 1 2 0 -1 0 0 1583836345
-16089791 -15508207 21969991 5093330 -5840220 -7563005 -860733 -140576 120564 -123600 -41870 -30181 -4416 -66553 -10815 -3648 -6489 -3137 -998 -673 -215 -139 594 -310 -2 -28 -11 -4 1 0 0 1 -1 0 -1 -2 0 -1 2 0 0 0 1 0 0 0 0 0 0 0 0 0 0 0 0 0 0 0 0 0 1583836345
-16091746 -15471802 21824509 6533715 34467740 -6877569 12010870 -117349 118033 -86474 -21678 -25675 -9404 196414 -7869 -879 14850 -3796 -1453 -575 -208 -153 -3437 -148 -6 -20 -12 -4 1 0 0 1 2 0 -12 -18 0 -1 2 3 0 0 5 0 0 0 2 0 0 -3 1 2 1 0 -2 0 0 0 0 0 1583838187
-16089677 -15509527 21975087 5046881 -7121734 -7584582 -1635516 -141890 120604 -125787 -43031 -30168 -4061 -57886 -10891 -3670 -7878 -3095 -976 -656 -228 -136 68 -302 -2 -26 -14 -4 1 0 0 1 0 0 0 -1 0 -1 1 0 0 0 0 0 0 0 0 0 0 0 0 0 0 0 0 0 0 0 0 0 1583838187
-16087215 -15504455 21956508 5203066 -2731183 -7507561 45425 -138926 119179 -120975 -40437 -26416 -4751 -42610 -9485 -2037 -8319 -3375 -1023 -329 -233 -176 -416 -350 -2 -24 -11 -4 2 1 0 2 0 0 4 -2 0 0 -2 -1 0 0 0 0 -1 0 -1 0 0 0 0 0 0 0 0 0 0 0 0 0 1583838187
-16106254 -15329121 21262738 11950238 185242412 -4323035 74182367 -8385 114701 90988 73763 -22880 -35690 512993 -2673 887 16200 -4074 -2658 -1249 -200 395 -4747 -1747 14 -35 41 1 -1 0 0 5 67 -2 -22 -32 -3 -3 12 -8 -2 1 19 -8 -3 0 -3 3 -3 3 0 0 2 0 -2 0 0 0 0 0 1583838187
-16088661 -15504732 21955825 5227929 -2065087 -7498755 725548 -137802 119171 -119074 -39438 -28010 -5086 -59888 -9387 -2018 -6953 -3448 -1035 -274 -215 -213 3979 -310 -1 -36 -11 -6 1 0 0 1 -4 0 5 1 0 0 -2 1 0 0 0 0 0 0 0 0 0 0 0 0 0 0 0 0 0 0 0 0 1583838187
-16088435 -15434665 21689565 7682956 66234985 -6333629 28515847 -89058 114718 -39717 3267 -18348 -16750 106491 -4429 2420 25348 -4995 -1847 133 -66 -110 5019 -977 0 -46 20 0 2 3 0 4 18 -1 -23 -15 -3 -2 18 -3 0 0 3 -2 -3 0 -2 0 0 1 0 -3 0 0 0 0 0 0 0 0 1583838187
-16086761 -15509166 21975290 5018173 -7892661 -7595105 -1819027 -142240 119357 -126325 -43330 -26569 -3994 -66079 -9958 -2131 -7449 -3613 -1005 -40 -222 -223 -43 -139 -4 -24 -16 -4 2 1 0 2 -3 0 2 0 0 0 0 0 0 0 0 0 -1 0 0 1 0 -1 -1 0 0 0 0 1 0 0 0 0 1583838187
-16088142 -15510351 21977816 5018259 -7893260 -7597465 -1818552 -142236 119329 -126322 -43329 -27998 -3996 -66006 -9587 -2019 -7111 -3484 -999 -215 -220 -249 -60 -315 -3 -25 -12 -6 1 0 0 1 0 0 3 0 0 0 0 1 0 0 0 0 0 0 0 0 0 0 -1 0 0 0 0 1 0 0 0 0 1583838187
-16078677 -15502454 21961225 5007126 -7892537 -7586900 -1819234 -142225 120598 -126320 -43328 -28982 -3996 -65938 -11007 -3688 -6324 -3134 -983 -682 -217 -142 -105 -325 -3 -22 -10 -6 1 0 0 1 2 0 4 0 0 0 1 2 0 0 0 -1 -1 0 0 0 0 -1 -2 0 2 0 1 2 0 0 0 0 1583838187
-16086502 -15508898 21974555 5020254 -7869939 -7595849 -1824569 -142253 118036 -126340 -43339 -25747 -3987 -65537 -8219 -332 -1757 -3935 -1058 153 -193 -385 -366 271 -7 -23 -26 -6 1 -1 0 1 -4 0 1 -2 0 0 1 3 0 0 0 -1 0 0 0 1 -1 0 0 0 0 0 0 -1 0 0 0 0 1583838187
-16084899 -15507496 21970975 5031182 -7581462 -7589796 -1868204 -142307 116739 -126454 -43394 -23969 -3933 -57046 -7012 1040 30311 -4732 -1303 69 -39 -412 -1996 288 -15 -21 -26 -5 2 0 0 0 -9 0 -4 22 0 0 -2 2 0 0 12 -5 -5 0 -1 2 -1 -2 -2 -4 -4 0 0 0 0 0 0 0 1583838187
-15884843 -15335677 21604924 5003594 -7696425 -7263326 -1860619 -142890 117216 -126652 -43547 193776 -3616 -61771 94876 168828 34138 -65138 -5057 77286 31 5107 -2327 697 -24 -135 -34 46 30 59 0 26 -17 -3 -3 23 0 -30 -6 4 0 4 5 -4 -3 1 -8 0 0 -5 1 2 -2 1 0 0 0 0 0 0 1583838187
-16084887 -15506025 21966932 5050261 -7107438 -7581579 -1163310 -141168 116753 -124490 -42364 -24117 -4305 -79955 -7104 966 -5512 -4147 -1056 519 -203 -351 -289 -208 -4 -24 -14 -6 1 0 0 1 -1 0 0 -1 0 0 1 4 0 0 0 0 -1 0 0 0 0 -1 0 0 -1 0 0 0 0 0 0 0 1583838187
-16086904 -15470007 21878140 5463374 3445981 -7383434 -2881959 -143255 120280 -128825 -44316 -28418 -2855 230242 -10714 -3141 41046 -3696 -1320 -1128 -133 -213 5394 -592 -10 -26 10 25 -4 -1 0 1 8 0 -11 -19 0 -1 3 -3 0 0 -1 0 0 0 -1 0 0 0 0 0 0 0 1 -1 0 0 0 0 1583838187
-15813192 -15280904 21485223 4849934 -5729223 -7320480 -2018904 -142338 89985 -126648 -43470 -26716 -3775 -9651 -9959 -3442 -2900 -2142 -941 -2052 -229 -89 153 -369 -4 -20 -9 -6 1 0 0 1 0 0 0 -3 0 -1 2 0 0 0 0 0 0 0 0 0 0 0 0 0 0 0 0 0 0 0 0 0 1583838187
-16090688 -15459114 21809833 6335434 28112705 -6976032 11192803 -119203 119515 -89032 -23153 -28480 -9235 101181 -9289 -2667 77759 -4697 -1845 -1615 150 -240 1698 1248 -26 -37 -39 -2 1 0 -1 0 -11 0 -66 -19 -5 -5 29 1 1 0 6 0 -1 2 10 0 0 -3 1 3 -1 0 1 2 0 -1 0 0 1583838187
-16089791 -15508207 21969991 5093330 -5840220 -7563005 -860733 -140576 120564 -123600 -41870 -30181 -4416 -66553 -10815 -3648 -6489 -3137 -998 -673 -215 -139 594 -310 -2 -28 -11 -4 1 0 0 1 -1 0 -1 -2 0 -1 2 0 0 0 1 0 0 0 0 0 0 0 0 0 0 0 0 0 0 0 0 0 1583838187
