92288976 574432555 265634227 11918198 -7378330 -25006608 -1787583 -161642 -10924566 -110915 -39399 -391114 -4242 -58161 22541 -12953 -2917 -683 -958 671 -184 -258 -127 -263 27529 103 10 -1 3 0 0 0 1 0 2 -6 0 0 1 3 2 3 -1 0 0 0 -3 -1 1 -2 1 3 2 -1 1 -1 -34 0 0 0 1583838658
-14488257 -1305258 -6817356 25626674 -8490745 797771 -1955535 -222971 121029 -149557 -49885 -30413 -3834 -54495 -10680 -3559 49175 -4106 -1373 -1267 51 -269 -2346 -214 -17 -29 -3 -14 4 0 0 2 18 0 3 0 0 0 2 6 1 0 -2 -2 6 0 -8 3 -3 -6 0 3 0 0 -3 0 0 -2 0 0 1583838658
2904177024 14449122742 5584259479 -356731925 6319274 305479476 173962 957148 355803597 -221513 -29585 -1765905 -5578 -20476 169473 177233 5542 12775 25 -10670 -61 1426 -83 -56 325 197 -5 -13 -5 0 0 0 0 1 1 0 0 2 0 1 0 0 0 0 0 0 0 0 0 0 0 0 0 0 0 0 3 0 0 0 1583838658
16396967 272655305 -562158445 422839352 -26656149 162603718 -3294934 -1778541 129077 -594203 -174661 -36099 -2110 -41276 -8244 -2785 142144 -5092 -1823 -2118 540 -470 -6991 -573 -37 -13 33 0 2 0 -1 1 8 0 -13 64 0 0 -9 4 0 1 44 -15 -11 1 6 4 -3 8 -4 6 11 0 -1 -9 0 -2 0 2 1583838658
-5582809 19289930 32062020 5137035 -7765730 -9399908 -1832620 -143122 -499802 -125355 -43066 -92635 -4070 -62886 2895 -10153 -2812 -2999 -1004 -565 -199 -122 252 -332 8051 6 -2 -6 0 0 0 1 2 0 3 -4 0 0 1 0 0 2 -1 1 0 -1 0 0 0 0 0 0 0 -1 0 0 2 0 0 0 1583838658
-15872008 -13577096 18055962 7892139 -5961742 -6421333 -2104972 -153484 120605 -130156 -44526 -29789 -3669 -7296 -10568 -3368 146218 -5873 -2074 -2305 505 -502 -1211 99 -40 -32 10 -1 2 0 -2 3 42 0 18 0 -1 -2 8 -22 -5 0 0 0 1 0 -3 0 -1 5 -1 6 8 -1 -7 1 0 0 0 0 1583838658
282893270 2347024522 -4699851564 -340493304 9648777 -1048106562 -7643661 -2780 -2103345 -16680 -10622 -46754 1622 -125771 7368 -6032 -7949 -325 231 279 9 -506 732 219 -27 -7 -6 0 1 0 0 0 -2 0 -4 0 -1 -1 10 4 1 0 1 0 0 0 1 0 0 0 0 0 -1 0 0 0 0 0 0 0 1583838658
133772957 1313810937 -2672665921 1932345611 -97312841 777501174 -7981204 -7689808 159766 -2282913 -648285 -58472 3921 -49642 -16 -666 1301 263 55 42 3 -107 1120 107 -1 -7 -2 -8 1 0 0 0 -4 0 -13 -4 0 0 3 0 0 0 -5 0 1 0 3 -1 1 0 0 0 0 0 0 1 0 0 0 0 1583838658
6046357 180841594 -376043295 289696959 -21235362 108365655 -2714906 -1257063 126413 -444836 -132671 -34423 -2845 -67177 -9313 -3257 -9637 -2549 -797 -519 -204 -128 256 -245 -1 -24 -12 -6 1 0 0 1 -2 0 1 -1 0 0 0 0 0 0 0 0 0 0 0 0 0 0 0 0 0 0 0 0 0 0 0 0 1583838658
327 -181 -312 443 423 261 -675 -75 164 -260 287 -123 -46 -48 237 -225 -624 60 -147 -3 160 -228 97 24 497 -104 -122 78 -310 -139 493 -968 55 161 -284 -54 -95 -680 498 -257 -319 430 39 107 -78 898 -114 -170 -38 130 248 -118 -358 -489 55 -230 -541 -234 199 -250 220 379 88 -56 -302 167 -259 -666 -168 92 290 31 174 65 -286 -422 29 -21 -372 -199 221 277 211 44 -100 401 532 -303 117 -367 49 1 492 624 -99 -88 186 77 197 242 526 -132 -367 121 -399 116 -76 -344 96 25 -91 77 562 106 -198 343 -547 283 -28 539 352 82 169 15 -370 184 -323 45 233 295 -189 -272 136 -183 -215 -671 7 -135 76 99 -130 131 321 37 92 75 19 -19 341 -23 -200 447 256 -57 -280 99 233 -391 -448 48 253 -34 266 -421 -244 -122 -99 150 -73 396 591 -129 -181 185 -2 331 -47 370 -545 47 -48 326 -169 114 -437 456 96 -106 -526 290 11 -27 400 -287 -180 -329 222 363 54 76 -54 -142 -189 163 213 149 -258 -247 -244 117 -27 623 -273 -68 -421 -23 424 2 -312 -95 -154 432 -25 -226 155 -277 230 242 -60 196 -318 73 97 498 259 123 -380 88 605 141 369 -38 269 -130 245 120 -205 67 41 241 291 -549 122 71 122 -158 58 215 549 -78 269 -22 96 115 -182 -187 -45 121 -260 174 165 -453 454 133 396 -178 328 -68 -67 253 124 224 356 -177 -272 -106 446 -296 70 -180 -279 -197 -90 -343 -15 -153 39 171 50 94 -334 480 -64 360 316 -86 -18 241 -50 63 -861 153 56 236 -148 527 459 -315 74 5 558 313 -465 -69 127 -363 -495 165 -462 -107 383 23 -270 648 111 -56 158 109 -578 487 -277 -83 -186 418 -265 415 53 -117 -576 172 467 352 355 31 0 -440 -200 892 -370 18 143 173 388 105 -240 -180 -99 -252 129 124 -306 -81 45 -314 305 -316 -228 109 -219 75 -1 -25 -98 -13 222 -130 -139 -143 109 232 -355 71 -126 -306 39 -485 426 -232 49 -156 326 39 41 46 -315 -173 77 -106 159 -347 -145 245 112 290 119 150 -249 -450 -32 55 -39 1 363 -153 -250 -372 1583863281
139 -427 -19 -79 3 47 -206 -60 -211 -39 184 -441 -485 204 -95 -359 -152 203 81 111 -558 -540 526 -309 422 579 -68 -385 -473 -141 344 -289 439 -145 -34 -102 81 262 185 340 -148 -310 98 12 -53 201 -330 9 139 5 -5 710 -19 178 -103 47 179 -91 491 71 -104 302 -281 -355 62 -178 195 -143 392 156 47 312 -75 -125 168 -492 31 -419 -163 111 -467 -714 -231 444 357 131 -563 577 70 -401 377 -39 142 196 126 63 329 -197 -155 123 -445 89 -80 12 531 -59 54 -730 -321 -433 -60 367 354 259 -330 -612 209 511 358 284 111 -114 510 79 742 -218 74 -424 195 -431 248 -214 110 -54 -383 -3 551 715 167 -99 -419 -52 279 -631 -383 -732 -213 -223 -563 -275 132 153 -91 -312 -41 195 -48 112 232 16 -32 -437 199 85 -163 58 133 291 -48 -385 218 285 -90 -8 -306 29 147 -543 -420 -84 -330 -76 422 45 -34 -88 -521 -66 -354 -420 -480 -32 -163 -159 18 103 -154 -208 363 -469 399 -696 281 -143 -56 -180 244 51 488 363 549 95 -339 -35 -477 -446 562 270 25 210 -120 188 -293 -16 125 -121 569 -5 56 8 -43 -284 227 -122 53 -106 400 -257 531 -32 -525 358 -29 34 502 -104 21 -13 600 -130 -513 19 -20 117 -441 212 178 269 -213 86 -407 242 21 70 -5 98 100 75 -204 430 -382 2 -14 63 -130 -850 168 -112 300 -276 502 44 283 132 239 267 -272 112 171 -99 600 121 -265 -349 -348 402 3 24 11 -143 103 -65 31 -220 -44 321 -40 101 -24 -326 276 -213 -62 236 183 231 -89 182 82 -263 -111 341 -41 -449 -207 78 -76 221 428 100 -81 -278 96 -232 47 -178 40 81 105 -38 -29 65 -93 -400 109 -226 173 -78 -299 127 -198 171 412 166 188 47 107 204 6 447 130 -19 83 251 383 485 12 70 -416 36 -276 -475 8 -429 297 -34 7 -475 -26 209 -47 -105 257 19 -159 156 -100 170 -115 47 311 30 -123 -176 -397 -219 -462 47 -88 -337 -3 183 -213 462 -331 -145 271 -279 339 232 291 277 -219 23 130 151 217 104 -489 -96 129 164 -213 27 236 86 1583863281
12 261 419 381 -134 82 705 -214 -226 280 67 -446 -58 -136 -410 263 361 162 311 -256 -374 105 -200 -190 239 -212 165 140 -137 -413 120 -39 781 -533 -197 -341 258 -221 -78 52 -195 27 -552 -151 62 315 361 -273 24 -410 508 -487 199 -427 502 191 473 -67 287 145 -293 433 -58 -463 138 137 -144 110 358 -174 39 60 -673 -272 14 9 -419 88 -419 -137 103 123 -35 190 661 173 192 78 705 -475 -294 202 328 -244 376 81 1 164 -214 606 -437 320 -273 -198 124 130 141 382 42 412 520 293 86 580 -199 -106 98 -220 924 250 454 84 70 590 -88 -44 -1 -184 -270 174 -507 -16 14 -106 -440 -380 136 -220 177 240 81 -81 149 -107 274 446 -377 -216 204 -343 -238 -98 -239 -215 80 721 -222 -115 123 228 -282 324 -397 -81 -87 28 380 -101 781 263 -50 278 202 -227 574 18 168 -90 -449 -286 327 31 325 -57 -121 -12 -56 565 -226 270 -371 -274 347 -164 -123 146 -193 263 -412 -41 -478 -246 -633 254 309 -8 -231 -392 103 -58 212 -216 316 88 -107 -128 -8 73 536 617 -23 -114 41 -609 427 -80 -155 271 -149 199 -282 -165 -109 -22 185 -197 -65 695 333 37 378 -188 57 468 -56 52 -200 155 -271 13 -200 202 -271 536 -733 79 116 -271 228 58 334 61 -156 10 -85 390 34 -133 -233 412 404 152 403 118 212 -387 -502 244 217 178 -205 -224 -628 370 165 14 -75 -46 -206 270 95 173 200 -20 -207 54 -42 -401 15 -38 132 239 -1 112 186 224 68 -234 -300 537 26 -243 -307 -321 71 -546 -5 -121 -22 -289 527 277 -160 -21 78 -135 -265 -406 -22 -169 9 -439 -398 232 -124 -22 -230 180 -439 -44 -373 385 -133 78 -118 -194 -95 289 -6 -274 -409 -50 30 -128 61 121 -30 8 77 295 -440 304 160 166 91 28 294 389 69 -75 102 361 261 -372 -186 265 -281 -13 112 -347 240 -36 -258 177 358 -135 10 89 100 -102 -489 36 85 38 -264 -341 35 -389 39 -75 -101 333 132 332 -512 -179 -29 -12 115 -419 226 762 -75 -88 82 232 -17 95 -122 -91 -31 -142 81 -128 -264 139 1583863281
517 -211 -627 -13 -132 -249 -212 464 -230 -577 -284 158 -77 187 -126 -25 -85 162 166 227 -451 1 682 51 277 85 456 402 345 -241 -273 159 -543 205 -178 -173 -64 326 230 -604 -29 155 263 -139 181 389 -39 -29 175 114 240 -237 147 170 385 32 -438 463 624 -215 -422 -138 -292 98 -169 421 -609 -59 -109 439 -46 378 198 -499 196 -260 -13 138 329 264 382 363 -32 -632 -105 -280 134 -35 -255 -79 100 574 249 59 3 -71 355 -434 -116 456 -203 -545 -21 212 -301 -305 -70 -43 435 -82 -72 103 228 59 -355 -433 117 -54 426 -13 90 534 -229 63 -279 -517 -178 347 -260 487 -333 -51 81 -370 -152 -93 25 87 -199 5 48 -223 322 -387 516 -215 210 -151 246 261 -199 211 158 320 -24 -246 -76 -41 -63 -549 -379 -293 -163 218 -200 77 -223 142 -11 -29 -11 315 500 178 -67 -50 233 301 -57 86 -64 306 14 13 -343 378 86 -759 132 97 196 -552 0 450 484 413 3 376 311 297 219 688 143 2 -152 -416 -25 406 672 -367 -222 -408 103 60 257 -365 -454 186 0 -27 -459 -339 14 69 -49 304 178 -561 61 -168 211 -138 351 -82 222 -12 672 15 105 307 30 -160 -77 -10 -171 206 85 170 187 -499 -434 -307 81 226 388 296 207 -91 -312 310 -343 6 348 -291 337 362 52 184 -414 -293 -4 -250 -374 -291 -446 61 -90 34 146 404 345 521 105 -385 155 -195 250 -78 -86 -355 -21 -402 46 -253 247 -172 -100 -519 -90 -179 65 -8 416 205 -146 432 -181 75 -23 -328 682 -122 -157 -126 -112 -12 -330 54 -141 417 -358 62 245 338 121 -215 125 -37 -348 -149 91 267 92 -237 249 -149 -101 -200 -159 -33 -107 -164 383 24 -299 -1 341 75 72 -101 -20 -77 -128 91 82 -117 -65 -453 171 -268 -524 -152 -253 -46 139 -138 -339 403 -151 -443 -138 -116 182 -291 -306 169 -52 -20 233 9 -82 3 -14 -258 14 -103 346 -121 -207 83 -516 286 344 395 224 107 -118 -57 -120 -60 205 -276 -248 -4 -51 -125 -697 -192 -9 -48 306 -346 356 -47 -139 225 161 -297 45 -470 -70 -107 139 -25 85 176 1583863281
-226 -238 -328 -76 268 202 -240 48 196 -99 86 -60 -201 58 -302 190 194 210 -262 -104 -137 -133 -264 -229 -346 -393 -536 -79 238 199 -219 110 -51 -90 -237 -684 -437 -290 -56 289 160 -123 252 -538 -88 -526 -201 342 -64 276 -213 -53 7 392 -188 -411 209 -35 202 -294 -338 677 21 19 -218 -77 192 -297 488 -21 313 -97 253 11 210 -396 -102 75 140 297 212 -155 -107 203 269 -12 186 -323 -123 58 -826 213 -89 238 -54 -111 427 -348 87 238 290 47 404 455 29 -361 -295 328 109 -425 -266 362 -279 -354 -388 273 578 129 305 460 334 285 247 352 17 -348 439 -400 710 427 179 -321 350 -140 548 -271 -330 -129 587 149 -70 111 461 250 -153 -701 55 570 130 -474 333 72 -299 -52 491 -57 799 -679 -20 -332 -91 177 -366 -55 110 78 217 -187 389 -322 763 255 130 -90 219 186 -66 485 162 -403 305 182 332 149 -23 423 35 495 429 194 -212 312 373 -114 -246 -221 -361 306 -157 234 -309 -74 0 78 -228 -104 234 -100 -191 -184 168 -60 5 -185 -270 -407 -152 -175 384 189 193 333 -591 117 161 142 -190 -247 -154 -432 60 212 36 117 -83 356 20 70 344 175 -197 196 405 -299 -15 -86 23 756 -315 -235 -115 -176 195 87 -202 231 -328 176 30 242 -222 154 445 151 36 -1 -67 223 -57 209 -675 97 33 162 -292 -34 723 118 421 190 -96 98 -12 -245 151 444 259 115 82 -155 157 155 -151 -279 -10 -246 -114 130 484 -156 -607 375 -90 122 250 99 -214 152 -78 -613 5 524 -182 280 200 -128 -199 -423 -283 -62 -507 -480 309 501 54 160 -138 179 -117 -84 101 268 -346 -272 -147 -391 367 -287 -91 -62 61 29 -153 -445 -103 394 -307 -3 -330 -284 -786 67 -238 -365 272 256 193 60 -253 84 22 -132 83 150 342 -350 -184 43 2 -25 -169 259 -95 -767 85 20 -134 67 140 150 -291 195 213 -26 -470 52 -342 -231 12 241 331 79 -517 -183 -113 20 226 25 10 -178 -504 497 -191 -132 -123 -349 -242 -665 -100 193 102 246 74 -173 -100 -87 175 336 294 515 -212 212 279 38 -327 375 1583863281
712 396 29 545 267 59 -452 -275 -411 371 -336 273 281 -408 -18 -246 -289 156 94 148 585 -132 -236 -10 277 48 -233 -21 191 -284 693 256 623 -416 451 -308 -710 -402 -149 3 254 129 -354 225 -337 -87 141 88 -148 -394 614 -52 -2 1004 246 -254 79 251 -91 -361 121 -329 229 161 -296 -359 13 -493 -218 -628 -42 188 439 42 221 -584 184 -203 295 179 58 434 109 -452 -131 28 -604 123 -260 158 163 17 117 -920 446 -172 153 -76 427 260 -186 419 -299 139 -219 -141 -54 105 -446 -569 -510 -264 -69 447 281 -50 -202 -26 -107 16 325 660 236 -476 -366 -203 -419 519 400 -76 592 362 -133 -333 75 -284 248 -18 34 159 -196 60 47 -325 -139 116 -331 132 -171 34 -316 132 73 -118 63 92 142 185 628 46 -146 -9 508 -395 368 -28 308 -161 -176 47 267 -97 -137 242 180 -503 413 296 -51 71 292 254 -97 376 -381 229 377 -588 441 74 -214 407 -190 -357 275 413 -161 408 -5 -128 216 84 -242 -110 -286 -63 -645 -459 -57 -563 173 -385 -292 706 -99 -568 288 -355 307 88 480 -205 69 319 277 187 -552 217 -279 160 -193 71 189 -41 298 246 -266 -257 -442 -55 -361 99 256 -585 0 -148 404 420 0 156 304 142 176 403 176 -235 200 -48 -20 100 218 -363 -274 -208 89 348 337 430 -204 233 300 655 122 274 -32 45 243 231 -150 -146 -383 180 27 -35 147 183 30 -150 186 -284 -300 424 -48 217 406 289 -238 53 50 101 183 229 315 359 -130 257 -86 306 252 382 13 275 -1 121 262 -276 213 387 -177 278 -154 -471 -62 237 155 11 -125 410 155 -187 -71 315 344 24 -98 241 -182 -364 -96 466 109 155 56 -30 -405 162 -371 -305 74 -285 -146 -9 17 7 149 79 -156 0 -201 144 -228 -145 237 -285 97 -139 -53 195 -66 788 -419 -192 41 -185 219 -173 -93 380 -244 -218 -28 115 -386 5 505 205 -276 -288 301 604 -431 234 -59 171 75 -325 -12 -111 -101 178 535 -192 681 158 290 217 178 53 134 -68 -299 -591 -3 -327 20 16 -172 -290 226 -36 -83 -71 159 -111 -143 -33 1583863281
-102 127 -510 -127 537 240 -310 -173 -225 297 -260 -297 382 601 380 -210 273 42 587 -265 209 -218 -374 97 111 -322 -387 -304 65 221 75 314 -123 -105 -134 149 -371 322 521 382 -651 -485 -744 440 -287 -427 416 1 292 161 38 70 -249 525 487 -159 128 -217 156 -199 -163 -310 266 161 47 -60 232 201 -24 261 200 -253 297 430 22 8 -199 -233 -314 64 -76 498 337 -141 246 -257 211 -480 -302 -517 -44 -182 -83 369 -230 74 -639 -246 90 183 -520 237 9 265 72 -229 -162 -483 128 119 -754 164 -123 94 173 -228 619 -545 -178 31 -464 -12 570 -94 430 -456 566 -7 140 184 -1 40 196 237 -180 -26 -179 -85 -231 257 248 -132 -320 -259 345 163 -566 -8 325 -156 -558 -362 -164 55 138 -153 -57 787 -42 -56 -448 557 -218 -566 26 -334 -283 -119 -219 159 20 -14 20 -451 101 -359 204 175 132 -3 -446 -627 201 -97 203 -440 -37 -698 289 352 -414 -296 -307 125 447 135 -1 -40 -49 424 -289 87 -453 14 -327 198 -350 20 186 358 3 -357 -21 -112 7 -86 29 -335 641 261 215 231 -1 -77 -348 421 176 50 231 -392 -128 178 -120 -225 292 -199 390 20 -278 79 -304 -235 282 -257 -516 63 -227 263 624 -107 3 -158 330 393 -199 -521 -10 -639 97 170 369 136 -237 -442 94 47 78 -67 -70 -167 187 -180 408 -99 287 121 -178 -264 -137 156 -113 267 -773 -181 -21 -53 69 88 363 -367 132 -193 180 -196 -508 26 102 -277 223 -167 -79 -126 -5 71 -73 -215 -292 285 23 13 106 56 155 -54 -466 -124 -330 -278 17 -384 -328 -77 -533 -130 -164 -414 269 -275 527 48 113 -533 67 -74 -18 129 223 287 274 198 -198 -198 15 435 -18 290 238 -162 100 259 519 -183 -519 -268 203 571 122 12 -265 -167 -193 112 -75 -327 372 -240 377 -317 -99 -20 66 5 -113 -245 1 -24 -148 -6 -252 -103 -182 -375 -161 -260 -480 143 -210 -117 -36 -180 424 6 381 -17 -471 25 269 -690 -230 485 -576 -377 -532 123 344 -259 550 -173 -612 -118 -179 61 346 43 250 212 466 272 -143 -246 208 330 -269 245 -60 -117 1583863281
-325 6 719 238 537 -728 272 -346 -287 -93 63 -424 115 153 101 331 -34 -433 -217 -597 164 243 201 -465 -352 -134 203 -38 642 -788 -92 -124 -129 356 188 -270 90 -580 340 312 -24 -377 287 -98 -221 329 280 302 -86 211 399 172 305 -70 554 144 -16 222 -26 -445 -90 185 -161 67 428 336 -1 -206 558 78 -740 -735 -102 206 149 278 91 -81 589 -287 -180 299 540 -47 216 57 37 83 561 263 39 -4 105 362 631 649 -129 95 101 74 194 400 75 131 -249 101 370 -277 -178 161 306 -43 186 -315 -247 374 -35 355 -18 108 209 -18 266 146 -149 236 -243 -507 314 283 378 -295 76 10 166 -152 195 305 406 -284 383 -122 85 -260 -49 365 -2 -220 81 -357 22 -238 82 -14 466 197 -266 -326 -144 74 -7 98 -464 463 -303 203 132 -151 324 -622 -440 -316 242 80 -200 279 39 220 -42 148 -8 -14 430 209 -143 -278 292 244 -220 268 36 -543 681 -153 5 -190 326 -281 -110 177 664 327 134 436 240 -210 91 277 33 223 438 22 151 3 -250 -93 87 -336 -191 -362 -47 -129 -38 495 756 -240 -325 -84 -173 -258 669 633 -229 -167 -30 -299 -242 446 -180 -47 -518 76 157 -24 396 345 205 -40 -3 73 -559 107 168 351 -76 -217 -74 -468 -22 271 27 464 483 -105 123 110 465 -414 -79 0 -105 124 618 -39 342 320 -275 17 407 116 61 -447 -98 64 -324 41 -144 -6 -488 175 195 -306 166 60 221 364 -189 -199 201 -90 -468 -278 -36 -62 -241 -227 36 -104 694 142 -285 432 28 -110 304 522 -182 -289 100 182 6 -365 153 -215 -319 -168 -83 398 429 285 72 -143 400 -11 -76 -196 -149 11 187 -347 -25 -73 -100 -205 -20 -196 -110 162 699 -300 325 -154 -77 99 -39 745 533 -160 -146 31 1 -290 -123 -279 -214 338 -41 715 89 -211 114 326 -115 -89 -119 317 -127 -179 -769 -352 134 -150 -175 -4 -28 616 229 -117 -113 -126 -210 -29 -324 187 -34 -172 -84 -52 -39 108 334 259 -197 5 -320 103 41 91 -274 179 97 -392 -2 35 485 -225 -224 -461 213 97 228 -118 -282 74 -222 163 1583863281
-120 -212 188 -42 -241 149 -756 -21 -93 -15 -537 -392 -5 413 159 400 -321 -87 -374 -457 -560 505 -477 146 -62 456 -352 512 -134 258 -348 244 1 -286 -286 -158 294 64 209 -692 54 241 221 664 309 -570 -426 104 -156 624 -258 -518 -171 566 -168 188 223 42 278 238 -107 -255 -72 -158 170 -311 422 30 -146 -78 -377 495 595 47 162 14 -387 305 -21 54 -30 296 -222 -473 -90 -53 -506 211 154 -196 -22 83 244 -401 -39 -233 -425 -533 251 -102 -275 -16 297 298 -195 334 -642 -179 229 53 -378 298 -176 -179 393 -189 431 77 82 -434 339 90 321 -11 168 64 -134 -102 90 145 151 149 -65 821 -360 -248 277 215 97 72 -17 -587 -150 55 188 -433 224 78 -260 85 45 711 93 -270 -74 357 242 -85 -467 244 124 377 -134 -42 65 -74 -491 -53 -31 -513 75 641 123 -304 -12 316 -291 -639 -99 -182 -290 -308 319 -243 72 621 -694 -358 -300 -125 165 87 85 -145 64 -657 26 -607 361 -114 98 267 196 94 149 -309 -204 156 267 -1 168 509 -285 -427 13 -704 98 141 406 -405 651 -165 10 -329 -151 -2 -33 161 240 -266 -377 437 147 -65 38 -437 163 312 -303 -148 78 189 349 36 -157 93 -31 166 159 -799 534 250 331 -104 231 -340 -68 168 345 -333 10 -73 400 -224 33 288 135 46 -185 -184 -15 143 -179 131 -322 -150 -254 -159 -195 -101 -196 327 -84 45 266 216 -129 -154 -12 431 -557 102 -357 -6 214 -83 151 -301 -335 27 -259 520 165 -162 308 172 374 3 -35 0 -478 75 420 -275 -55 -79 188 -127 426 -330 -248 200 -206 372 -368 20 -601 423 -121 91 220 319 116 164 563 19 -280 391 474 19 74 -474 -97 139 205 -54 -279 -139 317 103 -97 -97 -3 34 -215 73 166 375 -8 95 -216 -73 -82 182 -294 64 216 -16 -45 -474 -88 -147 281 85 -246 30 -353 -180 -24 184 104 -185 267 317 153 399 -363 97 -476 127 449 164 112 -269 720 -217 273 359 -7 249 183 167 114 -50 -97 41 150 124 62 29 -208 25 -69 -48 72 194 -286 107 176 -44 173 53 -386 78 102 -186 1583863281
