-13575203 -13367796 17444886 2590508 -7774191 -5058290 -1828033 -141159 128663 -125384 -43035 31141 -3847 -63879 -16415 -1931 -9716 -2028 -863 -2398 -233 -203 134 -255 -1 -47 -7 -4 1 1 0 -1 2 6 0 -1 0 -1 1 -1 0 0 1 0 0 0 0 0 0 0 0 0 0 0 0 0 0 0 0 0 1583836345
-15994881 -14663992 20255808 6387290 -3803896 -7028305 -2201231 -147313 120527 -128561 -44063 -29641 -3607 35988 -10879 -3531 -10620 -2949 -957 -616 -290 -110 23 -126 -3 -24 -13 -3 1 0 0 1 0 0 1 0 0 0 0 0 0 0 1 2 0 0 0 0 0 0 0 0 0 0 1 -1 0 0 0 0 1583836345
-16038719 -15055562 21052648 5754374 -5722337 -7291934 -2039045 -146978 121887 1042922 -42521 -29424 -3720 -10515 -10735 -3553 -9985 -2977 -966 -632 8109 -119 143 2309 -15 -22 -19 -4 1 0 0 2 26 0 -8 5 0 0 -2 2 1 0 8 17 0 0 -2 0 0 0 0 -6 -1 0 3 0 0 0 0 0 1583836345
-16089993 -15502306 21949121 5299538 6814 -7460344 -2540498 -142808 120392 -124730 -43970 -29000 -3229 139694 -10850 -3365 -11624 -2838 -961 -599 2461 -87 368 -325 -1 -24 -3 -2 1 0 0 1 4 0 -2 -2 0 -1 0 -1 0 0 2 -1 0 0 0 0 0 0 0 0 0 0 0 0 0 0 0 0 1583836345
-16089874 -15504038 21955770 5230459 -1950396 -7494250 -2360903 -142664 120449 -127571 -38119 -29309 -3423 87774 -10867 -3448 -11123 -2893 -957 -606 -318 -98 28 104 -3 -23 -19 -3 1 0 0 1 -1 0 2 -2 0 0 0 -1 0 0 0 0 0 0 0 0 0 0 0 0 0 0 0 0 0 0 0 0 1583836345
-11599025 -11668930 13854844 672539 -7753437 -3027224 -1828416 -140304 160658 -124678 -42821 110600 -3680 -64437 -25918 -790 -9786 -4099 -932 -1192 -233 -358 88 -25 -1 -75 -15 -6 0 0 0 0 0 2 1 0 0 0 0 0 0 0 1 0 0 -1 0 -2 0 0 1 0 0 0 0 0 0 0 0 0 1583836345
-13575203 -13367796 17444886 2590508 -7774191 -5058290 -1828033 -141159 128663 -125384 -43035 31141 -3847 -63879 -16415 -1931 -9716 -2028 -863 -2398 -233 -203 134 -255 -1 -47 -7 -4 1 1 0 -1 2 6 0 -1 0 -1 1 -1 0 0 1 0 0 0 0 0 0 0 0 0 0 0 0 0 0 0 0 0 1583838187
-15994881 -14663992 20255808 6387290 -3803896 -7028305 -2201231 -147313 120527 -128561 -44063 -29641 -3607 35988 -10879 -3531 -10620 -2949 -957 -616 -290 -110 23 -126 -3 -24 -13 -3 1 0 0 1 0 0 1 0 0 0 0 0 0 0 1 2 0 0 0 0 0 0 0 0 0 0 1 -1 0 0 0 0 1583838187
-16038719 -15055562 21052648 5754374 -5722337 -7291934 -2039045 -146978 121887 1042922 -42521 -29424 -3720 -10515 -10735 -3553 -9985 -2977 -966 -632 8109 -119 143 2309 -15 -22 -19 -4 1 0 0 2 26 0 -8 5 0 0 -2 2 1 0 8 17 0 0 -2 0 0 0 0 -6 -1 0 3 0 0 0 0 0 1583838187
-16089993 -15502306 21949121 5299538 6814 -7460344 -2540498 -142808 120392 -124730 -43970 -29000 -3229 139694 -10850 -3365 -11624 -2838 -961 -599 2461 -87 368 -325 -1 -24 -3 -2 1 0 0 1 4 0 -2 -2 0 -1 0 -1 0 0 2 -1 0 0 0 0 0 0 0 0 0 0 0 0 0 0 0 0 1583838187
-16089874 -15504038 21955770 5230459 -1950396 -7494250 -2360903 -142664 120449 -127571 -38119 -29309 -3423 87774 -10867 -3448 -11123 -2893 -957 -606 -318 -98 28 104 -3 -23 -19 -3 1 0 0 1 -1 0 2 -2 0 0 0 -1 0 0 0 0 0 0 0 0 0 0 0 0 0 0 0 0 0 0 0 0 1583838187
-11599025 -11668930 13854844 672539 -7753437 -3027224 -1828416 -140304 160658 -124678 -42821 110600 -3680 -64437 -25918 -790 -9786 -4099 -932 -1192 -233 -358 88 -25 -1 -75 -15 -6 0 0 0 0 0 2 1 0 0 0 0 0 0 0 1 0 0 -1 0 -2 0 0 1 0 0 0 0 0 0 0 0 0 1583838187
