-16088240 -15510425 21977294 5032560 -7472194 -7590394 -1857557 -142264 119343 -126410 -43364 -28222 -3957 -55201 -9765 -2217 -9761 -3384 -978 -234 -238 -232 92 11 -4 -25 -14 -6 2 0 0 1 0 0 2 0 0 0 0 0 0 0 0 0 1 0 1 0 0 0 1 -1 0 0 0 1 0 0 0 0 1583836345
-16089764 -15511111 21979190 5026221 -7658436 -7594483 -1662920 -141966 120606 -125883 -43096 -29771 -4073 -68648 -10635 -3376 -9923 -3127 -963 -574 -233 -253 67 -275 -2 -23 -9 -5 2 1 0 2 2 0 2 -1 0 -1 -2 0 0 0 0 -1 0 0 0 0 0 0 0 0 0 0 0 0 0 0 0 0 1583836345
-16088264 -15510007 21975704 5045953 -7108151 -7584341 -1507032 -141685 119322 -125430 -42848 -28254 -4128 -63869 -9900 -2210 -10313 -3518 -988 -59 -236 -243 52 -10 -3 -25 -16 -6 2 0 0 1 0 0 2 0 0 0 0 0 0 0 0 0 1 0 1 0 0 0 1 -1 0 0 0 1 0 0 0 0 1583836345
-16089849 -15510191 21975574 5060617 -6703145 -7578333 -1212551 -141187 120577 -124603 -42410 -29750 -4270 -68981 -10568 -3356 -10805 -3100 -964 -590 -235 -247 17 51 -3 -23 -15 -5 2 1 0 2 0 0 1 0 0 -2 0 0 0 0 0 1 0 0 0 0 0 1 1 -1 0 0 0 0 0 0 0 0 1583836345
-16088413 -15507556 21966010 5152516 -4063104 -7531465 -2184716 -142530 119189 -127169 -43673 -27430 -3620 31195 -9461 -1859 -3413 -3399 -1033 -330 -242 -190 -248 5726 -33 -20 -96 -9 2 0 -1 0 4 0 3 -6 0 -1 3 0 0 0 6 15 0 0 3 2 -1 3 -11 -12 -4 0 -1 -1 -1 0 0 0 1583836345
-16088185 -15510294 21977261 5027690 -7618652 -7592815 -1844207 -142255 119326 -126380 -43352 -27967 -3970 -58965 -9482 -2022 -9727 -3337 -974 -304 -236 -239 96 -80 -3 -25 -14 -6 1 0 0 1 0 0 0 0 0 0 0 0 0 0 0 2 0 0 0 0 0 0 0 -1 0 0 0 0 0 0 0 0 1583836345
-16085196 -15466964 21810136 6744635 41122287 -6746899 -6301366 -145733 112674 -136589 -47392 -11978 744 1188769 -3913 6418 -21651 -3307 -1031 1638 -929 -306 -441 536 -2 -8 38 -6 2 0 0 1 20 0 -15 1 1 0 -10 5 1 0 4 4 10 2 10 0 0 7 -4 12 -11 2 4 8 0 -3 -4 -7 1583836345
-15600793 -15133619 21136631 4956299 -3701170 -7435816 -2201755 -143128 -202576 -126760 -43569 -27550 -3583 40656 -9648 -1851 -10714 -2788 -940 -890 -292 -135 35 -262 -15 -13 -7 -5 2 1 0 2 0 0 0 0 0 0 0 0 0 0 0 0 1 0 1 0 0 0 0 1 0 0 0 0 0 0 0 0 1583836345
-16089032 -15504049 21951788 5311195 483725 -7451522 -2584250 -142821 120574 -128078 -44029 -27075 -3199 144813 -10969 -3376 -11653 -2838 -955 -600 -351 -84 -29 -332 -1 -23 0 -4 2 1 0 2 3 0 -1 -1 0 0 0 1 0 0 3 -1 1 0 1 0 0 2 0 -1 -2 0 -1 1 0 1 1 2 1583836345
-16063854 -15276429 21498434 5459681 -4990445 -7412258 -115589 -140649 120545 -121884 -40873 -30256 -4778 -83104 -10761 -3652 -12744 -3049 -967 -613 -235 -121 26 -198 -2 -15 -11 17 -3 -1 0 1 1 0 0 0 0 -1 1 -1 0 0 0 0 0 0 0 0 0 0 0 0 0 0 0 0 0 0 0 0 1583836345
-16088240 -15510425 21977294 5032560 -7472194 -7590394 -1857557 -142264 119343 -126410 -43364 -28222 -3957 -55201 -9765 -2217 -9761 -3384 -978 -234 -238 -232 92 11 -4 -25 -14 -6 2 0 0 1 0 0 2 0 0 0 0 0 0 0 0 0 1 0 1 0 0 0 1 -1 0 0 0 1 0 0 0 0 1583838187
-16089764 -15511111 21979190 5026221 -7658436 -7594483 -1662920 -141966 120606 -125883 -43096 -29771 -4073 -68648 -10635 -3376 -9923 -3127 -963 -574 -233 -253 67 -275 -2 -23 -9 -5 2 1 0 2 2 0 2 -1 0 -1 -2 0 0 0 0 -1 0 0 0 0 0 0 0 0 0 0 0 0 0 0 0 0 1583838187
-16088264 -15510007 21975704 5045953 -7108151 -7584341 -1507032 -141685 119322 -125430 -42848 -28254 -4128 -63869 -9900 -2210 -10313 -3518 -988 -59 -236 -243 52 -10 -3 -25 -16 -6 2 0 0 1 0 0 2 0 0 0 0 0 0 0 0 0 1 0 1 0 0 0 1 -1 0 0 0 1 0 0 0 0 1583838187
-16089849 -15510191 21975574 5060617 -6703145 -7578333 -1212551 -141187 120577 -124603 -42410 -29750 -4270 -68981 -10568 -3356 -10805 -3100 -964 -590 -235 -247 17 51 -3 -23 -15 -5 2 1 0 2 0 0 1 0 0 -2 0 0 0 0 0 1 0 0 0 0 0 1 1 -1 0 0 0 0 0 0 0 0 1583838187
-16088413 -15507556 21966010 5152516 -4063104 -7531465 -2184716 -142530 119189 -127169 -43673 -27430 -3620 31195 -9461 -1859 -3413 -3399 -1033 -330 -242 -190 -248 5726 -33 -20 -96 -9 2 0 -1 0 4 0 3 -6 0 -1 3 0 0 0 6 15 0 0 3 2 -1 3 -11 -12 -4 0 -1 -1 -1 0 0 0 1583838187
-16088185 -15510294 21977261 5027690 -7618652 -7592815 -1844207 -142255 119326 -126380 -43352 -27967 -3970 -58965 -9482 -2022 -9727 -3337 -974 -304 -236 -239 96 -80 -3 -25 -14 -6 1 0 0 1 0 0 0 0 0 0 0 0 0 0 0 2 0 0 0 0 0 0 0 -1 0 0 0 0 0 0 0 0 1583838187
-16085196 -15466964 21810136 6744635 41122287 -6746899 -6301366 -145733 112674 -136589 -47392 -11978 744 1188769 -3913 6418 -21651 -3307 -1031 1638 -929 -306 -441 536 -2 -8 38 -6 2 0 0 1 20 0 -15 1 1 0 -10 5 1 0 4 4 10 2 10 0 0 7 -4 12 -11 2 4 8 0 -3 -4 -7 1583838187
-15600793 -15133619 21136631 4956299 -3701170 -7435816 -2201755 -143128 -202576 -126760 -43569 -27550 -3583 40656 -9648 -1851 -10714 -2788 -940 -890 -292 -135 35 -262 -15 -13 -7 -5 2 1 0 2 0 0 0 0 0 0 0 0 0 0 0 0 1 0 1 0 0 0 0 1 0 0 0 0 0 0 0 0 1583838187
-16089032 -15504049 21951788 5311195 483725 -7451522 -2584250 -142821 120574 -128078 -44029 -27075 -3199 144813 -10969 -3376 -11653 -2838 -955 -600 -351 -84 -29 -332 -1 -23 0 -4 2 1 0 2 3 0 -1 -1 0 0 0 1 0 0 3 -1 1 0 1 0 0 2 0 -1 -2 0 -1 1 0 1 1 2 1583838187
-16063854 -15276429 21498434 5459681 -4990445 -7412258 -115589 -140649 120545 -121884 -40873 -30256 -4778 -83104 -10761 -3652 -12744 -3049 -967 -613 -235 -121 26 -198 -2 -15 -11 17 -3 -1 0 1 1 0 0 0 0 -1 1 -1 0 0 0 0 0 0 0 0 0 0 0 0 0 0 0 0 0 0 0 0 1583838187
