-15892680 -15437193 21802180 4969208 -7860229 -7568269 -1822244 -142117 169528 -126368 -43339 -26395 -3990 -65146 -9595 -4032 -7408 -2361 -923 -1680 -223 -87 153 -307 0 -13 -12 -7 1 0 0 1 0 0 2 -1 0 0 0 0 0 0 0 0 0 0 0 0 0 0 0 0 0 0 0 0 0 0 0 0 1583836345
-16071219 -15504256 21961177 5046600 -7062173 -7587182 -1595760 -141819 120138 -125674 -42973 -29132 -4073 -58450 -10660 -3660 1733 -3073 -1033 -1022 -180 -146 -220 -204 -5 -22 -12 -6 1 0 0 1 -2 0 -7 1 0 0 0 3 0 0 -4 -1 0 0 0 0 0 0 0 -1 0 0 -1 0 0 0 0 0 1583836345
-15996647 -15474848 21892993 5013733 -7012015 -7554051 -1899485 -142200 156423 -126533 -43405 -28674 -3911 -43176 -10988 -3649 -7481 -3089 -975 -670 -234 -134 2 -314 -1 -22 -12 -6 1 0 0 1 0 0 0 -1 0 -1 1 0 0 0 0 0 0 0 0 0 0 0 0 0 0 0 0 0 0 0 0 0 1583836345
-16077770 -15501437 21948097 5238353 -1491230 -7483411 -2105510 -142198 125113 -126859 -43448 -28127 -3488 86107 -10689 -3288 97116 -4878 -1722 -1752 217 -376 4230 204 -28 -38 2 -3 2 0 -1 0 -2 0 -38 -9 -1 -2 7 0 0 0 7 0 0 0 0 1 -1 -4 0 0 -1 0 0 1 0 0 0 0 1583836345
-16088131 -15470406 21867168 5712443 10785775 -7260387 -3526980 -143699 120062 -130271 -44872 -27326 -2174 419189 -10734 -2898 -3127 -2721 -1030 -660 -449 -47 -66 -405 -2 -20 -8 1 0 0 0 1 0 0 3 1 0 0 -1 -2 0 0 -1 0 0 0 0 0 0 0 0 0 0 0 0 0 0 0 0 0 1583836345
-15892680 -15437193 21802180 4969208 -7860229 -7568269 -1822244 -142117 169528 -126368 -43339 -26395 -3990 -65146 -9595 -4032 -7408 -2361 -923 -1680 -223 -87 153 -307 0 -13 -12 -7 1 0 0 1 0 0 2 -1 0 0 0 0 0 0 0 0 0 0 0 0 0 0 0 0 0 0 0 0 0 0 0 0 1583838187
-16071219 -15504256 21961177 5046600 -7062173 -7587182 -1595760 -141819 120138 -125674 -42973 -29132 -4073 -58450 -10660 -3660 1733 -3073 -1033 -1022 -180 -146 -220 -204 -5 -22 -12 -6 1 0 0 1 -2 0 -7 1 0 0 0 3 0 0 -4 -1 0 0 0 0 0 0 0 -1 0 0 -1 0 0 0 0 0 1583838187
-15996647 -15474848 21892993 5013733 -7012015 -7554051 -1899485 -142200 156423 -126533 -43405 -28674 -3911 -43176 -10988 -3649 -7481 -3089 -975 -670 -234 -134 2 -314 -1 -22 -12 -6 1 0 0 1 0 0 0 -1 0 -1 1 0 0 0 0 0 0 0 0 0 0 0 0 0 0 0 0 0 0 0 0 0 1583838187
-16077770 -15501437 21948097 5238353 -1491230 -7483411 -2105510 -142198 125113 -126859 -43448 -28127 -3488 86107 -10689 -3288 97116 -4878 -1722 -1752 217 -376 4230 204 -28 -38 2 -3 2 0 -1 0 -2 0 -38 -9 -1 -2 7 0 0 0 7 0 0 0 0 1 -1 -4 0 0 -1 0 0 1 0 0 0 0 1583838187
-16088131 -15470406 21867168 5712443 10785775 -7260387 -3526980 -143699 120062 -130271 -44872 -27326 -2174 419189 -10734 -2898 -3127 -2721 -1030 -660 -449 -47 -66 -405 -2 -20 -8 1 0 0 0 1 0 0 3 1 0 0 -1 -2 0 0 -1 0 0 0 0 0 0 0 0 0 0 0 0 0 0 0 0 0 1583838187
