-16088176 -15510247 21977166 5027759 -7618654 -7592785 -1844209 -142255 119326 -126381 -43352 -28081 -3971 -59007 -9067 -2112 -9724 -2945 -949 -803 -236 -173 90 -6 -3 -26 -16 -6 1 0 0 1 0 0 1 0 0 0 0 0 0 0 0 1 0 0 0 0 0 1 1 0 0 0 1 0 0 0 0 0 1583838658
-16089571 -15509831 21977042 5019965 -7892278 -7597497 -1819046 -142238 120628 -126325 -43329 -30231 -4001 -66464 -10919 -3697 -9638 -3068 -960 -637 -232 -135 76 442 -6 -23 147 -4 1 0 0 1 -1 0 4 -2 0 0 0 0 0 0 0 0 0 0 0 0 0 0 0 0 0 0 0 0 0 0 0 0 1583838658
-16080264 -15503043 21962301 5018832 -7889333 -7583535 -1821380 -142268 119510 -126339 -43340 -19037 -3982 -66677 -9806 -2337 -9645 -3026 -950 -809 -231 -125 78 512 -7 -8 827 2 7 10 0 5 0 0 -2 0 0 1 0 2 0 0 -1 0 -1 0 0 1 -1 -1 0 1 -1 0 0 0 0 0 0 0 1583838658
-16089181 -15510782 21978949 5017678 -7892218 -7596970 -1819033 -142231 120905 -126324 -43329 -28906 -3999 -66285 -10994 -3712 -9648 -3066 -959 -639 -233 -135 83 -84 -3 -19 449 -3 5 -1 0 1 0 0 2 0 0 0 0 0 0 0 0 0 0 0 0 0 0 0 0 0 0 0 0 0 0 0 0 0 1583838658
-16089579 -15509890 21977153 5020091 -7885912 -7597422 -1823705 -142244 120627 -126338 -43338 -30235 -4001 -67028 -10920 -3698 -9611 -3070 -961 -638 -230 -135 68 1195 -11 -7 1317 -3 3 0 0 1 7 0 3 -2 0 0 0 3 1 0 0 -4 -2 0 0 0 0 1 -1 0 0 0 0 -1 0 -2 0 0 1583838658
-16086415 -15508917 21974612 5019362 -7892279 -7596257 -1819046 -142245 117969 -126324 -43331 -25827 -3995 -66442 -8669 -359 -9661 -4105 -1022 668 -231 -289 79 162 -5 -19 420 -6 2 -1 0 1 -1 0 2 0 0 0 0 0 0 0 0 0 0 0 0 0 0 0 1 0 0 0 0 0 0 0 0 0 1583838658
-16080045 -15504640 21964826 5022121 -7892508 -7592217 -1819047 -142275 112883 -126327 -43335 -18711 -3983 -66177 -3873 5064 -9700 -4915 -1065 1654 -231 -332 85 -209 -3 -23 150 -5 2 0 0 1 2 0 2 0 0 0 0 0 0 0 0 0 0 0 0 0 0 0 0 0 0 0 0 0 0 0 0 0 1583838658
-16088697 -15507252 21965493 5153151 -4056317 -7530225 -2168705 -142505 120078 -127124 -43645 -27107 -3626 32137 -10761 -3558 -10592 -2759 -943 -896 -288 -97 46 -252 -2 -20 -7 -4 2 1 0 -1 0 -1 0 0 0 0 0 0 0 0 0 0 1 0 1 0 0 0 0 1 0 0 0 0 0 0 0 0 1583838658
-16050787 -15476337 21897366 5155426 -4668345 -7513360 -2113102 -142669 90733 -127033 -43636 22770 -3619 17640 74669 34408 -10546 31079 1336 -44832 -276 970 663 -256 8 -37 -6 -20 -8 -17 0 -5 2 1 0 0 0 3 1 0 0 0 0 0 0 1 0 0 0 0 0 0 0 0 0 0 0 0 0 0 1583838658
-16088444 -15508336 21969598 5111006 -5214756 -7549576 -2063031 -142419 120731 -126881 -43546 -27698 -3735 3785 -11021 -3604 -10310 -2994 -957 -634 -272 -118 365 -268 -2 -25 -7 -4 2 1 0 2 1 0 -1 0 0 0 0 0 0 0 0 0 0 0 0 0 0 0 0 0 0 0 0 0 0 0 0 0 1583838658
-16088421 -15507781 21966937 5142252 -4357302 -7536539 -2141197 -142483 119223 -127059 -43617 -27481 -3652 25890 -9544 -1896 -10541 -3301 -976 -208 -284 -216 164 -296 -2 -25 -8 -6 1 0 0 1 1 0 0 -2 0 0 0 -1 0 0 1 0 0 0 0 0 0 0 0 0 0 0 0 0 0 0 0 0 1583838658
-16071931 -15487963 21928720 5056549 -7029690 -7576132 -1897743 -142377 107189 -126512 -43412 -3083 -3870 -43680 -10913 -4477 -9837 -817 -936 -175 -240 -238 257 -264 -3 -44 -7 -5 2 0 0 1 2 0 0 -1 0 -1 1 0 -1 0 1 0 0 0 0 0 0 0 0 0 0 0 0 0 0 0 0 0 1583838658
-16081370 -15422186 21782629 5502263 2546721 -7370266 -2773275 -142852 120313 -128632 -44216 -28606 -2979 206232 -10829 -3258 -12206 -2789 1107 -501 -379 -71 888 -328 -1 3 8 54 -10 -1 0 2 9 0 0 0 1 -1 2 -2 0 0 0 0 1 0 1 0 0 0 0 0 0 0 0 0 0 0 0 0 1583838658
-16054224 -15481190 21908130 5141106 -4974362 -7523509 -2085181 -142619 92265 -126952 -43594 13658 -3652 9725 17910 29296 -10553 -8117 -1235 5618 -268 -1032 293 -246 -3 -16 -10 -6 2 -1 0 1 1 0 0 0 0 0 0 -1 0 0 0 1 0 0 0 0 0 0 0 0 0 0 0 0 0 0 0 0 1583838658
-16085491 -15469115 21889424 5186808 -4724997 -7520197 -2108097 -142678 120533 -127047 -43604 -29737 -3691 16500 -10891 -3563 -10441 -2973 -957 -620 -279 -115 176 -263 -2 -6 117 32 -5 -1 0 1 2 0 2 0 0 0 0 -1 0 0 0 0 0 0 0 0 0 0 0 0 0 0 0 0 0 0 0 0 1583838658
-123 214 -379 -286 -305 -349 45 -252 -67 -38 204 -217 -191 51 139 -147 -210 233 -73 -34 -376 -305 861 -118 1 205 600 196 -92 152 -215 124 309 -317 290 448 -134 -15 -9 1 30 130 111 207 -504 -41 30 -52 674 242 -202 324 351 459 -119 -152 -282 949 -144 20 220 -54 319 107 -11 34 -109 -304 -451 726 -273 434 454 331 209 -576 -16 -94 153 -177 177 290 148 -86 -428 426 142 182 103 -62 106 377 135 -98 48 389 154 -419 -271 407 -475 260 214 -805 455 -222 331 -393 -105 250 -102 80 -502 -13 -563 -316 -68 51 453 -139 -157 -39 124 -440 -304 -912 128 -164 158 -84 -44 -347 -343 -60 128 -290 -9 -129 -365 296 -234 -114 323 164 102 254 -503 -44 -216 -432 -281 -316 -525 386 313 107 324 321 187 379 -132 -366 60 -142 -72 -184 561 54 84 172 -344 80 -45 35 -262 435 -559 261 -144 -194 233 37 133 -249 -75 -150 -380 -438 569 238 360 210 -118 49 34 425 50 68 72 -391 -177 123 -11 148 -22 103 112 101 402 -432 -265 159 -172 -391 -72 -165 -324 -117 481 -153 -228 17 196 -93 304 259 69 -111 -116 211 -108 -300 153 414 -161 -288 270 -57 -219 36 108 110 -187 251 -146 -489 -17 446 -263 -325 28 144 -49 -476 199 90 292 297 79 219 -117 445 -71 -96 13 94 64 291 12 -520 -236 311 -487 539 -170 -81 -294 321 -45 -543 -495 -206 -16 -254 -146 43 -379 152 -168 -625 415 -529 219 311 -138 -126 -94 -135 -676 -522 -51 273 2 -586 146 -280 111 575 -43 97 -91 -123 -304 -302 129 -98 -463 -426 -344 259 -100 -383 236 155 -597 227 2 -137 -199 -462 223 454 345 362 291 360 145 214 166 59 167 131 -416 60 -198 35 165 87 155 509 522 -177 111 37 -192 223 -640 -41 89 345 112 348 -274 160 -52 -243 45 27 -146 -335 -30 -326 -445 46 211 -254 -73 426 -473 -148 227 438 70 -226 -258 91 10 -222 -376 49 161 155 133 -2 -14 402 203 208 82 -63 -429 -285 231 -56 220 194 -482 17 -429 41 348 289 -84 -46 43 -30 -371 271 -195 344 24 -161 4 22 84 467 1583863281
-190 255 300 31 -377 -297 -34 -482 -430 496 192 223 -199 -368 -170 157 188 -79 140 -283 -820 440 761 107 169 226 318 225 -160 22 114 -222 -566 34 428 329 17 -61 19 -485 19 -867 344 116 79 136 -519 -361 -146 472 231 -214 399 102 853 -104 -17 -713 141 522 325 46 -408 80 -351 486 -71 -284 -254 -40 589 135 -320 213 -77 260 215 -193 269 -476 -13 -71 -14 -106 117 444 -193 -42 795 262 -37 -282 84 260 502 697 -253 -158 17 -145 426 32 26 478 27 -79 -160 101 -287 -95 -260 35 132 -412 -211 49 -294 -356 -216 412 -98 1052 300 239 -330 -376 402 -133 295 41 186 -109 -648 56 -178 88 -359 259 108 -189 -197 -147 42 -36 -335 112 -124 24 8 596 106 -245 30 456 272 -69 -20 340 39 -344 -190 117 77 -126 -528 353 122 -188 -380 -214 540 307 139 212 413 -39 230 154 37 233 -233 -22 -99 -145 -533 34 -228 -225 -528 -42 128 181 -40 -738 579 312 11 444 -174 -250 75 -92 53 -87 233 318 369 187 545 102 21 -57 -197 -232 -209 11 -462 483 -651 -19 65 -20 337 -328 203 -247 319 126 -266 -244 375 -288 -122 405 -12 9 114 -714 121 362 154 -342 236 7 -198 153 68 -138 295 46 191 185 -72 -214 300 47 -113 158 130 457 -205 -164 354 76 -121 -155 438 183 -19 -316 -376 -158 44 222 -78 102 120 -323 -150 151 -331 16 -74 -39 91 -124 196 17 -90 135 365 23 -312 -147 -497 -482 -106 -580 -474 -207 111 58 -100 -8 415 181 -312 56 -457 -221 99 39 366 -233 183 -219 -324 710 -273 -254 -34 25 414 131 -154 205 -16 -238 -282 -101 -62 1 185 228 247 -721 -35 -281 -92 -130 171 119 190 206 -307 -39 46 12 -322 161 -15 38 75 -109 29 364 -145 101 220 -20 -345 -45 -211 -340 23 214 141 15 -174 55 160 71 117 -284 206 43 169 25 -694 -200 235 125 476 262 -9 -227 -469 -148 190 96 230 -37 -130 -272 -114 378 -317 -527 99 -311 -352 505 -262 132 95 133 -317 -166 211 49 665 -331 136 -9 -359 332 -125 3 -212 -400 -183 233 -156 -485 407 22 1583863281
-71 206 -105 -223 -361 -305 7 -450 365 99 212 54 -62 24 -280 220 547 64 -34 532 21 21 510 -110 60 96 -176 -462 552 28 -275 -221 -165 167 -337 -303 -49 316 611 -79 403 -12 107 475 -635 -50 -560 46 -259 476 -563 256 256 -97 -33 492 48 -118 -185 163 -11 -591 294 -226 163 409 -424 220 422 -107 128 230 -488 -27 -251 -250 -188 -757 -264 -228 293 244 96 -133 -211 -5 -384 335 274 -326 84 39 -249 -146 -453 39 -138 -568 44 -148 75 -328 -373 -24 -147 -131 -35 -118 361 -70 -149 -572 591 -288 212 -152 261 -295 -302 -533 2 695 -177 687 -21 33 -595 -369 -10 -222 -408 131 -96 -254 386 -38 76 -231 449 160 -70 312 0 539 198 -24 990 899 267 194 -340 -585 21 -233 -114 167 -292 15 -45 74 -122 186 205 -357 -621 179 616 93 142 -149 186 -478 -546 -41 299 -500 -389 368 -373 57 217 -98 -120 470 -447 11 79 -275 51 0 193 212 -510 452 -223 45 114 179 -805 -363 -383 -345 209 -414 -356 -376 19 351 -366 220 -440 21 302 112 273 -139 153 362 -127 265 -91 -30 -581 288 -303 -377 -195 -130 -348 271 -390 275 89 283 -31 260 -493 -110 -17 54 48 -129 -383 147 209 366 77 288 54 161 6 15 -43 454 34 -321 -97 93 486 -50 181 -311 464 266 -455 -214 431 -187 260 -292 -207 114 -155 -163 -127 269 -134 -350 -191 327 -211 -165 -259 -421 146 -125 -183 4 -303 53 316 -391 -359 136 255 33 -320 81 363 81 -396 183 392 366 426 108 104 -496 -245 153 265 -79 -73 220 273 -11 53 -133 443 18 181 300 -160 -671 -94 -226 30 -506 144 210 289 -44 -103 48 274 115 -53 289 -33 48 -396 -92 126 213 33 261 690 -50 -517 -190 256 -419 -70 -254 350 112 -93 -475 -276 340 -440 1 250 -126 46 323 164 -28 169 140 -39 234 102 435 454 -59 -402 544 123 -133 260 16 273 468 -288 -66 18 -367 289 -377 40 -45 27 -164 493 -534 0 196 140 185 -117 158 410 -544 -241 134 218 -460 -119 330 -117 204 182 -164 107 -697 -90 36 -288 88 -62 129 12 142 -160 -251 1583863281
172 -174 0 -127 -162 135 -678 132 493 -200 -94 469 -159 220 42 -475 -284 -48 -112 675 -216 557 -329 108 104 146 -31 -598 229 -2 -110 319 -14 465 -123 382 -347 -366 -292 244 -103 289 -44 215 -522 -101 107 377 -141 -470 115 -176 21 -65 277 355 80 -282 506 96 -197 427 -556 -925 -476 365 402 104 -232 804 350 -306 -5 140 -303 -559 305 -267 -481 -193 12 46 189 226 -431 -492 92 402 -73 -239 -528 402 354 290 -249 486 -24 -135 -294 247 -243 211 153 -84 162 -72 267 114 -42 -520 386 329 -204 -713 -99 107 -112 -8 461 495 429 -116 260 -461 -368 -124 97 341 136 500 246 238 313 207 -273 299 -52 346 500 -383 -162 -190 -143 128 -136 -215 -254 316 -277 -249 24 171 250 -60 12 -204 5 -109 -262 -420 -51 -32 335 -255 -90 116 46 99 -204 -222 141 95 -224 -350 -522 -445 18 -641 -293 -507 406 -184 -79 -442 -625 -224 409 -74 18 -58 -116 27 -308 6 -246 -18 21 172 346 207 232 -58 10 -44 -412 -3 -308 -726 -52 -88 42 522 -333 -337 21 66 -209 220 -152 -61 219 200 306 442 122 -50 9 175 114 -317 -77 -320 554 -473 -328 214 212 -452 150 286 483 -136 90 324 -110 308 -157 153 39 -415 -66 -237 -342 -326 170 -184 -129 598 -310 47 39 -163 20 -396 146 -501 -939 67 225 313 -202 192 -95 -159 488 -441 -375 140 -98 238 83 -104 -163 -140 -197 254 256 506 -159 199 -208 432 -165 23 80 -4 -557 -513 423 225 -240 139 -4 -203 -135 -119 -236 122 418 -455 -244 -14 162 -59 -250 -431 -222 154 200 -323 -58 79 72 -28 0 -173 -322 123 386 -137 -11 165 -11 215 -61 -251 -363 105 -430 -188 -372 433 57 -271 -128 -82 104 -91 -42 -42 230 63 -192 -58 370 193 -381 25 -400 -320 105 286 8 183 -192 -201 -202 166 339 461 154 -40 -16 -114 308 -172 -498 -6 41 -13 -145 -579 398 169 -221 79 0 -124 73 -69 -203 48 111 65 -15 60 -37 120 203 -152 348 -355 361 -67 62 597 528 -110 210 121 257 -332 -46 66 230 9 -138 6 203 -338 -134 377 535 157 -343 96 1583863281
-30 417 185 645 216 -58 277 -286 16 26 892 139 115 -89 548 567 -198 624 -9 -1096 168 159 149 164 -259 29 -116 -772 -365 179 102 -275 -3 -122 -75 238 -934 -226 71 -17 -136 51 50 -419 -263 203 429 -190 536 789 982 0 258 -4 77 105 -132 163 131 577 -111 58 66 -57 54 -124 -582 -108 -416 51 244 -68 -583 200 152 -315 335 -580 86 -39 -773 -154 -102 -51 42 -132 -209 126 437 -635 383 -149 -85 202 133 195 -288 232 -405 -122 65 -434 -129 346 334 -17 -218 394 168 550 38 535 61 198 98 301 -131 -151 54 340 205 270 -214 -45 -24 91 447 -157 372 605 -379 -157 125 244 331 -462 -291 86 682 541 -414 87 309 184 -188 439 167 192 44 -533 333 -142 -401 -338 24 -79 -391 -280 -311 180 457 -184 -282 -392 190 452 172 -41 -790 64 -122 -315 -383 379 136 -394 -74 -148 -374 177 124 100 16 -20 528 187 126 -315 121 127 431 580 135 -533 72 -240 48 35 -62 428 -26 35 -112 -201 289 -57 -66 52 -25 401 -523 -262 -160 167 -101 -229 109 38 577 85 9 193 413 221 -240 61 -217 -178 53 -55 178 599 -61 371 287 126 185 164 64 -4 -823 -28 455 26 395 163 150 -49 3 -87 148 -10 -274 -124 227 -563 436 160 -110 300 -110 173 -96 -265 521 101 -406 110 325 -145 -422 46 -153 99 269 25 204 -98 -711 80 133 -278 -445 152 -281 26 124 110 236 256 419 -214 344 -216 -131 -12 -17 294 100 33 191 114 -301 -73 -214 47 59 350 -181 -282 130 -598 11 371 -326 -388 132 511 -189 -57 448 195 -388 -157 -272 76 102 0 242 -160 41 -6 -146 415 378 -300 -40 36 128 97 -195 398 460 -149 -18 -190 169 374 -76 61 -99 6 -116 -219 556 -221 -410 292 -421 -109 -192 -115 257 -238 -231 76 290 -103 33 139 87 -86 182 102 191 -6 281 -329 288 293 -138 -56 -46 -382 117 245 126 245 31 166 -4 -549 16 504 -5 22 -234 285 482 -197 365 110 37 173 128 -13 179 -73 -41 -221 -127 308 -441 130 -215 13 439 193 -176 47 161 11 -368 214 -16 279 1583863281
-197 28 211 275 352 387 -470 100 436 -25 -341 -3 450 356 1080 712 381 373 202 641 -34 181 417 176 16 -121 -190 -255 462 122 201 191 -713 -11 -132 242 -243 9 626 74 -345 109 -353 154 -279 -333 198 746 146 -361 130 262 -192 364 23 199 -43 -63 -51 -150 -341 235 148 -717 379 -79 81 -229 -20 402 -204 -12 -386 826 185 -14 -1314 300 -163 234 -48 -904 200 798 418 -40 -51 291 329 185 4 -223 -231 117 17 -700 -256 156 -54 269 -334 194 164 -61 376 405 -184 -567 -328 130 -208 -153 112 -28 54 -246 -19 -346 1 -5 100 -32 523 59 407 86 -261 -149 -636 -28 414 238 -243 -308 -211 -10 402 -104 -60 504 23 164 298 656 -119 110 117 -301 852 -58 -75 -364 -139 34 202 -256 -82 -241 -478 -159 -289 -280 -188 10 288 502 28 -271 269 15 41 -236 64 -264 -828 -171 280 87 -268 54 167 198 -334 -164 197 -103 92 46 85 -87 -26 313 -275 -366 219 108 -72 39 334 -309 208 -82 208 -119 -861 598 612 443 374 -111 -249 -29 78 78 -392 54 65 -84 -179 -551 -193 -165 47 0 -94 -294 -260 180 10 85 142 79 -343 -370 -290 195 255 -465 286 -250 320 -32 -78 284 -131 167 74 206 -12 -109 -660 198 -217 -274 479 -206 -160 89 -264 -148 -170 150 -206 81 117 -56 -8 218 -395 151 123 271 191 161 75 118 172 117 261 -82 248 -184 586 188 329 -26 152 252 -388 461 -367 -229 51 -106 -47 -228 -354 188 -301 4 -30 -41 251 138 -294 122 -6 359 208 -136 300 321 5 -44 145 565 307 222 498 -26 100 -221 -90 -412 298 -164 -64 -318 100 295 215 -118 275 133 -109 524 154 -419 -68 -9 -9 261 21 -571 30 130 37 285 -1 48 -260 433 -61 -34 124 242 43 -57 -47 213 40 -261 -9 59 452 -95 -12 64 -195 -267 263 -240 335 214 -340 191 -163 121 92 199 -116 193 117 219 320 275 296 -48 73 432 228 -365 221 -160 -291 33 -182 -244 -230 -48 430 -21 -42 210 -316 -136 106 96 46 -67 219 260 -144 -228 -63 70 -23 -68 -180 -89 159 60 207 -160 -385 193 1583863281
124 223 259 496 150 -522 -46 -196 -103 -505 -67 73 -150 188 156 -961 -171 -320 308 -348 176 -266 -188 -529 375 91 -95 -130 67 -213 204 159 454 149 468 10 62 52 159 66 220 -58 128 -317 -80 404 124 307 87 367 -1091 -1 215 -487 155 -364 -236 376 -504 -199 -72 -215 -489 416 373 0 -416 86 825 207 89 298 -15 -143 22 716 202 441 -189 -208 -873 9 -234 33 -197 430 -13 339 427 333 50 232 -263 375 330 112 97 -29 -107 -17 -71 327 361 170 -408 43 389 842 -666 -488 41 404 218 -235 130 -271 136 -147 107 -489 123 422 -93 -394 -505 429 -422 446 610 173 -525 236 -580 479 -62 -13 -375 131 2 49 108 -74 126 -10 -83 -780 -222 -100 492 57 -92 -393 263 405 268 -120 -381 -97 -269 112 -122 67 -106 501 71 -526 90 -39 -290 397 462 76 -350 23 -169 -138 536 -94 -3 -155 -313 -20 120 -3 -276 -96 103 377 103 -884 -87 103 98 229 213 -39 177 -92 -289 117 332 -188 104 148 36 -102 299 -220 -708 134 -159 -180 -171 97 -334 117 341 -220 317 241 -170 -181 12 -161 -37 -3 -103 -24 155 10 -54 46 31 -288 -410 -168 132 -323 -355 439 231 -451 -350 83 -68 -194 -664 317 52 278 -338 -31 126 -163 -364 -28 6 -49 20 -153 -21 53 274 263 164 -439 274 383 -4 189 102 221 -392 108 99 37 86 226 -169 177 122 -195 -516 284 61 131 -246 95 -28 27 -295 190 -328 168 277 -331 66 -28 129 287 424 169 -5 -436 138 -110 -317 -181 83 -194 222 354 237 273 48 151 90 -13 -199 -357 -320 145 -227 -60 280 -354 124 126 119 59 321 432 92 384 146 8 571 30 309 -146 -213 -154 -48 157 282 -245 -556 356 163 -174 276 394 -110 33 153 -360 -139 233 -225 -240 -12 -62 73 349 201 360 338 -15 28 -218 60 70 -54 233 95 -176 85 139 -143 -111 85 -161 -18 97 -8 83 242 -397 -294 102 -102 -59 475 -57 -135 222 154 192 334 -242 70 -547 189 -62 -348 151 443 -87 160 -90 -139 7 -173 -16 -120 5 248 -392 -284 295 117 -22 -49 217 265 -255 1583863281
-35 -124 128 25 -45 -348 -363 300 241 28 95 70 25 -66 212 -170 289 -115 -15 -672 386 -25 185 -153 -21 604 -138 -773 -506 -338 22 -87 -442 -315 -221 -472 -213 -92 -44 -133 -647 -201 -567 257 -110 -222 443 -365 211 485 -74 313 -422 -370 383 -45 -94 115 -57 -48 -190 -41 -307 393 -49 -44 -328 52 -413 38 83 -590 398 -79 34 -53 127 61 -139 230 -36 153 -34 169 -162 182 10 -191 -70 152 535 78 654 166 -62 -53 -125 425 136 -83 -572 583 -265 680 87 -46 -401 -640 -112 -657 -2 500 209 12 -130 785 476 221 -195 37 93 -642 -241 -188 142 -293 712 201 -59 134 496 -331 207 184 292 39 6 -342 -1 -171 144 276 -250 74 62 -158 327 -561 -185 348 -254 -229 -4 148 74 -92 94 -461 126 -12 -228 414 318 -193 297 -241 -220 -185 -138 175 422 261 239 -667 -56 338 -110 -15 108 -333 -427 265 -168 15 56 -401 -166 -215 169 49 -38 -237 -70 -656 194 -167 5 -81 -197 -649 3 40 -536 11 -177 -833 101 -473 -92 531 266 81 109 -161 -120 229 94 -81 198 450 -490 -235 -79 46 -73 -249 93 259 91 -319 179 109 392 79 544 -131 97 -185 -716 -53 112 -103 74 -168 65 119 -28 345 -361 -475 -72 -261 -47 244 400 310 119 90 -128 288 117 148 -382 229 453 -147 -312 -219 -192 341 -202 246 422 306 -17 -75 116 -201 -581 -144 445 -362 60 143 -210 21 34 -87 -273 379 205 -27 -273 215 -231 -253 -102 -10 -163 -152 97 -208 169 -605 195 243 372 -442 598 263 -103 -86 -90 -192 252 499 171 79 -14 -96 133 -218 -5 -512 -384 -105 -354 267 -208 -31 152 -187 283 -138 -155 -113 -164 149 -583 318 -358 -473 -589 346 -78 -26 101 -26 -176 -88 379 -62 -208 -1 -303 198 -539 671 125 -144 -79 394 88 94 -123 495 -61 59 269 -335 102 -170 412 -195 -251 -283 -364 159 596 -97 32 80 46 -263 244 -2 -77 405 -6 -197 388 157 -88 143 393 -128 168 293 29 27 56 1 117 178 -48 -147 -134 78 -345 -156 -220 -70 -163 79 -353 139 421 126 -99 179 -178 -307 256 150 -228 289 1583863281
58 121 -59 -44 -277 280 485 -199 314 16 -403 94 -93 -156 108 740 347 -39 561 -477 150 -142 143 360 -204 -522 -469 48 -262 -603 369 -136 22 -85 89 112 269 -208 125 37 -145 -21 4 176 147 46 -365 -252 -263 -423 -187 74 -341 -308 -705 -267 415 -165 192 -270 -127 -517 -75 -671 62 -233 -167 46 -112 778 -476 355 20 -141 495 431 -347 -33 -247 -95 626 -350 -264 -294 214 -410 -309 47 -70 -210 42 508 244 106 186 -404 16 484 322 13 246 349 162 168 -171 -140 255 -18 -368 -194 264 -87 138 187 367 -122 -258 -324 -235 -201 746 -69 125 419 -68 -21 -335 -358 -418 781 81 -667 -174 376 -65 -37 5 -165 248 493 62 605 -41 -317 -132 127 -40 327 -178 145 -56 55 -211 118 -70 -247 -21 -251 -145 -694 -27 -412 122 -12 -14 -97 174 -377 488 27 269 -40 119 664 -346 224 -468 -603 283 27 -588 318 -263 -298 78 206 147 -17 -269 -116 -333 -50 175 -200 -81 -571 -412 416 -91 -322 -286 174 493 313 -62 -321 -251 -182 582 387 -148 -675 -43 38 -110 435 -111 -96 -201 9 -165 -127 176 -4 177 -8 489 -308 94 98 -26 136 -198 490 18 -177 71 24 146 61 -314 -329 109 367 218 -249 -42 -334 709 406 282 259 377 769 81 52 382 -22 -190 17 102 -569 251 45 63 -297 -240 440 -514 -348 291 360 -1 -552 334 -118 329 467 -328 65 -216 144 82 -76 220 -377 -238 250 383 -493 137 -192 -391 668 72 -124 -134 318 101 112 -69 323 41 -431 218 -255 -75 -184 96 -141 304 -106 -615 296 -469 -55 285 -73 194 -159 14 -158 727 -130 -34 159 -69 232 37 -490 30 -31 352 -148 -131 182 353 -404 -155 -244 86 108 -308 183 -391 -186 28 -9 381 -337 79 66 -146 -8 68 127 120 368 -301 -29 -9 -61 -107 -106 -297 -110 -59 87 -3 324 -107 94 -201 -325 -169 -70 54 -38 -164 -52 -270 -58 -130 547 373 -564 164 -91 4 -63 -260 99 -215 -185 623 474 -16 -496 74 -362 -396 217 -144 -404 324 -254 14 89 218 125 0 204 253 126 425 265 -134 -509 51 134 -91 -170 -386 -110 168 112 1583863281
-729 210 -297 116 199 203 -445 -513 -270 -20 -534 382 86 116 406 145 271 -540 -266 -154 173 185 439 361 227 -7 -377 259 -142 743 -104 -401 99 409 -424 217 278 133 -445 41 -284 -402 172 -308 -346 -60 162 83 -458 -737 522 9 41 22 -452 -133 4 -209 -183 222 168 448 -206 91 -252 -349 -173 427 160 -251 -307 41 317 442 296 -489 504 -76 750 76 129 -76 13 -106 -155 229 -58 -666 458 68 -434 126 -149 579 319 -132 1 -167 296 -4 116 -267 -1 239 32 -89 -54 34 -124 -294 -215 362 -42 -115 28 -571 176 60 191 418 -591 376 108 -32 265 -80 336 172 -73 -269 -240 -553 209 -568 -216 548 283 -140 -11 135 104 -497 13 259 -66 292 -342 -245 108 249 88 109 -163 -420 124 114 -8 -59 -451 116 391 -142 -115 461 229 -170 -582 375 -290 343 218 -259 -479 -152 -720 -122 -48 158 -291 -778 -155 -405 57 -182 -488 -69 150 634 -517 66 -13 -506 291 57 -103 -452 173 -304 -193 235 -96 -440 340 119 323 432 195 58 -87 72 -172 1 121 247 -191 -108 -246 125 433 13 117 39 -320 -320 -88 -321 268 222 -422 14 -263 -148 -63 -498 548 -357 319 -243 284 155 337 541 613 226 139 120 -155 -519 101 195 -515 -412 -56 47 -212 131 288 327 -848 126 -272 157 447 -111 -217 136 -36 -143 199 -40 -167 -318 474 106 249 251 125 202 -78 -333 181 404 -39 275 240 -127 55 -32 96 -232 259 -417 348 749 24 -127 -230 359 -102 -100 -268 215 -388 530 31 476 -20 -113 31 131 -4 -441 214 -170 -2 251 145 -430 -270 -285 -189 76 -86 36 46 -639 110 -70 -192 380 110 -24 -295 82 138 178 -24 118 -75 188 -305 224 -459 -74 186 140 -20 189 -48 -314 -150 151 142 170 353 110 481 138 -126 368 361 -275 -334 -168 -89 31 -296 -142 118 24 119 -55 -356 -306 -190 -194 -52 -147 -132 -409 203 -270 -148 487 232 82 66 -332 311 247 109 305 126 -153 -150 -120 -112 342 189 278 -109 235 221 -252 -25 -459 -268 -42 38 72 102 -165 0 123 224 -393 -30 -97 152 -381 -51 -57 -260 12 161 -62 1583863281
631 272 149 579 -309 -262 38 -274 -27 319 -29 234 573 -280 -248 -239 60 -56 -152 -245 59 541 -67 478 511 295 -193 -387 134 -43 29 62 -208 167 -785 70 46 -150 681 -381 90 -294 -471 -443 41 203 -414 207 15 288 -465 312 139 200 25 467 136 -7 42 -254 -77 131 44 -165 141 253 78 145 -46 -48 235 -154 -64 -194 460 119 52 -16 133 -370 -445 -7 -284 -314 -201 341 505 469 635 176 788 -37 -452 543 377 362 332 340 -254 -337 -73 -72 -4 -417 137 -113 60 -252 156 118 -109 139 -407 417 -171 211 161 -233 1 -331 -55 144 398 -408 -266 -516 -56 68 -351 193 -474 66 -81 -179 -301 24 -304 483 -88 92 94 -17 236 -52 -427 -214 113 99 167 -471 203 295 148 -28 -267 49 -122 -279 149 346 581 -45 466 327 234 -917 -76 -414 319 53 -57 380 -195 -133 266 65 -342 175 -89 63 -111 -236 -641 -67 -71 125 439 -316 -12 207 -39 -419 176 -874 307 -64 -285 -74 -97 101 237 56 4 589 56 -161 333 -1 -4 -90 -135 463 -316 -116 -164 -170 336 285 246 -109 128 -451 -167 71 -365 190 -181 119 432 77 -237 -61 -105 -344 -202 -5 130 213 182 304 315 34 695 83 28 391 234 -359 -263 -183 -158 -116 -14 10 469 -32 -25 251 317 64 -277 -536 481 -120 -106 60 -781 526 282 22 187 418 -14 -74 478 212 405 418 -371 232 114 -40 296 19 389 30 109 -295 474 198 4 -246 -597 2 -588 -184 -542 300 146 -214 58 133 -707 -221 69 487 398 -94 559 -47 192 -282 208 -285 120 283 -281 -217 176 44 -140 529 201 501 -155 -93 356 -427 -67 -336 -453 -198 -506 -63 -377 676 -157 -715 147 -353 138 -163 112 114 -402 -317 -147 -113 -226 156 113 -434 -382 14 -220 178 187 -337 234 58 -889 315 158 -87 -65 -243 -14 -131 -142 -89 46 155 -493 159 359 101 -365 120 -816 -184 -143 -154 -268 55 -173 138 -114 -287 -371 -152 -70 -412 -207 248 148 -167 -89 -68 15 -54 458 225 -162 -86 88 -96 119 181 102 25 -398 147 -10 -217 48 -208 -34 87 249 159 101 -114 -26 -91 -107 280 1583863281
-379 76 5 34 -727 215 303 41 432 58 3 -45 399 -307 260 -141 441 567 -432 18 -240 29 249 497 -256 -502 224 -358 -306 294 -54 -277 37 -442 290 -116 -300 26 94 750 331 283 -372 -68 322 148 -36 12 -198 -569 266 -238 -164 178 8 280 -60 73 -11 480 478 -309 -104 39 410 -522 637 -584 177 -467 -54 437 -173 494 -45 -257 -768 419 707 605 -165 27 -241 -720 -43 486 -1025 653 -345 -337 -376 405 -424 -599 -200 -193 221 -199 0 418 -361 91 712 -40 -84 152 239 -199 290 99 116 47 94 -24 -196 -234 104 312 287 232 107 238 177 289 -158 158 458 -129 19 213 520 12 67 44 -314 339 205 -525 -542 335 397 -495 -184 382 -109 173 116 -198 -81 22 -149 -293 896 -6 437 -201 -195 15 335 -866 258 187 -321 113 -3 -62 -294 -268 258 48 79 -470 -419 443 23 122 -95 136 -141 -474 347 492 140 65 283 -334 42 222 129 49 -289 51 388 218 -282 -304 -74 -542 158 417 459 -496 -525 103 206 -382 -3 337 -117 -195 0 100 72 -363 399 -187 161 -234 148 -63 443 94 -247 -153 82 767 211 -208 236 102 174 -20 -129 -203 -473 -293 435 -290 -141 -516 -7 62 160 68 178 -156 -90 67 -523 -220 -326 124 -8 342 111 -122 -2 -113 -39 -392 -220 139 157 -336 383 321 94 245 418 -417 191 -166 295 22 -215 -271 91 0 111 -53 -93 -604 -150 179 -67 -254 -155 46 -478 -322 244 313 211 -117 -91 -131 93 270 143 -49 189 -232 -314 -177 -122 -169 157 573 63 -128 -552 148 145 -489 -238 -177 -115 -25 -236 249 54 130 -1 -702 -73 -115 -169 120 334 -42 -44 198 -249 -307 -61 -277 112 -372 790 112 -79 64 325 -226 -76 -266 342 -76 260 -406 -191 -204 77 -81 311 -125 58 114 -103 -159 352 23 456 113 -828 -251 -623 139 68 31 -143 477 -81 -121 594 80 458 -273 -652 294 -53 243 -289 447 -42 -89 -191 95 -436 120 49 195 -232 -13 144 92 323 12 426 166 -99 -321 216 -512 398 -260 -85 67 -16 28 138 447 321 186 200 -173 12 -354 -272 231 531 -44 -8 256 -304 -90 1583863281
-167 393 546 -180 174 784 236 -778 399 459 -44 -543 52 176 -38 481 127 102 -84 -131 89 -578 -86 -235 -249 177 -609 -468 -127 -14 -51 338 -3 -512 113 -454 -200 -51 29 -309 -418 459 -161 -20 285 -205 184 66 -244 120 -165 369 244 -584 -302 -384 -117 396 -198 169 -23 -241 -436 148 207 515 93 -325 -34 -192 222 31 92 6 635 -241 -423 360 -206 299 294 64 261 -181 109 -126 218 97 240 -49 495 224 122 393 -39 -582 185 -135 59 112 448 329 -20 229 -258 -43 -59 310 607 -158 -91 -238 532 48 -386 504 -46 408 171 -545 109 55 102 247 307 203 -36 -654 50 -535 -233 149 -19 -132 208 -163 49 -122 144 -137 -24 39 662 448 -50 -565 -163 317 -99 333 420 437 -147 220 -337 115 22 -339 266 -74 10 38 -195 143 -37 -89 88 -5 169 788 -42 -38 164 -35 -301 39 -388 245 91 -120 -59 451 -134 279 -120 -59 149 -28 672 -144 400 -177 236 382 -495 -200 408 179 -199 453 14 -409 -58 -391 66 -339 87 -264 -21 -239 133 -4 51 199 -505 -98 -150 -107 -288 432 -269 86 -567 -207 177 -260 -370 -254 -246 41 467 -114 370 -187 -272 -413 19 -345 -143 264 292 -38 43 -448 239 -174 -426 53 -627 -534 57 -152 129 129 13 40 630 47 468 -264 623 451 -202 71 162 -33 45 326 -98 261 -170 -133 81 -80 252 408 551 -562 447 119 -82 -75 32 -455 -111 -218 -107 218 -289 245 96 120 305 -31 -119 315 -78 206 -175 -375 -120 -263 -612 -14 -132 184 -73 38 167 -107 203 185 259 382 59 28 615 -236 -580 -144 -167 -152 53 360 81 -98 -34 -227 147 -195 -56 -181 87 496 42 -95 -483 -313 70 -196 48 -623 227 353 5 21 -504 -112 105 0 72 -352 -115 -652 263 96 -454 321 -14 247 181 -47 163 7 198 -126 -238 -267 -113 -82 724 281 -247 109 -185 -224 -363 -193 386 7 391 -96 95 370 -422 -335 8 -54 272 117 -264 369 -80 -214 -35 471 116 -61 147 161 -111 -90 1 -123 -221 295 51 105 -19 9 -109 -121 -499 -92 -480 215 -43 -345 363 -293 -48 -96 166 -220 64 -491 1583863281
-453 -430 239 135 169 85 -303 33 -5 -600 -140 -396 233 77 -196 -767 -322 -323 23 417 602 -215 -33 208 230 118 -75 96 20 48 123 -210 -308 228 -418 -743 -415 385 506 -496 269 422 400 -150 -367 -371 -89 666 271 -178 -164 381 64 -722 -447 -33 -164 -133 -364 176 -282 341 163 -127 681 -163 -374 133 -100 -70 -32 61 -144 -150 416 -481 390 432 48 -579 -48 -24 265 345 -378 -122 -439 90 -343 159 198 190 -54 106 7 538 565 90 -13 -172 221 214 153 -139 -145 352 90 244 -266 143 -415 115 -370 176 -83 844 375 283 57 -136 -123 -522 164 -469 314 324 -480 -216 406 -597 291 -179 29 292 -171 290 -344 -33 195 -213 494 -123 -309 -342 197 717 398 100 151 -179 -141 193 -164 -398 -191 222 -155 580 -35 -493 -148 -10 -237 -282 -148 357 352 224 469 370 -374 -107 105 -57 144 -18 400 405 -277 -106 -190 44 382 307 35 -411 364 -451 198 202 340 68 152 -234 -311 263 3 57 133 525 66 -639 58 493 -100 306 -542 158 -230 -115 202 121 298 -458 223 210 -404 802 502 33 -10 -91 297 107 -234 303 89 180 -232 310 -563 374 187 -108 158 -814 -272 86 54 -82 -36 195 148 251 -244 36 -506 -334 -58 -151 49 -42 -28 526 -185 543 -520 106 298 387 -347 121 265 -234 -103 -256 425 -52 -413 -131 212 -304 -77 -118 -51 -320 341 -147 -93 45 -325 71 612 -107 27 -755 402 25 -163 201 135 -405 -3 114 -23 359 110 28 -150 -25 -98 2 -93 -319 172 138 -210 241 0 478 211 -408 -640 431 -379 543 333 -69 220 69 493 160 380 64 -316 255 368 -191 239 286 241 -557 521 -342 477 49 -110 357 -214 101 82 -267 221 -84 -462 69 -99 -426 286 -6 37 241 327 -143 -55 101 -161 -453 -1 -145 -163 151 86 272 -114 -47 312 -143 -28 449 131 -139 363 59 -3 -273 167 -225 111 252 -288 -216 37 -329 -54 135 73 -164 -190 308 -65 433 107 -109 -393 57 -32 -361 -18 102 -214 22 22 45 627 -263 270 39 -74 -64 199 140 462 122 224 -31 -221 73 75 -203 124 143 331 432 112 27 1583863281
69 -172 208 -188 -435 -37 -111 -310 176 -202 204 -758 137 276 343 -547 -411 -102 34 -597 -514 285 -235 -366 -55 178 166 -124 -456 368 88 199 -177 -62 233 69 168 75 -863 390 371 191 -63 94 -588 293 243 -397 272 354 -348 422 -42 -300 25 -232 627 118 -123 -68 89 98 734 -113 -225 656 711 459 -466 -205 -248 131 -471 592 515 131 557 -487 -225 186 -407 -158 -459 -219 32 -106 -516 -372 -413 337 338 506 -811 -215 -349 264 -476 -811 17 18 -165 154 281 -539 548 233 59 -315 43 165 -365 299 -148 945 -152 -307 62 -28 -295 96 161 104 -640 16 22 616 599 46 -315 -246 166 195 -842 -171 -371 114 108 294 409 -59 -5 -148 -386 493 -226 -151 403 81 -217 358 252 -39 -124 37 120 307 -153 273 32 -527 345 -304 33 588 58 210 -306 553 -81 40 79 539 11 -170 519 92 -290 32 232 -19 -19 9 249 101 282 -474 -47 297 -69 358 66 -6 -79 207 120 -24 614 324 -98 -465 22 -197 -268 83 -148 -238 -525 30 -235 -41 -238 -33 -22 -138 443 487 -110 333 -293 107 -153 92 288 -169 -30 -43 310 -45 74 -200 -42 140 -60 24 -164 283 -78 -48 250 -100 16 107 -295 -198 -122 -201 -96 193 -242 166 375 -73 308 103 143 79 -534 -231 371 216 -108 -703 518 -48 -57 299 117 145 518 91 98 -181 -310 444 247 286 -514 212 -452 -75 489 -153 265 476 294 -240 -241 228 376 -308 39 358 67 -258 239 -103 -15 -80 53 112 41 -371 -709 -94 170 -106 -41 -13 424 79 -237 -172 191 -133 -54 1 169 6 -226 -110 313 -38 30 -23 56 280 153 66 243 -875 229 236 -79 -215 -89 -39 -14 159 418 -37 168 70 -224 80 -319 3 189 69 444 -189 -284 -455 45 -119 172 237 -248 196 -346 263 159 36 132 -253 24 -13 -49 -17 -2 -183 197 -16 264 -309 43 -23 228 70 -94 328 -70 5 -105 -12 193 216 158 -297 -44 15 69 64 155 108 -70 -60 -27 366 406 502 299 -142 -316 3 261 -302 -388 170 84 388 -230 -70 63 56 -256 228 156 -578 111 -28 -83 -86 2 55 -84 -22 1583863281
