-16088176 -15510247 21977166 5027759 -7618654 -7592785 -1844209 -142255 119326 -126381 -43352 -28081 -3971 -59007 -9067 -2112 -9724 -2945 -949 -803 -236 -173 90 -6 -3 -26 -16 -6 1 0 0 1 0 0 1 0 0 0 0 0 0 0 0 1 0 0 0 0 0 1 1 0 0 0 1 0 0 0 0 0 1583836345
-16089571 -15509831 21977042 5019965 -7892278 -7597497 -1819046 -142238 120628 -126325 -43329 -30231 -4001 -66464 -10919 -3697 -9638 -3068 -960 -637 -232 -135 76 442 -6 -23 147 -4 1 0 0 1 -1 0 4 -2 0 0 0 0 0 0 0 0 0 0 0 0 0 0 0 0 0 0 0 0 0 0 0 0 1583836345
-16080264 -15503043 21962301 5018832 -7889333 -7583535 -1821380 -142268 119510 -126339 -43340 -19037 -3982 -66677 -9806 -2337 -9645 -3026 -950 -809 -231 -125 78 512 -7 -8 827 2 7 10 0 5 0 0 -2 0 0 1 0 2 0 0 -1 0 -1 0 0 1 -1 -1 0 1 -1 0 0 0 0 0 0 0 1583836345
-16089181 -15510782 21978949 5017678 -7892218 -7596970 -1819033 -142231 120905 -126324 -43329 -28906 -3999 -66285 -10994 -3712 -9648 -3066 -959 -639 -233 -135 83 -84 -3 -19 449 -3 5 -1 0 1 0 0 2 0 0 0 0 0 0 0 0 0 0 0 0 0 0 0 0 0 0 0 0 0 0 0 0 0 1583836345
-16089579 -15509890 21977153 5020091 -7885912 -7597422 -1823705 -142244 120627 -126338 -43338 -30235 -4001 -67028 -10920 -3698 -9611 -3070 -961 -638 -230 -135 68 1195 -11 -7 1317 -3 3 0 0 1 7 0 3 -2 0 0 0 3 1 0 0 -4 -2 0 0 0 0 1 -1 0 0 0 0 -1 0 -2 0 0 1583836345
-16086415 -15508917 21974612 5019362 -7892279 -7596257 -1819046 -142245 117969 -126324 -43331 -25827 -3995 -66442 -8669 -359 -9661 -4105 -1022 668 -231 -289 79 162 -5 -19 420 -6 2 -1 0 1 -1 0 2 0 0 0 0 0 0 0 0 0 0 0 0 0 0 0 1 0 0 0 0 0 0 0 0 0 1583836345
-16080045 -15504640 21964826 5022121 -7892508 -7592217 -1819047 -142275 112883 -126327 -43335 -18711 -3983 -66177 -3873 5064 -9700 -4915 -1065 1654 -231 -332 85 -209 -3 -23 150 -5 2 0 0 1 2 0 2 0 0 0 0 0 0 0 0 0 0 0 0 0 0 0 0 0 0 0 0 0 0 0 0 0 1583836345
-16088697 -15507252 21965493 5153151 -4056317 -7530225 -2168705 -142505 120078 -127124 -43645 -27107 -3626 32137 -10761 -3558 -10592 -2759 -943 -896 -288 -97 46 -252 -2 -20 -7 -4 2 1 0 -1 0 -1 0 0 0 0 0 0 0 0 0 0 1 0 1 0 0 0 0 1 0 0 0 0 0 0 0 0 1583836345
-16050787 -15476337 21897366 5155426 -4668345 -7513360 -2113102 -142669 90733 -127033 -43636 22770 -3619 17640 74669 34408 -10546 31079 1336 -44832 -276 970 663 -256 8 -37 -6 -20 -8 -17 0 -5 2 1 0 0 0 3 1 0 0 0 0 0 0 1 0 0 0 0 0 0 0 0 0 0 0 0 0 0 1583836345
-16088444 -15508336 21969598 5111006 -5214756 -7549576 -2063031 -142419 120731 -126881 -43546 -27698 -3735 3785 -11021 -3604 -10310 -2994 -957 -634 -272 -118 365 -268 -2 -25 -7 -4 2 1 0 2 1 0 -1 0 0 0 0 0 0 0 0 0 0 0 0 0 0 0 0 0 0 0 0 0 0 0 0 0 1583836345
-16088421 -15507781 21966937 5142252 -4357302 -7536539 -2141197 -142483 119223 -127059 -43617 -27481 -3652 25890 -9544 -1896 -10541 -3301 -976 -208 -284 -216 164 -296 -2 -25 -8 -6 1 0 0 1 1 0 0 -2 0 0 0 -1 0 0 1 0 0 0 0 0 0 0 0 0 0 0 0 0 0 0 0 0 1583836345
-16071931 -15487963 21928720 5056549 -7029690 -7576132 -1897743 -142377 107189 -126512 -43412 -3083 -3870 -43680 -10913 -4477 -9837 -817 -936 -175 -240 -238 257 -264 -3 -44 -7 -5 2 0 0 1 2 0 0 -1 0 -1 1 0 -1 0 1 0 0 0 0 0 0 0 0 0 0 0 0 0 0 0 0 0 1583836345
-16081370 -15422186 21782629 5502263 2546721 -7370266 -2773275 -142852 120313 -128632 -44216 -28606 -2979 206232 -10829 -3258 -12206 -2789 1107 -501 -379 -71 888 -328 -1 3 8 54 -10 -1 0 2 9 0 0 0 1 -1 2 -2 0 0 0 0 1 0 1 0 0 0 0 0 0 0 0 0 0 0 0 0 1583836345
-16054224 -15481190 21908130 5141106 -4974362 -7523509 -2085181 -142619 92265 -126952 -43594 13658 -3652 9725 17910 29296 -10553 -8117 -1235 5618 -268 -1032 293 -246 -3 -16 -10 -6 2 -1 0 1 1 0 0 0 0 0 0 -1 0 0 0 1 0 0 0 0 0 0 0 0 0 0 0 0 0 0 0 0 1583836345
-16085491 -15469115 21889424 5186808 -4724997 -7520197 -2108097 -142678 120533 -127047 -43604 -29737 -3691 16500 -10891 -3563 -10441 -2973 -957 -620 -279 -115 176 -263 -2 -6 117 32 -5 -1 0 1 2 0 2 0 0 0 0 -1 0 0 0 0 0 0 0 0 0 0 0 0 0 0 0 0 0 0 0 0 1583836345
-16088176 -15510247 21977166 5027759 -7618654 -7592785 -1844209 -142255 119326 -126381 -43352 -28081 -3971 -59007 -9067 -2112 -9724 -2945 -949 -803 -236 -173 90 -6 -3 -26 -16 -6 1 0 0 1 0 0 1 0 0 0 0 0 0 0 0 1 0 0 0 0 0 1 1 0 0 0 1 0 0 0 0 0 1583838187
-16089571 -15509831 21977042 5019965 -7892278 -7597497 -1819046 -142238 120628 -126325 -43329 -30231 -4001 -66464 -10919 -3697 -9638 -3068 -960 -637 -232 -135 76 442 -6 -23 147 -4 1 0 0 1 -1 0 4 -2 0 0 0 0 0 0 0 0 0 0 0 0 0 0 0 0 0 0 0 0 0 0 0 0 1583838187
-16080264 -15503043 21962301 5018832 -7889333 -7583535 -1821380 -142268 119510 -126339 -43340 -19037 -3982 -66677 -9806 -2337 -9645 -3026 -950 -809 -231 -125 78 512 -7 -8 827 2 7 10 0 5 0 0 -2 0 0 1 0 2 0 0 -1 0 -1 0 0 1 -1 -1 0 1 -1 0 0 0 0 0 0 0 1583838187
-16089181 -15510782 21978949 5017678 -7892218 -7596970 -1819033 -142231 120905 -126324 -43329 -28906 -3999 -66285 -10994 -3712 -9648 -3066 -959 -639 -233 -135 83 -84 -3 -19 449 -3 5 -1 0 1 0 0 2 0 0 0 0 0 0 0 0 0 0 0 0 0 0 0 0 0 0 0 0 0 0 0 0 0 1583838187
-16089579 -15509890 21977153 5020091 -7885912 -7597422 -1823705 -142244 120627 -126338 -43338 -30235 -4001 -67028 -10920 -3698 -9611 -3070 -961 -638 -230 -135 68 1195 -11 -7 1317 -3 3 0 0 1 7 0 3 -2 0 0 0 3 1 0 0 -4 -2 0 0 0 0 1 -1 0 0 0 0 -1 0 -2 0 0 1583838187
-16086415 -15508917 21974612 5019362 -7892279 -7596257 -1819046 -142245 117969 -126324 -43331 -25827 -3995 -66442 -8669 -359 -9661 -4105 -1022 668 -231 -289 79 162 -5 -19 420 -6 2 -1 0 1 -1 0 2 0 0 0 0 0 0 0 0 0 0 0 0 0 0 0 1 0 0 0 0 0 0 0 0 0 1583838187
-16080045 -15504640 21964826 5022121 -7892508 -7592217 -1819047 -142275 112883 -126327 -43335 -18711 -3983 -66177 -3873 5064 -9700 -4915 -1065 1654 -231 -332 85 -209 -3 -23 150 -5 2 0 0 1 2 0 2 0 0 0 0 0 0 0 0 0 0 0 0 0 0 0 0 0 0 0 0 0 0 0 0 0 1583838187
-16088697 -15507252 21965493 5153151 -4056317 -7530225 -2168705 -142505 120078 -127124 -43645 -27107 -3626 32137 -10761 -3558 -10592 -2759 -943 -896 -288 -97 46 -252 -2 -20 -7 -4 2 1 0 -1 0 -1 0 0 0 0 0 0 0 0 0 0 1 0 1 0 0 0 0 1 0 0 0 0 0 0 0 0 1583838187
-16050787 -15476337 21897366 5155426 -4668345 -7513360 -2113102 -142669 90733 -127033 -43636 22770 -3619 17640 74669 34408 -10546 31079 1336 -44832 -276 970 663 -256 8 -37 -6 -20 -8 -17 0 -5 2 1 0 0 0 3 1 0 0 0 0 0 0 1 0 0 0 0 0 0 0 0 0 0 0 0 0 0 1583838187
-16088444 -15508336 21969598 5111006 -5214756 -7549576 -2063031 -142419 120731 -126881 -43546 -27698 -3735 3785 -11021 -3604 -10310 -2994 -957 -634 -272 -118 365 -268 -2 -25 -7 -4 2 1 0 2 1 0 -1 0 0 0 0 0 0 0 0 0 0 0 0 0 0 0 0 0 0 0 0 0 0 0 0 0 1583838187
-16088421 -15507781 21966937 5142252 -4357302 -7536539 -2141197 -142483 119223 -127059 -43617 -27481 -3652 25890 -9544 -1896 -10541 -3301 -976 -208 -284 -216 164 -296 -2 -25 -8 -6 1 0 0 1 1 0 0 -2 0 0 0 -1 0 0 1 0 0 0 0 0 0 0 0 0 0 0 0 0 0 0 0 0 1583838187
-16071931 -15487963 21928720 5056549 -7029690 -7576132 -1897743 -142377 107189 -126512 -43412 -3083 -3870 -43680 -10913 -4477 -9837 -817 -936 -175 -240 -238 257 -264 -3 -44 -7 -5 2 0 0 1 2 0 0 -1 0 -1 1 0 -1 0 1 0 0 0 0 0 0 0 0 0 0 0 0 0 0 0 0 0 1583838187
-16081370 -15422186 21782629 5502263 2546721 -7370266 -2773275 -142852 120313 -128632 -44216 -28606 -2979 206232 -10829 -3258 -12206 -2789 1107 -501 -379 -71 888 -328 -1 3 8 54 -10 -1 0 2 9 0 0 0 1 -1 2 -2 0 0 0 0 1 0 1 0 0 0 0 0 0 0 0 0 0 0 0 0 1583838187
-16054224 -15481190 21908130 5141106 -4974362 -7523509 -2085181 -142619 92265 -126952 -43594 13658 -3652 9725 17910 29296 -10553 -8117 -1235 5618 -268 -1032 293 -246 -3 -16 -10 -6 2 -1 0 1 1 0 0 0 0 0 0 -1 0 0 0 1 0 0 0 0 0 0 0 0 0 0 0 0 0 0 0 0 1583838187
-16085491 -15469115 21889424 5186808 -4724997 -7520197 -2108097 -142678 120533 -127047 -43604 -29737 -3691 16500 -10891 -3563 -10441 -2973 -957 -620 -279 -115 176 -263 -2 -6 117 32 -5 -1 0 1 2 0 2 0 0 0 0 -1 0 0 0 0 0 0 0 0 0 0 0 0 0 0 0 0 0 0 0 0 1583838187
