-16087392 -15504050 21965129 5026696 -7886444 -7592091 -1820127 -142272 120204 -126340 -43337 -22056 -3985 -65807 -8210 -4565 -6785 900 -914 -624 -211 -273 -35 -312 -2 -44 -12 7 16 0 0 1 0 0 2 -1 0 0 0 -3 11 1 0 0 0 0 0 0 0 0 0 0 0 0 0 0 0 0 0 0 1583836345
-15780210 -15288992 21489937 4842084 -7703532 -7440732 -1872787 -142527 -18758 -126249 -43350 -23203 -3922 -59180 -489 -10624 43561 -2892 -1317 -1259 28 -270 -2273 -160 -22 -8 -5 -5 0 0 -1 2 25 0 2 -6 0 0 3 4 0 1 -10 -3 11 0 -5 3 -3 -5 2 -3 -4 -1 -1 2 0 -3 0 0 1583836345
-16078214 -15408719 21771693 5175270 -7659863 -7533440 -1865035 97900 120121 -126201 -43337 -30111 -3939 -58295 -10819 -3617 35249 -4022 7119 -809 3 -230 -2071 -370 -12 -24 1 -6 2 0 0 1 0 0 -3 18 0 0 -1 0 0 0 12 -5 -3 0 -1 1 -1 4 -1 0 2 0 -1 -2 0 0 0 0 1583836345
-15544176 -15027112 20958137 4545506 -7871582 -6997137 -1821142 -142217 133783 -126223 -43318 46444 -3857 -65916 -13487 -5018 -4948 1449 -974 1015 -197 -457 -189 -319 -3 151 -14 -15 -3 0 0 2 -4 -2 2 0 0 -1 0 0 0 -1 1 0 0 0 0 0 0 0 0 0 0 0 1 -1 0 0 0 0 1583836345
-15670624 -15059489 21044330 4567714 -7810334 -7106900 -1837846 -141950 205331 -126311 -43333 2584 -3915 -63578 -12166 -4011 13183 -1282 -1116 -73 -116 -345 -1165 -132 -5 28 -13 -9 0 0 0 1 -5 0 -3 14 0 0 -2 1 0 0 1 -4 0 0 -3 -1 1 0 0 1 1 0 -2 0 0 0 0 0 1583836345
-16075999 -15498840 21951323 5057050 -6439969 -7558381 -1963451 -142350 120333 -126659 -43467 -27728 -3834 -27244 -11003 -3595 19210 -3563 -1165 -952 -111 -199 425 -475 -8 -20 0 -5 2 0 0 1 -6 0 -12 -10 -1 -1 6 1 0 0 -1 0 0 0 0 -1 1 0 0 0 0 0 0 0 0 0 0 0 1583836345
-15672048 -15044146 20982086 5250402 11607068 -6771702 -3603022 -143307 204733 -130341 -44910 5517 -2033 439610 -11499 -3422 -456 267 -1040 438 -438 -255 -559 -678 1 23 -4 -9 -1 0 0 2 2 0 7 -8 1 0 -7 -3 -1 0 -1 0 -2 0 -3 0 0 0 0 0 0 0 0 0 0 0 0 0 1583836345
-15267234 -14631883 20152125 4231375 -4816142 -6611347 -2099160 -141816 271863 -126794 -43513 -1896 -3643 13344 -9421 -4599 -7816 4359 -954 2127 -245 -613 -66 -332 3 50 -12 -13 -5 0 0 2 -1 -1 2 -2 0 -1 -1 0 -1 -2 0 0 0 0 0 0 0 0 0 0 0 0 0 0 0 0 0 0 1583836345
-15727499 -15171477 21238807 5260454 8343639 -6926466 -3305684 -143326 130280 -129646 -44656 25575 -2317 354713 -6037 -6345 2720 10117 -1011 3581 -353 -832 -720 -537 -2 -93 -3 -6 -5 1 0 1 -6 0 -2 -10 0 0 -7 -2 2 2 -2 -1 -1 -4 -2 0 0 0 0 0 1 3 0 0 0 0 1 0 1583836345
-15778210 -15225848 21373424 4849605 -5166348 -7224352 -2067820 -142425 120500 -126813 -43527 -18116 -3710 4542 -10045 -4150 -7412 329 -969 603 -249 -345 -72 -311 -2 1 -13 -9 -1 0 0 1 -3 0 0 -1 0 0 -1 0 0 0 -1 0 0 0 0 0 0 0 0 0 0 0 0 0 0 0 0 0 1583836345
-16027174 -15404410 21737340 5497925 6574587 -7216391 3421131 -133019 159954 -111400 -35266 67120 -5969 -1037 12035 -15309 -4594 40254 -954 14626 -114 -2620 -1436 -294 0 -405 -8 -2 -12 1 0 1 0 1 2 0 0 -1 0 -2 -7 4 -3 0 0 -11 0 0 0 0 0 0 1 6 0 0 0 0 1 0 1583836345
-15953639 -15389411 21715616 5035941 -3721874 -7383950 -592588 -139941 123954 -122729 -41380 -19288 -4443 -34877 -9517 -4387 -6646 217 -1001 588 -220 -335 -436 560 -6 -44 -35 -8 -1 0 0 1 -10 0 2 -4 0 0 -1 0 0 0 0 -1 1 0 1 0 0 0 0 0 0 0 0 -1 0 0 0 0 1583836345
-16022761 -15444682 21833535 5096821 -4081950 -7457324 -645243 -140108 123598 -122927 -41485 -10016 -4410 -38761 -9472 -4632 -2099 593 -1006 321 -196 -350 2531 -76 -4 -48 -16 -4 2 0 0 1 -5 0 0 0 0 0 0 0 3 0 0 1 0 0 1 0 0 -1 0 0 0 0 0 0 0 0 0 0 1583836345
-15805234 -15242236 21359753 5788197 21241831 -6819169 10152107 -121121 116999 -92033 -24909 -27094 -9044 -2775 -9977 -2787 -1353 -2741 -1249 -568 -191 -123 -96 -417 -1 -14 -15 -6 0 0 0 1 -2 0 -5 -2 0 0 -3 3 0 0 -1 0 2 0 1 0 0 0 0 0 1 0 2 -2 0 0 0 0 1583836345
-16047828 -15432819 21755301 6239961 27277502 -6941452 11609642 -118507 128019 -87891 -22595 -10011 -9494 61991 -9828 -3249 24647 -2633 -1461 -621 -89 -191 2893 -194 -6 -42 4 -3 3 0 0 0 -19 0 -18 -2 -1 -1 5 3 0 -1 -8 3 0 0 0 -1 0 -1 0 0 0 0 1 -1 0 0 0 0 1583836345
-16087749 -15502176 21962418 5019210 -7893467 -7580531 -1818773 -142250 129642 -126349 -43342 -10430 -3966 -66111 -8744 -5203 -6975 1918 -958 1054 -207 -430 -85 -293 -2 -67 -12 1 10 -1 0 1 -1 0 2 -1 0 0 1 2 0 0 0 0 0 0 0 0 0 0 0 0 0 0 0 0 0 0 0 0 1583836345
-16062916 -15482123 21919710 4995893 -7846929 -7556469 -1831434 -142251 128792 -126370 -43355 -12369 -3955 -64444 -9561 -4820 4933 460 -1055 654 -152 -399 -689 -262 -5 -55 -10 -7 -2 0 0 1 0 0 0 4 0 0 0 1 0 0 3 -1 0 0 -1 0 0 0 0 1 2 0 0 -1 0 0 0 0 1583836345
-16044443 -15469990 21893052 4980037 -7804339 -7544445 -1838345 -142248 123806 -126371 -43356 -19619 -3956 -63055 -9649 -4249 15599 -986 -1109 -657 -105 -296 -1198 -348 -8 -24 -1 -3 3 0 0 1 -5 0 0 11 0 0 -2 1 4 0 3 -2 0 0 -2 -2 2 -1 0 -1 -1 0 0 0 0 0 0 0 1583836345
-16066531 -15485352 21925650 5011945 -7601912 -7561693 -1847009 -142272 124116 -126399 -43364 -12220 -3938 -58411 -10073 -4562 -4400 -281 -982 200 -204 -306 -84 -307 -3 -44 -11 -5 0 0 0 1 -1 0 -2 -2 0 -1 1 0 1 0 -1 0 0 0 0 0 0 0 0 0 0 0 0 0 0 0 0 0 1583836345
-16088470 -15498145 21951408 5071260 -6911836 -7574851 -1000084 -134730 120585 -124036 -42121 -30294 -4394 -83336 -10852 -3691 -8729 -3270 8891 -281 -194 -128 -158 -258 -2 -25 -13 -5 1 0 0 1 -1 0 0 0 -3 0 0 1 0 0 -1 0 0 0 0 0 0 0 0 0 0 0 0 0 0 0 0 0 1583836345
-16007463 -15418221 21749911 5644840 11610497 -7176765 5969810 -128530 121529 -104046 -31339 -20258 -7244 -13158 -9580 -3709 -4285 -1376 -1150 -45 -208 -199 -1929 -323 -2 39 -12 -8 0 0 0 1 -9 0 -8 -1 1 0 -8 4 0 0 -5 0 3 1 4 -3 2 -1 0 0 1 0 0 0 0 0 0 0 1583836345
-15111404 -14685136 20226101 4148179 -5654861 -6590116 -1227235 -140734 110039 -124297 -42369 13221 -4223 -46002 799706 -566551 -10688 -31483 -1069 7 -221 4052 266 -365 -15 23 -2 0 15 -8 0 9 0 -9 2 0 0 0 -1 -1 4 -15 1 0 1 -4 2 0 1 0 0 0 0 -1 0 0 0 0 0 0 1583836345
-16089543 -15506767 21964251 5150194 -4223937 -7534627 -486588 -139868 120688 -122505 -41264 -27974 -4531 -49047 -10095 -3842 5448 -2290 -1085 -617 -162 -206 -689 -406 -5 -32 -4 -2 6 0 0 1 -12 0 -3 -3 0 -1 4 1 2 0 -3 2 0 0 -2 0 0 0 0 0 0 0 0 0 0 0 0 0 1583836345
-15950084 -15343571 21547400 6523733 37903379 -6670322 15158247 -112088 122503 -77621 -17028 -17862 -10917 123958 -9570 -2596 8132 -2956 -1437 -725 -196 -62 -4115 -590 -2 -19 -2 -5 0 0 0 1 -6 0 -26 -14 -1 -2 7 -1 0 0 -4 -1 -3 0 -3 -1 1 0 0 0 0 0 0 0 0 0 0 0 1583836345
-16090790 -15495815 21919333 5597130 8236698 -7324395 5076069 -130189 120321 -106667 -32770 -28782 -6931 -41977 -9455 -3309 4241 -2822 -1151 -1556 -158 -90 1007 -230 -4 -31 -12 -3 4 -1 0 1 -2 0 -12 -5 -1 -1 7 2 0 0 0 1 0 0 2 -1 0 -1 0 0 0 0 0 0 0 0 0 0 1583836345
-16076642 -15500708 21957526 5005089 -7893081 -7585115 -1818550 -142223 120504 -126316 -43326 -29367 -3998 -65997 -10974 -3682 -7491 -3097 -974 -684 -223 -139 -38 -308 -3 -22 -10 -6 1 0 0 1 0 0 3 0 0 0 0 1 0 0 0 0 0 0 0 0 0 0 -1 0 0 0 0 1 0 0 0 0 1583836345
-16081346 -15497170 21950983 5026926 -7894028 -7576208 -1818587 -142294 123547 -126348 -43341 -13808 -3971 -66092 -11561 -3850 -7233 -2943 -958 -1057 -221 -118 -51 -313 -3 -2 -12 26 48 -7 0 2 0 0 3 0 0 0 0 2 -4 0 0 0 0 0 0 0 0 0 -1 0 0 0 0 0 0 0 0 0 1583836345
-16089238 -15510661 21978671 5018661 -7874146 -7596813 -1821074 -142234 120809 -126329 -43331 -29191 -3995 -65473 -10959 -3700 -6380 -3121 -982 -693 -217 -141 -96 -278 -3 -25 -13 -4 4 -1 0 1 -3 0 1 1 0 0 0 0 0 0 0 0 0 0 0 0 0 0 0 0 1 0 -1 0 0 0 0 0 1583836345
-16090314 -15504293 21953062 5269360 -915303 -7480162 1375233 -136174 120412 -117237 -38460 -30069 -5386 -65996 -10590 -3547 -8428 -3148 -250 -639 -217 -116 -659 -131 -3 -26 -16 -6 1 0 0 1 -4 0 -3 0 0 0 0 1 0 0 -3 0 2 0 2 -1 1 0 0 0 0 0 0 0 0 0 0 0 1583836345
-15890031 -15344510 21622479 4862688 -7891643 -7446723 -1818664 -142264 79559 -126220 -43302 -19474 -3977 -66050 -11703 -3590 -7325 -2829 -967 -749 -221 -157 -48 -311 -4 -12 -12 -7 1 0 0 1 0 0 3 0 0 0 0 1 0 0 0 0 0 0 0 0 0 0 -1 0 0 0 0 1 0 0 0 0 1583836345
-16067414 -15488467 21932020 5009264 -7565133 -7562692 -1850334 -142255 124971 -126399 -43361 -20731 -3948 -57395 -11172 -3883 -4183 -2660 -997 -507 -209 -178 27 -284 -3 -29 -12 -6 1 0 0 1 -2 0 -1 -1 0 0 0 1 0 0 0 0 0 0 1 0 0 0 0 0 0 0 0 0 0 0 0 0 1583836345
-16086401 -15481681 21919955 5061436 -7880196 -7580541 -1822659 -67554 120473 -126253 -43316 -30210 -3994 -65512 -10905 -3686 -4222 -3178 -264 -668 -205 -147 -227 -207 -4 -26 -14 -6 1 0 0 1 -1 0 0 0 0 0 0 2 0 0 -3 -1 2 0 -1 0 0 -1 0 0 0 0 0 0 0 0 0 0 1583836345
-16064526 -15483442 21908695 5275790 152351 -7432805 -2569315 -142811 120543 -128041 -44010 -26825 -3183 144947 -8750 -4172 28637 -97 -1233 302 -143 -395 412 -647 -9 -51 1 -6 -1 0 0 0 -9 0 -24 -12 -1 -2 10 1 0 0 -5 0 0 -1 -2 -1 1 1 0 0 0 0 0 0 0 0 0 0 1583836345
-15864520 -15313697 21555320 4963905 -3321605 -7285601 -2238401 -142474 123562 -127208 -43684 -16069 -3523 53114 -10012 -690 -2852 -3313 -1096 1336 -258 8778 228 -378 -2 -174 -2 -4 0 -3 0 0 -2 0 -3 -2 0 0 3 0 0 0 0 0 0 0 0 0 0 0 0 0 0 0 0 0 0 0 0 0 1583836345
-15606377 -15088116 21085244 4591595 -7886444 -7091420 -1815998 -142177 119774 -126190 -43301 25228 -3902 -66408 -4728 4565 -7749 -406 -1177 6171 -205 8389 -24 -299 -2 -16 -11 -19 -8 -11 0 -2 0 -2 2 0 0 6 1 1 -1 -1 0 0 0 0 0 0 0 0 0 0 0 0 0 0 0 0 0 0 1583836345
-15747452 -15216167 21355788 4706950 -7728529 -7235971 -1863749 -142199 124462 -126344 -43365 -2709 -3893 -59942 -11036 -799 41112 -4308 -1408 807 14 8651 -2244 -825 -11 -62 10 -6 0 -3 0 1 18 -1 6 -1 0 1 2 2 0 0 3 -2 5 0 -5 0 0 -3 0 0 1 0 0 0 0 -1 0 0 1583836345
-15691901 -15170318 21257141 4668774 -7621589 -7192358 -1862308 -142203 112193 -126306 -43350 -270 -3889 -57988 -8808 1837 32354 -4173 -1416 2671 -26 17594 -1753 -434 -10 -220 6 -4 -2 -6 0 -1 -5 -1 0 12 0 3 0 0 -1 0 2 -1 2 0 -6 -2 2 -2 0 1 2 0 -1 0 0 0 0 0 1583836345
-16087919 -15495153 21947266 5041768 -7880167 -7588567 -1822065 -110709 120562 -126303 -43327 -30218 -3995 -65634 -10909 -3688 -4761 -3195 1352 -602 -203 -144 -195 -79 -4 -25 -17 -4 1 0 0 1 -2 0 2 1 -3 0 0 0 0 0 2 0 -1 0 0 0 0 0 1 1 1 0 0 0 0 0 0 0 1583836345
-15937184 -15379088 21700410 4880818 -7647955 -7434164 -1854098 -142212 123979 -126365 -43358 -18881 -3937 -59022 -10077 -4274 16852 -803 -1144 120 -99 -370 -1097 -156 -9 -34 -9 -7 0 0 0 1 -2 0 0 7 0 0 0 -2 -1 0 0 0 0 -1 -4 -1 0 -2 0 0 -2 1 0 0 0 0 0 0 1583836345
-16081330 -15498603 21950749 5070363 -6433316 -7562852 -602321 -140233 120191 -122921 -41537 -19846 -4567 -91837 -11151 -3840 -9145 -2825 -974 -755 -214 -137 -194 -209 -3 -19 -15 -4 4 -1 0 1 -1 0 2 1 0 0 0 1 0 0 -1 0 0 0 0 0 0 0 0 0 0 0 0 0 0 0 0 0 1583836345
-16090142 -15505113 21956469 5260725 -1012724 -7479086 -2505233 -142786 120407 -127936 -43989 -29038 -3242 117118 -10626 -3231 105621 -4989 -1168 -1793 244 -407 8972 -684 -24 -54 41 -2 2 0 -1 1 6 0 -32 -20 -3 -2 14 -4 0 0 -2 0 0 0 0 0 0 4 -1 -3 0 0 1 -1 0 0 0 0 1583836345
-15614326 -15119119 21125400 4868001 -2449173 -7199413 -2316685 -142780 -20480 -127175 -43701 -14879 -3433 75369 -11589 -3326 -6023 -1822 -966 -768 -285 -175 -53 -383 -8 3 -12 -7 0 0 0 1 -2 0 0 -4 0 0 -1 0 0 0 1 0 -1 0 0 0 0 0 0 0 0 0 0 0 0 0 0 0 1583836345
-16080161 -15404158 21739122 5636289 5535337 -7313420 2225343 108994 119709 -114368 -36896 -29334 -5505 34097 -10317 -3251 41331 -4016 1013 -1115 -14 -201 -3141 1283 -21 -22 -40 -6 2 0 0 0 -30 0 -17 34 0 -1 -1 -17 -4 0 -14 1 -3 1 8 -3 2 2 -1 4 1 0 4 -1 0 -1 0 1 1583836345
-15795939 -15200338 21221770 6819515 50152771 -6307952 23144527 -98551 121471 -55071 -5099 -13512 -14639 6327 -9276 -2350 7284 -3060 -1565 -757 -119 -55 -3871 -235 -2 8 -7 -6 0 0 0 2 1 -1 15 -5 1 1 -14 1 0 0 -3 0 2 0 0 1 -1 1 0 -5 2 0 0 0 0 1 0 0 1583836345
-16092630 -15455315 21774707 6837781 42552502 -6734566 21302224 -102147 123086 -60585 -8110 -10771 -13991 -65802 -6923 -3797 18567 96 -1580 279 -23 -296 -131 -153 -4 -66 -6 -2 1 0 0 2 13 0 -9 6 -2 -2 10 -5 0 0 -7 0 1 0 1 0 -1 2 -1 -4 0 0 -3 1 0 0 0 0 1583836345
-16089841 -15509696 21974091 5071433 -6407426 -7573071 -1226995 -140674 120581 -124630 -42417 -30170 -4246 -61872 -10848 -3656 -5741 -3157 -219 -653 -212 -138 -233 -200 -3 -26 -17 -6 1 0 0 1 -3 0 -2 0 0 0 0 0 0 0 -2 0 1 0 0 0 0 0 0 -1 0 0 0 0 0 0 0 0 1583836345
-16066659 -15483386 21918430 5076202 -5816991 -7531005 -1023990 -140845 124350 -124059 -42110 -11569 -4297 -58832 -11179 -4072 -8388 -2039 -973 -463 -226 -182 -162 -315 -2 -27 -12 -5 2 0 0 1 -1 0 3 -1 0 0 -1 -1 1 0 0 0 0 0 0 0 0 0 0 0 0 0 0 0 0 0 0 0 1583836345
-15588863 -15005068 20759417 7583353 75909314 -5712718 31356948 -83783 73986 -31273 7819 -134 -17790 178165 -9078 -1436 18053 -3093 -1802 -1487 -133 42 -7696 -520 -4 111 12 -7 0 -1 0 3 9 -2 0 3 1 0 -14 -12 -3 0 -14 0 0 0 2 -3 2 0 0 0 3 0 1 -1 0 0 0 0 1583836345
-15717759 -15200688 21304921 4915431 -2165392 -7205502 402994 -138310 56097 -119771 -39845 -26486 -4910 -47619 -10173 -3366 -6921 -1512 -981 -1073 -220 -169 -476 -299 -5 23 -15 -8 0 0 0 1 -1 0 -1 0 0 0 0 0 0 0 -2 0 1 0 0 0 0 0 0 0 0 0 1 -1 0 0 0 0 1583836345
-16092753 -15310262 21331384 9928910 125883830 -5285290 50971249 130598 116147 24789 38034 -25046 -25975 336841 -5081 -430 63672 -4836 4821 -1297 87 41 16229 -679 0 -84 9 0 0 0 0 2 5 -2 13 1 -3 0 2 2 0 0 -11 9 2 0 0 0 0 -2 -1 -4 0 0 -1 0 0 0 0 0 1583836345
-14572703 -14206906 19221804 3564791 -7878366 -6059332 -1818811 -141629 128586 -125762 -43150 4650 -3916 -66166 -13612 -3318 -7586 -1413 -961 -76 -217 -328 -40 -302 -3 252 -16 -16 0 -1 0 3 0 -3 3 0 0 -1 0 1 0 -1 0 0 0 0 0 0 0 0 -1 0 0 0 0 1 0 0 0 0 1583836345
-15247835 -14798792 20470319 4230780 -7659569 -6748124 -1883299 -142015 113001 -126181 -43318 -12918 -3879 -57357 -12128 -3097 62058 -2553 -1459 -988 118 -443 -3051 -959 -17 121 28 -9 0 -1 -1 3 28 -2 7 -10 0 0 3 1 0 -1 -7 0 15 0 -6 0 0 -3 2 0 0 0 0 0 0 -3 0 1 1583836345
-11072291 -11227973 12917172 218839 -7680067 -2511529 -1845859 -140276 131938 -124528 -42783 111856 -3645 -61830 -21336 -3035 16650 -287 -1101 -98 -93 -669 -1353 -222 -9 473 -19 -22 -1 -2 0 3 -10 -6 0 11 0 0 -1 3 2 -2 6 -1 -2 0 0 0 0 0 -1 -1 0 0 0 0 0 0 0 0 1583836345
-16085377 -15504065 21965462 5016350 -7854982 -7585879 -1824127 -142243 124931 -126346 -43340 -21162 -3977 -64894 -10955 -3981 -3234 -2438 -1003 -421 -200 -196 -127 -362 -3 -30 -9 -6 1 0 0 1 -1 0 4 -1 0 0 0 0 0 0 0 1 0 0 0 0 0 0 0 0 0 0 0 0 0 0 0 0 1583836345
30618719 23446983 -60923732 -37580794 -7348263 34652927 -1841393 -129471 -3504009 -104577 -36468 -187884 -3489 -61395 -1861 12353 1691 24456 117 -15169 -119 -2739 -463 -71 -135 1516 -32 -57 -6 -6 0 1 -3 2 3 1 0 -2 0 0 0 -8 0 0 0 -9 0 -4 -4 0 1 0 0 3 0 0 0 0 -1 0 1583836345
-15858272 -15304107 21541459 4833833 -7132086 -7342758 -1185499 -141128 124267 -124485 -42379 -6582 -4261 -79548 -9239 -1704 -7855 -2975 -1058 1363 -212 8914 -124 -300 -1 -98 -11 -7 0 -3 0 0 -1 -1 0 0 0 0 1 2 0 0 0 0 0 0 0 0 0 0 0 0 0 0 0 0 0 0 0 0 1583836345
-16035148 -15461552 21873831 5000548 -7023381 -7522442 -1904991 -142299 122500 -126516 -43411 -18566 -3885 -42887 -10204 -3115 3429 -2604 -1052 -308 -178 2055 2847 -415 -3 -34 0 -4 2 2 0 0 4 -2 3 -3 0 -1 1 -2 0 0 0 0 0 0 0 3 4 0 0 0 0 0 0 0 0 0 0 0 1583836345
3435192 967241 -12936480 -13671224 -7548315 11709665 -1835141 -134305 -142056 -118460 -40805 165011 -3351 -62746 30973 -38132 -7244 2275 -589 -5703 -200 -868 355 -297 -10 1271 -26 -43 0 0 0 2 0 -14 2 -1 0 0 0 0 0 12 0 0 0 -13 2 7 9 0 0 0 0 -2 0 0 0 2 -5 2 1583836345
-8530510 -9177170 8526754 -1778499 7959326 60081 -3262606 -139804 -1135 -126328 -43499 -155205 -2559 343694 -2695 -1757 330 -1093 -1029 -75 -386 -596 -640 -632 -3 -66 -1 -4 2 0 0 2 -1 0 7 -7 0 0 -6 -2 -1 4 -1 0 -2 -3 -2 0 0 0 0 0 0 -2 0 0 0 0 -1 0 1583836345
-15977053 -15415896 21773482 5001522 -5257552 -7443183 -2059303 -142365 117783 -126822 -43526 -31690 -3744 2311 -10995 -3400 -7842 -3008 -974 -670 -259 -131 -22 -342 -2 -17 -13 -6 2 0 0 1 -1 0 2 -2 0 0 -1 0 0 0 0 0 0 0 0 0 0 0 0 0 0 0 0 0 0 0 0 0 1583836345
-15322104 -14856683 20583683 4453478 -4547597 -6820966 -1097209 -140715 70730 -123890 -42062 10157 -4143 -28090 -12275 -4100 -80 -1281 -1019 -473 -198 -273 -406 -215 -7 90 -7 -10 0 0 0 1 -6 -1 -2 1 0 0 -1 0 0 0 -1 0 0 0 2 -1 2 0 0 0 0 0 0 0 0 0 0 0 1583836345
3285336 805946 -12680730 -12543369 10561464 11204575 5222480 -122906 -632285 -97853 -29815 86203 -6412 -3811 6801 -15783 -4940 6897 -725 -4752 -192 -1173 346 -273 -26 547 -15 -16 7 -1 0 0 -1 6 1 1 0 0 -4 -2 1 1 -2 0 0 -3 1 0 3 0 0 0 0 -4 0 0 0 0 0 0 1583836345
-15771573 -12661759 16175507 9708112 7649040 -5647853 3193686 6672504 106141 -104816 -33985 -28407 -5814 35282 -10123 -3233 4845 -6932 230992 7958 372 73 755 245 0 -123 -11 -248 50 6 0 0 -15 0 -10 -1 232 0 31 0 0 0 -1 0 1 0 0 1 0 -1 0 3 0 0 0 0 0 0 0 0 1583836345
-11458953 -11653229 13759158 1210658 11564975 -2802166 5706239 -126751 5454 -102679 -30980 -172460 -7292 -464 -3559 -237 -3266 -2174 -1149 -382 -212 -408 -1587 -517 -3 -40 1 -3 3 0 0 2 5 1 4 -5 0 0 0 0 0 1 1 0 0 0 2 -1 0 -1 0 0 0 0 0 0 0 0 0 0 1583836345
-2962060 -4964258 -494428 -6483830 26778870 6325588 11330370 -112998 10942 -83257 -21246 -38701 -9273 61646 355357 -254370 7498 -14188 -1347 55 -154 959 -2613 -838 -6 -110 12 0 4 -2 0 5 20 -1 15 -4 -1 -1 8 -8 -1 -2 -4 3 -1 0 -5 2 0 1 0 -1 0 1 1 -1 0 0 0 0 1583836345
-15772766 -15186640 21298602 4811935 -7893449 -7239284 -1820232 -142469 124232 -126323 -43331 -6829 -3951 -65972 -12864 -3528 -2404 -3208 -1007 -761 -197 -168 -329 -380 -4 84 -13 -9 1 -1 0 2 0 -1 6 0 0 0 1 5 1 0 -1 -2 -2 0 0 0 0 -1 -4 0 3 0 2 3 0 0 0 0 1583836345
19188506 14189711 -40940863 -29143845 -7497408 27392117 -1825343 -126495 -171369 -111816 -38543 41003 -3317 -64775 -66275 30024 -7520 -5454 -837 -2533 -210 -2161 -82 -125 -2 63 -17 -9 0 0 0 1 -2 4 1 0 0 -1 0 0 0 -1 0 0 -1 0 0 0 -2 0 0 0 -1 -1 0 0 0 0 1 0 1583836345
-16076711 -15494946 21942015 5091483 -5497832 -7537685 -863847 -140550 124632 -123599 -41862 -21227 -4385 -59082 -7428 -5318 -9433 3130 -965 1737 -216 -503 173 -291 -1 -82 -14 -9 -4 0 0 1 0 0 2 0 0 -1 1 0 -1 0 0 0 0 0 0 0 0 0 0 0 0 0 0 0 0 0 0 0 1583836345
-13811296 -13543132 17811969 3021424 -3566572 -5171923 -761294 -139488 141625 -122468 -41404 97736 -4108 -23567 -22399 -1894 -8073 -2902 -959 -1158 -242 -247 -228 -350 -2 266 -19 -14 1 -1 0 3 0 -3 3 -3 0 0 -2 -2 1 0 0 0 0 0 0 0 0 0 0 0 0 0 0 0 0 0 0 0 1583836345
-4554201 -5944450 1678154 -6190062 -7743302 3539694 -1822306 -136776 -158668 -121103 -41520 -362881 -4396 -62840 105220 -66753 -6913 -5177 -971 -124 -211 -345 -42 -296 -8 -9 -7 -2 8 -2 0 3 -1 -1 1 0 0 0 0 0 -1 7 1 0 0 6 0 1 0 0 0 0 0 2 1 -1 0 0 0 0 1583836345
-14988489 -14566911 19983035 3965534 -7863619 -6469088 -1821188 -141810 130377 -125939 -43214 16705 -3899 -65715 -15099 -3022 -6981 -2548 -961 -712 -218 -231 49 -314 -2 26 -13 -7 2 0 0 1 0 0 2 -1 0 0 0 -1 1 0 0 0 0 0 0 0 0 0 0 0 0 0 0 0 0 0 0 0 1583836345
-15741846 -15213782 21350617 4689022 -7828010 -7240120 -1836039 -142124 123044 -126248 -43316 -13887 -3945 -63774 -12394 -3432 12004 -3344 -1113 -842 -127 -214 -1013 -365 -7 26 -4 -7 1 0 0 1 -1 0 0 2 0 0 0 3 0 0 0 -1 1 0 -1 0 0 0 0 1 1 0 -2 0 0 0 0 0 1583836345
-15726859 -15206756 21334131 4676304 -7631390 -7236312 -1864619 -142121 115760 -126291 -43336 -32109 -3940 -57926 -11284 -3154 36422 -3746 -1291 -1123 -10 -269 -2408 -333 -13 -17 3 -5 2 0 0 1 -10 0 -4 24 0 0 -3 1 0 0 13 -5 2 -1 -8 -2 1 -2 0 -1 1 0 1 -2 0 0 0 0 1583836345
42966407 34211394 -83354947 -52197971 -7225773 50964441 -1834058 -115793 -362618 -102032 -35319 71067 -2890 -63449 -26320 599 1032 -8306 -809 -3388 -154 -3235 -578 -38 -3 -157 -17 -4 -2 -1 0 2 -6 2 -1 7 0 0 -1 2 -1 8 -1 0 -1 5 -2 0 0 -2 0 0 -1 1 0 0 0 0 0 0 1583836345
-1562613 -3108342 -4259237 -9052790 -7683319 6995981 -1828006 -135857 152634 -120682 -41505 148004 -3471 -65073 9962 -17206 -3186 52592 -812 20417 -43 -4338 -485 -123 3 -154 -14 1 -5 12 0 -13 -2 17 0 0 0 -2 0 5 -16 -11 1 0 1 -4 0 -4 -4 0 0 -1 0 1 0 0 0 0 -1 0 1583836345
-14637087 -14291706 19387752 3773198 -3545115 -6089816 -2229518 -141940 98789 -126668 -43509 -32015 -3539 46691 -12751 -1998 21629 -3412 -1184 -969 -135 -278 -772 63 -12 104 -12 -9 2 -1 0 1 -10 -1 -12 6 0 0 -4 -2 0 0 0 0 0 1 5 -1 0 0 0 0 0 0 2 -1 0 0 0 0 1583836345
-15708464 -15189387 21293834 4739214 -5371484 -7177891 -2051204 -142248 115501 -126697 -43486 -30052 -3745 -529 -11196 -3220 -2670 -2402 -1009 -453 -230 -204 -225 -98 -5 -6 -17 -7 1 0 0 1 -4 0 -1 2 0 -1 0 -1 0 0 -1 1 0 0 0 0 0 0 0 0 0 0 0 0 0 0 0 0 1583836345
-14796691 -14434125 19688712 3892314 -4369061 -6288570 -2139295 -141894 87014 -126477 -43419 -58587 -3690 23807 -10566 -2059 -7779 -2546 -960 -846 -269 -198 -109 -341 -3 -5 -11 -2 8 -1 0 1 -2 0 1 -1 0 0 0 1 0 0 1 0 0 0 1 0 0 0 0 1 0 0 0 0 0 0 0 0 1583836345
2397063 74203 -11040759 -12753064 -3725682 10794422 -2184682 -134233 -29079 -119538 -41134 -17361 -3299 37465 -27924 7812 -5282 -1668 -911 -779 -250 -1289 -194 -204 -2 94 -18 -10 0 -1 0 3 -4 -1 0 0 0 0 0 -1 1 2 -1 1 -1 0 0 0 -1 0 0 0 0 0 0 0 0 0 1 0 1583836345
-15970087 -15405601 21751411 5013978 -4765984 -7421946 -1170828 -140932 121879 -124365 -42246 -24780 -4184 -28780 -10970 -3636 -1795 -2579 -1031 -494 -210 -185 -297 -143 -4 -29 -17 -6 1 0 0 1 -3 0 -5 2 0 -1 1 -3 -1 0 -4 0 0 0 0 0 0 0 0 0 0 0 0 0 0 0 0 0 1583836345
-15574748 -15021455 20891683 5686089 24242898 -6494688 12220883 -117611 140608 -86196 -21838 25842 -9922 -36258 -12750 -3281 -884 -1999 -1291 -303 -163 -177 -3462 467 -5 28 -29 -9 0 0 0 1 -15 0 -12 -5 0 0 -4 5 0 0 1 1 0 1 5 0 0 -3 0 0 0 0 0 0 0 0 0 0 1583836345
-16066828 -15480309 21901037 5285615 79687 -7432712 2275271 -135202 123888 -114723 -37139 -19782 -5801 -86569 -10826 -3679 -1828 -2941 -1083 -825 -173 -139 -998 -88 -4 -19 -12 -4 3 0 0 1 -1 0 -2 2 0 -1 2 0 2 0 -8 1 4 0 1 -1 1 0 0 0 0 0 0 0 0 0 0 0 1583836345
-15803735 -15269551 21466651 4770470 -7207862 -7299089 -1486542 -141549 118425 -125269 -42789 -23272 -4129 -66956 -11745 -3407 -7661 -2941 -977 -624 -221 -164 -88 -191 -3 31 -18 -8 1 0 0 1 -2 0 0 0 0 0 0 1 0 0 0 2 0 0 1 0 0 -1 0 0 0 0 0 0 0 0 0 0 1583836345
-15942147 -15359191 21614342 5781846 17297279 -7021274 9334114 -122764 119226 -94509 -26276 -27356 -8793 -48497 -10105 -2984 -2647 -3214 -1228 -736 -178 -91 -2630 -26 -3 -16 -21 -6 1 0 0 1 -7 0 -12 1 -1 -1 3 1 0 0 -2 1 0 0 3 -1 0 -1 0 0 0 0 0 0 0 0 0 0 1583836345
-15975399 -15386295 21693368 5431858 6372283 -7216990 3968998 -132080 131377 -109792 -34441 -1535 -6384 -32269 -11578 -3756 -1482 -2402 -1130 -430 -192 -170 -1428 4 -4 -15 -18 -7 0 0 0 1 -8 0 -12 4 0 0 -2 -1 0 0 -8 0 3 0 0 0 0 1 0 0 2 0 0 -1 0 0 0 0 1583836345
-16018965 -15450786 21851901 4953210 -7892658 -7525418 -1818566 -142213 120288 -126298 -43321 -26372 -3992 -66020 -11240 -3660 -8024 -3056 -970 -646 -225 -145 -7 -301 -3 5 -12 -7 1 0 0 1 0 0 3 0 0 0 0 1 0 0 0 0 0 0 0 0 0 0 -1 0 0 0 0 1 0 0 0 0 1583836345
-15574660 -15018060 20940686 4639095 -7893105 -7046190 -1818930 -142443 114852 -126242 -43301 -13122 -3961 -66078 -12792 -3242 -7054 -3119 -971 -781 -220 -163 -63 -315 -3 176 -15 -12 2 -1 0 2 -1 -2 3 0 0 -1 0 1 0 0 0 0 0 0 0 0 0 0 -1 0 0 0 0 1 0 0 0 0 1583836345
-15769200 -15216042 21359797 4725411 -7852694 -7232418 -1824179 -142179 143745 -126287 -43333 24868 -3895 -65207 -11575 -5168 -5325 1801 -974 1190 -198 -466 -5 -327 -2 -54 -8 -1 7 -1 0 1 2 0 2 -1 0 -1 0 0 -2 0 0 0 0 -1 0 0 0 0 0 0 0 0 0 0 0 0 0 0 1583836345
-14797413 -14357017 19544940 3808664 -7864791 -6277911 -1822765 -141845 134553 -125922 -43221 51059 -3841 -65928 -5930 9254 -4792 -2003 -1285 7251 -194 40667 -70 -321 1 -543 -1 7 0 0 0 0 0 -3 0 2 0 1 0 0 1 -1 4 0 0 1 0 1 0 1 0 0 0 0 2 -2 0 0 0 0 1583836345
-15749649 -15200968 21326619 4717497 -7414505 -7215352 -1629622 -141809 139947 -125707 -43022 10544 -4003 -64830 -13293 -3938 -7221 -2169 -973 -344 -218 -217 -44 -276 -2 66 -15 -10 0 0 0 2 -2 -1 0 0 0 -1 0 0 0 0 -1 0 0 0 0 0 0 0 0 0 0 0 0 0 0 0 0 0 1583836345
-14933480 -14552103 19940314 3970167 -5735229 -6448732 -637927 -139658 90931 -122450 -41362 -67392 -4578 -74955 -10826 -1712 -9233 -2886 -982 -605 -223 -213 -141 -259 -3 -25 -14 -6 2 0 0 1 -1 0 0 0 0 -1 1 0 0 0 -1 0 0 0 0 0 0 0 0 0 0 0 0 0 0 0 0 0 1583836345
-16011751 -15440746 21826931 5029525 -5590284 -7478582 -930764 -140646 120643 -123756 -41949 -26999 -4361 -58020 -11104 -3590 -9122 -2992 -980 -618 -232 -139 -92 -276 -2 -14 -13 -6 1 0 0 1 0 0 1 0 0 0 0 0 0 0 -2 0 0 0 0 0 0 0 0 0 0 0 0 0 0 0 0 0 1583836345
-16082353 -15499460 21955888 5016967 -7885246 -7582902 -1820146 -142254 124265 -126338 -43335 -22143 -3984 -65791 -11283 -3823 -7748 -2935 -972 -597 -223 -150 33 -304 -2 -25 -12 -6 1 0 0 1 0 0 2 -1 0 0 0 -1 0 0 0 0 0 0 0 0 0 0 0 0 0 0 0 0 0 0 0 0 1583836345
-15610615 -15104389 21118253 4563906 -7849780 -7118186 -1824284 -142055 116734 -126152 -43277 -21731 -3973 -64994 -7364 -5106 -4126 4186 -969 1794 -187 -595 -256 -144 -4 -61 -15 -9 -4 1 0 0 -4 1 0 3 0 0 0 0 -2 0 0 0 1 0 -1 -1 0 -1 0 0 0 -1 0 0 0 0 0 0 1583836345
61738423 37501521 -92049747 -70219943 -7051760 76255529 -1797983 -106268 -1082837 -92597 -31836 -1104060 -4597 -54359 -86596 103269 -3214 739 -775 -1573 -174 -5241 -299 -248 -10 -175 -6 10 16 0 0 0 -2 -4 1 0 0 -1 0 0 0 -4 0 0 0 0 -1 -2 -1 0 0 0 0 0 0 0 0 0 0 0 1583836345
-15872815 -15319829 21576169 4816117 -7833541 -7364839 -1827328 -142174 128018 -126285 -43324 -9380 -3950 -64463 -11988 -3843 -879 -2373 -1018 -426 -188 -220 -395 -311 -4 -15 -12 -7 0 0 0 1 -4 0 0 3 0 0 0 0 0 0 3 0 0 0 0 0 0 0 0 -1 0 0 0 0 0 0 0 0 1583836345
-15837109 -15285476 21490705 5028026 -1070428 -7221184 1299474 -136747 122029 -117372 -38553 -17558 -5319 -65361 -11605 -3360 9018 -3216 -1149 -874 -132 -182 -1269 99 -8 15 -19 -6 2 0 0 0 -1 1 -6 0 0 -1 3 -1 0 -1 -8 3 3 0 1 1 0 0 0 0 0 0 0 0 0 0 0 0 1583836345
-16068318 -15480753 21913692 5082165 -5761659 -7521552 -875154 -140619 130237 -123661 -41901 -7936 -4365 -64351 -11778 -4022 -4956 -2640 -1008 -494 -207 -174 -163 -340 -3 -7 -10 -7 1 0 0 1 -2 0 0 -2 0 -1 2 0 0 0 0 0 0 0 0 0 0 0 0 0 0 0 0 0 0 0 0 0 1583836345
-16029334 -15460187 21871591 4962900 -7832213 -7537915 -1834478 -142227 119435 -126341 -43341 -31030 -3981 -63776 -10848 -3609 9815 -3261 -1099 -799 -138 -192 -817 -395 -6 -23 -3 -5 1 0 0 2 6 0 1 -2 0 0 1 1 0 0 -2 -1 4 0 -3 0 0 -1 0 0 0 0 -1 0 0 -1 0 0 1583836345
-16085770 -15507435 21971643 5020681 -7722757 -7590527 -1846612 -142262 120910 -126396 -43363 -28944 -3963 -60841 -10865 -3687 18071 -3462 -1160 -896 -99 -205 -1402 -283 -9 -21 3 -5 1 0 0 1 -9 0 -3 15 0 0 -2 0 0 0 10 -2 0 0 -2 0 0 1 0 -5 -1 0 2 -1 0 0 0 0 1583836345
-16081165 -15501980 21960075 5023105 -7613884 -7582701 -1867780 -142296 120957 -126454 -43392 -27956 -3937 -57529 -10722 -3773 36093 -3774 -1291 -1083 -12 -246 -2281 -13 -15 -14 -15 -3 4 0 0 1 -5 0 -4 21 0 0 -2 0 0 0 11 -3 -2 0 -4 1 -1 0 -1 1 1 0 -2 -1 0 0 0 0 1583836345
-15916847 -15338634 21616919 4912830 -7265305 -7380880 -1294700 -141440 131519 -124859 -42564 4689 -4189 -77353 -12723 -4074 -8009 -2381 -975 -394 -216 -194 -119 -229 -3 57 -15 -7 3 -1 0 2 -2 0 0 0 0 0 0 1 0 0 -1 0 0 0 0 0 0 0 0 0 0 0 0 0 0 0 0 0 1583836345
-16076192 -15495321 21941795 5097323 -5445505 -7541147 219543 -138847 121160 -120610 -40318 -27412 -4975 -109108 -10851 -3727 -7535 -3045 -1009 -626 -196 -145 -455 -260 -3 -14 -16 -6 1 0 0 1 -1 0 0 0 0 0 1 3 0 0 0 -1 0 0 0 0 0 0 0 0 0 0 0 0 0 0 0 0 1583836345
5120497 2496400 -16153465 -15158095 -1134576 13750702 -2473548 -133923 40580 -119553 -41300 302097 -2387 106565 -50738 46270 95779 -7306 -2123 10653 233 18916 5572 -478 -19 -221 19 -24 -15 -34 0 -13 7 0 -39 -6 -1 21 11 -4 7 -5 -6 -4 2 3 5 -2 1 4 -3 -4 1 0 -1 2 0 0 0 0 1583836345
-16062035 -15461425 21868366 5213813 -1393122 -7436234 -457195 -139582 141523 -122325 -41098 -10396 -4376 10891 -11837 -3645 14332 -3483 -1166 -910 -149 -167 -691 30 -8 -20 -16 -6 1 0 0 0 -12 0 -8 14 0 -1 0 -6 -1 0 -5 1 -2 0 3 -2 1 0 0 2 0 0 0 0 0 0 0 0 1583836345
-15897779 -15255035 21379334 6253206 28832567 -6744817 14174777 -114649 119660 -80797 -18885 -14955 -10830 -27547 1066 -7441 -3860 14839 -1275 6166 -134 -1138 -3732 144 -2 -91 -15 -16 -16 1 0 1 -8 0 -9 5 1 0 -9 2 -4 0 -15 3 6 1 3 0 0 -1 0 -1 0 -2 -1 0 0 1 0 0 1583836345
-15868679 -15295323 21501193 5326928 6509827 -7103694 3773721 -132311 135416 -110288 -34711 5646 -6265 -24021 -12823 -3418 7099 -3544 -1191 -915 -157 -136 -1862 102 -7 -12 -22 -6 1 0 0 1 -11 0 -10 0 -1 -1 4 3 0 0 -2 1 0 0 0 0 0 -1 -1 0 -2 0 0 0 0 0 0 1 1583836345
-15969263 -15375118 21630919 6161904 27282135 -6881386 11915087 -117970 116753 -86992 -22147 -31108 -9724 40431 -9498 -2669 1836 -3312 -1322 -812 -195 -58 -3676 -468 -2 -13 -6 -5 1 0 0 1 -8 0 -7 -9 1 0 -10 8 1 0 3 -1 3 1 2 0 0 0 0 0 1 0 0 -1 0 0 0 0 1583836345
-16087720 -15478119 21863275 6009391 19845682 -7115402 8341203 -124203 124255 -97202 -27588 -19606 -8116 54567 -10280 -3090 11681 -3485 -1324 -912 -162 -93 -2792 -49 -7 -20 -16 -5 1 0 0 1 -10 0 -22 -3 -1 -2 7 0 0 0 -10 3 1 0 1 -1 0 -1 0 0 0 0 0 0 0 0 0 0 1583836345
-16030456 -15460913 21873237 4962505 -7889800 -7539924 -1821969 -142214 119406 -126309 -43326 -31107 -3992 -65591 -10939 -3588 5284 -3315 -1067 -791 -160 -174 -770 -483 -5 -21 0 -5 2 0 0 2 2 0 10 0 0 0 2 10 2 0 -2 -5 -4 0 -1 1 -1 -3 -8 -1 6 0 4 6 0 0 0 0 1583836345
-15934114 -15375330 21692951 4873626 -7884874 -7432356 -1820020 -142190 124380 -126282 -43319 -15542 -3971 -65874 -11789 -3765 -7332 -2665 -973 -499 -220 -177 -47 -275 -3 13 -16 -8 1 0 0 1 -1 0 0 0 0 0 0 0 0 0 -1 0 2 0 -1 0 0 0 0 0 0 0 0 0 0 0 0 0 1583836345
-15974130 -15406144 21758498 4923630 -7854335 -7463339 -1824115 -142252 125997 -126326 -43338 -4822 -3948 -65058 -12578 -3822 -4290 -3235 -993 -798 -207 -145 -207 -260 -4 100 -12 -10 1 -1 0 2 -3 -1 0 2 0 0 0 0 0 0 2 0 0 0 0 0 0 0 0 0 0 0 1 -1 0 0 0 0 1583836345
-16089068 -15506995 21971727 5019371 -7869919 -7589743 -1822771 -142243 125070 -126345 -43340 -21281 -3978 -65293 -11390 -3796 -925 -3198 -1022 -724 -191 -157 -400 -328 -4 -26 -9 -4 4 -1 0 1 -6 0 2 1 0 0 0 1 0 0 0 0 1 0 -1 0 0 0 0 -1 0 0 1 -1 0 0 0 0 1583836345
-15934495 -15376787 21695660 4874881 -7728296 -7433703 -1834103 -142183 123814 -126307 -43328 -20423 -3964 -61841 -11748 -3596 -6922 -3066 -977 -670 -221 -152 -61 -209 -3 -20 -15 -6 1 0 0 1 -3 0 1 1 0 0 0 0 0 0 0 0 0 0 0 0 0 0 0 -1 0 0 0 0 0 0 0 0 1583836345
-15885835 -15317485 21572594 4866485 -7005300 -7339157 -1906362 -142289 141086 -126516 -43420 18841 -3817 -42699 -12600 -4542 2923 -932 -1033 104 -176 -323 2405 -379 -3 -22 -7 -8 -1 0 0 1 3 0 -2 -3 0 -1 1 -1 -1 0 0 0 0 0 0 0 0 0 0 0 0 0 0 0 0 0 0 0 1583836345
-15921734 -15320218 21510652 6258857 31197997 -6742160 13355988 -115419 131189 -82880 -19925 316 -10252 59221 -11042 -2949 893 -3030 -1342 -713 -204 -64 -3847 -353 -2 -7 -7 -6 0 0 0 1 -5 0 0 0 1 0 -10 0 0 0 -1 0 0 0 1 0 0 0 0 -2 0 0 -2 0 0 0 0 0 1583836345
-16031640 -15449047 21833761 5267636 497228 -7391121 3797852 -132756 124393 -110501 -34952 -20891 -6605 -149450 -10964 -3652 -6422 -3127 -1080 -655 -161 -140 -1066 -336 -2 -25 -13 -6 1 0 0 1 0 0 -4 0 -1 -1 5 4 1 0 5 0 2 0 0 1 0 1 0 0 2 0 -1 -1 0 0 0 0 1583836345
646047 -1426144 -7865014 -11106632 -4824468 9028803 -931658 -133065 -23325 -116825 -39633 -24617 -4062 -44641 -43180 18084 -4126 -3937 -954 -1553 -209 -1143 -107 -326 -2 -142 -7 -2 1 0 0 0 0 2 -2 -3 0 -1 3 0 0 -1 1 0 0 -1 0 0 0 0 0 0 0 0 0 0 0 0 0 0 1583836345
-16049096 -15431262 21748293 6318448 29426489 -6906008 12702531 -116628 128223 -84796 -20951 -9964 -10007 50651 -9181 -3489 4581 -1399 -1354 -90 -178 -171 -4102 148 -5 -33 -19 -6 0 0 0 0 -26 0 -13 3 2 1 -20 0 -1 0 -3 0 -1 0 2 0 0 0 -1 0 0 0 1 -1 0 0 0 0 1583836345
-15855723 -15307868 21546640 4868119 -5971145 -7319438 -915028 -140597 124142 -123683 -41935 -10588 -4357 -67058 -12351 -3596 -8067 -3051 -985 -655 -222 -151 -15 -309 -2 49 -14 -8 1 0 0 1 -2 0 0 -1 0 -1 1 0 0 0 0 0 0 0 0 0 0 0 0 0 0 0 0 0 0 0 0 0 1583836345
-16066182 -15488699 21932727 4997964 -7892634 -7568452 -1819244 -142234 123467 -126326 -43332 -21188 -3982 -65982 -11330 -3756 -6014 -3041 -977 -847 -215 -136 -122 -330 -3 -17 -12 -4 3 0 0 1 1 0 4 0 0 0 0 2 2 0 0 -1 -1 0 0 0 0 -1 -2 0 2 0 1 2 0 0 0 0 1583836345
-13226421 -13088412 16836811 2493663 -1093051 -4629295 626539 -136635 102853 -118151 -39156 -6831 -4907 -34796 -15815 -1026 -8202 -2374 -1005 -512 -232 -333 -440 -113 -3 27 -17 -8 0 0 0 1 -2 1 -4 0 0 -1 3 -1 0 -1 -4 0 1 0 0 0 0 0 0 0 0 0 0 0 0 0 0 0 1583836345
-16077014 -15491407 21928124 5229792 -1620373 -7471459 1178 -138904 124523 -121053 -40448 -21173 -4662 -15857 -10960 -3705 -7062 -2704 -1017 -524 -239 -143 -325 -162 -3 -27 -17 -6 1 0 0 1 -2 0 -2 4 0 -1 1 -3 0 0 -3 0 0 0 0 0 0 0 0 0 0 0 0 0 0 0 0 0 1583836345
-16061701 -15480419 21916182 4996040 -7886232 -7554926 -1820326 -142246 128543 -126342 -43341 -10609 -3965 -66039 -11321 -4131 -7163 -2046 -966 -466 -218 -193 -63 -21 -4 -23 -22 -5 2 0 0 1 -2 0 2 -1 0 0 0 1 2 0 -1 0 0 0 0 0 0 0 1 0 0 0 0 0 0 0 0 0 1583836345
-15723268 -15195092 21311809 4670536 -7831880 -7215452 -1827549 -142106 127129 -126225 -43306 -6316 -3944 -64580 -11833 -3942 -2503 -1354 -1004 -23 -193 -286 -316 -31 -5 -6 -16 -8 0 0 0 1 -3 0 0 3 0 0 0 0 0 0 2 -1 -1 0 0 0 0 0 1 -1 0 0 0 1 0 0 0 0 1583836345
-15922743 -15371619 21682386 4872088 -7876298 -7449921 -1820845 -142208 103859 -126252 -43309 -24603 -3986 -65725 -11147 -3613 -7750 -2617 -960 -766 -223 -158 -27 -60 -4 -12 -18 -7 1 0 0 1 -2 0 2 0 0 0 0 0 0 0 0 0 -1 0 0 0 0 0 1 0 0 0 0 0 0 0 0 0 1583836345
-16079777 -15486809 21910320 5402752 2785985 -7401213 2283244 -135030 119820 -114599 -37006 -15483 -5661 -28022 -9991 -3846 14095 -1987 -1185 -1007 -121 -200 -1521 193 -9 -17 -24 7 21 -3 0 1 -6 0 -15 6 0 -1 2 -1 -2 -1 -14 4 5 0 4 -1 0 -1 0 1 0 0 0 0 0 0 0 0 1583836345
-9867266 -10214424 10770677 -990438 -7319393 -1338055 -1616753 -139143 128390 -123312 -42232 60272 -3831 -65095 -27439 3059 -6345 -3084 -954 -933 -212 -533 -163 31 -3 89 -19 -11 0 -1 0 2 -5 -2 3 0 0 -1 0 0 0 -1 0 0 0 0 0 0 0 0 1 0 1 0 0 0 0 0 0 0 1583836345
-15372145 -14884890 20655466 4383601 -7850174 -6843142 -1824282 -142147 121932 -126136 -43282 21652 -3893 -65173 -15184 -3369 -4264 -2934 -990 -651 -206 -205 -191 -328 -4 224 -12 -14 1 -1 0 2 -2 -2 1 1 0 -1 0 0 0 0 3 0 0 0 1 0 0 1 0 -2 0 0 -1 0 0 0 0 0 1583836345
-15837862 -15285966 21504730 4792100 -7829710 -7328828 -1835630 -142206 126484 -126303 -43335 -10997 -3941 -63745 -12035 -3710 14333 -2796 -1129 -643 -115 -249 -1158 -476 -7 -18 2 -6 0 0 0 1 -1 0 3 -1 0 0 1 6 1 0 -2 -1 3 0 -3 1 -1 0 0 0 1 0 1 -2 0 -1 0 0 1583836345
-15874851 -15319692 21571058 4873169 -7716495 -7418667 -1846062 -142361 81516 -126314 -43346 -9140 -3928 -60769 -7657 -5511 14097 4051 -1102 1759 -99 -641 -737 -493 -8 -76 -7 -9 -5 0 0 1 4 0 4 0 0 -1 1 -2 -2 0 1 1 0 -1 -1 0 0 1 0 -2 0 0 -1 1 0 0 0 0 1583836345
-15804124 -15258992 21448083 4751483 -7872167 -7287975 -1822514 -142156 131863 -126261 -43318 3285 -3934 -65601 -12855 -3908 -5161 -2273 -986 -375 -208 -217 -152 -289 -3 -4 -7 -8 0 0 0 1 0 0 1 1 0 0 0 0 0 0 0 0 1 0 0 0 0 0 0 -1 0 0 0 0 0 0 0 0 1583836345
-15737664 -15195237 21301994 4945207 -684595 -7094285 -2063201 -141997 131375 -126612 -43324 8796 -3398 103300 -12374 -3655 95625 -3174 -1697 -1175 205 -493 6129 -1029 -20 -17 37 -3 2 0 0 1 4 0 -27 -21 -2 -2 15 4 0 -1 -10 -3 -3 0 -2 -2 1 0 -3 0 1 0 1 1 0 0 0 0 1583836345
-15901174 -15348158 21634154 4863144 -7164825 -7390274 -1890431 -142218 123566 -126426 -43378 -19304 -3900 -46723 -11268 -3767 1395 -2279 -1033 -393 -186 -230 536 -390 -4 -26 -4 -6 0 0 0 1 1 0 -7 -6 0 -1 4 0 0 0 2 0 -1 0 0 0 0 0 0 0 0 0 0 0 0 0 0 0 1583836345
-16071573 -15444822 21750333 7047828 50505569 -6561686 -7162493 -146354 122648 -138545 -48123 -12487 1733 1452679 -10045 -1597 16265 -777 -1213 -265 -878 43 561 -1406 0 -28 23 -3 1 0 0 2 13 0 13 -6 0 -1 3 -5 -1 0 -5 0 0 0 -5 1 -1 0 0 -1 1 0 0 -1 0 0 0 0 1583836345
-13223050 -13087519 16829014 2621317 3067977 -4563215 -2818541 -141713 99274 -127438 -43847 -16973 -2875 217083 40432 -39239 -4536 -4458 -1005 -554 -348 3 -139 -387 -3 -43 -13 -5 1 -1 0 2 -2 0 2 -3 0 0 -1 0 0 3 -2 0 0 2 -1 0 0 0 0 0 0 1 0 0 0 0 0 0 1583836345
-13223255 -13090009 16834626 2603114 2553182 -4576369 -2772693 -141673 97025 -127319 -43792 -24803 -2926 205142 -15868 38 -2531 -2795 -1011 -720 -335 -282 152 -514 -2 -45 -2 -5 1 0 0 2 2 0 5 -2 0 -1 0 -1 0 0 -1 0 0 0 -1 0 0 0 0 0 0 0 0 0 0 0 0 0 1583836345
-1210706 -2977254 -4575325 -9351693 -5516517 7164578 -1264158 -134400 -2188 -118526 -40389 -53047 -4000 -43725 57895 -50194 10359 -6826 -1076 -1293 -134 -603 -1077 515 -11 -114 -28 -2 3 0 0 0 -13 0 -1 12 0 0 -1 0 -1 7 1 3 -1 6 2 3 -1 0 0 0 0 2 0 0 0 0 0 0 1583836345
-1236537 -3154141 -4322661 -7819770 37801734 7462381 15299924 -104748 -257319 -70447 -14453 -545144 -11693 113689 87770 -42420 858 -2214 -1363 515 -210 -687 595 906 -12 -72 -40 0 8 -1 0 1 -16 -2 -1 7 0 0 0 -1 -2 7 -5 0 0 6 1 -1 0 0 1 0 1 2 2 -1 0 0 0 0 1583836345
3023297 482833 -11951570 -13105386 5238827 11292176 2794973 -125054 -187412 -104755 -33337 -349892 -6137 -6950 123794 -79488 4818 -5671 -1126 -167 -160 -689 -1575 1473 -17 -106 -52 -1 6 -2 0 1 -20 -4 1 2 0 0 0 1 -1 7 -1 2 1 3 3 1 1 -3 2 2 0 3 0 2 0 0 0 1 1583836345
-12991689 -12930132 16478050 2499635 6096576 -4381996 3756018 -130927 41061 -108970 -34254 -136583 -6454 -25793 37465 -30742 29630 -4786 -1349 -864 -41 -172 480 -173 -12 -35 -7 -2 4 0 0 0 -11 1 -22 0 -1 -1 7 -1 -1 3 2 0 -3 3 -1 -1 0 0 0 0 0 1 0 0 0 0 0 0 1583836345
-13196941 -13015833 16519461 5659935 88670646 -3160283 34944245 -75877 47529 -19752 13924 -111290 -19267 285068 -1209 -812 13586 -3301 -1875 -907 -196 -54 -7090 614 -7 -17 -30 -1 2 0 0 0 -11 3 -4 16 1 0 -17 -25 -7 0 -18 -1 -9 -2 -2 1 0 1 -1 -1 1 0 -2 1 0 0 0 1 1583836345
-16050134 -15432678 21742411 6476783 33898478 -6839565 14905199 -112813 123402 -78543 -17634 -19142 -11018 31327 -9675 -2765 24925 -3799 -1530 -1061 -65 -109 1429 919 -12 -29 -46 -5 1 0 0 0 -20 0 2 5 -1 -1 4 0 0 0 -3 2 1 0 -6 0 0 -2 -1 1 -6 0 1 1 0 1 1 2 1583836345
-15651364 -15132443 21179293 4604087 -7887598 -7144614 -1820680 -142085 125691 -126183 -43290 -6438 -3947 -65900 -12982 -3352 -411 -3101 -1014 -912 -187 -178 -444 -405 -4 11 -10 -5 3 0 0 2 2 0 7 0 0 0 1 6 3 0 -1 -3 -2 0 -1 1 0 -2 -5 0 4 0 3 4 0 0 0 0 1583836345
-14950325 -14531686 19907523 3964060 -7860731 -6422378 -1824910 -141930 122008 -125971 -43237 47502 -3842 -65685 -16950 -3110 -3078 -2520 -970 -1159 -199 -216 -266 -225 -5 221 -16 -9 6 -1 0 2 0 -2 0 0 0 0 0 1 7 0 -2 -1 3 0 0 0 0 -1 0 0 0 0 0 0 0 0 0 0 1583836345
-16084206 -15499694 21956407 5024344 -7756820 -7580461 -1839820 -142283 124947 -126398 -43367 -10764 -3940 -62045 -11507 -4015 10722 -2824 -1096 -835 -134 -204 -923 -308 -7 -21 -6 -2 6 0 0 1 -7 0 -1 10 0 0 -1 0 1 0 2 0 1 0 -2 0 0 1 0 0 1 0 3 -3 0 0 0 0 1583836345
-16088856 -15507961 21973167 5022173 -7876808 -7595683 -1822252 -142252 120279 -126339 -43338 -20855 -3980 -65504 -11206 -3829 -5402 -2914 -981 -806 -212 -144 -144 -308 -3 -23 -11 -4 3 0 0 1 0 0 1 1 0 0 0 0 1 0 4 0 0 0 0 0 0 0 0 1 2 0 -1 0 0 0 0 0 1583836345
-14393309 -14007965 18809204 3403152 -6686089 -5814866 -827116 -139820 177330 -122972 -41687 38243 -4334 -87380 -17901 -2298 -8820 -3058 -968 -738 -214 -243 -167 -268 -1 215 -17 -14 0 -1 0 2 -1 -2 0 0 0 -1 0 1 0 0 -1 0 0 0 0 0 0 0 0 0 0 0 0 0 0 0 0 0 1583836345
15900760 11494072 -35215600 -25942059 -7037814 24230772 -1392257 -127301 -75002 -112108 -38421 127314 -3429 -75040 -82400 37499 -7660 -3378 -810 -2777 -204 -2075 -162 -248 0 374 -19 -16 3 -2 0 4 -2 -5 0 0 0 -1 0 0 7 -2 -1 0 0 0 0 0 0 0 0 0 0 0 0 0 0 0 0 0 1583836345
-15935265 -15372167 21675036 5121638 -693213 -7312488 -2512608 -142732 123605 -127885 -43965 -18661 -3223 123217 -11320 -3303 65058 -3768 -1484 -1223 42 -335 5735 238 -20 -37 -1 -5 1 0 0 0 -8 0 -9 0 0 -1 5 -2 0 0 -2 2 -1 0 0 2 -2 1 -1 0 1 0 -2 1 0 0 0 0 1583836345
-5119418 -7039008 3924047 -5600005 -7486359 3635393 -1846175 -137217 -29517 -121702 -41778 -134729 -3982 -57257 44126 -36491 -5234 -5190 -965 -833 -209 -489 -86 -182 -5 -73 -12 0 5 2 0 -1 -1 8 0 0 0 0 1 0 0 1 1 1 0 3 0 3 1 0 0 0 0 0 1 0 0 0 0 0 1583836345
-15509869 -15088111 21051880 4957530 6024693 -6721028 -3090895 -143000 117398 -129013 -44399 -9650 -2595 296687 -12839 -2619 -3668 -2811 -1013 -699 -388 -109 748 -462 -2 111 -10 -10 2 -1 0 2 -1 -1 -2 -1 0 -1 4 0 0 0 0 0 0 0 0 0 0 0 0 0 0 0 0 0 0 0 0 0 1583836345
-13665178 -13443873 17557644 3660125 20410586 -4696888 -4416722 -143161 104223 -131286 -45351 -12484 -1166 665955 -15249 69 25476 -2876 -1243 -972 -429 -219 -1933 1901 -20 -30 -62 -3 3 2 0 -2 -32 6 0 8 0 -1 -6 -16 -4 -1 -2 2 -13 0 0 5 -2 -3 4 5 -2 0 2 3 0 -1 0 0 1583836345
-16074956 -15377505 21705816 5275515 -6043031 -7487875 -1989596 59591 120157 -126581 -43460 -29915 -3815 -17802 -10914 -3624 -7212 -3670 36825 764 -153 -98 -146 -118 -2 -13 -15 10 -1 0 0 1 -3 0 1 0 -25 0 -5 0 0 0 0 1 -1 0 0 0 0 0 0 0 0 0 0 0 0 0 0 0 1583836345
-15969189 -15380999 21661076 5816636 17663252 -7034915 7840280 -125097 123411 -98635 -28421 -18546 -7997 15112 -10305 -3217 -2686 -2605 -1205 -517 -213 -115 -2750 -484 -1 -17 -12 -6 0 0 0 1 -7 0 1 -2 1 0 -8 7 1 0 6 -1 5 0 -5 0 0 4 -1 1 -1 0 -3 3 0 1 1 2 1583836345
-16087392 -15504050 21965129 5026696 -7886444 -7592091 -1820127 -142272 120204 -126340 -43337 -22056 -3985 -65807 -8210 -4565 -6785 900 -914 -624 -211 -273 -35 -312 -2 -44 -12 7 16 0 0 1 0 0 2 -1 0 0 0 -3 11 1 0 0 0 0 0 0 0 0 0 0 0 0 0 0 0 0 0 0 1583838187
-15780210 -15288992 21489937 4842084 -7703532 -7440732 -1872787 -142527 -18758 -126249 -43350 -23203 -3922 -59180 -489 -10624 43561 -2892 -1317 -1259 28 -270 -2273 -160 -22 -8 -5 -5 0 0 -1 2 25 0 2 -6 0 0 3 4 0 1 -10 -3 11 0 -5 3 -3 -5 2 -3 -4 -1 -1 2 0 -3 0 0 1583838187
-16078214 -15408719 21771693 5175270 -7659863 -7533440 -1865035 97900 120121 -126201 -43337 -30111 -3939 -58295 -10819 -3617 35249 -4022 7119 -809 3 -230 -2071 -370 -12 -24 1 -6 2 0 0 1 0 0 -3 18 0 0 -1 0 0 0 12 -5 -3 0 -1 1 -1 4 -1 0 2 0 -1 -2 0 0 0 0 1583838187
-15544176 -15027112 20958137 4545506 -7871582 -6997137 -1821142 -142217 133783 -126223 -43318 46444 -3857 -65916 -13487 -5018 -4948 1449 -974 1015 -197 -457 -189 -319 -3 151 -14 -15 -3 0 0 2 -4 -2 2 0 0 -1 0 0 0 -1 1 0 0 0 0 0 0 0 0 0 0 0 1 -1 0 0 0 0 1583838187
-15670624 -15059489 21044330 4567714 -7810334 -7106900 -1837846 -141950 205331 -126311 -43333 2584 -3915 -63578 -12166 -4011 13183 -1282 -1116 -73 -116 -345 -1165 -132 -5 28 -13 -9 0 0 0 1 -5 0 -3 14 0 0 -2 1 0 0 1 -4 0 0 -3 -1 1 0 0 1 1 0 -2 0 0 0 0 0 1583838187
-16075999 -15498840 21951323 5057050 -6439969 -7558381 -1963451 -142350 120333 -126659 -43467 -27728 -3834 -27244 -11003 -3595 19210 -3563 -1165 -952 -111 -199 425 -475 -8 -20 0 -5 2 0 0 1 -6 0 -12 -10 -1 -1 6 1 0 0 -1 0 0 0 0 -1 1 0 0 0 0 0 0 0 0 0 0 0 1583838187
-15672048 -15044146 20982086 5250402 11607068 -6771702 -3603022 -143307 204733 -130341 -44910 5517 -2033 439610 -11499 -3422 -456 267 -1040 438 -438 -255 -559 -678 1 23 -4 -9 -1 0 0 2 2 0 7 -8 1 0 -7 -3 -1 0 -1 0 -2 0 -3 0 0 0 0 0 0 0 0 0 0 0 0 0 1583838187
-15267234 -14631883 20152125 4231375 -4816142 -6611347 -2099160 -141816 271863 -126794 -43513 -1896 -3643 13344 -9421 -4599 -7816 4359 -954 2127 -245 -613 -66 -332 3 50 -12 -13 -5 0 0 2 -1 -1 2 -2 0 -1 -1 0 -1 -2 0 0 0 0 0 0 0 0 0 0 0 0 0 0 0 0 0 0 1583838187
-15727499 -15171477 21238807 5260454 8343639 -6926466 -3305684 -143326 130280 -129646 -44656 25575 -2317 354713 -6037 -6345 2720 10117 -1011 3581 -353 -832 -720 -537 -2 -93 -3 -6 -5 1 0 1 -6 0 -2 -10 0 0 -7 -2 2 2 -2 -1 -1 -4 -2 0 0 0 0 0 1 3 0 0 0 0 1 0 1583838187
-15778210 -15225848 21373424 4849605 -5166348 -7224352 -2067820 -142425 120500 -126813 -43527 -18116 -3710 4542 -10045 -4150 -7412 329 -969 603 -249 -345 -72 -311 -2 1 -13 -9 -1 0 0 1 -3 0 0 -1 0 0 -1 0 0 0 -1 0 0 0 0 0 0 0 0 0 0 0 0 0 0 0 0 0 1583838187
-16027174 -15404410 21737340 5497925 6574587 -7216391 3421131 -133019 159954 -111400 -35266 67120 -5969 -1037 12035 -15309 -4594 40254 -954 14626 -114 -2620 -1436 -294 0 -405 -8 -2 -12 1 0 1 0 1 2 0 0 -1 0 -2 -7 4 -3 0 0 -11 0 0 0 0 0 0 1 6 0 0 0 0 1 0 1583838187
-15953639 -15389411 21715616 5035941 -3721874 -7383950 -592588 -139941 123954 -122729 -41380 -19288 -4443 -34877 -9517 -4387 -6646 217 -1001 588 -220 -335 -436 560 -6 -44 -35 -8 -1 0 0 1 -10 0 2 -4 0 0 -1 0 0 0 0 -1 1 0 1 0 0 0 0 0 0 0 0 -1 0 0 0 0 1583838187
-16022761 -15444682 21833535 5096821 -4081950 -7457324 -645243 -140108 123598 -122927 -41485 -10016 -4410 -38761 -9472 -4632 -2099 593 -1006 321 -196 -350 2531 -76 -4 -48 -16 -4 2 0 0 1 -5 0 0 0 0 0 0 0 3 0 0 1 0 0 1 0 0 -1 0 0 0 0 0 0 0 0 0 0 1583838187
-15805234 -15242236 21359753 5788197 21241831 -6819169 10152107 -121121 116999 -92033 -24909 -27094 -9044 -2775 -9977 -2787 -1353 -2741 -1249 -568 -191 -123 -96 -417 -1 -14 -15 -6 0 0 0 1 -2 0 -5 -2 0 0 -3 3 0 0 -1 0 2 0 1 0 0 0 0 0 1 0 2 -2 0 0 0 0 1583838187
-16047828 -15432819 21755301 6239961 27277502 -6941452 11609642 -118507 128019 -87891 -22595 -10011 -9494 61991 -9828 -3249 24647 -2633 -1461 -621 -89 -191 2893 -194 -6 -42 4 -3 3 0 0 0 -19 0 -18 -2 -1 -1 5 3 0 -1 -8 3 0 0 0 -1 0 -1 0 0 0 0 1 -1 0 0 0 0 1583838187
-16087749 -15502176 21962418 5019210 -7893467 -7580531 -1818773 -142250 129642 -126349 -43342 -10430 -3966 -66111 -8744 -5203 -6975 1918 -958 1054 -207 -430 -85 -293 -2 -67 -12 1 10 -1 0 1 -1 0 2 -1 0 0 1 2 0 0 0 0 0 0 0 0 0 0 0 0 0 0 0 0 0 0 0 0 1583838187
-16062916 -15482123 21919710 4995893 -7846929 -7556469 -1831434 -142251 128792 -126370 -43355 -12369 -3955 -64444 -9561 -4820 4933 460 -1055 654 -152 -399 -689 -262 -5 -55 -10 -7 -2 0 0 1 0 0 0 4 0 0 0 1 0 0 3 -1 0 0 -1 0 0 0 0 1 2 0 0 -1 0 0 0 0 1583838187
-16044443 -15469990 21893052 4980037 -7804339 -7544445 -1838345 -142248 123806 -126371 -43356 -19619 -3956 -63055 -9649 -4249 15599 -986 -1109 -657 -105 -296 -1198 -348 -8 -24 -1 -3 3 0 0 1 -5 0 0 11 0 0 -2 1 4 0 3 -2 0 0 -2 -2 2 -1 0 -1 -1 0 0 0 0 0 0 0 1583838187
-16066531 -15485352 21925650 5011945 -7601912 -7561693 -1847009 -142272 124116 -126399 -43364 -12220 -3938 -58411 -10073 -4562 -4400 -281 -982 200 -204 -306 -84 -307 -3 -44 -11 -5 0 0 0 1 -1 0 -2 -2 0 -1 1 0 1 0 -1 0 0 0 0 0 0 0 0 0 0 0 0 0 0 0 0 0 1583838187
-16088470 -15498145 21951408 5071260 -6911836 -7574851 -1000084 -134730 120585 -124036 -42121 -30294 -4394 -83336 -10852 -3691 -8729 -3270 8891 -281 -194 -128 -158 -258 -2 -25 -13 -5 1 0 0 1 -1 0 0 0 -3 0 0 1 0 0 -1 0 0 0 0 0 0 0 0 0 0 0 0 0 0 0 0 0 1583838187
-16007463 -15418221 21749911 5644840 11610497 -7176765 5969810 -128530 121529 -104046 -31339 -20258 -7244 -13158 -9580 -3709 -4285 -1376 -1150 -45 -208 -199 -1929 -323 -2 39 -12 -8 0 0 0 1 -9 0 -8 -1 1 0 -8 4 0 0 -5 0 3 1 4 -3 2 -1 0 0 1 0 0 0 0 0 0 0 1583838187
-15111404 -14685136 20226101 4148179 -5654861 -6590116 -1227235 -140734 110039 -124297 -42369 13221 -4223 -46002 799706 -566551 -10688 -31483 -1069 7 -221 4052 266 -365 -15 23 -2 0 15 -8 0 9 0 -9 2 0 0 0 -1 -1 4 -15 1 0 1 -4 2 0 1 0 0 0 0 -1 0 0 0 0 0 0 1583838187
-16089543 -15506767 21964251 5150194 -4223937 -7534627 -486588 -139868 120688 -122505 -41264 -27974 -4531 -49047 -10095 -3842 5448 -2290 -1085 -617 -162 -206 -689 -406 -5 -32 -4 -2 6 0 0 1 -12 0 -3 -3 0 -1 4 1 2 0 -3 2 0 0 -2 0 0 0 0 0 0 0 0 0 0 0 0 0 1583838187
-15950084 -15343571 21547400 6523733 37903379 -6670322 15158247 -112088 122503 -77621 -17028 -17862 -10917 123958 -9570 -2596 8132 -2956 -1437 -725 -196 -62 -4115 -590 -2 -19 -2 -5 0 0 0 1 -6 0 -26 -14 -1 -2 7 -1 0 0 -4 -1 -3 0 -3 -1 1 0 0 0 0 0 0 0 0 0 0 0 1583838187
-16090790 -15495815 21919333 5597130 8236698 -7324395 5076069 -130189 120321 -106667 -32770 -28782 -6931 -41977 -9455 -3309 4241 -2822 -1151 -1556 -158 -90 1007 -230 -4 -31 -12 -3 4 -1 0 1 -2 0 -12 -5 -1 -1 7 2 0 0 0 1 0 0 2 -1 0 -1 0 0 0 0 0 0 0 0 0 0 1583838187
-16076642 -15500708 21957526 5005089 -7893081 -7585115 -1818550 -142223 120504 -126316 -43326 -29367 -3998 -65997 -10974 -3682 -7491 -3097 -974 -684 -223 -139 -38 -308 -3 -22 -10 -6 1 0 0 1 0 0 3 0 0 0 0 1 0 0 0 0 0 0 0 0 0 0 -1 0 0 0 0 1 0 0 0 0 1583838187
-16081346 -15497170 21950983 5026926 -7894028 -7576208 -1818587 -142294 123547 -126348 -43341 -13808 -3971 -66092 -11561 -3850 -7233 -2943 -958 -1057 -221 -118 -51 -313 -3 -2 -12 26 48 -7 0 2 0 0 3 0 0 0 0 2 -4 0 0 0 0 0 0 0 0 0 -1 0 0 0 0 0 0 0 0 0 1583838187
-16089238 -15510661 21978671 5018661 -7874146 -7596813 -1821074 -142234 120809 -126329 -43331 -29191 -3995 -65473 -10959 -3700 -6380 -3121 -982 -693 -217 -141 -96 -278 -3 -25 -13 -4 4 -1 0 1 -3 0 1 1 0 0 0 0 0 0 0 0 0 0 0 0 0 0 0 0 1 0 -1 0 0 0 0 0 1583838187
-16090314 -15504293 21953062 5269360 -915303 -7480162 1375233 -136174 120412 -117237 -38460 -30069 -5386 -65996 -10590 -3547 -8428 -3148 -250 -639 -217 -116 -659 -131 -3 -26 -16 -6 1 0 0 1 -4 0 -3 0 0 0 0 1 0 0 -3 0 2 0 2 -1 1 0 0 0 0 0 0 0 0 0 0 0 1583838187
-15890031 -15344510 21622479 4862688 -7891643 -7446723 -1818664 -142264 79559 -126220 -43302 -19474 -3977 -66050 -11703 -3590 -7325 -2829 -967 -749 -221 -157 -48 -311 -4 -12 -12 -7 1 0 0 1 0 0 3 0 0 0 0 1 0 0 0 0 0 0 0 0 0 0 -1 0 0 0 0 1 0 0 0 0 1583838187
-16067414 -15488467 21932020 5009264 -7565133 -7562692 -1850334 -142255 124971 -126399 -43361 -20731 -3948 -57395 -11172 -3883 -4183 -2660 -997 -507 -209 -178 27 -284 -3 -29 -12 -6 1 0 0 1 -2 0 -1 -1 0 0 0 1 0 0 0 0 0 0 1 0 0 0 0 0 0 0 0 0 0 0 0 0 1583838187
-16086401 -15481681 21919955 5061436 -7880196 -7580541 -1822659 -67554 120473 -126253 -43316 -30210 -3994 -65512 -10905 -3686 -4222 -3178 -264 -668 -205 -147 -227 -207 -4 -26 -14 -6 1 0 0 1 -1 0 0 0 0 0 0 2 0 0 -3 -1 2 0 -1 0 0 -1 0 0 0 0 0 0 0 0 0 0 1583838187
-16064526 -15483442 21908695 5275790 152351 -7432805 -2569315 -142811 120543 -128041 -44010 -26825 -3183 144947 -8750 -4172 28637 -97 -1233 302 -143 -395 412 -647 -9 -51 1 -6 -1 0 0 0 -9 0 -24 -12 -1 -2 10 1 0 0 -5 0 0 -1 -2 -1 1 1 0 0 0 0 0 0 0 0 0 0 1583838187
-15864520 -15313697 21555320 4963905 -3321605 -7285601 -2238401 -142474 123562 -127208 -43684 -16069 -3523 53114 -10012 -690 -2852 -3313 -1096 1336 -258 8778 228 -378 -2 -174 -2 -4 0 -3 0 0 -2 0 -3 -2 0 0 3 0 0 0 0 0 0 0 0 0 0 0 0 0 0 0 0 0 0 0 0 0 1583838187
-15606377 -15088116 21085244 4591595 -7886444 -7091420 -1815998 -142177 119774 -126190 -43301 25228 -3902 -66408 -4728 4565 -7749 -406 -1177 6171 -205 8389 -24 -299 -2 -16 -11 -19 -8 -11 0 -2 0 -2 2 0 0 6 1 1 -1 -1 0 0 0 0 0 0 0 0 0 0 0 0 0 0 0 0 0 0 1583838187
-15747452 -15216167 21355788 4706950 -7728529 -7235971 -1863749 -142199 124462 -126344 -43365 -2709 -3893 -59942 -11036 -799 41112 -4308 -1408 807 14 8651 -2244 -825 -11 -62 10 -6 0 -3 0 1 18 -1 6 -1 0 1 2 2 0 0 3 -2 5 0 -5 0 0 -3 0 0 1 0 0 0 0 -1 0 0 1583838187
-15691901 -15170318 21257141 4668774 -7621589 -7192358 -1862308 -142203 112193 -126306 -43350 -270 -3889 -57988 -8808 1837 32354 -4173 -1416 2671 -26 17594 -1753 -434 -10 -220 6 -4 -2 -6 0 -1 -5 -1 0 12 0 3 0 0 -1 0 2 -1 2 0 -6 -2 2 -2 0 1 2 0 -1 0 0 0 0 0 1583838187
-16087919 -15495153 21947266 5041768 -7880167 -7588567 -1822065 -110709 120562 -126303 -43327 -30218 -3995 -65634 -10909 -3688 -4761 -3195 1352 -602 -203 -144 -195 -79 -4 -25 -17 -4 1 0 0 1 -2 0 2 1 -3 0 0 0 0 0 2 0 -1 0 0 0 0 0 1 1 1 0 0 0 0 0 0 0 1583838187
-15937184 -15379088 21700410 4880818 -7647955 -7434164 -1854098 -142212 123979 -126365 -43358 -18881 -3937 -59022 -10077 -4274 16852 -803 -1144 120 -99 -370 -1097 -156 -9 -34 -9 -7 0 0 0 1 -2 0 0 7 0 0 0 -2 -1 0 0 0 0 -1 -4 -1 0 -2 0 0 -2 1 0 0 0 0 0 0 1583838187
-16081330 -15498603 21950749 5070363 -6433316 -7562852 -602321 -140233 120191 -122921 -41537 -19846 -4567 -91837 -11151 -3840 -9145 -2825 -974 -755 -214 -137 -194 -209 -3 -19 -15 -4 4 -1 0 1 -1 0 2 1 0 0 0 1 0 0 -1 0 0 0 0 0 0 0 0 0 0 0 0 0 0 0 0 0 1583838187
-16090142 -15505113 21956469 5260725 -1012724 -7479086 -2505233 -142786 120407 -127936 -43989 -29038 -3242 117118 -10626 -3231 105621 -4989 -1168 -1793 244 -407 8972 -684 -24 -54 41 -2 2 0 -1 1 6 0 -32 -20 -3 -2 14 -4 0 0 -2 0 0 0 0 0 0 4 -1 -3 0 0 1 -1 0 0 0 0 1583838187
-15614326 -15119119 21125400 4868001 -2449173 -7199413 -2316685 -142780 -20480 -127175 -43701 -14879 -3433 75369 -11589 -3326 -6023 -1822 -966 -768 -285 -175 -53 -383 -8 3 -12 -7 0 0 0 1 -2 0 0 -4 0 0 -1 0 0 0 1 0 -1 0 0 0 0 0 0 0 0 0 0 0 0 0 0 0 1583838187
-16080161 -15404158 21739122 5636289 5535337 -7313420 2225343 108994 119709 -114368 -36896 -29334 -5505 34097 -10317 -3251 41331 -4016 1013 -1115 -14 -201 -3141 1283 -21 -22 -40 -6 2 0 0 0 -30 0 -17 34 0 -1 -1 -17 -4 0 -14 1 -3 1 8 -3 2 2 -1 4 1 0 4 -1 0 -1 0 1 1583838187
-15795939 -15200338 21221770 6819515 50152771 -6307952 23144527 -98551 121471 -55071 -5099 -13512 -14639 6327 -9276 -2350 7284 -3060 -1565 -757 -119 -55 -3871 -235 -2 8 -7 -6 0 0 0 2 1 -1 15 -5 1 1 -14 1 0 0 -3 0 2 0 0 1 -1 1 0 -5 2 0 0 0 0 1 0 0 1583838187
-16092630 -15455315 21774707 6837781 42552502 -6734566 21302224 -102147 123086 -60585 -8110 -10771 -13991 -65802 -6923 -3797 18567 96 -1580 279 -23 -296 -131 -153 -4 -66 -6 -2 1 0 0 2 13 0 -9 6 -2 -2 10 -5 0 0 -7 0 1 0 1 0 -1 2 -1 -4 0 0 -3 1 0 0 0 0 1583838187
-16089841 -15509696 21974091 5071433 -6407426 -7573071 -1226995 -140674 120581 -124630 -42417 -30170 -4246 -61872 -10848 -3656 -5741 -3157 -219 -653 -212 -138 -233 -200 -3 -26 -17 -6 1 0 0 1 -3 0 -2 0 0 0 0 0 0 0 -2 0 1 0 0 0 0 0 0 -1 0 0 0 0 0 0 0 0 1583838187
-16066659 -15483386 21918430 5076202 -5816991 -7531005 -1023990 -140845 124350 -124059 -42110 -11569 -4297 -58832 -11179 -4072 -8388 -2039 -973 -463 -226 -182 -162 -315 -2 -27 -12 -5 2 0 0 1 -1 0 3 -1 0 0 -1 -1 1 0 0 0 0 0 0 0 0 0 0 0 0 0 0 0 0 0 0 0 1583838187
-15588863 -15005068 20759417 7583353 75909314 -5712718 31356948 -83783 73986 -31273 7819 -134 -17790 178165 -9078 -1436 18053 -3093 -1802 -1487 -133 42 -7696 -520 -4 111 12 -7 0 -1 0 3 9 -2 0 3 1 0 -14 -12 -3 0 -14 0 0 0 2 -3 2 0 0 0 3 0 1 -1 0 0 0 0 1583838187
-15717759 -15200688 21304921 4915431 -2165392 -7205502 402994 -138310 56097 -119771 -39845 -26486 -4910 -47619 -10173 -3366 -6921 -1512 -981 -1073 -220 -169 -476 -299 -5 23 -15 -8 0 0 0 1 -1 0 -1 0 0 0 0 0 0 0 -2 0 1 0 0 0 0 0 0 0 0 0 1 -1 0 0 0 0 1583838187
-16092753 -15310262 21331384 9928910 125883830 -5285290 50971249 130598 116147 24789 38034 -25046 -25975 336841 -5081 -430 63672 -4836 4821 -1297 87 41 16229 -679 0 -84 9 0 0 0 0 2 5 -2 13 1 -3 0 2 2 0 0 -11 9 2 0 0 0 0 -2 -1 -4 0 0 -1 0 0 0 0 0 1583838187
-14572703 -14206906 19221804 3564791 -7878366 -6059332 -1818811 -141629 128586 -125762 -43150 4650 -3916 -66166 -13612 -3318 -7586 -1413 -961 -76 -217 -328 -40 -302 -3 252 -16 -16 0 -1 0 3 0 -3 3 0 0 -1 0 1 0 -1 0 0 0 0 0 0 0 0 -1 0 0 0 0 1 0 0 0 0 1583838187
-15247835 -14798792 20470319 4230780 -7659569 -6748124 -1883299 -142015 113001 -126181 -43318 -12918 -3879 -57357 -12128 -3097 62058 -2553 -1459 -988 118 -443 -3051 -959 -17 121 28 -9 0 -1 -1 3 28 -2 7 -10 0 0 3 1 0 -1 -7 0 15 0 -6 0 0 -3 2 0 0 0 0 0 0 -3 0 1 1583838187
-11072291 -11227973 12917172 218839 -7680067 -2511529 -1845859 -140276 131938 -124528 -42783 111856 -3645 -61830 -21336 -3035 16650 -287 -1101 -98 -93 -669 -1353 -222 -9 473 -19 -22 -1 -2 0 3 -10 -6 0 11 0 0 -1 3 2 -2 6 -1 -2 0 0 0 0 0 -1 -1 0 0 0 0 0 0 0 0 1583838187
-16085377 -15504065 21965462 5016350 -7854982 -7585879 -1824127 -142243 124931 -126346 -43340 -21162 -3977 -64894 -10955 -3981 -3234 -2438 -1003 -421 -200 -196 -127 -362 -3 -30 -9 -6 1 0 0 1 -1 0 4 -1 0 0 0 0 0 0 0 1 0 0 0 0 0 0 0 0 0 0 0 0 0 0 0 0 1583838187
30618719 23446983 -60923732 -37580794 -7348263 34652927 -1841393 -129471 -3504009 -104577 -36468 -187884 -3489 -61395 -1861 12353 1691 24456 117 -15169 -119 -2739 -463 -71 -135 1516 -32 -57 -6 -6 0 1 -3 2 3 1 0 -2 0 0 0 -8 0 0 0 -9 0 -4 -4 0 1 0 0 3 0 0 0 0 -1 0 1583838187
-15858272 -15304107 21541459 4833833 -7132086 -7342758 -1185499 -141128 124267 -124485 -42379 -6582 -4261 -79548 -9239 -1704 -7855 -2975 -1058 1363 -212 8914 -124 -300 -1 -98 -11 -7 0 -3 0 0 -1 -1 0 0 0 0 1 2 0 0 0 0 0 0 0 0 0 0 0 0 0 0 0 0 0 0 0 0 1583838187
-16035148 -15461552 21873831 5000548 -7023381 -7522442 -1904991 -142299 122500 -126516 -43411 -18566 -3885 -42887 -10204 -3115 3429 -2604 -1052 -308 -178 2055 2847 -415 -3 -34 0 -4 2 2 0 0 4 -2 3 -3 0 -1 1 -2 0 0 0 0 0 0 0 3 4 0 0 0 0 0 0 0 0 0 0 0 1583838187
3435192 967241 -12936480 -13671224 -7548315 11709665 -1835141 -134305 -142056 -118460 -40805 165011 -3351 -62746 30973 -38132 -7244 2275 -589 -5703 -200 -868 355 -297 -10 1271 -26 -43 0 0 0 2 0 -14 2 -1 0 0 0 0 0 12 0 0 0 -13 2 7 9 0 0 0 0 -2 0 0 0 2 -5 2 1583838187
-8530510 -9177170 8526754 -1778499 7959326 60081 -3262606 -139804 -1135 -126328 -43499 -155205 -2559 343694 -2695 -1757 330 -1093 -1029 -75 -386 -596 -640 -632 -3 -66 -1 -4 2 0 0 2 -1 0 7 -7 0 0 -6 -2 -1 4 -1 0 -2 -3 -2 0 0 0 0 0 0 -2 0 0 0 0 -1 0 1583838187
-15977053 -15415896 21773482 5001522 -5257552 -7443183 -2059303 -142365 117783 -126822 -43526 -31690 -3744 2311 -10995 -3400 -7842 -3008 -974 -670 -259 -131 -22 -342 -2 -17 -13 -6 2 0 0 1 -1 0 2 -2 0 0 -1 0 0 0 0 0 0 0 0 0 0 0 0 0 0 0 0 0 0 0 0 0 1583838187
-15322104 -14856683 20583683 4453478 -4547597 -6820966 -1097209 -140715 70730 -123890 -42062 10157 -4143 -28090 -12275 -4100 -80 -1281 -1019 -473 -198 -273 -406 -215 -7 90 -7 -10 0 0 0 1 -6 -1 -2 1 0 0 -1 0 0 0 -1 0 0 0 2 -1 2 0 0 0 0 0 0 0 0 0 0 0 1583838187
3285336 805946 -12680730 -12543369 10561464 11204575 5222480 -122906 -632285 -97853 -29815 86203 -6412 -3811 6801 -15783 -4940 6897 -725 -4752 -192 -1173 346 -273 -26 547 -15 -16 7 -1 0 0 -1 6 1 1 0 0 -4 -2 1 1 -2 0 0 -3 1 0 3 0 0 0 0 -4 0 0 0 0 0 0 1583838187
-15771573 -12661759 16175507 9708112 7649040 -5647853 3193686 6672504 106141 -104816 -33985 -28407 -5814 35282 -10123 -3233 4845 -6932 230992 7958 372 73 755 245 0 -123 -11 -248 50 6 0 0 -15 0 -10 -1 232 0 31 0 0 0 -1 0 1 0 0 1 0 -1 0 3 0 0 0 0 0 0 0 0 1583838187
-11458953 -11653229 13759158 1210658 11564975 -2802166 5706239 -126751 5454 -102679 -30980 -172460 -7292 -464 -3559 -237 -3266 -2174 -1149 -382 -212 -408 -1587 -517 -3 -40 1 -3 3 0 0 2 5 1 4 -5 0 0 0 0 0 1 1 0 0 0 2 -1 0 -1 0 0 0 0 0 0 0 0 0 0 1583838187
-2962060 -4964258 -494428 -6483830 26778870 6325588 11330370 -112998 10942 -83257 -21246 -38701 -9273 61646 355357 -254370 7498 -14188 -1347 55 -154 959 -2613 -838 -6 -110 12 0 4 -2 0 5 20 -1 15 -4 -1 -1 8 -8 -1 -2 -4 3 -1 0 -5 2 0 1 0 -1 0 1 1 -1 0 0 0 0 1583838187
-15772766 -15186640 21298602 4811935 -7893449 -7239284 -1820232 -142469 124232 -126323 -43331 -6829 -3951 -65972 -12864 -3528 -2404 -3208 -1007 -761 -197 -168 -329 -380 -4 84 -13 -9 1 -1 0 2 0 -1 6 0 0 0 1 5 1 0 -1 -2 -2 0 0 0 0 -1 -4 0 3 0 2 3 0 0 0 0 1583838187
19188506 14189711 -40940863 -29143845 -7497408 27392117 -1825343 -126495 -171369 -111816 -38543 41003 -3317 -64775 -66275 30024 -7520 -5454 -837 -2533 -210 -2161 -82 -125 -2 63 -17 -9 0 0 0 1 -2 4 1 0 0 -1 0 0 0 -1 0 0 -1 0 0 0 -2 0 0 0 -1 -1 0 0 0 0 1 0 1583838187
-16076711 -15494946 21942015 5091483 -5497832 -7537685 -863847 -140550 124632 -123599 -41862 -21227 -4385 -59082 -7428 -5318 -9433 3130 -965 1737 -216 -503 173 -291 -1 -82 -14 -9 -4 0 0 1 0 0 2 0 0 -1 1 0 -1 0 0 0 0 0 0 0 0 0 0 0 0 0 0 0 0 0 0 0 1583838187
-13811296 -13543132 17811969 3021424 -3566572 -5171923 -761294 -139488 141625 -122468 -41404 97736 -4108 -23567 -22399 -1894 -8073 -2902 -959 -1158 -242 -247 -228 -350 -2 266 -19 -14 1 -1 0 3 0 -3 3 -3 0 0 -2 -2 1 0 0 0 0 0 0 0 0 0 0 0 0 0 0 0 0 0 0 0 1583838187
-4554201 -5944450 1678154 -6190062 -7743302 3539694 -1822306 -136776 -158668 -121103 -41520 -362881 -4396 -62840 105220 -66753 -6913 -5177 -971 -124 -211 -345 -42 -296 -8 -9 -7 -2 8 -2 0 3 -1 -1 1 0 0 0 0 0 -1 7 1 0 0 6 0 1 0 0 0 0 0 2 1 -1 0 0 0 0 1583838187
-14988489 -14566911 19983035 3965534 -7863619 -6469088 -1821188 -141810 130377 -125939 -43214 16705 -3899 -65715 -15099 -3022 -6981 -2548 -961 -712 -218 -231 49 -314 -2 26 -13 -7 2 0 0 1 0 0 2 -1 0 0 0 -1 1 0 0 0 0 0 0 0 0 0 0 0 0 0 0 0 0 0 0 0 1583838187
-15741846 -15213782 21350617 4689022 -7828010 -7240120 -1836039 -142124 123044 -126248 -43316 -13887 -3945 -63774 -12394 -3432 12004 -3344 -1113 -842 -127 -214 -1013 -365 -7 26 -4 -7 1 0 0 1 -1 0 0 2 0 0 0 3 0 0 0 -1 1 0 -1 0 0 0 0 1 1 0 -2 0 0 0 0 0 1583838187
-15726859 -15206756 21334131 4676304 -7631390 -7236312 -1864619 -142121 115760 -126291 -43336 -32109 -3940 -57926 -11284 -3154 36422 -3746 -1291 -1123 -10 -269 -2408 -333 -13 -17 3 -5 2 0 0 1 -10 0 -4 24 0 0 -3 1 0 0 13 -5 2 -1 -8 -2 1 -2 0 -1 1 0 1 -2 0 0 0 0 1583838187
42966407 34211394 -83354947 -52197971 -7225773 50964441 -1834058 -115793 -362618 -102032 -35319 71067 -2890 -63449 -26320 599 1032 -8306 -809 -3388 -154 -3235 -578 -38 -3 -157 -17 -4 -2 -1 0 2 -6 2 -1 7 0 0 -1 2 -1 8 -1 0 -1 5 -2 0 0 -2 0 0 -1 1 0 0 0 0 0 0 1583838187
-1562613 -3108342 -4259237 -9052790 -7683319 6995981 -1828006 -135857 152634 -120682 -41505 148004 -3471 -65073 9962 -17206 -3186 52592 -812 20417 -43 -4338 -485 -123 3 -154 -14 1 -5 12 0 -13 -2 17 0 0 0 -2 0 5 -16 -11 1 0 1 -4 0 -4 -4 0 0 -1 0 1 0 0 0 0 -1 0 1583838187
-14637087 -14291706 19387752 3773198 -3545115 -6089816 -2229518 -141940 98789 -126668 -43509 -32015 -3539 46691 -12751 -1998 21629 -3412 -1184 -969 -135 -278 -772 63 -12 104 -12 -9 2 -1 0 1 -10 -1 -12 6 0 0 -4 -2 0 0 0 0 0 1 5 -1 0 0 0 0 0 0 2 -1 0 0 0 0 1583838187
-15708464 -15189387 21293834 4739214 -5371484 -7177891 -2051204 -142248 115501 -126697 -43486 -30052 -3745 -529 -11196 -3220 -2670 -2402 -1009 -453 -230 -204 -225 -98 -5 -6 -17 -7 1 0 0 1 -4 0 -1 2 0 -1 0 -1 0 0 -1 1 0 0 0 0 0 0 0 0 0 0 0 0 0 0 0 0 1583838187
-14796691 -14434125 19688712 3892314 -4369061 -6288570 -2139295 -141894 87014 -126477 -43419 -58587 -3690 23807 -10566 -2059 -7779 -2546 -960 -846 -269 -198 -109 -341 -3 -5 -11 -2 8 -1 0 1 -2 0 1 -1 0 0 0 1 0 0 1 0 0 0 1 0 0 0 0 1 0 0 0 0 0 0 0 0 1583838187
2397063 74203 -11040759 -12753064 -3725682 10794422 -2184682 -134233 -29079 -119538 -41134 -17361 -3299 37465 -27924 7812 -5282 -1668 -911 -779 -250 -1289 -194 -204 -2 94 -18 -10 0 -1 0 3 -4 -1 0 0 0 0 0 -1 1 2 -1 1 -1 0 0 0 -1 0 0 0 0 0 0 0 0 0 1 0 1583838187
-15970087 -15405601 21751411 5013978 -4765984 -7421946 -1170828 -140932 121879 -124365 -42246 -24780 -4184 -28780 -10970 -3636 -1795 -2579 -1031 -494 -210 -185 -297 -143 -4 -29 -17 -6 1 0 0 1 -3 0 -5 2 0 -1 1 -3 -1 0 -4 0 0 0 0 0 0 0 0 0 0 0 0 0 0 0 0 0 1583838187
-15574748 -15021455 20891683 5686089 24242898 -6494688 12220883 -117611 140608 -86196 -21838 25842 -9922 -36258 -12750 -3281 -884 -1999 -1291 -303 -163 -177 -3462 467 -5 28 -29 -9 0 0 0 1 -15 0 -12 -5 0 0 -4 5 0 0 1 1 0 1 5 0 0 -3 0 0 0 0 0 0 0 0 0 0 1583838187
-16066828 -15480309 21901037 5285615 79687 -7432712 2275271 -135202 123888 -114723 -37139 -19782 -5801 -86569 -10826 -3679 -1828 -2941 -1083 -825 -173 -139 -998 -88 -4 -19 -12 -4 3 0 0 1 -1 0 -2 2 0 -1 2 0 2 0 -8 1 4 0 1 -1 1 0 0 0 0 0 0 0 0 0 0 0 1583838187
-15803735 -15269551 21466651 4770470 -7207862 -7299089 -1486542 -141549 118425 -125269 -42789 -23272 -4129 -66956 -11745 -3407 -7661 -2941 -977 -624 -221 -164 -88 -191 -3 31 -18 -8 1 0 0 1 -2 0 0 0 0 0 0 1 0 0 0 2 0 0 1 0 0 -1 0 0 0 0 0 0 0 0 0 0 1583838187
-15942147 -15359191 21614342 5781846 17297279 -7021274 9334114 -122764 119226 -94509 -26276 -27356 -8793 -48497 -10105 -2984 -2647 -3214 -1228 -736 -178 -91 -2630 -26 -3 -16 -21 -6 1 0 0 1 -7 0 -12 1 -1 -1 3 1 0 0 -2 1 0 0 3 -1 0 -1 0 0 0 0 0 0 0 0 0 0 1583838187
-15975399 -15386295 21693368 5431858 6372283 -7216990 3968998 -132080 131377 -109792 -34441 -1535 -6384 -32269 -11578 -3756 -1482 -2402 -1130 -430 -192 -170 -1428 4 -4 -15 -18 -7 0 0 0 1 -8 0 -12 4 0 0 -2 -1 0 0 -8 0 3 0 0 0 0 1 0 0 2 0 0 -1 0 0 0 0 1583838187
-16018965 -15450786 21851901 4953210 -7892658 -7525418 -1818566 -142213 120288 -126298 -43321 -26372 -3992 -66020 -11240 -3660 -8024 -3056 -970 -646 -225 -145 -7 -301 -3 5 -12 -7 1 0 0 1 0 0 3 0 0 0 0 1 0 0 0 0 0 0 0 0 0 0 -1 0 0 0 0 1 0 0 0 0 1583838187
-15574660 -15018060 20940686 4639095 -7893105 -7046190 -1818930 -142443 114852 -126242 -43301 -13122 -3961 -66078 -12792 -3242 -7054 -3119 -971 -781 -220 -163 -63 -315 -3 176 -15 -12 2 -1 0 2 -1 -2 3 0 0 -1 0 1 0 0 0 0 0 0 0 0 0 0 -1 0 0 0 0 1 0 0 0 0 1583838187
-15769200 -15216042 21359797 4725411 -7852694 -7232418 -1824179 -142179 143745 -126287 -43333 24868 -3895 -65207 -11575 -5168 -5325 1801 -974 1190 -198 -466 -5 -327 -2 -54 -8 -1 7 -1 0 1 2 0 2 -1 0 -1 0 0 -2 0 0 0 0 -1 0 0 0 0 0 0 0 0 0 0 0 0 0 0 1583838187
-14797413 -14357017 19544940 3808664 -7864791 -6277911 -1822765 -141845 134553 -125922 -43221 51059 -3841 -65928 -5930 9254 -4792 -2003 -1285 7251 -194 40667 -70 -321 1 -543 -1 7 0 0 0 0 0 -3 0 2 0 1 0 0 1 -1 4 0 0 1 0 1 0 1 0 0 0 0 2 -2 0 0 0 0 1583838187
-15749649 -15200968 21326619 4717497 -7414505 -7215352 -1629622 -141809 139947 -125707 -43022 10544 -4003 -64830 -13293 -3938 -7221 -2169 -973 -344 -218 -217 -44 -276 -2 66 -15 -10 0 0 0 2 -2 -1 0 0 0 -1 0 0 0 0 -1 0 0 0 0 0 0 0 0 0 0 0 0 0 0 0 0 0 1583838187
-14933480 -14552103 19940314 3970167 -5735229 -6448732 -637927 -139658 90931 -122450 -41362 -67392 -4578 -74955 -10826 -1712 -9233 -2886 -982 -605 -223 -213 -141 -259 -3 -25 -14 -6 2 0 0 1 -1 0 0 0 0 -1 1 0 0 0 -1 0 0 0 0 0 0 0 0 0 0 0 0 0 0 0 0 0 1583838187
-16011751 -15440746 21826931 5029525 -5590284 -7478582 -930764 -140646 120643 -123756 -41949 -26999 -4361 -58020 -11104 -3590 -9122 -2992 -980 -618 -232 -139 -92 -276 -2 -14 -13 -6 1 0 0 1 0 0 1 0 0 0 0 0 0 0 -2 0 0 0 0 0 0 0 0 0 0 0 0 0 0 0 0 0 1583838187
-16082353 -15499460 21955888 5016967 -7885246 -7582902 -1820146 -142254 124265 -126338 -43335 -22143 -3984 -65791 -11283 -3823 -7748 -2935 -972 -597 -223 -150 33 -304 -2 -25 -12 -6 1 0 0 1 0 0 2 -1 0 0 0 -1 0 0 0 0 0 0 0 0 0 0 0 0 0 0 0 0 0 0 0 0 1583838187
-15610615 -15104389 21118253 4563906 -7849780 -7118186 -1824284 -142055 116734 -126152 -43277 -21731 -3973 -64994 -7364 -5106 -4126 4186 -969 1794 -187 -595 -256 -144 -4 -61 -15 -9 -4 1 0 0 -4 1 0 3 0 0 0 0 -2 0 0 0 1 0 -1 -1 0 -1 0 0 0 -1 0 0 0 0 0 0 1583838187
61738423 37501521 -92049747 -70219943 -7051760 76255529 -1797983 -106268 -1082837 -92597 -31836 -1104060 -4597 -54359 -86596 103269 -3214 739 -775 -1573 -174 -5241 -299 -248 -10 -175 -6 10 16 0 0 0 -2 -4 1 0 0 -1 0 0 0 -4 0 0 0 0 -1 -2 -1 0 0 0 0 0 0 0 0 0 0 0 1583838187
-15872815 -15319829 21576169 4816117 -7833541 -7364839 -1827328 -142174 128018 -126285 -43324 -9380 -3950 -64463 -11988 -3843 -879 -2373 -1018 -426 -188 -220 -395 -311 -4 -15 -12 -7 0 0 0 1 -4 0 0 3 0 0 0 0 0 0 3 0 0 0 0 0 0 0 0 -1 0 0 0 0 0 0 0 0 1583838187
-15837109 -15285476 21490705 5028026 -1070428 -7221184 1299474 -136747 122029 -117372 -38553 -17558 -5319 -65361 -11605 -3360 9018 -3216 -1149 -874 -132 -182 -1269 99 -8 15 -19 -6 2 0 0 0 -1 1 -6 0 0 -1 3 -1 0 -1 -8 3 3 0 1 1 0 0 0 0 0 0 0 0 0 0 0 0 1583838187
-16068318 -15480753 21913692 5082165 -5761659 -7521552 -875154 -140619 130237 -123661 -41901 -7936 -4365 -64351 -11778 -4022 -4956 -2640 -1008 -494 -207 -174 -163 -340 -3 -7 -10 -7 1 0 0 1 -2 0 0 -2 0 -1 2 0 0 0 0 0 0 0 0 0 0 0 0 0 0 0 0 0 0 0 0 0 1583838187
-16029334 -15460187 21871591 4962900 -7832213 -7537915 -1834478 -142227 119435 -126341 -43341 -31030 -3981 -63776 -10848 -3609 9815 -3261 -1099 -799 -138 -192 -817 -395 -6 -23 -3 -5 1 0 0 2 6 0 1 -2 0 0 1 1 0 0 -2 -1 4 0 -3 0 0 -1 0 0 0 0 -1 0 0 -1 0 0 1583838187
-16085770 -15507435 21971643 5020681 -7722757 -7590527 -1846612 -142262 120910 -126396 -43363 -28944 -3963 -60841 -10865 -3687 18071 -3462 -1160 -896 -99 -205 -1402 -283 -9 -21 3 -5 1 0 0 1 -9 0 -3 15 0 0 -2 0 0 0 10 -2 0 0 -2 0 0 1 0 -5 -1 0 2 -1 0 0 0 0 1583838187
-16081165 -15501980 21960075 5023105 -7613884 -7582701 -1867780 -142296 120957 -126454 -43392 -27956 -3937 -57529 -10722 -3773 36093 -3774 -1291 -1083 -12 -246 -2281 -13 -15 -14 -15 -3 4 0 0 1 -5 0 -4 21 0 0 -2 0 0 0 11 -3 -2 0 -4 1 -1 0 -1 1 1 0 -2 -1 0 0 0 0 1583838187
-15916847 -15338634 21616919 4912830 -7265305 -7380880 -1294700 -141440 131519 -124859 -42564 4689 -4189 -77353 -12723 -4074 -8009 -2381 -975 -394 -216 -194 -119 -229 -3 57 -15 -7 3 -1 0 2 -2 0 0 0 0 0 0 1 0 0 -1 0 0 0 0 0 0 0 0 0 0 0 0 0 0 0 0 0 1583838187
-16076192 -15495321 21941795 5097323 -5445505 -7541147 219543 -138847 121160 -120610 -40318 -27412 -4975 -109108 -10851 -3727 -7535 -3045 -1009 -626 -196 -145 -455 -260 -3 -14 -16 -6 1 0 0 1 -1 0 0 0 0 0 1 3 0 0 0 -1 0 0 0 0 0 0 0 0 0 0 0 0 0 0 0 0 1583838187
5120497 2496400 -16153465 -15158095 -1134576 13750702 -2473548 -133923 40580 -119553 -41300 302097 -2387 106565 -50738 46270 95779 -7306 -2123 10653 233 18916 5572 -478 -19 -221 19 -24 -15 -34 0 -13 7 0 -39 -6 -1 21 11 -4 7 -5 -6 -4 2 3 5 -2 1 4 -3 -4 1 0 -1 2 0 0 0 0 1583838187
-16062035 -15461425 21868366 5213813 -1393122 -7436234 -457195 -139582 141523 -122325 -41098 -10396 -4376 10891 -11837 -3645 14332 -3483 -1166 -910 -149 -167 -691 30 -8 -20 -16 -6 1 0 0 0 -12 0 -8 14 0 -1 0 -6 -1 0 -5 1 -2 0 3 -2 1 0 0 2 0 0 0 0 0 0 0 0 1583838187
-15897779 -15255035 21379334 6253206 28832567 -6744817 14174777 -114649 119660 -80797 -18885 -14955 -10830 -27547 1066 -7441 -3860 14839 -1275 6166 -134 -1138 -3732 144 -2 -91 -15 -16 -16 1 0 1 -8 0 -9 5 1 0 -9 2 -4 0 -15 3 6 1 3 0 0 -1 0 -1 0 -2 -1 0 0 1 0 0 1583838187
-15868679 -15295323 21501193 5326928 6509827 -7103694 3773721 -132311 135416 -110288 -34711 5646 -6265 -24021 -12823 -3418 7099 -3544 -1191 -915 -157 -136 -1862 102 -7 -12 -22 -6 1 0 0 1 -11 0 -10 0 -1 -1 4 3 0 0 -2 1 0 0 0 0 0 -1 -1 0 -2 0 0 0 0 0 0 1 1583838187
-15969263 -15375118 21630919 6161904 27282135 -6881386 11915087 -117970 116753 -86992 -22147 -31108 -9724 40431 -9498 -2669 1836 -3312 -1322 -812 -195 -58 -3676 -468 -2 -13 -6 -5 1 0 0 1 -8 0 -7 -9 1 0 -10 8 1 0 3 -1 3 1 2 0 0 0 0 0 1 0 0 -1 0 0 0 0 1583838187
-16087720 -15478119 21863275 6009391 19845682 -7115402 8341203 -124203 124255 -97202 -27588 -19606 -8116 54567 -10280 -3090 11681 -3485 -1324 -912 -162 -93 -2792 -49 -7 -20 -16 -5 1 0 0 1 -10 0 -22 -3 -1 -2 7 0 0 0 -10 3 1 0 1 -1 0 -1 0 0 0 0 0 0 0 0 0 0 1583838187
-16030456 -15460913 21873237 4962505 -7889800 -7539924 -1821969 -142214 119406 -126309 -43326 -31107 -3992 -65591 -10939 -3588 5284 -3315 -1067 -791 -160 -174 -770 -483 -5 -21 0 -5 2 0 0 2 2 0 10 0 0 0 2 10 2 0 -2 -5 -4 0 -1 1 -1 -3 -8 -1 6 0 4 6 0 0 0 0 1583838187
-15934114 -15375330 21692951 4873626 -7884874 -7432356 -1820020 -142190 124380 -126282 -43319 -15542 -3971 -65874 -11789 -3765 -7332 -2665 -973 -499 -220 -177 -47 -275 -3 13 -16 -8 1 0 0 1 -1 0 0 0 0 0 0 0 0 0 -1 0 2 0 -1 0 0 0 0 0 0 0 0 0 0 0 0 0 1583838187
-15974130 -15406144 21758498 4923630 -7854335 -7463339 -1824115 -142252 125997 -126326 -43338 -4822 -3948 -65058 -12578 -3822 -4290 -3235 -993 -798 -207 -145 -207 -260 -4 100 -12 -10 1 -1 0 2 -3 -1 0 2 0 0 0 0 0 0 2 0 0 0 0 0 0 0 0 0 0 0 1 -1 0 0 0 0 1583838187
-16089068 -15506995 21971727 5019371 -7869919 -7589743 -1822771 -142243 125070 -126345 -43340 -21281 -3978 -65293 -11390 -3796 -925 -3198 -1022 -724 -191 -157 -400 -328 -4 -26 -9 -4 4 -1 0 1 -6 0 2 1 0 0 0 1 0 0 0 0 1 0 -1 0 0 0 0 -1 0 0 1 -1 0 0 0 0 1583838187
-15934495 -15376787 21695660 4874881 -7728296 -7433703 -1834103 -142183 123814 -126307 -43328 -20423 -3964 -61841 -11748 -3596 -6922 -3066 -977 -670 -221 -152 -61 -209 -3 -20 -15 -6 1 0 0 1 -3 0 1 1 0 0 0 0 0 0 0 0 0 0 0 0 0 0 0 -1 0 0 0 0 0 0 0 0 1583838187
-15885835 -15317485 21572594 4866485 -7005300 -7339157 -1906362 -142289 141086 -126516 -43420 18841 -3817 -42699 -12600 -4542 2923 -932 -1033 104 -176 -323 2405 -379 -3 -22 -7 -8 -1 0 0 1 3 0 -2 -3 0 -1 1 -1 -1 0 0 0 0 0 0 0 0 0 0 0 0 0 0 0 0 0 0 0 1583838187
-15921734 -15320218 21510652 6258857 31197997 -6742160 13355988 -115419 131189 -82880 -19925 316 -10252 59221 -11042 -2949 893 -3030 -1342 -713 -204 -64 -3847 -353 -2 -7 -7 -6 0 0 0 1 -5 0 0 0 1 0 -10 0 0 0 -1 0 0 0 1 0 0 0 0 -2 0 0 -2 0 0 0 0 0 1583838187
-16031640 -15449047 21833761 5267636 497228 -7391121 3797852 -132756 124393 -110501 -34952 -20891 -6605 -149450 -10964 -3652 -6422 -3127 -1080 -655 -161 -140 -1066 -336 -2 -25 -13 -6 1 0 0 1 0 0 -4 0 -1 -1 5 4 1 0 5 0 2 0 0 1 0 1 0 0 2 0 -1 -1 0 0 0 0 1583838187
646047 -1426144 -7865014 -11106632 -4824468 9028803 -931658 -133065 -23325 -116825 -39633 -24617 -4062 -44641 -43180 18084 -4126 -3937 -954 -1553 -209 -1143 -107 -326 -2 -142 -7 -2 1 0 0 0 0 2 -2 -3 0 -1 3 0 0 -1 1 0 0 -1 0 0 0 0 0 0 0 0 0 0 0 0 0 0 1583838187
-16049096 -15431262 21748293 6318448 29426489 -6906008 12702531 -116628 128223 -84796 -20951 -9964 -10007 50651 -9181 -3489 4581 -1399 -1354 -90 -178 -171 -4102 148 -5 -33 -19 -6 0 0 0 0 -26 0 -13 3 2 1 -20 0 -1 0 -3 0 -1 0 2 0 0 0 -1 0 0 0 1 -1 0 0 0 0 1583838187
-15855723 -15307868 21546640 4868119 -5971145 -7319438 -915028 -140597 124142 -123683 -41935 -10588 -4357 -67058 -12351 -3596 -8067 -3051 -985 -655 -222 -151 -15 -309 -2 49 -14 -8 1 0 0 1 -2 0 0 -1 0 -1 1 0 0 0 0 0 0 0 0 0 0 0 0 0 0 0 0 0 0 0 0 0 1583838187
-16066182 -15488699 21932727 4997964 -7892634 -7568452 -1819244 -142234 123467 -126326 -43332 -21188 -3982 -65982 -11330 -3756 -6014 -3041 -977 -847 -215 -136 -122 -330 -3 -17 -12 -4 3 0 0 1 1 0 4 0 0 0 0 2 2 0 0 -1 -1 0 0 0 0 -1 -2 0 2 0 1 2 0 0 0 0 1583838187
-13226421 -13088412 16836811 2493663 -1093051 -4629295 626539 -136635 102853 -118151 -39156 -6831 -4907 -34796 -15815 -1026 -8202 -2374 -1005 -512 -232 -333 -440 -113 -3 27 -17 -8 0 0 0 1 -2 1 -4 0 0 -1 3 -1 0 -1 -4 0 1 0 0 0 0 0 0 0 0 0 0 0 0 0 0 0 1583838187
-16077014 -15491407 21928124 5229792 -1620373 -7471459 1178 -138904 124523 -121053 -40448 -21173 -4662 -15857 -10960 -3705 -7062 -2704 -1017 -524 -239 -143 -325 -162 -3 -27 -17 -6 1 0 0 1 -2 0 -2 4 0 -1 1 -3 0 0 -3 0 0 0 0 0 0 0 0 0 0 0 0 0 0 0 0 0 1583838187
-16061701 -15480419 21916182 4996040 -7886232 -7554926 -1820326 -142246 128543 -126342 -43341 -10609 -3965 -66039 -11321 -4131 -7163 -2046 -966 -466 -218 -193 -63 -21 -4 -23 -22 -5 2 0 0 1 -2 0 2 -1 0 0 0 1 2 0 -1 0 0 0 0 0 0 0 1 0 0 0 0 0 0 0 0 0 1583838187
-15723268 -15195092 21311809 4670536 -7831880 -7215452 -1827549 -142106 127129 -126225 -43306 -6316 -3944 -64580 -11833 -3942 -2503 -1354 -1004 -23 -193 -286 -316 -31 -5 -6 -16 -8 0 0 0 1 -3 0 0 3 0 0 0 0 0 0 2 -1 -1 0 0 0 0 0 1 -1 0 0 0 1 0 0 0 0 1583838187
-15922743 -15371619 21682386 4872088 -7876298 -7449921 -1820845 -142208 103859 -126252 -43309 -24603 -3986 -65725 -11147 -3613 -7750 -2617 -960 -766 -223 -158 -27 -60 -4 -12 -18 -7 1 0 0 1 -2 0 2 0 0 0 0 0 0 0 0 0 -1 0 0 0 0 0 1 0 0 0 0 0 0 0 0 0 1583838187
-16079777 -15486809 21910320 5402752 2785985 -7401213 2283244 -135030 119820 -114599 -37006 -15483 -5661 -28022 -9991 -3846 14095 -1987 -1185 -1007 -121 -200 -1521 193 -9 -17 -24 7 21 -3 0 1 -6 0 -15 6 0 -1 2 -1 -2 -1 -14 4 5 0 4 -1 0 -1 0 1 0 0 0 0 0 0 0 0 1583838187
-9867266 -10214424 10770677 -990438 -7319393 -1338055 -1616753 -139143 128390 -123312 -42232 60272 -3831 -65095 -27439 3059 -6345 -3084 -954 -933 -212 -533 -163 31 -3 89 -19 -11 0 -1 0 2 -5 -2 3 0 0 -1 0 0 0 -1 0 0 0 0 0 0 0 0 1 0 1 0 0 0 0 0 0 0 1583838187
-15372145 -14884890 20655466 4383601 -7850174 -6843142 -1824282 -142147 121932 -126136 -43282 21652 -3893 -65173 -15184 -3369 -4264 -2934 -990 -651 -206 -205 -191 -328 -4 224 -12 -14 1 -1 0 2 -2 -2 1 1 0 -1 0 0 0 0 3 0 0 0 1 0 0 1 0 -2 0 0 -1 0 0 0 0 0 1583838187
-15837862 -15285966 21504730 4792100 -7829710 -7328828 -1835630 -142206 126484 -126303 -43335 -10997 -3941 -63745 -12035 -3710 14333 -2796 -1129 -643 -115 -249 -1158 -476 -7 -18 2 -6 0 0 0 1 -1 0 3 -1 0 0 1 6 1 0 -2 -1 3 0 -3 1 -1 0 0 0 1 0 1 -2 0 -1 0 0 1583838187
-15874851 -15319692 21571058 4873169 -7716495 -7418667 -1846062 -142361 81516 -126314 -43346 -9140 -3928 -60769 -7657 -5511 14097 4051 -1102 1759 -99 -641 -737 -493 -8 -76 -7 -9 -5 0 0 1 4 0 4 0 0 -1 1 -2 -2 0 1 1 0 -1 -1 0 0 1 0 -2 0 0 -1 1 0 0 0 0 1583838187
-15804124 -15258992 21448083 4751483 -7872167 -7287975 -1822514 -142156 131863 -126261 -43318 3285 -3934 -65601 -12855 -3908 -5161 -2273 -986 -375 -208 -217 -152 -289 -3 -4 -7 -8 0 0 0 1 0 0 1 1 0 0 0 0 0 0 0 0 1 0 0 0 0 0 0 -1 0 0 0 0 0 0 0 0 1583838187
-15737664 -15195237 21301994 4945207 -684595 -7094285 -2063201 -141997 131375 -126612 -43324 8796 -3398 103300 -12374 -3655 95625 -3174 -1697 -1175 205 -493 6129 -1029 -20 -17 37 -3 2 0 0 1 4 0 -27 -21 -2 -2 15 4 0 -1 -10 -3 -3 0 -2 -2 1 0 -3 0 1 0 1 1 0 0 0 0 1583838187
-15901174 -15348158 21634154 4863144 -7164825 -7390274 -1890431 -142218 123566 -126426 -43378 -19304 -3900 -46723 -11268 -3767 1395 -2279 -1033 -393 -186 -230 536 -390 -4 -26 -4 -6 0 0 0 1 1 0 -7 -6 0 -1 4 0 0 0 2 0 -1 0 0 0 0 0 0 0 0 0 0 0 0 0 0 0 1583838187
-16071573 -15444822 21750333 7047828 50505569 -6561686 -7162493 -146354 122648 -138545 -48123 -12487 1733 1452679 -10045 -1597 16265 -777 -1213 -265 -878 43 561 -1406 0 -28 23 -3 1 0 0 2 13 0 13 -6 0 -1 3 -5 -1 0 -5 0 0 0 -5 1 -1 0 0 -1 1 0 0 -1 0 0 0 0 1583838187
-13223050 -13087519 16829014 2621317 3067977 -4563215 -2818541 -141713 99274 -127438 -43847 -16973 -2875 217083 40432 -39239 -4536 -4458 -1005 -554 -348 3 -139 -387 -3 -43 -13 -5 1 -1 0 2 -2 0 2 -3 0 0 -1 0 0 3 -2 0 0 2 -1 0 0 0 0 0 0 1 0 0 0 0 0 0 1583838187
-13223255 -13090009 16834626 2603114 2553182 -4576369 -2772693 -141673 97025 -127319 -43792 -24803 -2926 205142 -15868 38 -2531 -2795 -1011 -720 -335 -282 152 -514 -2 -45 -2 -5 1 0 0 2 2 0 5 -2 0 -1 0 -1 0 0 -1 0 0 0 -1 0 0 0 0 0 0 0 0 0 0 0 0 0 1583838187
-1210706 -2977254 -4575325 -9351693 -5516517 7164578 -1264158 -134400 -2188 -118526 -40389 -53047 -4000 -43725 57895 -50194 10359 -6826 -1076 -1293 -134 -603 -1077 515 -11 -114 -28 -2 3 0 0 0 -13 0 -1 12 0 0 -1 0 -1 7 1 3 -1 6 2 3 -1 0 0 0 0 2 0 0 0 0 0 0 1583838187
-1236537 -3154141 -4322661 -7819770 37801734 7462381 15299924 -104748 -257319 -70447 -14453 -545144 -11693 113689 87770 -42420 858 -2214 -1363 515 -210 -687 595 906 -12 -72 -40 0 8 -1 0 1 -16 -2 -1 7 0 0 0 -1 -2 7 -5 0 0 6 1 -1 0 0 1 0 1 2 2 -1 0 0 0 0 1583838187
3023297 482833 -11951570 -13105386 5238827 11292176 2794973 -125054 -187412 -104755 -33337 -349892 -6137 -6950 123794 -79488 4818 -5671 -1126 -167 -160 -689 -1575 1473 -17 -106 -52 -1 6 -2 0 1 -20 -4 1 2 0 0 0 1 -1 7 -1 2 1 3 3 1 1 -3 2 2 0 3 0 2 0 0 0 1 1583838187
-12991689 -12930132 16478050 2499635 6096576 -4381996 3756018 -130927 41061 -108970 -34254 -136583 -6454 -25793 37465 -30742 29630 -4786 -1349 -864 -41 -172 480 -173 -12 -35 -7 -2 4 0 0 0 -11 1 -22 0 -1 -1 7 -1 -1 3 2 0 -3 3 -1 -1 0 0 0 0 0 1 0 0 0 0 0 0 1583838187
-13196941 -13015833 16519461 5659935 88670646 -3160283 34944245 -75877 47529 -19752 13924 -111290 -19267 285068 -1209 -812 13586 -3301 -1875 -907 -196 -54 -7090 614 -7 -17 -30 -1 2 0 0 0 -11 3 -4 16 1 0 -17 -25 -7 0 -18 -1 -9 -2 -2 1 0 1 -1 -1 1 0 -2 1 0 0 0 1 1583838187
-16050134 -15432678 21742411 6476783 33898478 -6839565 14905199 -112813 123402 -78543 -17634 -19142 -11018 31327 -9675 -2765 24925 -3799 -1530 -1061 -65 -109 1429 919 -12 -29 -46 -5 1 0 0 0 -20 0 2 5 -1 -1 4 0 0 0 -3 2 1 0 -6 0 0 -2 -1 1 -6 0 1 1 0 1 1 2 1583838187
-15651364 -15132443 21179293 4604087 -7887598 -7144614 -1820680 -142085 125691 -126183 -43290 -6438 -3947 -65900 -12982 -3352 -411 -3101 -1014 -912 -187 -178 -444 -405 -4 11 -10 -5 3 0 0 2 2 0 7 0 0 0 1 6 3 0 -1 -3 -2 0 -1 1 0 -2 -5 0 4 0 3 4 0 0 0 0 1583838187
-14950325 -14531686 19907523 3964060 -7860731 -6422378 -1824910 -141930 122008 -125971 -43237 47502 -3842 -65685 -16950 -3110 -3078 -2520 -970 -1159 -199 -216 -266 -225 -5 221 -16 -9 6 -1 0 2 0 -2 0 0 0 0 0 1 7 0 -2 -1 3 0 0 0 0 -1 0 0 0 0 0 0 0 0 0 0 1583838187
-16084206 -15499694 21956407 5024344 -7756820 -7580461 -1839820 -142283 124947 -126398 -43367 -10764 -3940 -62045 -11507 -4015 10722 -2824 -1096 -835 -134 -204 -923 -308 -7 -21 -6 -2 6 0 0 1 -7 0 -1 10 0 0 -1 0 1 0 2 0 1 0 -2 0 0 1 0 0 1 0 3 -3 0 0 0 0 1583838187
-16088856 -15507961 21973167 5022173 -7876808 -7595683 -1822252 -142252 120279 -126339 -43338 -20855 -3980 -65504 -11206 -3829 -5402 -2914 -981 -806 -212 -144 -144 -308 -3 -23 -11 -4 3 0 0 1 0 0 1 1 0 0 0 0 1 0 4 0 0 0 0 0 0 0 0 1 2 0 -1 0 0 0 0 0 1583838187
-14393309 -14007965 18809204 3403152 -6686089 -5814866 -827116 -139820 177330 -122972 -41687 38243 -4334 -87380 -17901 -2298 -8820 -3058 -968 -738 -214 -243 -167 -268 -1 215 -17 -14 0 -1 0 2 -1 -2 0 0 0 -1 0 1 0 0 -1 0 0 0 0 0 0 0 0 0 0 0 0 0 0 0 0 0 1583838187
15900760 11494072 -35215600 -25942059 -7037814 24230772 -1392257 -127301 -75002 -112108 -38421 127314 -3429 -75040 -82400 37499 -7660 -3378 -810 -2777 -204 -2075 -162 -248 0 374 -19 -16 3 -2 0 4 -2 -5 0 0 0 -1 0 0 7 -2 -1 0 0 0 0 0 0 0 0 0 0 0 0 0 0 0 0 0 1583838187
-15935265 -15372167 21675036 5121638 -693213 -7312488 -2512608 -142732 123605 -127885 -43965 -18661 -3223 123217 -11320 -3303 65058 -3768 -1484 -1223 42 -335 5735 238 -20 -37 -1 -5 1 0 0 0 -8 0 -9 0 0 -1 5 -2 0 0 -2 2 -1 0 0 2 -2 1 -1 0 1 0 -2 1 0 0 0 0 1583838187
-5119418 -7039008 3924047 -5600005 -7486359 3635393 -1846175 -137217 -29517 -121702 -41778 -134729 -3982 -57257 44126 -36491 -5234 -5190 -965 -833 -209 -489 -86 -182 -5 -73 -12 0 5 2 0 -1 -1 8 0 0 0 0 1 0 0 1 1 1 0 3 0 3 1 0 0 0 0 0 1 0 0 0 0 0 1583838187
-15509869 -15088111 21051880 4957530 6024693 -6721028 -3090895 -143000 117398 -129013 -44399 -9650 -2595 296687 -12839 -2619 -3668 -2811 -1013 -699 -388 -109 748 -462 -2 111 -10 -10 2 -1 0 2 -1 -1 -2 -1 0 -1 4 0 0 0 0 0 0 0 0 0 0 0 0 0 0 0 0 0 0 0 0 0 1583838187
-13665178 -13443873 17557644 3660125 20410586 -4696888 -4416722 -143161 104223 -131286 -45351 -12484 -1166 665955 -15249 69 25476 -2876 -1243 -972 -429 -219 -1933 1901 -20 -30 -62 -3 3 2 0 -2 -32 6 0 8 0 -1 -6 -16 -4 -1 -2 2 -13 0 0 5 -2 -3 4 5 -2 0 2 3 0 -1 0 0 1583838187
-16074956 -15377505 21705816 5275515 -6043031 -7487875 -1989596 59591 120157 -126581 -43460 -29915 -3815 -17802 -10914 -3624 -7212 -3670 36825 764 -153 -98 -146 -118 -2 -13 -15 10 -1 0 0 1 -3 0 1 0 -25 0 -5 0 0 0 0 1 -1 0 0 0 0 0 0 0 0 0 0 0 0 0 0 0 1583838187
-15969189 -15380999 21661076 5816636 17663252 -7034915 7840280 -125097 123411 -98635 -28421 -18546 -7997 15112 -10305 -3217 -2686 -2605 -1205 -517 -213 -115 -2750 -484 -1 -17 -12 -6 0 0 0 1 -7 0 1 -2 1 0 -8 7 1 0 6 -1 5 0 -5 0 0 4 -1 1 -1 0 -3 3 0 1 1 2 1583838187
