-16089900 -15508502 21969573 5123190 -4913824 -7546675 -2090726 -142442 120537 -126893 -43571 -29763 -3708 11600 -10889 -3568 -8221 -3021 -976 -646 958 -122 133 -332 -2 -26 -11 -4 1 0 0 1 0 0 0 -1 0 -1 1 0 0 0 0 0 0 0 0 0 0 0 0 0 0 0 0 0 0 0 0 0 1583836345
-16090224 -15503335 21950059 5322366 722052 -7448936 -2607105 -142847 120367 -128130 -40704 -28881 -3155 158463 -10828 -3323 -4272 -2950 -1008 -672 -321 -100 123 -425 -2 -25 -8 -4 1 0 0 1 -1 0 -3 -1 0 -1 3 0 0 0 0 0 0 0 0 0 0 0 0 0 0 0 0 0 0 0 0 0 1583836345
-15958973 -14335065 19578221 7065973 1970039 -6739510 949028 -145023 121140 -123455 3117241 -28021 -4844 11455 -9994 -3211 21311 -3458 -1198 -947 -101 -165 -1410 475 -12 -23 -21 -4 1 0 0 0 -8 0 -27 6 -1 -2 5 -3 0 0 -14 0 2 0 -1 0 0 0 0 0 0 0 0 0 0 1 0 0 1583836345
282886380 2347099215 -4700146747 -337630272 89433437 -1046753885 23801891 52593 -2105795 73218 37792 -43804 -11528 99451 10776 -4159 3409 -790 -494 -9 35 -271 -7611 1972 -34 6 -48 1 0 0 0 -1 -36 0 -12 -14 2 2 -21 14 2 0 6 -3 6 1 4 5 -3 0 7 -2 5 0 12 -8 1 1 0 0 1583836345
145745599 1420048386 -2888056792 2087108050 -83265205 840591537 1345081 -8275867 162244 -2427316 -681683 -60331 255 -59793 1814 -19 -16945 725 80 240 -41 6 -1907 343 3 0 -10 -9 1 0 0 0 -10 0 2 -7 1 1 -7 10 2 0 0 0 4 0 -2 4 -3 0 0 -1 0 0 2 -2 0 0 0 0 1583836345
-16088947 -15508255 21968321 5128511 -4780913 -7545084 -1236784 -141086 120180 -124590 -42355 -28916 -4161 -26700 -9996 -2789 -3776 -3165 -1019 -609 -222 9 73 -352 -3 -30 -12 -5 2 0 0 2 -2 0 -2 -4 0 -1 0 0 0 0 2 0 0 0 0 0 0 0 0 0 1 0 -1 0 0 0 0 0 1583836345
-16089870 -15508102 21968951 5108658 -5403679 -7555865 -590217 -140117 120551 -122837 -41464 -30191 -4542 -69944 -10795 -3646 -9178 -3097 -986 -648 -226 -129 -78 -304 -2 -26 -13 -4 1 0 0 1 0 0 3 0 0 0 1 0 0 0 0 0 0 0 0 0 0 0 0 0 0 0 0 0 0 0 0 0 1583836345
6041875 180890383 -376235715 291551974 30407594 109240552 18761905 -1219455 124827 -383549 -99715 -32707 -11929 37016 -7017 -2062 1059 -2960 -1303 -746 -149 8 -4202 -525 0 -19 1 -5 1 0 0 1 7 0 -23 -11 -3 -3 20 0 0 0 5 -1 -3 0 2 -2 2 0 0 1 0 0 0 0 0 0 0 0 1583836345
-16089900 -15508502 21969573 5123190 -4913824 -7546675 -2090726 -142442 120537 -126893 -43571 -29763 -3708 11600 -10889 -3568 -8221 -3021 -976 -646 958 -122 133 -332 -2 -26 -11 -4 1 0 0 1 0 0 0 -1 0 -1 1 0 0 0 0 0 0 0 0 0 0 0 0 0 0 0 0 0 0 0 0 0 1583838187
-16090224 -15503335 21950059 5322366 722052 -7448936 -2607105 -142847 120367 -128130 -40704 -28881 -3155 158463 -10828 -3323 -4272 -2950 -1008 -672 -321 -100 123 -425 -2 -25 -8 -4 1 0 0 1 -1 0 -3 -1 0 -1 3 0 0 0 0 0 0 0 0 0 0 0 0 0 0 0 0 0 0 0 0 0 1583838187
-15958973 -14335065 19578221 7065973 1970039 -6739510 949028 -145023 121140 -123455 3117241 -28021 -4844 11455 -9994 -3211 21311 -3458 -1198 -947 -101 -165 -1410 475 -12 -23 -21 -4 1 0 0 0 -8 0 -27 6 -1 -2 5 -3 0 0 -14 0 2 0 -1 0 0 0 0 0 0 0 0 0 0 1 0 0 1583838187
282886380 2347099215 -4700146747 -337630272 89433437 -1046753885 23801891 52593 -2105795 73218 37792 -43804 -11528 99451 10776 -4159 3409 -790 -494 -9 35 -271 -7611 1972 -34 6 -48 1 0 0 0 -1 -36 0 -12 -14 2 2 -21 14 2 0 6 -3 6 1 4 5 -3 0 7 -2 5 0 12 -8 1 1 0 0 1583838187
145745599 1420048386 -2888056792 2087108050 -83265205 840591537 1345081 -8275867 162244 -2427316 -681683 -60331 255 -59793 1814 -19 -16945 725 80 240 -41 6 -1907 343 3 0 -10 -9 1 0 0 0 -10 0 2 -7 1 1 -7 10 2 0 0 0 4 0 -2 4 -3 0 0 -1 0 0 2 -2 0 0 0 0 1583838187
-16088947 -15508255 21968321 5128511 -4780913 -7545084 -1236784 -141086 120180 -124590 -42355 -28916 -4161 -26700 -9996 -2789 -3776 -3165 -1019 -609 -222 9 73 -352 -3 -30 -12 -5 2 0 0 2 -2 0 -2 -4 0 -1 0 0 0 0 2 0 0 0 0 0 0 0 0 0 1 0 -1 0 0 0 0 0 1583838187
-16089870 -15508102 21968951 5108658 -5403679 -7555865 -590217 -140117 120551 -122837 -41464 -30191 -4542 -69944 -10795 -3646 -9178 -3097 -986 -648 -226 -129 -78 -304 -2 -26 -13 -4 1 0 0 1 0 0 3 0 0 0 1 0 0 0 0 0 0 0 0 0 0 0 0 0 0 0 0 0 0 0 0 0 1583838187
6041875 180890383 -376235715 291551974 30407594 109240552 18761905 -1219455 124827 -383549 -99715 -32707 -11929 37016 -7017 -2062 1059 -2960 -1303 -746 -149 8 -4202 -525 0 -19 1 -5 1 0 0 1 7 0 -23 -11 -3 -3 20 0 0 0 5 -1 -3 0 2 -2 2 0 0 1 0 0 0 0 0 0 0 0 1583838187
