-15877200 -15326550 21589866 4818234 -7872436 -7373415 -1821112 -142165 125553 -126264 -43314 -12520 -3963 -65571 -12267 -3641 -7508 -2963 -972 -624 -222 -162 -18 -296 -3 10 -13 -7 1 0 0 1 0 0 0 -1 0 0 0 0 0 0 1 0 0 0 0 0 0 0 0 -1 0 0 0 0 0 0 0 0 1583836345
-16050003 -15477649 21908779 4980852 -7873811 -7556577 -1820979 -142218 121031 -126315 -43327 -26853 -3991 -65485 -9573 -4314 -6789 -646 -972 211 -213 -287 -75 -295 -3 -35 -12 -7 0 0 0 1 -2 0 1 0 0 0 0 0 0 0 1 0 0 0 0 0 0 0 0 0 0 0 1 -1 0 0 0 0 1583836345
-16076473 -15496896 21950311 5006019 -7874182 -7577209 -1821189 -142232 125191 -126335 -43336 -20503 -3981 -65653 -9381 -4647 -7298 236 -968 619 -212 -343 -64 -68 -3 -54 -18 -8 -1 0 0 1 -2 0 0 -1 0 0 0 1 0 0 0 0 0 0 0 0 0 -1 0 0 0 0 0 0 0 0 0 0 1583836345
-16007372 -15438880 21827342 4939673 -7873414 -7508897 -1821087 -142203 124257 -126306 -43326 -20701 -3980 -65526 -11334 -3808 -7302 -2644 -974 -488 -220 -174 -41 -289 -3 -24 -12 -6 1 0 0 1 -1 0 1 0 0 0 0 0 0 0 2 0 0 0 0 0 0 0 0 0 0 0 1 -1 0 0 0 0 1583836345
-14995675 -14562158 19974639 3991113 -7867963 -6456398 -1821044 -141893 136638 -125986 -43241 51832 -3840 -66059 -15881 -2402 -7233 -2102 -947 -786 -218 2015 -45 -260 -2 85 -8 -9 2 0 0 2 -2 -1 0 0 0 -1 0 0 2 0 0 0 1 0 0 0 0 0 0 0 0 0 0 0 0 0 0 0 1583836345
-13658446 -13429137 17575983 2700808 -7862836 -5114841 -1820497 -141320 134205 -125458 -43068 60796 -3806 -66253 -8805 -9255 -6945 -467 -951 230 -210 -414 -68 -305 -2 121 -14 -14 -2 -1 0 2 0 -1 1 -1 0 0 0 1 0 2 0 0 1 -1 0 0 0 0 0 0 0 0 1 -1 0 0 0 0 1583836345
-15879349 -15328887 21594761 4819411 -7872351 -7375866 -1821012 -142162 125550 -126264 -43314 -12580 -3964 -65607 -12109 -3704 -7505 -2721 -971 -529 -221 -176 -36 -240 -3 8 -14 -7 1 0 0 1 -1 0 0 1 0 0 0 0 0 0 0 0 0 0 0 0 0 0 0 0 0 0 0 0 0 0 0 0 1583836345
-15924449 -15367162 21675640 4863144 -7872693 -7424181 -1821221 -142181 124092 -126278 -43317 -18193 -3974 -65529 -11963 -3594 -7446 -3150 -973 -689 -222 -148 -27 -293 -3 -5 -13 -7 1 0 0 1 -1 0 0 -1 0 0 0 0 0 0 1 0 0 0 0 0 0 0 0 0 0 0 1 -1 0 0 0 0 1583836345
-16034251 -15465236 21882313 4968327 -7886323 -7538763 -1819837 -142222 120611 -126310 -43327 -22263 -3984 -65841 -11512 -3700 -7583 -3150 -973 -679 -223 -140 -16 -303 -3 30 -13 -8 2 0 0 1 0 0 1 0 0 0 0 0 0 0 2 0 0 0 0 0 0 0 0 -1 0 0 0 0 0 0 0 0 1583836345
-15944504 -15380908 21702075 4946238 -6178286 -7412347 -1202240 -141103 124971 -124516 -42362 -14821 -4221 -57945 -11769 -3733 -8203 -2699 -980 -510 -227 -166 -11 -253 -2 4 -14 -7 1 0 0 1 -2 0 0 0 0 -1 1 0 0 0 -1 0 0 0 0 0 0 0 0 0 0 0 0 0 0 0 0 0 1583836345
-15880774 -15328467 21594058 4823028 -7890637 -7376751 -1818738 -142171 125534 -126262 -43313 -12635 -3968 -66383 -12253 -3657 -9657 -2922 -957 -590 -232 -158 83 -103 -3 16 445 -7 2 0 0 1 -1 0 1 0 0 0 0 0 0 0 0 0 -1 0 0 0 0 0 -1 0 1 0 0 1 0 0 0 0 1583836345
-15801054 -15263358 21453836 4782437 -6723182 -7282898 -1934655 -142214 122697 -126490 -43407 -18481 -3848 -35028 -12134 -3343 8960 -3384 -1091 -851 -157 -193 216 -341 -6 -8 -9 -6 1 0 0 1 0 0 -14 -7 0 -1 4 0 0 0 -1 0 0 0 0 0 0 0 0 -1 0 0 0 0 0 0 0 0 1583836345
-16043388 -15468548 21890077 4980272 -7746676 -7541187 -1832615 -142233 124882 -126349 -43342 -19228 -3965 -62208 -11227 -3917 -7193 -2464 -974 -418 -221 -183 105 -302 -2 -26 -12 -7 1 0 0 1 -1 0 0 -1 0 -1 1 0 0 0 0 0 0 0 0 0 0 0 0 0 0 0 0 0 0 0 0 0 1583836345
-15221244 -14747224 20350612 4561877 1718357 -6516289 -2697845 -142721 130676 -128088 -44067 39353 -2948 176642 -14162 -4401 -4068 -2721 -998 -727 -328 -149 -475 -476 -3 208 -10 -13 0 -1 0 2 -2 -2 4 -2 0 0 -1 3 1 0 2 0 2 0 0 0 0 3 0 1 -2 0 1 0 0 0 0 0 1583836345
-15650911 -15122976 21151529 4804704 -2246971 -7036979 -2335053 -142500 130087 -127379 -43768 14107 -3375 77350 -13331 -3539 -6080 -1948 -963 -864 -286 -162 -259 -134 -3 32 -19 -5 5 -1 0 1 -5 0 0 -2 0 0 0 2 2 0 1 0 1 0 0 0 0 3 0 0 -2 0 0 2 0 0 0 -1 1583836345
-15758210 -15224171 21372953 4714670 -7525645 -7245418 -1855059 -142140 127305 -126301 -43334 -7438 -3916 -56618 -11961 -3852 -863 -1815 -1018 -207 -190 -260 -402 3 -5 -10 -18 -6 3 0 0 1 -7 0 0 4 0 0 0 0 0 0 0 1 0 0 0 1 -1 0 0 -1 0 0 -2 0 0 0 0 0 1583836345
-16089583 -15505432 21963432 5113645 -5376159 -7553947 -436647 -136346 120541 -122413 -41247 -30211 -4617 -76508 -10756 -3630 4974 -3399 958 -727 -147 -161 -638 -316 -5 -26 -11 -4 1 0 0 1 -4 0 -7 -4 -2 -1 3 3 0 0 0 0 2 0 1 0 0 0 0 -1 0 0 0 0 0 0 0 0 1583836345
-16066425 -15484780 21924988 5002765 -7878275 -7565385 -1822539 -142256 124631 -126345 -43343 -11125 -3963 -65588 -11219 -3984 -5153 -2328 -962 -1084 -210 -145 -163 -297 -3 -23 -14 -5 3 0 0 1 0 0 0 1 0 0 0 0 2 0 0 0 2 0 -1 0 0 0 0 0 0 0 0 0 0 0 0 0 1583836345
8975306 6674246 -24808707 -18382282 3356815 19253125 -2846526 -134647 984364 -121494 -42420 2002896 928 209857 -12219 -76700 20773 134126 -231 40954 166 -9051 -212 -176 13 3657 588 -211 -135 -6 0 20 -6 -55 -20 -13 0 -8 5 6 -3 -30 7 -3 2 -3 0 0 -4 2 0 -1 2 8 5 -5 0 0 0 0 1583836345
-15776376 -15231601 21379717 4949843 -1400773 -7154805 -2414824 -142592 128438 -127593 -43839 -4929 -3313 103226 -12418 -3441 -548 -2353 -1027 -456 -272 -187 392 -406 -3 -16 -11 -7 0 0 0 1 -2 0 -3 -5 0 -1 4 0 0 0 1 0 0 0 0 0 0 0 0 0 0 0 0 0 0 0 0 0 1583836345
-15359806 -14682740 20269737 4250304 -6346989 -6680956 -1959790 -141720 312228 -126583 -43437 50905 -3702 -26413 -10755 -6683 -7853 1715 -934 643 -231 -417 119 -289 4 86 -14 -14 -3 0 0 2 -1 -1 0 0 0 -1 0 0 0 -1 -1 0 0 0 0 0 0 0 0 0 0 0 0 0 0 0 0 0 1583836345
-15961349 -15399386 21743809 4895928 -7891938 -7462306 -1818783 -142186 124226 -126284 -43318 -19173 -3978 -66058 -10991 -3974 -6937 -1817 -975 -174 -216 -228 -75 -283 -3 -27 -13 -7 0 0 0 1 -2 0 1 0 0 0 0 1 0 0 -2 0 0 0 0 0 0 0 0 0 0 0 0 0 0 0 0 0 1583836345
-16065949 -15484111 21924142 4997020 -7889681 -7559128 -1815859 -142231 129676 -126330 -43334 -11148 -3969 -66174 -9465 -4934 -7442 979 -965 898 -211 -388 -56 -290 -2 -58 -12 -8 -2 0 0 1 0 0 1 -1 0 0 1 2 0 0 0 0 0 0 0 0 0 0 0 0 0 0 0 0 0 0 0 0 1583836345
-15829527 -15286797 21505335 4776576 -7790395 -7325644 -1846913 -142183 123936 -126317 -43345 -13277 -3933 -62356 -8883 -5511 23432 -1760 -1192 -254 -67 -335 -1572 -387 -10 -14 -4 -7 0 0 0 1 4 0 -1 3 0 0 0 4 0 0 -2 -3 6 0 -5 1 -1 0 0 0 1 0 0 -2 0 -1 0 0 1583836345
-13296786 -13155199 16989890 2306184 -7855914 -4825739 -1820545 -140962 102926 -125179 -42951 -24793 -3945 -65733 -10824 -4036 -7487 -3065 -964 -661 -220 -301 -42 -229 -3 -46 -13 -6 1 0 0 1 0 0 0 0 0 0 0 1 0 1 -2 0 0 -1 0 0 0 0 0 0 0 0 0 0 0 0 0 0 1583836345
39038102 29429924 -73401745 -48444811 -7005107 48393997 -1870787 -117403 -96280 -104157 -36116 287088 -2589 -56240 361947 -271949 31674 16593 -1000 11500 105 -3483 -1535 -572 -3 -686 21 -17 -41 -1 0 7 9 -5 0 7 0 0 0 0 -14 38 2 0 1 -11 1 0 -3 3 0 -2 0 -4 2 -2 0 0 -1 0 1583836345
-16018324 -15447714 21846173 4950136 -7875025 -7518694 -1820896 -142208 125039 -126312 -43328 -19296 -3977 -65593 -11224 -3908 -6978 -2390 -976 -391 -218 -190 -67 -252 -3 -26 -16 -7 1 0 0 1 -2 0 0 1 0 0 0 0 0 0 0 0 0 0 0 0 0 0 0 0 0 0 0 0 0 0 0 0 1583836345
-16087654 -15492387 21941182 5056104 -7573947 -7581794 -1879443 -136436 120600 -126505 -43414 -30120 -3926 -55990 -10812 -3601 51412 -4662 28065 -193 133 -250 -2988 27 -18 -40 -6 -46 10 0 0 0 -10 0 -7 28 42 0 1 2 0 0 3 -7 2 -1 -8 -3 2 -2 0 -3 -1 0 1 0 0 0 0 -1 1583836345
-16088772 -15500406 21952635 5128977 -4991517 -7539689 597636 -138240 124648 -119570 -39771 -12031 -5132 -117263 -10928 -4037 -9572 -2232 -975 -888 -199 -145 -417 -148 -2 -32 -16 -3 5 0 0 1 1 0 4 1 0 0 1 2 2 0 -1 0 0 0 0 1 -1 -1 0 0 -1 0 0 0 0 0 0 0 1583836345
-4436906 -5698351 1184245 -6111370 -2975663 4034873 -2302446 -137389 24375 -122651 -42209 -15350 -3258 62307 -1893 -10429 85321 -6240 -1591 -2164 174 -892 3425 -738 -20 -118 13 0 1 0 0 0 -9 5 -37 -11 -1 -1 10 4 0 4 -10 0 2 1 3 -4 3 2 -2 -2 0 -3 -1 1 0 0 2 -1 1583836345
-15229453 -8708051 8381152 4103177 -7712222 -10541589 -1850502 -142146 109793 -126173 -43339 110408 -3727 -63435 -19514 -5158 -7156 -4098 -965 -1060 -222 -95 17 -297 -4 -44 -13 -7 0 0 0 1 -1 0 0 -1 0 -1 1 0 0 0 0 0 0 0 0 0 0 0 0 0 0 0 0 0 0 0 0 0 1583836345
3380664 890315 -12791990 -13325591 8546998 11926955 -3306054 -134451 -53858 -121585 -41946 -93652 -2220 355947 -25812 10465 -1344 -3580 -972 -1357 -400 -1178 -490 -606 0 -152 0 -2 1 0 0 2 0 0 4 -8 0 0 -5 -2 -1 2 0 0 -2 0 -2 0 -1 0 0 0 0 -1 0 0 0 0 1 0 1583836345
-16090200 -15505826 21958149 5254268 -1173964 -7482263 -2432975 -142189 120423 -127726 -43879 -29186 -3344 108145 -10852 -3409 -6591 -2969 -209 -624 -305 -104 -140 -378 -2 -25 -12 -5 1 0 0 1 -2 0 0 -2 0 0 -2 -1 0 0 -1 0 0 0 0 0 0 0 0 0 0 0 0 0 0 0 0 0 1583836345
-15997181 -15407268 21717866 5902093 19852956 -7017666 -4360946 -144163 123495 -132113 -45606 -15249 -1260 655175 -11229 -2567 10226 -2429 -1136 -674 -503 -53 -600 -900 -3 -12 4 -5 1 0 0 2 4 0 6 -12 0 0 -6 -5 -1 0 -3 0 -2 0 -4 1 -1 0 0 0 0 0 0 0 0 0 0 0 1583836345
-16089690 -15509236 21972330 5089239 -5885223 -7563322 -1246583 -141181 120932 -124664 -42421 -29079 -4208 -49865 -10756 -3699 -3671 -2950 -1013 -620 -210 -156 257 -272 -3 -28 -14 -4 4 -1 0 1 -6 0 0 -2 0 0 0 1 0 0 0 0 0 0 0 0 0 0 0 -1 0 0 -1 0 0 0 0 0 1583836345
-16067746 -15451266 21771071 6685020 39279288 -6768269 16881282 -109307 119520 -72858 -14533 -27515 -11813 68076 -8856 -2606 632 -3183 -1413 -761 -201 -21 -4279 96 -3 -18 -17 -5 1 0 0 1 -11 0 -13 0 0 0 -6 1 0 0 -3 0 1 0 0 1 0 0 0 -1 0 0 1 0 0 0 0 0 1583836345
-16062077 -15435405 21731399 6817416 43007224 -6702305 19821779 -104410 119505 -64609 -10175 -25483 -13193 14520 -8518 -2628 21002 -3371 -1594 -877 -64 -96 1 -297 -5 -25 5 -5 0 0 0 1 4 0 -16 0 -1 -2 9 0 0 0 -11 0 6 0 0 0 0 2 0 -1 2 0 4 -4 0 1 0 0 1583836345
-15988266 -15405262 21727556 5519959 8843506 -7204728 4715205 -130675 123834 -107609 -33249 -19894 -6677 -11119 -8770 -4062 32333 -518 -1374 177 -27 -403 2207 -164 -10 -65 -2 -6 -1 0 0 1 -5 0 -19 -11 -2 -3 15 0 0 0 0 1 -2 -1 -1 0 0 1 0 -1 0 0 0 0 0 0 0 0 1583836345
17936847 12767668 -38031469 -26645828 26605715 27264300 11778180 -103436 -42384 -73814 -17971 297910 -8599 25398 -71455 22954 734 -2448 -1149 -1455 -166 -2190 -3538 1261 -7 454 -57 -13 0 12 0 -12 -16 25 -5 -9 0 -1 -3 7 1 -5 3 -1 5 -3 8 0 0 -1 0 -3 0 2 -1 0 0 0 0 0 1583836345
-3351204 -4733792 -902526 -6163150 24553815 5625558 11683605 -112923 41235 -82616 -20918 43078 -9382 -2282 -15723 -2534 17861 -4682 -1356 -1487 -86 -797 3673 -278 -3 -101 -7 -2 0 2 0 -1 0 7 -12 0 -1 -2 11 4 0 2 -5 1 2 -2 3 -1 3 -1 -1 1 0 -1 0 0 0 0 0 0 1583836345
-13888304 -13644216 18027465 2907954 -7863313 -5375739 -1814139 -141338 118174 -125474 -43060 25602 -3871 -66302 -14570 -3854 -5928 -2091 -970 -336 -210 -335 -135 -326 -3 157 -15 -11 0 0 0 1 1 1 4 0 0 -1 0 2 0 0 0 -1 -1 0 0 0 0 0 -1 0 0 0 0 0 0 0 0 0 1583836345
-16080497 -15503691 21963904 5009202 -7889720 -7588105 -1822646 -142232 120894 -126333 -43335 -28179 -3989 -65586 -8582 -4677 4223 538 -1051 692 -155 -399 -723 -463 -4 -52 -4 -7 -1 0 0 2 8 0 10 0 0 0 2 11 1 0 -2 -7 -4 0 -1 2 -1 -3 -9 -1 7 0 5 7 0 0 0 0 1583836345
-15828025 -15285626 21502295 4781867 -7837296 -7329751 -1833489 -142192 118513 -126277 -43324 -17121 -3956 -63992 -9461 -2242 8044 -2213 -1038 -1573 -146 1953 -653 -511 -5 9 2 -7 1 -1 0 2 6 -1 5 -4 0 0 1 0 0 0 0 1 2 0 0 0 0 1 0 -2 0 0 -1 0 0 0 0 0 1583836345
-16062809 -15484967 21924766 5000403 -7690432 -7560078 -1851076 -142263 124933 -126408 -43371 -20146 -3943 -59889 -11247 -3827 17409 -3179 -1153 -787 -102 -222 -1145 -439 -8 -21 -7 -5 1 0 0 1 0 0 0 11 0 0 -1 0 0 0 8 -2 0 0 -1 0 0 0 -1 -4 0 0 -3 2 0 0 0 0 1583836345
-12324097 -12340877 15263649 1370711 -7817748 -3861158 -1824414 -140561 90166 -124814 -42855 -9054 -3924 -64798 193387 -146141 -5554 -10471 -1001 -600 -205 718 29 -353 -6 -30 -10 0 7 2 0 -2 1 7 3 0 0 0 1 1 -1 9 -1 0 -1 9 -1 1 1 0 0 0 0 3 0 0 0 0 0 0 1583836345
-15260482 -14805566 20486169 4236624 -7763101 -6749048 -1842829 -141964 121940 -126091 -43272 4995 -3897 -62332 -14638 -2881 15330 -3646 -1133 -1017 -112 -235 -1036 -180 -9 141 -10 -10 2 0 0 2 0 3 0 8 0 -1 0 1 0 -1 -2 -3 -5 0 -1 0 0 0 -1 1 -1 0 0 0 0 0 0 0 1583836345
-6256116 -7202757 4383078 -4438684 -6789018 2239830 -1913225 -138065 70628 -122612 -42143 74255 -3567 -40441 -22233 -1306 -5550 -3381 -944 -947 -219 -704 147 -195 -3 141 -16 -1 5 11 0 -10 0 29 2 -2 0 -1 -1 0 0 -3 0 1 0 1 0 7 8 -1 0 0 -1 -2 0 0 0 0 1 0 1583836345
531271 -1506298 -7693092 -10956385 -4863430 8957802 554962 -130938 -9158 -112871 -37586 33423 -4771 -116014 -33933 8775 -8831 -3907 -936 -1375 -190 -1093 -469 -300 -1 119 -14 1 7 12 0 -10 3 36 5 1 0 -1 1 2 0 -5 0 -1 0 -1 0 9 11 0 0 0 0 1 0 0 0 0 2 -1 1583836345
-11012808 -11230139 12906987 208977 -4821026 -2498808 -2094915 -140190 85066 -124883 -42897 -3983 -3582 12259 -13596 -3124 -8060 -3439 -954 -869 -263 -390 -24 -343 -2 -19 -11 8 9 15 0 -17 0 26 3 -1 0 -1 0 0 0 -3 0 0 0 0 0 1 2 0 0 0 0 -1 0 0 0 0 0 0 1583836345
-16089473 -15504184 21960229 5141970 -4546177 -7537940 -2124296 -139739 120521 -127023 -43602 -29708 -3673 20882 -10890 -3555 -7942 -3126 5953 -386 -252 -115 -37 -342 -2 -31 -11 -18 4 0 0 1 -1 0 2 -1 12 0 0 -1 0 0 0 0 0 0 0 0 0 0 0 0 0 0 0 0 0 0 0 0 1583836345
-9153634 -9591968 9400396 -518006 25781201 -52971 -4898559 -141578 119659 -130650 -45223 79782 -420 805809 -25727 3567 15343 -1395 -1099 -1767 -550 -429 -1272 -1058 -1 -50 13 0 3 1 0 0 0 3 7 -21 2 0 -16 -7 2 -1 -1 -2 -6 -1 -7 2 0 -1 0 -1 1 0 -1 -1 0 0 0 0 1583836345
-13845144 -13601696 17935153 2927998 -5746860 -5296715 -1123587 -140028 124184 -123460 -41969 21895 -4145 -53080 -17853 -1470 -3260 -3153 -1007 -788 -205 -288 -235 -326 -3 8 -14 -7 0 0 0 1 -1 2 -3 -2 0 -1 2 0 0 0 0 0 0 0 0 0 0 0 0 0 0 0 0 0 0 0 0 0 1583836345
-15176671 -14710463 20255224 4798297 10293491 -6350777 5279951 -129377 127813 -105698 -32288 12402 -6863 -7799 -12122 -2701 -3714 -1151 -1055 -2101 -212 -117 -1529 -182 -2 78 -16 -10 0 -1 0 1 -2 -1 -4 0 0 -1 2 0 0 0 -3 1 0 0 1 0 0 -1 0 0 0 0 0 0 0 0 0 0 1583836345
-15439039 -14929208 20709769 5220046 14887091 -6538144 7631172 -125459 125602 -99135 -28761 5984 -7917 -18576 -12367 -3012 5114 -2015 -1228 -335 -154 -242 4058 -281 -2 63 -10 -8 2 -1 0 2 0 -1 -3 1 0 -1 4 3 0 0 -1 2 2 0 2 0 0 0 0 -2 0 0 -1 0 0 0 0 0 1583836345
-15529605 -14972428 20730697 6744682 55372521 -5954176 22967907 -98327 118635 -55217 -5044 -12514 -14263 136367 -10142 -1590 5825 -3373 -1565 -893 -194 -15 -3233 -820 1 18 -5 -5 0 0 0 3 16 -1 -4 -3 -4 -4 25 -3 0 0 -1 2 -1 0 -1 -1 0 0 0 0 0 0 0 0 0 0 0 0 1583836345
-16090819 -15487975 21897811 5723459 11576487 -7264960 5472716 -128294 120027 -105441 -32051 -29386 -6988 10390 -10092 -3203 4167 -3365 379 -739 -179 -118 3687 -267 -3 -38 -9 -5 1 0 0 1 -1 0 -2 1 -1 -1 6 2 0 0 0 0 0 0 -1 1 -1 1 -1 0 0 0 -1 1 0 0 0 0 1583836345
-16085111 -15507424 21971834 5013398 -7893185 -7593077 -1818547 -142228 120892 -126321 -43328 -28992 -3997 -65982 -10254 -3997 -6121 -1966 -982 -230 -213 -213 -120 -325 -3 -33 -10 -6 0 0 0 1 -2 0 3 0 0 0 0 1 0 0 0 0 0 0 0 0 0 0 -1 0 0 0 0 0 0 0 0 0 1583836345
145147974 106868418 -239007346 -151135688 -6182385 161829571 -1813455 -69458 -547088 -60971 -21945 821613 -113 -62151 783503 -600327 9572 -47956 -572 -7077 -32 -4231 -782 -187 9 -1073 15 26 -3 2 0 0 -3 26 0 3 0 0 0 6 3 -20 -5 -2 5 -23 1 2 1 -1 0 -1 -2 -2 -1 0 0 -1 1 0 1583836345
-8083217 -8776721 7711419 -2737945 -7625507 329497 -1855861 -138660 47416 -123097 -42274 -35119 -3836 -59929 -23983 5583 31008 -3888 -1224 -1348 -33 -720 -2029 -89 -13 -74 -7 -1 2 1 0 -1 -8 2 -3 21 0 0 -4 5 0 0 -2 -5 -2 -1 -3 -1 1 -1 -1 0 -1 0 -2 0 0 0 0 0 1583836345
101314311 83585876 -187891532 -108772897 -6597388 109249012 -1846925 -89767 -531676 -78660 -27713 626951 -1000 -64383 -230317 111260 6906 -11078 -591 -7145 -106 -7001 -992 -212 10 -794 -1 18 -10 16 0 -14 -1 39 -1 11 0 -1 -1 2 -1 -2 6 -3 0 -12 0 -4 -3 0 0 2 2 0 -2 0 0 0 1 0 1583836345
-15967395 -15404613 21754731 4903443 -7812157 -7468144 -1827836 -142192 124026 -126306 -43327 -21036 -3972 -63947 -11613 -3653 -5272 -3036 -990 -647 -212 -160 -126 -151 -4 -25 -15 -6 1 0 0 1 -1 0 0 0 0 -1 1 0 0 0 1 1 0 0 0 0 0 -1 0 0 -1 0 0 0 0 0 0 0 1583836345
-12306508 -12300535 15182479 1373515 -7121890 -3806991 -1887806 -140594 113015 -124973 -42905 900 -3824 -47362 37051 -34555 -5152 15661 -917 6477 -164 -1332 -231 -102 -2 -171 -16 -11 -11 0 0 1 -3 1 0 2 0 0 -2 0 -6 3 0 1 0 6 0 0 -2 0 0 0 0 0 -1 0 0 0 0 0 1583836345
26823474 20375594 -54079835 -36416977 -2864327 35276880 -2247863 -123310 -179714 -109758 -37981 113015 -2677 53835 369814 -273838 5115 -14022 -944 248 -171 -754 -146 -362 -7 -324 2 20 10 16 0 -17 0 38 -11 -5 0 0 3 1 -3 6 -2 0 0 5 -1 1 1 0 0 -1 0 -4 0 0 0 0 1 0 1583836345
-6616467 -7541428 5095069 -4166973 -7786117 1784012 -1820799 -137961 37448 -122410 -42041 -24368 -3847 -65467 48270 -45100 -6299 -5880 -957 -941 -210 -332 -86 -321 -3 -84 -6 -2 3 0 0 0 -1 5 3 0 0 0 0 1 0 4 0 1 0 1 0 0 0 0 0 0 1 0 -1 0 0 0 0 0 1583836345
-6609381 -7532803 5071850 -4060774 -4561077 1846783 -2114761 -138180 37475 -123070 -42293 -27741 -3532 17737 -22796 4383 -7919 -3412 -940 -1023 -263 -673 -77 -312 -2 -87 -13 -2 2 1 0 0 -2 5 0 -1 0 0 -1 0 0 0 -1 0 0 -1 0 0 0 0 0 0 0 -1 0 0 0 0 0 0 1583836345
-15790082 -15220573 21338573 5420019 11920832 -6930952 -3635093 -143510 139067 -130401 -44946 -2593 -2016 445930 -12669 -2722 9963 -2875 -1124 -796 -398 -93 -1194 -519 -5 63 -9 -4 5 0 0 0 -12 0 -13 -16 1 0 -10 -1 0 0 -4 -3 -3 0 -4 1 2 0 0 0 1 0 0 0 0 0 0 0 1583836345
46097023 35475475 -86206805 -54978343 -778293 55530648 113947 -111012 -141651 -95661 -32103 458838 -2923 -18090 -10133 -29713 2330 -6625 -824 -2134 -149 -3448 -107 136 2 -464 -16 31 4 37 0 -39 0 80 -1 0 0 -1 3 2 -3 -1 -4 2 3 2 0 6 5 0 1 -1 0 0 0 0 0 0 3 -1 1583836345
-5138823 -6263392 2338035 -4538634 21756021 3759267 9012975 -118086 27817 -90743 -25049 -17175 -8227 60592 -11209 -2425 -2648 -2341 -1191 -522 -224 -734 -2680 -210 -2 -94 -9 3 3 8 0 -8 -4 17 -7 -6 0 0 -4 -1 -1 1 0 0 -3 -1 0 1 1 -1 0 0 0 -3 0 0 0 0 0 0 1583836345
12982787 8979865 -29907115 -23059262 -4206965 21260165 -410351 -126613 -115993 -110268 -37174 -37012 -4152 -59516 -52430 25033 -6507 -3848 -901 -1730 -202 -1871 -436 1277 -8 -128 -50 2 4 8 0 -7 -10 20 5 -6 -1 -1 5 0 0 -1 0 -2 0 -3 1 1 1 0 -3 0 -1 0 -1 -1 0 0 -1 0 1583836345
1893148 -364498 -10113224 -12305598 -4110279 10266728 -533219 -131775 -29531 -115188 -38877 -40700 -4272 -49160 127050 -98650 2826 -9240 -1031 -1218 -163 -391 -799 243 -8 -125 -21 2 5 3 0 -3 -9 11 -4 3 0 0 -1 2 0 0 0 3 1 2 2 2 0 -2 0 -1 -2 -1 -1 1 0 0 1 0 1583836345
340503606 275563015 -595822550 -340919436 614294 352288982 -221900 23265 -2266755 25253 7743 113628 980 -26918 1528994 -1077292 -11226 -55625 170 -1311 40 -12567 -65 -230 22 -2617 50 32 -34 -30 0 36 -2 -64 -4 -2 0 0 -1 1 -5 -4 -1 0 2 -41 7 0 -1 0 0 0 0 -9 0 0 0 0 1 0 1583836345
17166437 12534474 -37480543 -26195245 22149917 25852940 9817636 -106613 -142281 -79272 -20833 -41799 -8353 20568 -63787 34585 8286 -3798 -1199 -1999 -143 -2123 -3568 -256 -1 -244 -4 1 0 1 0 -1 -23 2 -9 -2 0 0 -5 3 0 0 0 0 -1 -4 -1 -3 0 -1 0 0 -2 0 0 1 0 0 1 3 1583836345
105282962 70660723 -162688876 -112388160 3078650 123500224 1862405 -79465 -427922 -65825 -21043 -119306 -3826 -21585 502043 -353452 -3697 -18991 -692 -431 -114 -4633 -949 22 16 -926 3 8 -9 -10 0 13 -3 -19 -6 1 0 0 1 2 -4 10 0 2 0 0 3 0 -1 -1 0 0 0 2 0 0 0 1 -3 1 1583836345
-6840572 -7724462 5483924 -3965571 -7789325 1547952 -1816954 -137990 40584 -122460 -42040 -54841 -3899 -65536 -317 -9883 -7083 -3928 -947 -905 -216 -587 -67 -311 -2 -87 -11 -5 1 -1 0 2 -1 0 3 0 0 0 0 1 0 3 0 0 0 2 0 0 0 0 0 0 0 0 0 0 0 0 0 0 1583836345
2502608 141865 -11180853 -13033483 -7521316 10789408 -1849162 -133750 -40752 -118642 -40777 -83228 -3762 -60019 -33919 14780 16522 -3549 -1082 -1406 -98 -1329 -1379 57 -8 -149 -15 -3 0 -1 0 1 -9 -1 -4 17 0 0 -3 0 0 2 0 -3 1 -4 -4 -2 1 -3 0 -2 -3 0 0 0 0 0 -1 0 1583836345
15121166 10837349 -33821287 -25278760 -7546058 23413333 -1825773 -128093 -59016 -113558 -39120 58622 -3353 -65002 -37411 9384 -4925 -5532 -873 -2103 -197 -1851 -205 -306 1 -254 -8 -3 -2 -1 0 3 -1 -2 1 1 0 0 0 0 -1 7 3 0 0 -1 0 0 0 0 0 2 1 -3 -1 0 0 0 0 0 1583836345
-3480607 -4891578 -527463 -7006649 -1405892 4977366 -2400830 -136901 9502 -122389 -42096 -67788 -3250 98545 -13503 158 -5811 -3791 -952 -1114 -293 -789 -246 -410 -1 -106 -7 -4 1 -1 0 2 -3 -1 0 -4 0 0 -1 0 0 3 0 0 -1 0 0 0 0 0 0 0 0 -1 0 0 0 0 1 0 1583836345
-6839776 -7712331 5455027 -3844325 -4374834 1625362 -2131905 -138253 51140 -123207 -42336 -34787 -3529 22893 -21116 3673 -7334 -3086 -945 -885 -262 -676 -99 -332 -1 -92 -8 -5 0 0 0 2 -3 0 0 -2 0 0 0 0 0 2 0 0 0 -1 0 0 0 0 0 0 0 -1 0 0 0 0 0 0 1583836345
-10316574 -10634215 11638799 -317401 -190145 -1735226 -2518873 -140157 82863 -125558 -43181 -16179 -3146 132190 35049 -35557 -3727 -3282 -992 -187 -296 -276 -268 -418 -3 -74 -7 -5 0 0 0 1 -4 0 -3 -5 0 0 -2 0 -1 6 0 0 -1 2 -1 0 0 0 0 0 0 0 0 0 0 0 0 0 1583836345
28651518 16076455 -45730310 -38216263 -4597434 41118883 -2066032 -122038 38788 -108835 -37612 238869 -2563 6863 -90196 36335 -7978 -6260 -789 -3107 -244 -2742 -134 -224 10 -378 -10 0 -5 1 0 0 -3 3 0 0 0 0 0 1 0 3 0 0 1 -3 1 -1 0 0 0 1 -1 -4 0 0 0 0 0 0 1583836345
3534791 1007900 -13017880 -14008264 -6702177 11814622 -1431915 -132551 -54950 -117010 -39989 -97976 -3966 -62076 -41996 20980 -5365 -3510 -928 -1433 -205 -1339 -240 -155 -2 -156 -13 -2 1 -1 0 2 -3 0 -1 0 0 0 0 2 0 0 -1 0 2 -1 3 -1 1 0 0 0 0 0 0 0 0 0 0 0 1583836345
-14274266 -13878569 18540125 3344695 -5867913 -5612086 -1001812 -140123 210049 -123492 -41946 127635 -4047 -62311 -20347 -4661 -9132 -207 -954 380 -219 -419 -162 294 -3 259 -34 -19 -3 -1 0 2 -4 -3 3 0 0 -1 1 -1 0 -1 1 0 0 0 0 0 0 0 0 -1 0 0 0 0 0 0 0 0 1583836345
-15719990 -15195998 21312950 4663841 -7883614 -7221350 -1819975 -142086 122476 -126191 -43289 -16406 -3969 -65918 -10736 -4082 -6756 -664 -972 252 -212 -312 -90 -219 -3 -15 -15 -8 0 0 0 1 -2 0 1 1 0 0 0 0 0 0 0 0 0 0 0 0 0 0 0 0 0 0 0 0 0 0 0 0 1583836345
-15962397 -15397424 21740308 4898325 -7834393 -7456335 -1827299 -142197 128332 -126316 -43334 -11985 -3956 -64530 -11780 -3891 -1383 -2547 -1016 -476 -191 -204 -321 -84 -5 -27 -17 -7 0 0 0 1 -3 0 3 0 0 0 0 0 0 0 1 0 -2 0 0 0 0 0 1 0 0 0 0 0 0 0 0 0 1583836345
-15857383 -15293015 21522678 4788274 -7885572 -7340237 -1819963 -142128 141748 -126273 -43317 -5375 -3953 -66107 -12670 -3720 -7046 -2936 -975 -608 -219 -167 -67 -42 -3 33 -22 -8 1 0 0 1 -3 0 2 0 0 0 0 0 0 0 0 0 -1 0 0 0 0 0 1 0 0 0 0 0 0 0 0 0 1583836345
-13812091 -13591427 17913354 2808063 -7823087 -5339600 -1823719 -141197 104151 -125392 -43020 -29429 -3957 -64692 -14457 -1303 -7233 -3068 -967 -716 -221 -283 8 -304 -2 -40 -12 -6 1 0 0 1 -1 0 0 -1 0 -1 1 0 0 0 0 0 0 0 0 0 0 0 0 0 0 0 0 0 0 0 0 0 1583836345
-15887392 -15335401 21608215 4834299 -7725316 -7382396 -1834476 -142182 124446 -126297 -43326 -14443 -3953 -61778 -12067 -3619 -7107 -2918 -972 -703 -222 -157 -49 -191 -3 16 -16 -8 1 0 0 1 -2 0 1 0 0 0 0 0 0 0 1 1 0 0 0 1 -1 0 0 0 0 0 0 0 0 0 0 0 1583836345
-16090197 -15502846 21949447 5293327 -241916 -7467192 339068 -138214 120392 -120065 -39903 -29722 -4791 -3127 -10622 -3461 5824 -3356 599 -749 -179 -140 -1357 -367 -5 -24 -8 -5 1 0 0 0 -23 0 2 -3 0 0 -2 3 0 0 -3 2 -2 0 -3 0 0 1 0 -2 0 0 -1 0 0 0 0 0 1583836345
-15877200 -15326550 21589866 4818234 -7872436 -7373415 -1821112 -142165 125553 -126264 -43314 -12520 -3963 -65571 -12267 -3641 -7508 -2963 -972 -624 -222 -162 -18 -296 -3 10 -13 -7 1 0 0 1 0 0 0 -1 0 0 0 0 0 0 1 0 0 0 0 0 0 0 0 -1 0 0 0 0 0 0 0 0 1583838187
-16050003 -15477649 21908779 4980852 -7873811 -7556577 -1820979 -142218 121031 -126315 -43327 -26853 -3991 -65485 -9573 -4314 -6789 -646 -972 211 -213 -287 -75 -295 -3 -35 -12 -7 0 0 0 1 -2 0 1 0 0 0 0 0 0 0 1 0 0 0 0 0 0 0 0 0 0 0 1 -1 0 0 0 0 1583838187
-16076473 -15496896 21950311 5006019 -7874182 -7577209 -1821189 -142232 125191 -126335 -43336 -20503 -3981 -65653 -9381 -4647 -7298 236 -968 619 -212 -343 -64 -68 -3 -54 -18 -8 -1 0 0 1 -2 0 0 -1 0 0 0 1 0 0 0 0 0 0 0 0 0 -1 0 0 0 0 0 0 0 0 0 0 1583838187
-16007372 -15438880 21827342 4939673 -7873414 -7508897 -1821087 -142203 124257 -126306 -43326 -20701 -3980 -65526 -11334 -3808 -7302 -2644 -974 -488 -220 -174 -41 -289 -3 -24 -12 -6 1 0 0 1 -1 0 1 0 0 0 0 0 0 0 2 0 0 0 0 0 0 0 0 0 0 0 1 -1 0 0 0 0 1583838187
-14995675 -14562158 19974639 3991113 -7867963 -6456398 -1821044 -141893 136638 -125986 -43241 51832 -3840 -66059 -15881 -2402 -7233 -2102 -947 -786 -218 2015 -45 -260 -2 85 -8 -9 2 0 0 2 -2 -1 0 0 0 -1 0 0 2 0 0 0 1 0 0 0 0 0 0 0 0 0 0 0 0 0 0 0 1583838187
-13658446 -13429137 17575983 2700808 -7862836 -5114841 -1820497 -141320 134205 -125458 -43068 60796 -3806 -66253 -8805 -9255 -6945 -467 -951 230 -210 -414 -68 -305 -2 121 -14 -14 -2 -1 0 2 0 -1 1 -1 0 0 0 1 0 2 0 0 1 -1 0 0 0 0 0 0 0 0 1 -1 0 0 0 0 1583838187
-15879349 -15328887 21594761 4819411 -7872351 -7375866 -1821012 -142162 125550 -126264 -43314 -12580 -3964 -65607 -12109 -3704 -7505 -2721 -971 -529 -221 -176 -36 -240 -3 8 -14 -7 1 0 0 1 -1 0 0 1 0 0 0 0 0 0 0 0 0 0 0 0 0 0 0 0 0 0 0 0 0 0 0 0 1583838187
-15924449 -15367162 21675640 4863144 -7872693 -7424181 -1821221 -142181 124092 -126278 -43317 -18193 -3974 -65529 -11963 -3594 -7446 -3150 -973 -689 -222 -148 -27 -293 -3 -5 -13 -7 1 0 0 1 -1 0 0 -1 0 0 0 0 0 0 1 0 0 0 0 0 0 0 0 0 0 0 1 -1 0 0 0 0 1583838187
-16034251 -15465236 21882313 4968327 -7886323 -7538763 -1819837 -142222 120611 -126310 -43327 -22263 -3984 -65841 -11512 -3700 -7583 -3150 -973 -679 -223 -140 -16 -303 -3 30 -13 -8 2 0 0 1 0 0 1 0 0 0 0 0 0 0 2 0 0 0 0 0 0 0 0 -1 0 0 0 0 0 0 0 0 1583838187
-15944504 -15380908 21702075 4946238 -6178286 -7412347 -1202240 -141103 124971 -124516 -42362 -14821 -4221 -57945 -11769 -3733 -8203 -2699 -980 -510 -227 -166 -11 -253 -2 4 -14 -7 1 0 0 1 -2 0 0 0 0 -1 1 0 0 0 -1 0 0 0 0 0 0 0 0 0 0 0 0 0 0 0 0 0 1583838187
-15880774 -15328467 21594058 4823028 -7890637 -7376751 -1818738 -142171 125534 -126262 -43313 -12635 -3968 -66383 -12253 -3657 -9657 -2922 -957 -590 -232 -158 83 -103 -3 16 445 -7 2 0 0 1 -1 0 1 0 0 0 0 0 0 0 0 0 -1 0 0 0 0 0 -1 0 1 0 0 1 0 0 0 0 1583838187
-15801054 -15263358 21453836 4782437 -6723182 -7282898 -1934655 -142214 122697 -126490 -43407 -18481 -3848 -35028 -12134 -3343 8960 -3384 -1091 -851 -157 -193 216 -341 -6 -8 -9 -6 1 0 0 1 0 0 -14 -7 0 -1 4 0 0 0 -1 0 0 0 0 0 0 0 0 -1 0 0 0 0 0 0 0 0 1583838187
-16043388 -15468548 21890077 4980272 -7746676 -7541187 -1832615 -142233 124882 -126349 -43342 -19228 -3965 -62208 -11227 -3917 -7193 -2464 -974 -418 -221 -183 105 -302 -2 -26 -12 -7 1 0 0 1 -1 0 0 -1 0 -1 1 0 0 0 0 0 0 0 0 0 0 0 0 0 0 0 0 0 0 0 0 0 1583838187
-15221244 -14747224 20350612 4561877 1718357 -6516289 -2697845 -142721 130676 -128088 -44067 39353 -2948 176642 -14162 -4401 -4068 -2721 -998 -727 -328 -149 -475 -476 -3 208 -10 -13 0 -1 0 2 -2 -2 4 -2 0 0 -1 3 1 0 2 0 2 0 0 0 0 3 0 1 -2 0 1 0 0 0 0 0 1583838187
-15650911 -15122976 21151529 4804704 -2246971 -7036979 -2335053 -142500 130087 -127379 -43768 14107 -3375 77350 -13331 -3539 -6080 -1948 -963 -864 -286 -162 -259 -134 -3 32 -19 -5 5 -1 0 1 -5 0 0 -2 0 0 0 2 2 0 1 0 1 0 0 0 0 3 0 0 -2 0 0 2 0 0 0 -1 1583838187
-15758210 -15224171 21372953 4714670 -7525645 -7245418 -1855059 -142140 127305 -126301 -43334 -7438 -3916 -56618 -11961 -3852 -863 -1815 -1018 -207 -190 -260 -402 3 -5 -10 -18 -6 3 0 0 1 -7 0 0 4 0 0 0 0 0 0 0 1 0 0 0 1 -1 0 0 -1 0 0 -2 0 0 0 0 0 1583838187
-16089583 -15505432 21963432 5113645 -5376159 -7553947 -436647 -136346 120541 -122413 -41247 -30211 -4617 -76508 -10756 -3630 4974 -3399 958 -727 -147 -161 -638 -316 -5 -26 -11 -4 1 0 0 1 -4 0 -7 -4 -2 -1 3 3 0 0 0 0 2 0 1 0 0 0 0 -1 0 0 0 0 0 0 0 0 1583838187
-16066425 -15484780 21924988 5002765 -7878275 -7565385 -1822539 -142256 124631 -126345 -43343 -11125 -3963 -65588 -11219 -3984 -5153 -2328 -962 -1084 -210 -145 -163 -297 -3 -23 -14 -5 3 0 0 1 0 0 0 1 0 0 0 0 2 0 0 0 2 0 -1 0 0 0 0 0 0 0 0 0 0 0 0 0 1583838187
8975306 6674246 -24808707 -18382282 3356815 19253125 -2846526 -134647 984364 -121494 -42420 2002896 928 209857 -12219 -76700 20773 134126 -231 40954 166 -9051 -212 -176 13 3657 588 -211 -135 -6 0 20 -6 -55 -20 -13 0 -8 5 6 -3 -30 7 -3 2 -3 0 0 -4 2 0 -1 2 8 5 -5 0 0 0 0 1583838187
-15776376 -15231601 21379717 4949843 -1400773 -7154805 -2414824 -142592 128438 -127593 -43839 -4929 -3313 103226 -12418 -3441 -548 -2353 -1027 -456 -272 -187 392 -406 -3 -16 -11 -7 0 0 0 1 -2 0 -3 -5 0 -1 4 0 0 0 1 0 0 0 0 0 0 0 0 0 0 0 0 0 0 0 0 0 1583838187
-15359806 -14682740 20269737 4250304 -6346989 -6680956 -1959790 -141720 312228 -126583 -43437 50905 -3702 -26413 -10755 -6683 -7853 1715 -934 643 -231 -417 119 -289 4 86 -14 -14 -3 0 0 2 -1 -1 0 0 0 -1 0 0 0 -1 -1 0 0 0 0 0 0 0 0 0 0 0 0 0 0 0 0 0 1583838187
-15961349 -15399386 21743809 4895928 -7891938 -7462306 -1818783 -142186 124226 -126284 -43318 -19173 -3978 -66058 -10991 -3974 -6937 -1817 -975 -174 -216 -228 -75 -283 -3 -27 -13 -7 0 0 0 1 -2 0 1 0 0 0 0 1 0 0 -2 0 0 0 0 0 0 0 0 0 0 0 0 0 0 0 0 0 1583838187
-16065949 -15484111 21924142 4997020 -7889681 -7559128 -1815859 -142231 129676 -126330 -43334 -11148 -3969 -66174 -9465 -4934 -7442 979 -965 898 -211 -388 -56 -290 -2 -58 -12 -8 -2 0 0 1 0 0 1 -1 0 0 1 2 0 0 0 0 0 0 0 0 0 0 0 0 0 0 0 0 0 0 0 0 1583838187
-15829527 -15286797 21505335 4776576 -7790395 -7325644 -1846913 -142183 123936 -126317 -43345 -13277 -3933 -62356 -8883 -5511 23432 -1760 -1192 -254 -67 -335 -1572 -387 -10 -14 -4 -7 0 0 0 1 4 0 -1 3 0 0 0 4 0 0 -2 -3 6 0 -5 1 -1 0 0 0 1 0 0 -2 0 -1 0 0 1583838187
-13296786 -13155199 16989890 2306184 -7855914 -4825739 -1820545 -140962 102926 -125179 -42951 -24793 -3945 -65733 -10824 -4036 -7487 -3065 -964 -661 -220 -301 -42 -229 -3 -46 -13 -6 1 0 0 1 0 0 0 0 0 0 0 1 0 1 -2 0 0 -1 0 0 0 0 0 0 0 0 0 0 0 0 0 0 1583838187
39038102 29429924 -73401745 -48444811 -7005107 48393997 -1870787 -117403 -96280 -104157 -36116 287088 -2589 -56240 361947 -271949 31674 16593 -1000 11500 105 -3483 -1535 -572 -3 -686 21 -17 -41 -1 0 7 9 -5 0 7 0 0 0 0 -14 38 2 0 1 -11 1 0 -3 3 0 -2 0 -4 2 -2 0 0 -1 0 1583838187
-16018324 -15447714 21846173 4950136 -7875025 -7518694 -1820896 -142208 125039 -126312 -43328 -19296 -3977 -65593 -11224 -3908 -6978 -2390 -976 -391 -218 -190 -67 -252 -3 -26 -16 -7 1 0 0 1 -2 0 0 1 0 0 0 0 0 0 0 0 0 0 0 0 0 0 0 0 0 0 0 0 0 0 0 0 1583838187
-16087654 -15492387 21941182 5056104 -7573947 -7581794 -1879443 -136436 120600 -126505 -43414 -30120 -3926 -55990 -10812 -3601 51412 -4662 28065 -193 133 -250 -2988 27 -18 -40 -6 -46 10 0 0 0 -10 0 -7 28 42 0 1 2 0 0 3 -7 2 -1 -8 -3 2 -2 0 -3 -1 0 1 0 0 0 0 -1 1583838187
-16088772 -15500406 21952635 5128977 -4991517 -7539689 597636 -138240 124648 -119570 -39771 -12031 -5132 -117263 -10928 -4037 -9572 -2232 -975 -888 -199 -145 -417 -148 -2 -32 -16 -3 5 0 0 1 1 0 4 1 0 0 1 2 2 0 -1 0 0 0 0 1 -1 -1 0 0 -1 0 0 0 0 0 0 0 1583838187
-4436906 -5698351 1184245 -6111370 -2975663 4034873 -2302446 -137389 24375 -122651 -42209 -15350 -3258 62307 -1893 -10429 85321 -6240 -1591 -2164 174 -892 3425 -738 -20 -118 13 0 1 0 0 0 -9 5 -37 -11 -1 -1 10 4 0 4 -10 0 2 1 3 -4 3 2 -2 -2 0 -3 -1 1 0 0 2 -1 1583838187
-15229453 -8708051 8381152 4103177 -7712222 -10541589 -1850502 -142146 109793 -126173 -43339 110408 -3727 -63435 -19514 -5158 -7156 -4098 -965 -1060 -222 -95 17 -297 -4 -44 -13 -7 0 0 0 1 -1 0 0 -1 0 -1 1 0 0 0 0 0 0 0 0 0 0 0 0 0 0 0 0 0 0 0 0 0 1583838187
3380664 890315 -12791990 -13325591 8546998 11926955 -3306054 -134451 -53858 -121585 -41946 -93652 -2220 355947 -25812 10465 -1344 -3580 -972 -1357 -400 -1178 -490 -606 0 -152 0 -2 1 0 0 2 0 0 4 -8 0 0 -5 -2 -1 2 0 0 -2 0 -2 0 -1 0 0 0 0 -1 0 0 0 0 1 0 1583838187
-16090200 -15505826 21958149 5254268 -1173964 -7482263 -2432975 -142189 120423 -127726 -43879 -29186 -3344 108145 -10852 -3409 -6591 -2969 -209 -624 -305 -104 -140 -378 -2 -25 -12 -5 1 0 0 1 -2 0 0 -2 0 0 -2 -1 0 0 -1 0 0 0 0 0 0 0 0 0 0 0 0 0 0 0 0 0 1583838187
-15997181 -15407268 21717866 5902093 19852956 -7017666 -4360946 -144163 123495 -132113 -45606 -15249 -1260 655175 -11229 -2567 10226 -2429 -1136 -674 -503 -53 -600 -900 -3 -12 4 -5 1 0 0 2 4 0 6 -12 0 0 -6 -5 -1 0 -3 0 -2 0 -4 1 -1 0 0 0 0 0 0 0 0 0 0 0 1583838187
-16089690 -15509236 21972330 5089239 -5885223 -7563322 -1246583 -141181 120932 -124664 -42421 -29079 -4208 -49865 -10756 -3699 -3671 -2950 -1013 -620 -210 -156 257 -272 -3 -28 -14 -4 4 -1 0 1 -6 0 0 -2 0 0 0 1 0 0 0 0 0 0 0 0 0 0 0 -1 0 0 -1 0 0 0 0 0 1583838187
-16067746 -15451266 21771071 6685020 39279288 -6768269 16881282 -109307 119520 -72858 -14533 -27515 -11813 68076 -8856 -2606 632 -3183 -1413 -761 -201 -21 -4279 96 -3 -18 -17 -5 1 0 0 1 -11 0 -13 0 0 0 -6 1 0 0 -3 0 1 0 0 1 0 0 0 -1 0 0 1 0 0 0 0 0 1583838187
-16062077 -15435405 21731399 6817416 43007224 -6702305 19821779 -104410 119505 -64609 -10175 -25483 -13193 14520 -8518 -2628 21002 -3371 -1594 -877 -64 -96 1 -297 -5 -25 5 -5 0 0 0 1 4 0 -16 0 -1 -2 9 0 0 0 -11 0 6 0 0 0 0 2 0 -1 2 0 4 -4 0 1 0 0 1583838187
-15988266 -15405262 21727556 5519959 8843506 -7204728 4715205 -130675 123834 -107609 -33249 -19894 -6677 -11119 -8770 -4062 32333 -518 -1374 177 -27 -403 2207 -164 -10 -65 -2 -6 -1 0 0 1 -5 0 -19 -11 -2 -3 15 0 0 0 0 1 -2 -1 -1 0 0 1 0 -1 0 0 0 0 0 0 0 0 1583838187
17936847 12767668 -38031469 -26645828 26605715 27264300 11778180 -103436 -42384 -73814 -17971 297910 -8599 25398 -71455 22954 734 -2448 -1149 -1455 -166 -2190 -3538 1261 -7 454 -57 -13 0 12 0 -12 -16 25 -5 -9 0 -1 -3 7 1 -5 3 -1 5 -3 8 0 0 -1 0 -3 0 2 -1 0 0 0 0 0 1583838187
-3351204 -4733792 -902526 -6163150 24553815 5625558 11683605 -112923 41235 -82616 -20918 43078 -9382 -2282 -15723 -2534 17861 -4682 -1356 -1487 -86 -797 3673 -278 -3 -101 -7 -2 0 2 0 -1 0 7 -12 0 -1 -2 11 4 0 2 -5 1 2 -2 3 -1 3 -1 -1 1 0 -1 0 0 0 0 0 0 1583838187
-13888304 -13644216 18027465 2907954 -7863313 -5375739 -1814139 -141338 118174 -125474 -43060 25602 -3871 -66302 -14570 -3854 -5928 -2091 -970 -336 -210 -335 -135 -326 -3 157 -15 -11 0 0 0 1 1 1 4 0 0 -1 0 2 0 0 0 -1 -1 0 0 0 0 0 -1 0 0 0 0 0 0 0 0 0 1583838187
-16080497 -15503691 21963904 5009202 -7889720 -7588105 -1822646 -142232 120894 -126333 -43335 -28179 -3989 -65586 -8582 -4677 4223 538 -1051 692 -155 -399 -723 -463 -4 -52 -4 -7 -1 0 0 2 8 0 10 0 0 0 2 11 1 0 -2 -7 -4 0 -1 2 -1 -3 -9 -1 7 0 5 7 0 0 0 0 1583838187
-15828025 -15285626 21502295 4781867 -7837296 -7329751 -1833489 -142192 118513 -126277 -43324 -17121 -3956 -63992 -9461 -2242 8044 -2213 -1038 -1573 -146 1953 -653 -511 -5 9 2 -7 1 -1 0 2 6 -1 5 -4 0 0 1 0 0 0 0 1 2 0 0 0 0 1 0 -2 0 0 -1 0 0 0 0 0 1583838187
-16062809 -15484967 21924766 5000403 -7690432 -7560078 -1851076 -142263 124933 -126408 -43371 -20146 -3943 -59889 -11247 -3827 17409 -3179 -1153 -787 -102 -222 -1145 -439 -8 -21 -7 -5 1 0 0 1 0 0 0 11 0 0 -1 0 0 0 8 -2 0 0 -1 0 0 0 -1 -4 0 0 -3 2 0 0 0 0 1583838187
-12324097 -12340877 15263649 1370711 -7817748 -3861158 -1824414 -140561 90166 -124814 -42855 -9054 -3924 -64798 193387 -146141 -5554 -10471 -1001 -600 -205 718 29 -353 -6 -30 -10 0 7 2 0 -2 1 7 3 0 0 0 1 1 -1 9 -1 0 -1 9 -1 1 1 0 0 0 0 3 0 0 0 0 0 0 1583838187
-15260482 -14805566 20486169 4236624 -7763101 -6749048 -1842829 -141964 121940 -126091 -43272 4995 -3897 -62332 -14638 -2881 15330 -3646 -1133 -1017 -112 -235 -1036 -180 -9 141 -10 -10 2 0 0 2 0 3 0 8 0 -1 0 1 0 -1 -2 -3 -5 0 -1 0 0 0 -1 1 -1 0 0 0 0 0 0 0 1583838187
-6256116 -7202757 4383078 -4438684 -6789018 2239830 -1913225 -138065 70628 -122612 -42143 74255 -3567 -40441 -22233 -1306 -5550 -3381 -944 -947 -219 -704 147 -195 -3 141 -16 -1 5 11 0 -10 0 29 2 -2 0 -1 -1 0 0 -3 0 1 0 1 0 7 8 -1 0 0 -1 -2 0 0 0 0 1 0 1583838187
531271 -1506298 -7693092 -10956385 -4863430 8957802 554962 -130938 -9158 -112871 -37586 33423 -4771 -116014 -33933 8775 -8831 -3907 -936 -1375 -190 -1093 -469 -300 -1 119 -14 1 7 12 0 -10 3 36 5 1 0 -1 1 2 0 -5 0 -1 0 -1 0 9 11 0 0 0 0 1 0 0 0 0 2 -1 1583838187
-11012808 -11230139 12906987 208977 -4821026 -2498808 -2094915 -140190 85066 -124883 -42897 -3983 -3582 12259 -13596 -3124 -8060 -3439 -954 -869 -263 -390 -24 -343 -2 -19 -11 8 9 15 0 -17 0 26 3 -1 0 -1 0 0 0 -3 0 0 0 0 0 1 2 0 0 0 0 -1 0 0 0 0 0 0 1583838187
-16089473 -15504184 21960229 5141970 -4546177 -7537940 -2124296 -139739 120521 -127023 -43602 -29708 -3673 20882 -10890 -3555 -7942 -3126 5953 -386 -252 -115 -37 -342 -2 -31 -11 -18 4 0 0 1 -1 0 2 -1 12 0 0 -1 0 0 0 0 0 0 0 0 0 0 0 0 0 0 0 0 0 0 0 0 1583838187
-9153634 -9591968 9400396 -518006 25781201 -52971 -4898559 -141578 119659 -130650 -45223 79782 -420 805809 -25727 3567 15343 -1395 -1099 -1767 -550 -429 -1272 -1058 -1 -50 13 0 3 1 0 0 0 3 7 -21 2 0 -16 -7 2 -1 -1 -2 -6 -1 -7 2 0 -1 0 -1 1 0 -1 -1 0 0 0 0 1583838187
-13845144 -13601696 17935153 2927998 -5746860 -5296715 -1123587 -140028 124184 -123460 -41969 21895 -4145 -53080 -17853 -1470 -3260 -3153 -1007 -788 -205 -288 -235 -326 -3 8 -14 -7 0 0 0 1 -1 2 -3 -2 0 -1 2 0 0 0 0 0 0 0 0 0 0 0 0 0 0 0 0 0 0 0 0 0 1583838187
-15176671 -14710463 20255224 4798297 10293491 -6350777 5279951 -129377 127813 -105698 -32288 12402 -6863 -7799 -12122 -2701 -3714 -1151 -1055 -2101 -212 -117 -1529 -182 -2 78 -16 -10 0 -1 0 1 -2 -1 -4 0 0 -1 2 0 0 0 -3 1 0 0 1 0 0 -1 0 0 0 0 0 0 0 0 0 0 1583838187
-15439039 -14929208 20709769 5220046 14887091 -6538144 7631172 -125459 125602 -99135 -28761 5984 -7917 -18576 -12367 -3012 5114 -2015 -1228 -335 -154 -242 4058 -281 -2 63 -10 -8 2 -1 0 2 0 -1 -3 1 0 -1 4 3 0 0 -1 2 2 0 2 0 0 0 0 -2 0 0 -1 0 0 0 0 0 1583838187
-15529605 -14972428 20730697 6744682 55372521 -5954176 22967907 -98327 118635 -55217 -5044 -12514 -14263 136367 -10142 -1590 5825 -3373 -1565 -893 -194 -15 -3233 -820 1 18 -5 -5 0 0 0 3 16 -1 -4 -3 -4 -4 25 -3 0 0 -1 2 -1 0 -1 -1 0 0 0 0 0 0 0 0 0 0 0 0 1583838187
-16090819 -15487975 21897811 5723459 11576487 -7264960 5472716 -128294 120027 -105441 -32051 -29386 -6988 10390 -10092 -3203 4167 -3365 379 -739 -179 -118 3687 -267 -3 -38 -9 -5 1 0 0 1 -1 0 -2 1 -1 -1 6 2 0 0 0 0 0 0 -1 1 -1 1 -1 0 0 0 -1 1 0 0 0 0 1583838187
-16085111 -15507424 21971834 5013398 -7893185 -7593077 -1818547 -142228 120892 -126321 -43328 -28992 -3997 -65982 -10254 -3997 -6121 -1966 -982 -230 -213 -213 -120 -325 -3 -33 -10 -6 0 0 0 1 -2 0 3 0 0 0 0 1 0 0 0 0 0 0 0 0 0 0 -1 0 0 0 0 0 0 0 0 0 1583838187
145147974 106868418 -239007346 -151135688 -6182385 161829571 -1813455 -69458 -547088 -60971 -21945 821613 -113 -62151 783503 -600327 9572 -47956 -572 -7077 -32 -4231 -782 -187 9 -1073 15 26 -3 2 0 0 -3 26 0 3 0 0 0 6 3 -20 -5 -2 5 -23 1 2 1 -1 0 -1 -2 -2 -1 0 0 -1 1 0 1583838187
-8083217 -8776721 7711419 -2737945 -7625507 329497 -1855861 -138660 47416 -123097 -42274 -35119 -3836 -59929 -23983 5583 31008 -3888 -1224 -1348 -33 -720 -2029 -89 -13 -74 -7 -1 2 1 0 -1 -8 2 -3 21 0 0 -4 5 0 0 -2 -5 -2 -1 -3 -1 1 -1 -1 0 -1 0 -2 0 0 0 0 0 1583838187
101314311 83585876 -187891532 -108772897 -6597388 109249012 -1846925 -89767 -531676 -78660 -27713 626951 -1000 -64383 -230317 111260 6906 -11078 -591 -7145 -106 -7001 -992 -212 10 -794 -1 18 -10 16 0 -14 -1 39 -1 11 0 -1 -1 2 -1 -2 6 -3 0 -12 0 -4 -3 0 0 2 2 0 -2 0 0 0 1 0 1583838187
-15967395 -15404613 21754731 4903443 -7812157 -7468144 -1827836 -142192 124026 -126306 -43327 -21036 -3972 -63947 -11613 -3653 -5272 -3036 -990 -647 -212 -160 -126 -151 -4 -25 -15 -6 1 0 0 1 -1 0 0 0 0 -1 1 0 0 0 1 1 0 0 0 0 0 -1 0 0 -1 0 0 0 0 0 0 0 1583838187
-12306508 -12300535 15182479 1373515 -7121890 -3806991 -1887806 -140594 113015 -124973 -42905 900 -3824 -47362 37051 -34555 -5152 15661 -917 6477 -164 -1332 -231 -102 -2 -171 -16 -11 -11 0 0 1 -3 1 0 2 0 0 -2 0 -6 3 0 1 0 6 0 0 -2 0 0 0 0 0 -1 0 0 0 0 0 1583838187
26823474 20375594 -54079835 -36416977 -2864327 35276880 -2247863 -123310 -179714 -109758 -37981 113015 -2677 53835 369814 -273838 5115 -14022 -944 248 -171 -754 -146 -362 -7 -324 2 20 10 16 0 -17 0 38 -11 -5 0 0 3 1 -3 6 -2 0 0 5 -1 1 1 0 0 -1 0 -4 0 0 0 0 1 0 1583838187
-6616467 -7541428 5095069 -4166973 -7786117 1784012 -1820799 -137961 37448 -122410 -42041 -24368 -3847 -65467 48270 -45100 -6299 -5880 -957 -941 -210 -332 -86 -321 -3 -84 -6 -2 3 0 0 0 -1 5 3 0 0 0 0 1 0 4 0 1 0 1 0 0 0 0 0 0 1 0 -1 0 0 0 0 0 1583838187
-6609381 -7532803 5071850 -4060774 -4561077 1846783 -2114761 -138180 37475 -123070 -42293 -27741 -3532 17737 -22796 4383 -7919 -3412 -940 -1023 -263 -673 -77 -312 -2 -87 -13 -2 2 1 0 0 -2 5 0 -1 0 0 -1 0 0 0 -1 0 0 -1 0 0 0 0 0 0 0 -1 0 0 0 0 0 0 1583838187
-15790082 -15220573 21338573 5420019 11920832 -6930952 -3635093 -143510 139067 -130401 -44946 -2593 -2016 445930 -12669 -2722 9963 -2875 -1124 -796 -398 -93 -1194 -519 -5 63 -9 -4 5 0 0 0 -12 0 -13 -16 1 0 -10 -1 0 0 -4 -3 -3 0 -4 1 2 0 0 0 1 0 0 0 0 0 0 0 1583838187
46097023 35475475 -86206805 -54978343 -778293 55530648 113947 -111012 -141651 -95661 -32103 458838 -2923 -18090 -10133 -29713 2330 -6625 -824 -2134 -149 -3448 -107 136 2 -464 -16 31 4 37 0 -39 0 80 -1 0 0 -1 3 2 -3 -1 -4 2 3 2 0 6 5 0 1 -1 0 0 0 0 0 0 3 -1 1583838187
-5138823 -6263392 2338035 -4538634 21756021 3759267 9012975 -118086 27817 -90743 -25049 -17175 -8227 60592 -11209 -2425 -2648 -2341 -1191 -522 -224 -734 -2680 -210 -2 -94 -9 3 3 8 0 -8 -4 17 -7 -6 0 0 -4 -1 -1 1 0 0 -3 -1 0 1 1 -1 0 0 0 -3 0 0 0 0 0 0 1583838187
12982787 8979865 -29907115 -23059262 -4206965 21260165 -410351 -126613 -115993 -110268 -37174 -37012 -4152 -59516 -52430 25033 -6507 -3848 -901 -1730 -202 -1871 -436 1277 -8 -128 -50 2 4 8 0 -7 -10 20 5 -6 -1 -1 5 0 0 -1 0 -2 0 -3 1 1 1 0 -3 0 -1 0 -1 -1 0 0 -1 0 1583838187
1893148 -364498 -10113224 -12305598 -4110279 10266728 -533219 -131775 -29531 -115188 -38877 -40700 -4272 -49160 127050 -98650 2826 -9240 -1031 -1218 -163 -391 -799 243 -8 -125 -21 2 5 3 0 -3 -9 11 -4 3 0 0 -1 2 0 0 0 3 1 2 2 2 0 -2 0 -1 -2 -1 -1 1 0 0 1 0 1583838187
340503606 275563015 -595822550 -340919436 614294 352288982 -221900 23265 -2266755 25253 7743 113628 980 -26918 1528994 -1077292 -11226 -55625 170 -1311 40 -12567 -65 -230 22 -2617 50 32 -34 -30 0 36 -2 -64 -4 -2 0 0 -1 1 -5 -4 -1 0 2 -41 7 0 -1 0 0 0 0 -9 0 0 0 0 1 0 1583838187
17166437 12534474 -37480543 -26195245 22149917 25852940 9817636 -106613 -142281 -79272 -20833 -41799 -8353 20568 -63787 34585 8286 -3798 -1199 -1999 -143 -2123 -3568 -256 -1 -244 -4 1 0 1 0 -1 -23 2 -9 -2 0 0 -5 3 0 0 0 0 -1 -4 -1 -3 0 -1 0 0 -2 0 0 1 0 0 1 3 1583838187
105282962 70660723 -162688876 -112388160 3078650 123500224 1862405 -79465 -427922 -65825 -21043 -119306 -3826 -21585 502043 -353452 -3697 -18991 -692 -431 -114 -4633 -949 22 16 -926 3 8 -9 -10 0 13 -3 -19 -6 1 0 0 1 2 -4 10 0 2 0 0 3 0 -1 -1 0 0 0 2 0 0 0 1 -3 1 1583838187
-6840572 -7724462 5483924 -3965571 -7789325 1547952 -1816954 -137990 40584 -122460 -42040 -54841 -3899 -65536 -317 -9883 -7083 -3928 -947 -905 -216 -587 -67 -311 -2 -87 -11 -5 1 -1 0 2 -1 0 3 0 0 0 0 1 0 3 0 0 0 2 0 0 0 0 0 0 0 0 0 0 0 0 0 0 1583838187
2502608 141865 -11180853 -13033483 -7521316 10789408 -1849162 -133750 -40752 -118642 -40777 -83228 -3762 -60019 -33919 14780 16522 -3549 -1082 -1406 -98 -1329 -1379 57 -8 -149 -15 -3 0 -1 0 1 -9 -1 -4 17 0 0 -3 0 0 2 0 -3 1 -4 -4 -2 1 -3 0 -2 -3 0 0 0 0 0 -1 0 1583838187
15121166 10837349 -33821287 -25278760 -7546058 23413333 -1825773 -128093 -59016 -113558 -39120 58622 -3353 -65002 -37411 9384 -4925 -5532 -873 -2103 -197 -1851 -205 -306 1 -254 -8 -3 -2 -1 0 3 -1 -2 1 1 0 0 0 0 -1 7 3 0 0 -1 0 0 0 0 0 2 1 -3 -1 0 0 0 0 0 1583838187
-3480607 -4891578 -527463 -7006649 -1405892 4977366 -2400830 -136901 9502 -122389 -42096 -67788 -3250 98545 -13503 158 -5811 -3791 -952 -1114 -293 -789 -246 -410 -1 -106 -7 -4 1 -1 0 2 -3 -1 0 -4 0 0 -1 0 0 3 0 0 -1 0 0 0 0 0 0 0 0 -1 0 0 0 0 1 0 1583838187
-6839776 -7712331 5455027 -3844325 -4374834 1625362 -2131905 -138253 51140 -123207 -42336 -34787 -3529 22893 -21116 3673 -7334 -3086 -945 -885 -262 -676 -99 -332 -1 -92 -8 -5 0 0 0 2 -3 0 0 -2 0 0 0 0 0 2 0 0 0 -1 0 0 0 0 0 0 0 -1 0 0 0 0 0 0 1583838187
-10316574 -10634215 11638799 -317401 -190145 -1735226 -2518873 -140157 82863 -125558 -43181 -16179 -3146 132190 35049 -35557 -3727 -3282 -992 -187 -296 -276 -268 -418 -3 -74 -7 -5 0 0 0 1 -4 0 -3 -5 0 0 -2 0 -1 6 0 0 -1 2 -1 0 0 0 0 0 0 0 0 0 0 0 0 0 1583838187
28651518 16076455 -45730310 -38216263 -4597434 41118883 -2066032 -122038 38788 -108835 -37612 238869 -2563 6863 -90196 36335 -7978 -6260 -789 -3107 -244 -2742 -134 -224 10 -378 -10 0 -5 1 0 0 -3 3 0 0 0 0 0 1 0 3 0 0 1 -3 1 -1 0 0 0 1 -1 -4 0 0 0 0 0 0 1583838187
3534791 1007900 -13017880 -14008264 -6702177 11814622 -1431915 -132551 -54950 -117010 -39989 -97976 -3966 -62076 -41996 20980 -5365 -3510 -928 -1433 -205 -1339 -240 -155 -2 -156 -13 -2 1 -1 0 2 -3 0 -1 0 0 0 0 2 0 0 -1 0 2 -1 3 -1 1 0 0 0 0 0 0 0 0 0 0 0 1583838187
-14274266 -13878569 18540125 3344695 -5867913 -5612086 -1001812 -140123 210049 -123492 -41946 127635 -4047 -62311 -20347 -4661 -9132 -207 -954 380 -219 -419 -162 294 -3 259 -34 -19 -3 -1 0 2 -4 -3 3 0 0 -1 1 -1 0 -1 1 0 0 0 0 0 0 0 0 -1 0 0 0 0 0 0 0 0 1583838187
-15719990 -15195998 21312950 4663841 -7883614 -7221350 -1819975 -142086 122476 -126191 -43289 -16406 -3969 -65918 -10736 -4082 -6756 -664 -972 252 -212 -312 -90 -219 -3 -15 -15 -8 0 0 0 1 -2 0 1 1 0 0 0 0 0 0 0 0 0 0 0 0 0 0 0 0 0 0 0 0 0 0 0 0 1583838187
-15962397 -15397424 21740308 4898325 -7834393 -7456335 -1827299 -142197 128332 -126316 -43334 -11985 -3956 -64530 -11780 -3891 -1383 -2547 -1016 -476 -191 -204 -321 -84 -5 -27 -17 -7 0 0 0 1 -3 0 3 0 0 0 0 0 0 0 1 0 -2 0 0 0 0 0 1 0 0 0 0 0 0 0 0 0 1583838187
-15857383 -15293015 21522678 4788274 -7885572 -7340237 -1819963 -142128 141748 -126273 -43317 -5375 -3953 -66107 -12670 -3720 -7046 -2936 -975 -608 -219 -167 -67 -42 -3 33 -22 -8 1 0 0 1 -3 0 2 0 0 0 0 0 0 0 0 0 -1 0 0 0 0 0 1 0 0 0 0 0 0 0 0 0 1583838187
-13812091 -13591427 17913354 2808063 -7823087 -5339600 -1823719 -141197 104151 -125392 -43020 -29429 -3957 -64692 -14457 -1303 -7233 -3068 -967 -716 -221 -283 8 -304 -2 -40 -12 -6 1 0 0 1 -1 0 0 -1 0 -1 1 0 0 0 0 0 0 0 0 0 0 0 0 0 0 0 0 0 0 0 0 0 1583838187
-15887392 -15335401 21608215 4834299 -7725316 -7382396 -1834476 -142182 124446 -126297 -43326 -14443 -3953 -61778 -12067 -3619 -7107 -2918 -972 -703 -222 -157 -49 -191 -3 16 -16 -8 1 0 0 1 -2 0 1 0 0 0 0 0 0 0 1 1 0 0 0 1 -1 0 0 0 0 0 0 0 0 0 0 0 1583838187
-16090197 -15502846 21949447 5293327 -241916 -7467192 339068 -138214 120392 -120065 -39903 -29722 -4791 -3127 -10622 -3461 5824 -3356 599 -749 -179 -140 -1357 -367 -5 -24 -8 -5 1 0 0 0 -23 0 2 -3 0 0 -2 3 0 0 -3 2 -2 0 -3 0 0 1 0 -2 0 0 -1 0 0 0 0 0 1583838187
