-16088155 -15510485 21978085 5018099 -7892314 -7597525 -1818702 -142235 119327 -126322 -43329 -27961 -3997 -66186 -9378 -2002 -9660 -3290 -971 -374 -233 -245 84 -171 -3 -21 269 -6 2 0 0 1 1 0 2 0 0 0 0 0 0 0 0 0 0 0 0 0 0 0 0 0 0 0 0 0 0 0 0 0 1583838658
-16089616 -15510200 21977754 5020196 -7869712 -7597337 -1820856 -142237 120627 -126328 -43330 -30227 -3999 -65706 -10919 -3696 -9653 -3067 -959 -637 -233 -135 83 -87 -3 -19 487 -3 2 0 0 1 0 0 2 0 0 0 0 0 0 0 0 0 0 0 0 0 0 0 0 0 0 0 0 0 0 0 0 0 1583838658
-16088805 -15507302 21965375 5157043 -3943613 -7529514 -2178617 -142512 119504 -127145 -43651 -26954 -3612 36408 -9144 -1792 -10628 -2811 -996 531 -287 -375 87 -109 -3 -30 -18 -7 1 -1 0 1 0 0 1 -1 0 0 -1 -1 0 0 0 2 -1 0 0 0 0 0 0 0 0 0 0 0 0 0 0 0 1583838658
-16089802 -15507875 21968580 5118162 -5088470 -7549238 -2074283 -142433 120543 -126908 -43557 -29796 -3728 6531 -10895 -3579 -10346 -2985 -958 -622 -273 -118 87 -68 -3 -25 -19 -4 1 0 0 1 0 0 1 -1 0 0 -1 -1 0 0 0 2 -1 0 0 0 0 0 0 0 0 0 0 0 0 0 0 0 1583838658
-16088414 -15508619 21969805 5116347 -5085721 -7549231 -2074524 -142430 119267 -126906 -43558 -27881 -3725 6551 -9619 -2142 -10354 -3196 -970 -358 -273 -202 85 -78 -3 -25 -19 -6 2 0 0 1 0 0 1 -1 0 0 -1 -1 0 0 0 2 -1 0 0 0 0 0 0 0 0 0 0 0 0 0 0 0 1583838658
-16079651 -15495384 21946902 5031304 -7456296 -7568627 -1859944 -142294 125773 -126440 -43383 -9492 -3927 -56309 -7418 89 -9736 -2741 -983 264 -233 -650 59 1231 -9 -23 -48 -7 1 0 0 1 -3 0 4 -5 0 -1 0 -1 0 0 0 -1 0 0 0 -1 1 0 0 0 0 0 0 0 0 0 0 0 1583838658
-16088234 -15510551 21977878 5025479 -7674821 -7593883 -1838873 -142250 119355 -126368 -43347 -28111 -3976 -60593 -9921 -2124 -9708 -3598 -991 24 -235 -285 81 156 -4 -24 -22 -6 2 0 0 1 0 0 2 -1 0 0 0 0 0 0 0 1 0 0 0 0 0 0 0 0 1 0 0 0 0 0 0 0 1583838658
-16088203 -15510701 21978527 5017857 -7891933 -7597625 -1818611 -142234 119351 -126322 -43330 -28140 -3999 -66824 -9919 -2121 -9646 -3608 -992 29 -232 -272 79 227 -6 -7 1310 -4 3 0 0 0 -8 0 2 0 0 0 0 0 0 0 0 -1 -1 0 0 0 0 0 -1 0 1 0 0 1 0 0 0 0 1583838658
-16088609 -15500173 21956200 5060776 -7104664 -7578551 -1890602 -142344 120604 -126503 -43396 -30106 -3923 -45437 -10912 -3663 -9834 -3043 -958 -631 -244 -131 390 -252 -2 -22 -14 4 0 0 0 1 1 0 -1 0 0 0 0 -1 0 0 0 0 0 0 0 0 0 0 0 0 0 0 0 0 0 0 0 0 1583838658
-16088437 -15498405 21937101 5384881 2396211 -7417800 -2764923 -142994 118646 -128499 -44189 -14615 -2975 200865 -3654 6303 -12160 -5072 -1116 3074 -374 -3326 1196 1687 -11 15 -47 -17 -2 -12 0 -3 34 0 -18 -2 0 7 4 -7 0 0 0 9 0 1 8 1 -1 -5 1 2 -2 0 2 2 0 0 0 0 1583838658
-16085114 -15507340 21970841 5029858 -7598789 -7588682 -1845542 -142271 118090 -126386 -43355 -24270 -3962 -58380 -8317 -494 -9735 -3654 -991 74 -237 -289 289 -263 -2 -24 -11 -5 2 1 0 2 2 0 1 0 0 0 0 -1 0 0 0 0 0 0 0 0 0 0 0 0 0 0 0 0 0 0 0 0 1583838658
-16081746 -15504983 21964410 5052231 -7018656 -7578122 -1901984 -142334 114164 -126521 -43419 -20244 -3910 -47136 -3138 3773 -9797 -3253 -964 -452 -235 -251 28 3884 -22 -22 -113 -9 1 0 0 0 -11 0 12 -13 0 -1 2 -5 -1 0 1 -5 0 0 0 -3 2 -1 -6 0 -1 0 -1 -2 0 0 0 0 1583838658
-16087824 -15493870 21944217 5051448 -7654905 -7584246 -1620972 -141998 120621 -125795 -43043 -30245 -4096 -70265 -10902 -3695 -9974 -3068 -960 -634 -232 -134 61 -87 -3 -20 -12 7 0 0 0 1 5 0 3 0 0 0 0 1 0 0 0 -1 0 0 0 1 -1 -1 -1 0 0 0 0 0 0 0 0 0 1583838658
-15875405 -15347427 21609691 5161601 -7109757 -7437158 -1891376 -143366 -46931 -126623 -43577 227562 -3559 -48218 213526 189438 -10786 9091 156 -17979 -204 -857 230 -18 4 -15 612 -13 -3 -11 0 -3 -3 1 0 -2 0 3 -1 0 0 0 1 0 0 1 0 0 0 0 0 0 0 0 1 -1 0 0 0 0 1583838658
-16062869 -15268460 21482690 5477506 -4745058 -7401797 -2110291 -143267 120538 -127376 -43699 -29749 -3692 15275 -10891 -3565 -10402 -2997 426 -567 -273 -113 145 691 -7 94 557 222 -44 -6 0 1 3 0 -2 -1 0 0 -1 -3 0 0 0 8 -3 0 -1 1 0 -1 -1 0 0 0 0 0 0 0 0 0 1583838658
-16075187 -15498445 21951102 5041938 -6814305 -7564431 -1917766 -142302 120613 -126543 -43415 -28435 -3892 -37893 -11039 -3646 -9907 -3045 -958 -637 -249 -129 372 -183 -2 -23 -11 -6 1 0 0 1 5 0 0 1 0 0 0 -3 0 0 -3 0 1 0 0 0 0 0 0 0 0 0 0 0 0 0 0 0 1583838658
-16089323 -15509422 21973165 5083564 -6019680 -7564967 -1989466 -142363 120623 -126713 -43482 -28654 -3817 -17810 -10315 -3389 -10115 -2720 -938 -1007 -260 -190 94 -265 -2 -22 -14 -3 5 0 0 2 1 0 1 0 0 -2 -2 -1 0 0 -1 0 0 0 0 0 0 0 0 0 0 0 0 0 0 0 0 0 1583838658
-16024138 -15458674 21852717 5254400 -2041284 -7451094 -2353986 -142961 70238 -127590 -43870 50659 -3324 84875 93387 55752 -11316 27959 1156 -40761 -309 1829 301 -84 7 -50 -8 -15 -5 -10 0 -2 7 1 0 -3 0 0 -4 -4 -1 1 -1 0 0 1 0 1 -1 -1 0 0 0 0 0 0 0 0 0 0 1583838658
-16071990 -15497804 21948160 5057354 -7017572 -7571619 -1902113 -142382 106419 -126525 -43425 -8858 -3891 -46572 3755 12438 -9865 -5138 -1072 1887 -235 -444 40 3049 -19 -21 -91 -8 2 0 0 1 -6 0 9 -10 0 0 0 -3 0 0 1 -3 0 0 0 -2 1 0 0 0 1 0 0 0 0 0 0 0 1583838658
-16086510 -15508784 21974005 5027086 -7673860 -7592487 -1839038 -142261 118022 -126371 -43352 -25751 -3977 -61955 -8124 -352 -9688 -3690 -995 118 -232 -348 65 1036 -9 -23 -43 -7 1 0 0 1 -5 0 5 -5 0 0 0 -1 0 0 0 -1 0 0 0 0 0 0 -3 0 0 0 0 -1 0 0 0 0 1583838658
-16088163 -15510415 21977773 5021852 -7784930 -7595678 -1829384 -142244 119324 -126348 -43341 -27995 -3989 -64276 -9539 -2026 -9665 -3390 -978 -243 -233 -242 75 405 -7 -1 1777 -4 4 0 0 0 -5 0 3 0 0 0 0 0 0 0 0 -2 -1 0 0 0 0 0 0 0 0 0 0 0 0 0 0 0 1583838658
-16084974 -15507837 21971292 5038506 -7353482 -7586161 -1867895 -142288 116747 -126436 -43375 -24339 -3939 -51977 -7093 728 -9779 -3763 -997 244 -240 -233 689 -269 -2 -27 -13 -6 2 0 0 1 2 0 1 0 0 0 0 -1 0 0 0 0 0 0 0 0 0 0 0 0 0 0 0 0 0 0 0 0 1583838658
-15895429 -15359747 21635604 5210223 -5467846 -7419898 -2041198 -143384 -29999 -126951 -43694 201352 -3439 -10203 141100 167962 -11124 -28358 -2320 30210 -225 -3683 87 -305 -5 16 -14 1 7 6 0 4 0 0 1 0 0 3 0 0 0 1 0 0 1 -2 0 0 0 0 0 1 0 1 -1 0 0 0 0 0 1583838658
-16053369 -15188087 21324142 5501285 -7477639 -7400144 -1861385 -143539 120623 -126940 -43514 -30174 -3958 -55671 -10914 -3679 -9721 -3081 640 -574 -233 -129 62 1097 -9 124 -47 299 -61 -8 0 1 -3 0 4 -4 0 0 0 -2 0 0 1 0 0 0 -1 -2 1 0 0 -1 0 0 0 0 0 0 0 0 1583838658
736 -865 119 270 200 131 603 -66 -166 -252 350 -286 324 -50 -121 364 -197 627 92 -191 -401 -169 -67 -652 -41 79 -262 -101 -22 286 -242 -478 204 -132 175 -722 -506 85 -459 93 -391 -495 292 522 218 -429 264 57 -170 170 367 285 -83 -70 127 210 -228 -265 -207 0 -500 -30 -289 265 396 51 169 64 434 244 642 -758 442 265 -32 112 -46 117 262 306 329 241 -110 97 -72 -101 -706 -342 -205 -249 -636 -293 -298 135 -389 154 548 -269 129 -178 464 -233 436 163 365 -164 -43 72 -62 385 110 -67 266 -6 0 -180 519 -347 30 101 -211 -351 -773 215 -249 -52 -327 -249 -249 -113 78 358 140 -549 -158 343 -282 -47 94 -15 -99 0 336 34 416 -309 448 130 -158 -113 386 -148 220 161 -272 505 -338 -98 -101 -786 85 -366 -272 -241 260 271 -277 193 -351 43 -308 -473 -127 -103 417 -315 -326 400 -14 -225 -225 -539 442 -151 -460 -528 50 -75 486 -356 221 -21 -174 332 -223 -165 136 -165 13 -187 -62 628 180 115 122 -384 296 -102 395 49 -287 56 275 -270 176 248 -61 109 -498 -209 -124 18 -355 336 -83 64 -5 25 68 -185 281 -316 740 551 -47 -52 105 -6 -61 -243 212 70 223 -132 -482 -66 164 84 -307 764 26 246 30 263 -436 -69 110 226 -489 -547 -284 254 -48 -178 290 -207 53 -2 83 239 -303 -95 -217 270 -9 152 -239 -55 145 175 146 204 6 -390 440 25 -100 -237 192 -521 392 -339 -298 232 152 -260 -409 -339 78 -176 -252 111 -239 691 -323 -34 -215 -258 39 -1 116 83 433 70 -49 518 -76 100 -27 -633 -166 134 483 43 -417 -256 -78 352 281 71 -468 -238 106 -221 114 -97 -66 -89 -144 174 10 -41 196 -133 -157 -43 -60 128 426 -119 423 -175 -423 -99 -361 -683 -165 271 -250 436 -47 -675 -286 574 147 -252 -348 -220 -73 -164 -128 152 21 -233 -213 66 250 328 393 294 -194 152 -71 183 135 96 44 -322 -283 -182 -100 -102 -313 -200 261 -24 59 62 -226 18 51 -30 120 458 49 -218 -146 36 -308 -19 -225 260 246 185 -142 -612 32 -339 1 208 -5 -82 88 -79 61 -264 1583863281
-326 258 488 196 273 -28 -249 -268 -303 162 34 -46 215 -117 111 -418 101 -303 495 -612 -62 223 269 274 -358 190 240 285 -515 523 26 -589 88 427 579 142 434 27 -293 -142 -15 54 51 -146 738 63 -95 273 347 9 -251 123 -303 -187 -219 -427 180 -509 155 152 -453 -773 -344 -225 -279 -288 503 280 -91 139 -140 271 441 113 150 -455 -79 26 760 430 18 380 -182 5 289 -64 19 -120 695 776 484 -400 -114 686 -335 58 -28 -57 -309 442 280 -466 -42 -279 73 345 172 41 168 65 80 -196 -307 286 462 -601 456 -35 33 -408 113 -332 -102 63 347 48 58 58 112 -335 -169 113 431 -126 70 159 -525 142 270 112 -49 -119 143 92 -299 373 -500 -368 -74 -114 -185 676 -285 298 -8 -339 -28 -106 -211 -271 176 -231 385 -87 46 93 173 609 -97 -9 -16 -22 -341 -167 -292 -224 -31 11 -187 291 -311 -479 58 -122 -253 -17 -264 -525 174 -82 -165 36 432 -358 283 -272 -116 257 -667 445 95 84 -276 -127 100 13 -263 -26 172 -408 357 -316 306 -25 71 -310 208 0 132 136 -407 54 -67 -147 34 -106 116 -32 -24 161 -276 -179 138 41 -269 -122 -122 -24 45 -448 -393 -153 -38 -74 -458 -93 379 275 134 23 -76 -105 32 -354 -363 44 -381 174 589 -536 -385 -90 463 -74 455 -19 -215 145 -145 507 -279 7 -45 -301 -380 -441 -111 87 -53 193 -380 216 140 -79 767 244 -99 -247 150 240 -233 -15 91 286 -287 38 172 144 -21 -407 -87 561 -50 178 167 60 -549 36 93 -183 -55 247 32 -352 90 500 -248 63 -8 -163 -207 -442 139 -120 367 101 -246 110 275 455 378 66 -163 -6 -25 40 -18 -305 59 127 -144 -128 -531 -234 -159 -382 322 -312 270 -149 205 178 336 -23 319 -400 -41 -73 -224 473 -140 -320 -144 11 -40 -25 -598 -171 -333 204 394 -321 9 -420 -333 40 -508 -6 -254 -371 225 -59 -18 -300 519 175 -137 -471 7 -116 -157 -171 397 51 -110 -105 -217 178 101 248 -275 -120 -85 57 24 70 139 -233 56 212 162 127 -1 102 276 381 -204 188 16 80 -294 -173 -28 112 411 458 1583863281
-52 140 -252 -313 309 694 -77 370 -248 94 493 -97 -66 -292 -216 -92 298 -204 0 52 286 42 142 148 464 82 -45 -352 388 -287 528 -45 -351 37 0 318 -19 201 33 -265 71 304 489 -265 227 -477 288 516 -270 468 -456 -116 555 38 -180 173 97 5 114 -103 -84 -7 -443 -253 243 -580 -488 -375 410 499 -311 24 227 462 241 -322 131 91 -125 -405 -270 554 396 40 538 -61 27 -72 -416 -401 161 -295 44 73 -20 416 -461 -32 703 -219 189 -95 477 230 623 122 169 174 161 -343 449 255 -280 -451 421 291 -282 -147 -795 66 304 -433 -176 361 234 -224 -173 -173 -383 292 338 261 114 -399 121 -284 398 73 7 32 -156 -193 -350 -72 257 -230 -15 -726 -361 -578 -548 284 227 232 -343 -375 -15 52 164 -399 277 -149 -122 -106 71 382 447 -112 244 -169 445 -167 -127 174 -210 -126 163 347 354 -387 402 44 -168 32 385 -206 -74 -127 -4 -205 301 332 -89 -81 298 -263 -336 -88 -257 -143 55 -416 277 571 -486 -35 54 -621 126 4 393 304 -110 -73 310 -300 -35 -322 -199 32 -457 67 -438 76 12 4 -131 204 -132 124 296 409 228 -96 -51 -376 327 57 128 -259 -44 193 -543 40 23 -293 170 -102 421 85 287 -36 482 -25 -391 -120 654 340 -712 95 60 -6 65 -205 137 122 -205 14 -63 217 565 -33 50 271 201 333 -350 160 -348 -341 625 241 -7 142 -96 -188 436 133 -491 177 -7 63 -300 141 255 2 -403 448 -118 -91 -54 -250 -197 -433 -93 186 -446 339 224 -402 1 708 268 -374 -83 268 -66 103 294 -216 237 -214 279 55 15 21 19 234 193 214 7 300 285 -11 49 20 -28 -110 -362 139 168 -296 -121 -6 179 -287 -96 536 -66 -333 -367 8 79 238 -129 -580 -499 -322 -120 -85 384 510 -254 -205 109 -166 123 137 -169 22 -309 -322 664 -196 -107 184 -116 737 62 -275 50 -334 38 -36 -64 -166 -175 26 -20 -117 -366 -86 -140 290 -112 31 149 76 -379 -165 -233 199 -7 66 -229 216 -94 4 -52 31 -130 -197 207 74 130 -63 -406 -421 -155 -290 625 244 20 -179 -277 184 1583863281
-596 -21 -302 -97 320 61 281 322 -209 355 -157 326 170 -147 -674 -453 -536 -56 68 -308 183 -504 334 -871 -250 361 -388 2 207 406 243 241 -77 -69 -418 390 315 -64 -351 6 140 1 -118 -422 -176 242 -241 333 -204 -243 184 -274 349 465 -93 28 26 -139 -254 548 581 -110 288 126 110 -273 -21 -31 309 -169 -14 212 -601 569 -433 -45 23 -271 289 -228 31 65 97 105 -47 -291 170 514 206 371 -69 -324 -534 648 -34 117 407 176 -218 53 -313 -5 -277 -420 -218 105 -107 -257 -139 64 -524 -480 -151 -108 -133 479 -117 -170 -42 79 -98 -601 -297 409 299 204 -112 -217 1 33 -163 -24 282 493 -131 217 -129 6 143 126 74 -825 -315 349 29 -408 430 193 208 398 -123 -380 257 6 -174 541 268 130 367 -290 -52 -204 -59 -145 -297 -285 -92 -385 144 -74 100 -94 239 -269 -193 -323 -141 -539 -171 -141 -36 152 -242 39 155 -111 271 -224 -615 297 151 568 -24 -47 129 -199 455 372 -46 257 378 -16 -34 90 -52 -54 86 104 594 -238 58 -352 -458 -263 40 -95 433 225 282 -167 -362 619 458 453 -79 155 242 153 480 -107 596 601 -212 173 277 82 -515 538 -363 300 355 442 -193 185 382 352 494 -9 -121 104 -114 -103 275 63 12 328 -97 -141 -11 -187 407 -162 92 273 458 368 654 -304 262 -44 76 1011 -185 -262 647 88 346 479 -207 70 443 -255 -256 184 280 -180 -458 -65 267 -367 -183 -396 -75 -172 -55 25 63 -280 -370 91 -182 294 449 43 -465 514 349 -50 -235 -42 69 -294 6 -67 409 -271 -281 -155 149 -455 206 27 347 318 -8 24 -537 319 162 263 4 99 -63 -257 125 159 212 -158 652 -16 -231 532 337 -33 426 -336 106 -7 -477 -69 114 141 -70 -496 -193 -497 -284 -280 -317 -222 134 -147 155 33 -95 -350 -125 -276 116 362 -348 -157 -217 2 104 -99 44 302 -173 386 -143 -240 -160 191 -77 105 143 205 73 103 144 34 -228 -123 39 260 -337 -478 223 -291 96 -98 -22 224 118 -142 302 124 -202 -332 -282 -192 2 77 319 -391 -23 -70 -218 -313 232 138 -249 -222 248 436 1583863281
165 -230 -612 235 -48 179 -120 -190 169 -264 686 -116 68 518 -64 129 -594 -168 586 313 149 -323 -96 146 185 271 427 -468 139 284 238 -14 -249 -163 -64 -197 -114 346 227 206 -555 324 197 24 81 433 330 -292 104 312 -103 288 -620 95 534 515 450 -73 489 106 -685 -170 -102 119 -42 285 -240 -121 66 110 151 317 -54 615 273 401 -140 296 -824 -117 324 450 149 -37 34 -11 -453 157 345 60 257 -22 594 -343 50 672 53 -227 -306 158 375 -393 157 31 163 333 -99 -220 -333 422 201 250 398 -109 4 329 -249 131 -63 -125 -209 191 45 -277 -32 26 163 41 -260 -36 151 -339 319 -391 76 -114 -128 86 -372 -523 -16 -482 79 92 405 41 -252 -108 -137 -383 -219 -44 28 -44 -179 114 180 4 -164 484 -67 -332 -45 -421 252 -384 323 86 465 541 19 -25 -411 -417 189 252 196 28 399 -373 -57 -859 149 490 -142 -339 92 634 76 194 164 -70 -102 194 33 -300 -186 90 -92 120 278 136 -83 225 -276 198 83 -680 -191 258 28 -267 -96 14 -224 -202 -66 -5 398 15 248 286 -150 -205 -56 -376 224 322 720 -58 -336 149 72 -115 338 41 -207 18 171 82 285 65 -237 -287 -11 281 -193 306 564 341 70 72 -31 21 283 315 30 -105 -669 200 -317 250 -32 280 435 -465 -97 -101 430 98 107 98 289 -69 24 -470 -151 45 180 -460 59 71 170 -312 -549 -132 -149 622 419 55 271 -61 131 74 -204 20 417 -223 -279 -45 356 -312 457 -655 152 36 209 128 280 -28 50 -138 28 -306 163 -17 53 -284 509 -78 -385 158 598 -259 -162 -310 -303 -61 -232 -148 -125 -380 -95 176 298 -36 -277 -34 403 -437 8 -164 -38 597 -361 34 -148 13 345 -205 -85 39 210 94 -174 5 130 -45 -100 -212 57 -48 -162 547 131 48 -429 9 111 -54 171 9 -252 248 -53 -298 -397 -291 301 -9 341 -37 -161 382 332 -8 89 -229 344 -16 -17 102 -58 -267 -171 44 112 -123 144 472 141 0 -39 96 -133 356 -155 -109 27 21 117 -89 495 0 232 78 -92 -177 -344 -100 193 -211 -131 40 -55 308 1583863281
334 -293 -56 319 -344 -168 -293 -353 246 -507 -147 627 -167 -113 385 366 119 -375 44 -218 39 -389 253 405 0 110 -67 -307 -201 218 183 -261 611 -67 -337 149 619 -185 102 -25 153 290 246 -431 -133 366 659 164 -56 29 161 89 105 149 240 -211 -360 155 45 95 -215 -12 -80 65 79 -217 95 383 -278 350 170 553 179 192 -61 400 27 609 109 -103 34 -406 -342 -45 -422 106 -245 338 -312 552 113 325 229 -185 -138 -329 328 -328 -457 79 -148 -320 312 89 398 304 287 -278 124 -220 -90 -259 231 -311 11 -115 407 -62 3 -140 23 15 -121 420 839 200 177 -409 -167 360 -608 -981 -247 114 113 -803 175 374 35 -42 -195 -646 -368 745 51 166 63 206 -23 -327 283 72 116 -129 12 -79 230 368 -400 -19 -365 215 -101 143 -117 193 -317 -191 -172 43 -23 415 121 229 506 196 -29 -10 -132 169 56 -440 -296 114 -754 -74 85 51 -238 65 87 -216 281 330 394 -251 -293 195 428 280 -279 93 -235 -75 171 317 231 -98 -68 60 39 475 -129 170 64 -230 -210 406 -222 85 117 -269 12 356 -24 172 -315 55 136 302 -304 -433 -60 491 65 -317 -151 509 410 -92 -262 -197 -436 -137 -10 -323 379 -182 -39 -333 -292 -20 355 -139 -206 238 511 14 175 148 -124 -328 296 165 157 -49 256 124 281 5 88 -146 435 -297 -454 -496 203 526 -27 6 -235 225 164 319 -252 -4 450 538 -104 339 -139 43 156 -327 -164 265 495 117 335 -262 194 -244 436 120 -653 -133 -487 25 -82 588 -1 -12 -106 -56 135 619 -209 -435 -147 56 383 -55 -420 200 -5 54 50 -20 -46 -433 -413 111 -344 258 -262 -144 -145 344 13 60 -401 240 242 106 -287 174 629 -257 125 132 -44 40 -96 29 275 27 -274 395 -372 -168 396 231 915 166 -191 150 -168 -11 -137 275 297 308 384 94 158 387 -202 -147 -89 243 -182 174 -191 -348 132 208 -23 113 -170 460 256 -74 -8 -216 83 -262 -188 -109 -429 262 393 -96 -430 238 -116 -105 -72 351 -68 -258 -133 212 58 -60 79 -357 -79 -51 -150 -109 -118 27 439 73 -187 375 1583863281
412 786 -239 -13 -700 -119 -92 409 319 66 247 270 -290 -226 469 -246 -90 -231 249 -126 -267 -432 -444 576 145 153 -408 172 -133 -258 -207 119 84 319 118 83 -204 131 200 322 -893 -111 234 -31 -546 520 -392 50 50 151 -45 -62 -680 -95 214 -116 421 83 103 111 -27 -368 146 500 -357 147 227 -491 -37 172 -194 -265 -113 -315 -85 209 -156 515 379 -60 -62 -150 72 569 213 371 9 146 -762 -17 518 -136 -113 -73 608 650 -32 -80 329 -26 486 133 431 180 -189 -9 31 -401 -389 153 -128 -415 167 134 -176 62 108 48 -143 187 57 78 -256 354 -132 -36 64 145 -245 -40 -130 249 556 -472 87 91 362 -15 -64 256 -314 -4 -157 -233 -355 -18 426 -71 -580 -74 -12 -425 345 163 -200 -136 7 -280 -369 -68 -129 98 356 91 -89 193 -114 -463 -223 -68 112 -212 438 -230 96 -6 -151 357 -154 -786 171 -470 240 -38 101 375 -74 -331 -209 -263 114 168 359 97 -251 -120 -157 48 306 -186 419 107 -26 -38 -128 -393 317 -164 -35 -51 -118 101 107 -706 321 -137 216 164 -58 138 110 -8 314 -370 24 -129 -219 -121 -67 63 60 -153 -607 566 439 198 -212 219 627 -142 -102 -67 -696 218 -402 -471 -158 -317 229 -436 -76 792 -238 795 -67 141 -762 -199 113 55 532 224 -260 281 -21 224 637 320 -98 60 87 81 -189 138 -158 715 -222 -147 -270 59 -221 -223 -461 511 325 -70 -65 -62 -35 18 -262 2 -99 153 53 -5 -189 -61 246 18 15 -130 -84 -80 -6 -40 613 46 181 96 115 8 541 13 277 173 -365 450 -76 -78 -103 187 -32 113 61 6 40 -258 -37 202 112 -377 514 -327 325 404 -279 398 8 122 -453 185 -396 9 164 180 -147 381 250 -207 535 -237 -186 -110 -315 490 480 -431 429 615 -290 -136 -126 -150 -76 46 8 282 40 -213 -386 -482 177 -44 -13 36 -230 -186 -314 226 -395 -138 464 -17 287 75 -123 229 227 -272 -130 306 -352 -369 -397 45 -232 270 -46 379 -149 157 -176 -717 -430 -217 -457 -17 388 290 123 18 141 -262 -69 193 -4 26 506 41 323 66 104 173 -141 247 1583863281
-166 9 -340 -380 -14 -14 341 -558 80 614 701 169 -286 -268 -235 -66 11 -69 659 312 237 34 23 -177 275 55 38 -513 361 -124 30 -483 -430 289 420 193 -178 321 -382 -440 432 338 -377 377 -884 -493 -341 -196 7 429 110 197 -279 -47 -74 -178 -30 -72 -35 -415 96 206 -88 30 450 -483 532 -287 71 22 -414 449 -376 -142 -115 -157 -291 -307 -167 145 -534 210 -339 48 94 -219 685 425 -5 -175 106 43 -76 302 74 -87 -241 160 -125 -225 47 -126 -482 -342 -349 -516 263 25 29 61 110 -20 -19 154 278 -160 -31 109 115 23 127 -57 133 -304 -427 314 -151 151 -303 245 -158 198 -165 -118 169 15 157 -848 -68 78 -56 -11 215 -292 -411 303 273 -128 -357 679 -113 3 -349 419 -264 -208 108 117 45 -139 -29 166 333 -133 295 -104 -214 -22 -130 -62 260 67 -121 507 393 -334 105 228 464 378 -272 425 -9 -398 -245 -112 48 -81 -124 -195 458 158 -274 -100 -561 -4 -120 62 -342 83 501 -46 -62 -422 -4 -482 66 318 -103 113 160 -109 59 -331 442 -202 294 -243 254 -275 -65 -288 -17 215 -46 -26 235 -172 245 377 22 349 43 -768 -564 -215 271 -57 558 -247 90 221 101 219 172 101 404 409 -47 -114 -38 261 108 150 221 -66 -20 -29 159 40 -95 179 -167 38 -208 756 39 197 -42 -305 109 -57 199 -119 252 -75 -420 -106 146 -233 -66 233 406 -65 -133 -81 395 38 -509 -225 448 -165 -217 -258 177 -368 -42 -157 355 88 -251 259 501 -222 556 8 270 90 174 266 -62 -552 -8 639 43 -379 95 199 -411 -509 -24 31 242 -263 7 -146 191 110 -248 148 -195 513 -385 -248 414 -377 42 29 55 316 62 -257 249 -589 -425 -30 397 -82 181 -32 -159 -524 50 -465 -448 -32 -255 16 91 -144 -91 85 -322 -23 423 -59 447 73 -482 -327 -105 25 -132 -146 -171 -101 12 410 294 43 32 447 32 -110 251 271 -416 -202 638 524 -22 165 330 -98 390 -100 -92 -29 62 -2 509 -555 -257 980 6 -347 -157 -57 -121 -111 -25 -103 -203 162 -15 -346 191 437 35 159 225 -214 27 169 -140 -85 1583863281
401 67 -281 -191 -66 -11 68 -342 237 377 326 -402 -109 -549 -423 -218 125 -379 24 -342 -816 45 -305 154 238 -6 -250 29 202 -342 -762 151 24 -238 -411 686 1 -762 -499 267 126 -11 -50 -364 512 -220 -230 459 184 -569 -311 58 -373 41 -518 609 -3 -215 283 39 -56 206 -290 -83 511 335 -264 -239 -306 250 118 295 54 -266 166 -351 256 101 -318 -289 576 -63 -118 -457 -511 107 420 -133 402 537 -44 -182 -508 -244 238 325 -249 -34 463 -55 -70 -480 -516 -34 -183 461 359 -22 655 155 -416 257 25 -2 246 110 -86 435 -221 525 -135 351 -361 -182 442 -83 -91 161 -546 -117 112 -257 -117 -235 164 153 -495 -472 -213 173 -227 104 -365 -323 -115 -451 115 -145 35 -106 -34 -463 -144 -244 71 -54 70 -427 148 -79 72 -306 401 -24 69 -183 -315 314 109 342 -54 84 -98 -679 -48 64 -222 422 -245 253 -455 -277 267 500 328 -181 -49 -209 -250 -286 11 -197 -211 162 133 -57 -89 386 -121 239 310 -321 -368 190 -160 -146 -460 102 183 -333 -353 -34 184 -143 188 662 -129 389 -374 650 -277 -73 420 90 -154 -180 -110 -69 293 641 -147 -147 -85 -88 202 240 454 541 181 51 -159 -568 216 92 194 -213 -130 80 -495 -170 202 291 -78 -24 86 269 -368 -328 198 -66 143 -434 -196 3 -592 7 101 -410 211 -101 159 165 224 93 238 219 287 -88 -70 148 225 -195 47 -8 61 -86 397 82 -552 -420 -65 -7 318 -31 -170 -275 185 155 -173 78 -166 141 -341 -322 602 631 -52 149 -620 -107 115 146 119 63 169 -181 289 183 284 -19 -129 -528 15 -25 56 -391 -317 298 35 -315 -207 139 -254 -132 -160 146 289 -80 -20 183 348 217 191 -115 174 -156 -548 -158 68 -300 -273 351 85 -327 59 300 -71 169 -814 109 -339 -44 274 175 -123 0 625 -416 332 107 99 -77 161 -152 -100 -54 -312 232 71 147 -380 211 -175 196 269 221 -108 -232 466 392 -176 -57 2 -277 -96 172 133 73 -220 -140 241 -91 413 -119 436 -102 183 382 -97 -113 -285 123 178 229 -27 34 74 -316 -223 -299 -489 -86 -407 223 436 -5 1583863281
57 -476 -398 91 296 159 414 103 -200 -462 -457 315 -211 -316 70 -203 -144 -158 482 227 -80 -432 176 54 374 298 22 356 262 398 386 -385 -78 -638 -479 -150 269 -269 -295 88 51 -123 432 -46 251 -62 181 110 -151 -114 -84 124 -194 -175 125 -47 282 -471 327 107 48 -440 594 268 -341 -238 -56 8 -303 -242 57 -361 9 75 -387 -234 -345 -549 -556 -114 -171 -177 2 -376 1 -241 123 -271 211 -574 47 461 50 292 -864 -342 -187 117 11 238 -119 -33 -43 670 -158 21 -397 607 173 64 -263 108 559 -84 291 332 -335 156 -131 198 403 196 355 662 106 81 155 265 377 -208 65 -400 253 -288 -548 -216 56 -214 -26 541 -490 0 -60 379 -398 141 -86 -154 -222 -15 -188 546 220 329 31 0 -54 373 127 -282 78 -152 -133 316 162 180 -448 16 -235 67 -63 -169 547 38 198 455 0 124 -25 -185 412 -530 65 188 -336 83 196 96 402 107 259 59 -404 -254 122 212 142 -383 30 49 -234 293 -480 27 -184 492 -84 -81 14 0 -99 683 184 152 -459 251 552 -54 -319 29 -188 299 402 -207 241 -187 -11 201 127 -39 -105 -107 137 -468 -666 -36 291 -117 57 118 126 301 715 325 124 19 15 -395 -11 -198 262 -490 89 418 -142 80 -478 368 92 288 349 -90 307 313 -179 190 42 -279 -302 0 -166 88 875 -313 -43 144 -216 60 -216 -366 108 125 133 311 -34 -400 -251 -307 83 350 148 224 -573 98 -201 -158 170 -258 91 134 278 -14 117 167 -399 -160 -153 344 -308 -317 214 -83 -115 135 -318 178 134 -352 389 440 -84 -119 -179 -299 -692 -74 -141 -158 12 189 -49 -351 66 409 261 196 -86 -3 35 66 -144 -67 274 -282 477 -360 -620 -622 -128 165 -419 105 -233 68 -221 -190 -112 -450 -45 -398 -407 276 -223 -60 274 660 -531 231 -14 184 382 114 -53 335 210 -83 269 4 0 -176 27 126 -330 -39 -402 -469 -310 -498 32 255 -310 12 55 141 60 322 65 -405 -312 -223 47 243 -12 -171 -68 511 -256 -155 65 246 247 170 58 36 -43 -47 589 435 64 -65 -149 -166 -448 -13 -33 -181 1583863281
344 79 409 -322 -240 265 198 -496 -30 224 -236 -871 93 323 -40 -228 214 269 391 -268 9 -321 470 -381 561 -125 114 -172 -313 203 -524 183 125 -79 -107 -210 -54 -62 406 -963 382 55 -734 -90 562 184 426 -202 -561 74 -46 37 12 104 -399 215 732 224 318 -84 -283 -52 332 -677 600 365 197 -9 151 233 83 -106 61 311 -97 97 363 -132 328 -413 252 -362 68 -157 273 51 317 67 106 123 52 -380 -142 -434 42 -94 334 -485 327 -299 -344 167 -161 493 87 -250 -249 189 -471 121 -303 -145 264 -238 -381 221 -19 -316 -338 -205 -157 -323 -12 -105 -627 312 -321 96 -150 -97 548 364 667 -283 -487 -87 -295 232 -445 174 -134 193 636 6 263 -283 -30 -362 -662 -400 510 -679 -41 134 -306 -179 73 -595 425 -151 306 -116 -561 85 -610 -339 419 -153 365 33 344 64 -9 -502 -274 17 565 80 -107 112 150 -78 258 -345 314 26 189 -691 127 -113 -556 424 234 388 11 -165 143 63 122 -39 262 -184 610 274 -27 505 -173 26 -95 -463 -599 149 -49 -100 -641 -175 -21 -258 571 -327 365 -42 309 316 57 -85 442 28 -88 -553 91 -382 -232 -73 -332 -261 135 201 -170 333 -292 -289 -150 227 -107 221 172 217 -186 446 580 -205 679 183 -296 365 -154 129 -40 268 -143 532 -140 63 160 228 -135 54 415 -9 10 -149 -437 -53 -66 -540 693 -162 161 -473 34 -66 -328 -636 -128 378 314 -188 19 -112 193 21 -27 -215 -184 124 -49 -79 232 -392 -298 -308 -190 -100 -483 -405 5 82 2 233 -251 -173 -347 326 60 95 155 -230 12 -91 -397 207 -274 -193 -142 -165 -308 -120 139 109 124 -423 145 -655 166 150 -242 -74 -311 -3 167 -207 -424 -111 30 -23 -44 230 -184 -247 -175 -132 -141 -101 181 19 198 -191 -513 -215 -263 -543 100 -24 269 -8 -283 60 -388 94 343 112 360 210 -261 -90 -672 59 350 422 87 -217 -211 -164 -79 -277 51 -25 -5 -33 -133 5 193 -121 160 -312 65 82 -130 199 261 -292 238 -184 -51 -6 -425 -110 142 360 49 -362 117 -230 166 125 -30 -119 211 130 67 -485 353 -139 97 153 1583863281
77 386 -512 -552 168 -14 574 557 114 -458 190 -198 -830 -157 119 140 262 -154 347 -183 812 220 -660 347 -11 48 1 -201 82 -184 -122 -416 333 -357 92 -591 224 -92 10 -640 17 441 -331 173 -283 -398 38 -421 104 -7 -239 54 195 187 -155 -278 -388 173 -33 -51 6 107 619 -109 -55 -361 374 -63 148 -203 -127 444 153 377 228 30 366 583 280 281 -59 -344 -547 143 654 -377 58 148 -103 -88 257 -276 -254 81 245 466 595 130 465 -318 144 -4 -170 117 -72 -248 91 -79 149 262 127 392 -123 484 58 -171 169 153 331 99 124 -361 -32 -105 -132 -122 -15 206 -238 251 219 278 -45 -325 678 36 -185 216 426 -433 85 284 -153 97 604 210 352 597 -102 224 138 -350 -330 32 -512 -92 -181 -620 712 268 296 -445 -120 -635 -105 357 50 -309 -713 -58 9 241 186 245 7 -30 664 -628 161 283 11 -641 -136 82 -28 -512 24 1137 -100 380 66 252 258 364 52 134 86 -366 329 -318 -87 41 -485 -7 -90 79 25 43 453 -488 240 -336 -294 -2 -347 82 522 34 405 361 -295 161 -259 -139 202 -90 -387 108 -15 18 209 298 71 -29 -49 -87 129 184 -39 -348 -45 -426 -165 342 -641 140 64 134 151 -92 -98 -39 349 -97 46 -193 313 117 -263 -521 -13 173 155 26 -111 732 41 -280 -617 49 406 135 -165 -350 -534 -69 105 194 -158 -508 -137 150 2 168 -63 27 777 -185 -123 -134 278 -228 -111 -38 87 553 173 153 -259 -315 -77 -353 307 230 365 20 37 43 -349 137 195 13 322 -346 -89 12 -103 -268 -55 -472 -72 -66 -46 -336 40 433 619 452 60 307 116 38 326 187 -79 -291 -507 -34 61 311 -17 568 -372 -203 -269 -86 -573 242 493 274 500 -128 -17 -275 27 -118 -17 101 19 -181 156 -106 -28 4 -16 203 -52 259 86 -172 -289 -299 32 239 -149 142 -170 607 -291 65 398 -135 346 489 -180 49 -199 -4 268 94 -95 52 -199 125 -281 205 326 200 263 451 351 -273 507 64 -395 -68 62 262 -191 -173 -256 -46 -328 -126 307 -248 -203 152 -650 -144 272 104 -86 259 0 -8 1583863281
300 -474 -54 -105 -52 297 -348 -718 -289 174 -44 -234 -211 -519 60 -12 470 197 -276 -271 -99 100 589 440 -15 -222 300 336 -240 19 460 325 -127 -117 225 -74 66 26 78 -170 63 -364 -138 204 547 -474 -158 -293 475 -248 37 9 754 294 3 -38 -310 -640 108 -48 574 -314 -335 -104 419 -12 185 -173 -96 308 -22 42 -132 20 172 -97 -285 46 51 244 430 -115 106 157 -416 172 -188 -107 -237 -86 180 559 542 678 452 222 99 -337 22 194 429 -277 334 523 12 154 592 75 -33 -129 -349 -76 -372 220 130 -268 -280 71 502 -57 -73 54 705 -198 171 -490 -260 -146 -172 199 429 191 288 -186 119 316 280 -561 -146 -295 -20 51 284 -18 775 450 69 -3 -198 299 -31 -118 -134 252 707 7 -517 -141 343 -247 -152 80 -230 26 -91 -686 390 -38 394 422 -65 -440 -103 -134 -582 193 -71 159 -126 -41 -257 -289 -437 60 -248 168 -100 -137 271 56 301 417 -168 -197 -223 -55 436 127 75 -221 214 -121 134 288 -112 -329 -82 -117 16 335 154 -183 11 74 267 201 14 0 -303 -752 218 -283 -352 -387 -298 138 453 198 188 155 83 -45 -97 -30 -425 -275 -17 429 -57 -276 -402 688 177 293 334 -124 112 -16 120 -352 45 -144 68 410 176 -336 -252 130 -101 -263 254 393 141 9 -449 -542 11 296 -267 103 582 153 196 -768 -30 128 -53 257 -218 -42 -206 218 -208 667 -454 -478 307 -713 106 -394 -221 -389 421 206 -312 -95 339 41 -212 171 -177 424 -648 117 -193 -72 256 60 129 -108 343 191 -74 -142 116 -304 49 -195 -10 38 231 -119 384 109 -14 -211 130 25 -211 359 246 594 -393 -92 140 629 -162 211 47 295 250 -438 -11 -84 129 240 521 347 -13 377 235 252 146 75 -195 89 325 296 370 -123 100 -57 -362 -111 -265 -211 124 -173 259 -275 410 -210 21 433 -278 21 128 -252 523 513 -197 23 -334 -174 299 222 159 -199 -46 -481 -377 116 -273 278 -526 -100 -75 135 -157 356 72 -23 9 103 223 -179 206 -9 -143 -62 30 175 -201 -130 -253 236 283 639 -22 131 -274 597 32 142 52 161 1583863281
282 -4 -165 417 256 -760 -816 284 -213 -393 206 -289 -338 368 413 -79 163 -66 -649 778 96 -81 184 -93 -196 -94 405 -132 383 -297 453 -414 -570 84 387 397 -82 633 -391 214 -81 19 -385 -56 74 -686 -508 72 485 126 133 563 239 3 -292 70 -121 47 600 502 -598 290 -74 1 242 -218 -929 212 210 341 141 -203 -170 161 274 389 -99 -475 -274 431 408 -257 157 -474 131 174 200 -715 -335 124 -154 266 24 -189 324 480 -513 -279 0 -431 223 131 -172 224 -223 -18 202 -866 212 -249 -387 -24 180 82 -381 -193 165 386 -700 -50 -320 15 -81 313 273 -201 -182 -211 91 118 -269 31 256 -356 452 -88 -305 -552 69 -617 684 277 241 -20 89 -603 -605 -265 69 -12 -181 144 23 -46 206 335 -88 283 -53 -49 -238 483 538 236 148 -174 -247 -18 205 -617 25 -307 493 -136 -28 79 453 94 -410 216 -40 422 -40 -254 -640 -252 48 -102 44 180 425 368 135 178 347 -101 220 -129 -397 -63 -84 72 -177 80 -362 -478 98 108 220 193 -263 80 250 402 195 0 244 69 329 -142 379 221 -233 254 -465 -305 -240 429 -252 356 -139 -357 476 215 -129 110 156 -31 -474 76 -147 38 29 -41 706 -50 160 -174 -197 30 52 484 206 184 404 -87 439 9 -170 -9 -569 220 194 -239 392 50 -251 -318 -175 192 93 112 -548 64 80 55 82 -182 326 -167 -15 -20 13 -85 324 -134 -292 -235 -927 499 67 -421 -153 52 156 174 -205 -133 -346 -408 -207 -31 73 444 -83 -85 -130 347 -225 -29 -30 506 -367 -31 199 -223 73 -2 -80 181 248 136 358 -391 -391 77 266 96 -34 -151 220 223 -175 -45 -67 -141 -377 -298 240 94 154 262 368 483 -264 285 -319 407 -112 25 5 119 -162 395 -340 -111 -468 196 -28 209 64 164 68 8 185 102 -182 -71 -159 -262 315 -75 344 37 -163 -200 -10 -170 41 36 47 106 208 -309 90 272 415 17 -46 140 0 277 -30 -153 -224 41 6 -377 -139 -145 -75 -90 -71 -272 42 -192 365 -72 -132 -288 199 243 364 -608 -209 -12 -297 217 184 628 390 -139 -359 -106 -27 -219 1583863281
1 5 -323 -97 52 307 -61 1045 -346 227 431 280 154 -104 -261 384 268 -67 -237 134 65 146 177 52 -322 -104 -312 111 596 -160 -39 504 366 -163 37 -259 -219 613 -226 -80 -70 -346 123 -394 19 -183 -209 99 -194 -242 -418 422 -30 -253 -323 -268 -179 431 275 106 52 -37 -43 -113 343 699 7 -303 108 165 144 559 418 -583 -518 -104 363 -168 21 269 229 -459 -790 -225 466 -163 181 54 -398 -75 81 56 -31 -76 -204 223 -66 -144 285 345 -217 -151 -201 98 -22 39 -357 323 -305 -157 163 -99 -88 323 -308 108 -202 353 -17 -477 -122 -267 -8 -35 -149 5 173 50 -75 -54 422 68 -54 157 147 65 -304 506 147 158 -252 212 -369 -117 -348 128 48 -315 140 464 672 -428 -86 -494 674 433 -70 11 -178 -135 323 -61 -63 340 -317 538 -86 50 175 -236 -96 142 -156 -209 -19 477 -304 -331 270 -467 50 491 419 -354 101 -81 -339 -92 -464 147 -572 -245 -334 107 53 173 77 92 -210 -180 592 236 346 253 -442 657 -814 62 286 -434 -472 140 214 -44 449 141 -185 -114 -55 -33 -172 151 83 -362 73 252 -267 -62 100 -245 65 22 369 -122 233 -378 61 500 156 -437 -137 430 97 401 -130 235 -437 305 -175 9 -49 144 36 -283 257 -501 363 212 6 -379 96 -433 -195 -108 -48 -233 -206 338 -306 -536 133 653 284 321 -214 -125 -251 -232 -2 -141 75 338 -374 -372 -97 205 244 -247 5 384 -221 -101 -148 121 32 59 60 -40 147 -50 106 353 205 94 226 -181 162 260 209 121 -193 -355 60 -31 -86 -538 -23 -67 -111 -134 -200 75 52 -47 -244 61 -93 454 -399 -157 -505 155 -241 -190 97 -233 568 -193 228 -185 -112 -90 182 -221 -26 393 70 -517 247 -294 -144 -226 238 375 -342 42 -32 -91 111 -56 -299 172 -687 -66 183 -315 24 -545 -244 -278 218 288 -637 -125 194 12 -476 -160 193 412 -308 107 -234 125 -284 -443 -162 -101 70 437 -302 72 -109 419 -212 -40 243 -262 -186 -660 346 259 425 39 -366 63 266 -154 185 24 -126 -8 231 -274 -477 -136 -400 204 -30 281 -45 335 -124 260 17 -213 1583863281
-69 400 -251 -39 -578 239 103 -74 37 -318 -273 657 351 519 -511 -6 -550 -70 633 1075 81 -104 95 139 -552 119 71 283 -96 -155 17 559 -30 -209 188 255 -711 279 -766 -334 259 -235 -530 42 -253 121 -265 -97 119 565 160 172 187 310 -254 -575 437 -7 152 -283 326 -230 -44 468 -162 299 486 -169 -45 -713 66 -567 -113 731 59 -155 -109 -266 -23 83 352 -206 -416 338 -187 -649 -139 -425 -231 62 -572 301 -128 -413 7 -195 113 -80 263 -360 -74 -363 256 -261 399 -19 -494 -214 -442 -375 185 61 239 -422 -320 152 -158 29 -246 -19 -759 432 262 -208 396 145 29 570 -721 300 -309 551 410 120 -72 -227 110 -41 156 382 -335 -228 -149 250 -425 453 301 88 -58 370 37 64 637 -288 368 -344 -107 225 465 454 -118 -21 88 -134 -26 -96 388 -190 -204 -205 -36 -137 -486 312 271 194 -180 -673 -45 -473 214 2 -373 167 668 -343 189 601 171 -36 183 110 407 187 -158 -351 208 115 151 -81 -30 41 -64 420 221 317 559 648 95 25 17 -418 115 285 -521 -287 528 -93 298 256 187 -170 74 124 483 -297 520 148 107 121 -75 47 -262 -65 -288 179 112 -91 217 -115 262 19 -245 -479 94 182 -54 431 -139 15 -307 343 -167 -313 177 -92 -87 -327 209 -55 251 208 -790 -114 302 -100 -294 191 -520 -335 242 -19 500 164 -645 -495 -2 -27 40 -193 -243 -15 121 -55 10 297 -176 47 151 -371 161 102 91 -260 356 504 220 -188 35 80 138 27 -103 -74 218 627 -80 21 -11 74 118 321 57 -56 24 491 -62 103 -122 162 96 -41 541 -11 -381 575 253 224 30 341 124 342 -277 298 -531 67 -243 363 -9 188 588 -260 61 422 10 -234 50 327 170 455 159 -392 -313 176 69 198 0 78 55 -182 -166 -197 315 235 -25 -134 -370 7 -281 -231 -449 468 -20 -182 -164 -42 -25 -307 601 29 24 337 107 119 -158 184 -15 359 -11 -451 -172 1 138 195 -187 224 -135 193 370 306 -346 60 -49 54 -219 657 71 7 357 165 -24 296 18 -27 7 -125 -217 -319 84 113 -29 183 80 -333 -56 16 1583863281
-204 -148 -621 85 851 112 -29 -340 -357 422 -283 211 416 -89 207 -95 -115 -689 -356 374 216 -44 -245 -91 363 2 656 -70 280 -98 -625 -238 84 133 -92 -54 -616 -440 -178 -11 79 169 -413 -412 -444 39 441 -153 294 -189 93 -104 383 278 -448 112 268 -20 60 214 -205 313 10 -204 -237 194 591 119 -81 -34 -33 -456 359 -476 -268 -68 -420 227 239 29 456 -471 -128 -372 -441 -402 -201 -20 -186 -125 -146 239 149 -91 -82 -126 148 -351 -14 -297 -301 -613 -146 33 -35 588 74 -52 140 -99 45 -116 109 -85 512 -101 -355 -410 132 -147 -208 680 160 -165 -91 -138 195 142 -3 918 -21 -317 252 -258 49 -242 114 -96 -308 -106 -120 -637 171 -650 459 -676 435 -158 11 -12 -99 -520 18 231 -334 152 -10 -160 228 80 205 -749 -392 -451 -12 -496 200 198 -281 264 185 792 -172 -358 -436 97 316 -201 -698 -199 -407 98 -206 -40 295 507 -190 -313 825 -99 -59 12 -341 -106 -31 -621 -267 39 -850 -79 264 -289 267 397 194 351 -37 607 189 -27 149 113 -126 101 -269 126 -266 -195 -588 98 12 -251 8 31 -108 -288 321 -92 -106 16 -2 -29 -441 -353 -333 544 154 37 167 -96 -242 169 43 -239 -143 220 -55 110 157 308 146 148 263 -14 6 -244 502 144 -362 -181 -264 -189 447 -282 -89 30 -98 53 431 128 -280 213 336 448 -356 305 152 31 -423 -191 -266 407 -52 12 -20 -400 301 93 -315 -80 162 -67 -94 -157 -106 -63 -147 48 -166 -264 143 590 -28 0 173 510 332 282 -2 90 239 106 26 194 230 -5 168 509 -234 -254 126 174 -397 592 -67 -209 2 92 -281 63 80 224 215 -86 -139 235 168 324 64 82 508 53 -130 367 294 -312 -208 -198 230 -262 -268 -180 395 358 216 -200 277 302 97 -398 -208 217 130 138 -55 341 485 187 -188 -102 197 210 -315 -115 -237 -28 351 247 -44 10 -177 129 483 -86 521 440 102 -34 -543 157 -256 -265 117 -15 7 -31 354 -60 23 -189 -6 -114 265 -91 -205 -223 9 230 -10 109 -389 255 202 -355 -115 -14 -300 -186 -130 642 -129 38 -1 394 190 -224 1583863281
412 202 -228 30 95 401 -294 277 301 -94 -393 -539 632 28 -570 337 604 -147 15 -237 -387 -423 195 -491 329 348 -69 424 84 -264 -776 -543 -186 73 -233 481 -13 307 -142 496 134 -377 79 132 113 155 56 56 -524 56 -404 76 535 214 310 -314 209 -329 383 -197 -429 471 171 -572 414 191 331 76 297 -222 -76 206 3 -341 143 -130 734 -354 -257 -261 160 544 262 364 -100 435 -33 53 278 -315 245 -13 194 5 17 53 -334 125 -421 -273 -476 643 179 676 404 -121 181 -58 504 -23 68 -35 6 321 -106 220 -39 -278 215 97 -100 156 -405 512 47 331 189 -78 -75 -353 170 -189 318 -56 -420 -264 140 553 -502 57 78 431 88 98 174 190 -121 315 -411 21 -331 -11 25 -826 171 119 -79 370 -323 281 186 -470 35 135 -58 137 203 -59 405 76 267 -793 591 -279 175 74 270 66 347 36 -163 271 -95 40 -133 130 318 209 447 48 -306 106 -115 100 -227 38 139 -5 104 -312 57 -92 23 212 19 -126 103 -33 182 221 -294 -328 284 -74 -289 148 17 -252 -166 -102 -12 -248 100 546 -344 -131 195 336 -318 46 -311 -289 -61 286 394 -209 94 -252 -134 -128 -118 131 -12 -182 183 -354 323 -161 148 322 76 2 -207 307 83 -224 -102 -160 56 -427 -9 208 -186 -204 -216 7 -547 300 -158 226 -254 191 297 484 -98 62 212 14 371 -34 355 113 -173 166 -130 98 -82 536 -53 124 -345 -16 -143 12 123 362 154 -88 -70 -233 -95 21 -258 201 556 284 -105 198 -329 -47 -258 -124 -78 -251 -122 22 -28 393 -156 179 -234 376 -363 -84 -224 523 -133 54 68 73 -27 370 88 243 -396 40 224 600 365 -6 -292 8 3 38 -43 17 142 -336 -616 -438 -84 152 -177 66 38 43 33 186 401 27 -212 -20 158 95 -321 341 -5 182 498 -147 -285 90 -370 381 -156 -239 -236 128 -397 240 174 54 37 203 -328 12 348 121 375 -206 -603 54 35 -183 -295 -350 -77 131 117 -183 -160 -163 109 -235 -254 -115 -40 -220 187 263 591 -14 121 47 120 -121 -176 -104 -280 -214 -176 252 -97 332 123 178 1583863281
366 370 -567 96 -160 117 24 42 -179 173 372 -288 -571 -1041 472 -648 -314 216 -527 824 52 -97 -158 275 405 197 292 -614 -24 -164 352 49 77 1089 10 -224 -608 -241 43 378 415 108 377 198 583 -546 -103 -91 -64 -208 87 -48 -234 381 279 -700 -348 273 -209 -485 -534 -155 -296 198 629 35 710 75 276 -72 85 -8 402 209 142 220 15 -230 581 274 383 -164 -3 -133 -274 550 -290 126 -154 95 377 -301 -20 -271 127 -107 218 -404 -244 102 259 211 -217 219 456 24 -575 361 206 -368 -496 397 -230 27 134 -226 33 -29 -331 205 -280 -1 -118 389 112 -104 -19 -169 -41 -238 -48 377 -312 -69 -52 178 428 424 -112 104 365 138 -48 -469 372 108 -154 96 -165 187 -73 -21 -234 -149 6 -115 -334 444 -484 117 -73 -397 -73 127 -59 -66 -187 24 -498 -616 103 183 388 202 -325 -153 246 43 60 -59 -72 -111 -88 -266 134 -13 -105 251 10 -99 -291 243 10 33 333 55 -195 23 36 -250 319 -397 -105 338 347 33 -190 -294 5 158 -160 54 51 -230 -518 553 -129 91 423 -356 20 158 -23 -20 -101 38 75 43 -23 -543 637 112 83 -561 -146 72 244 593 -505 -229 -508 -181 152 -323 60 377 -3 -184 75 190 765 -607 -357 91 -180 138 109 -96 209 -363 -294 -114 47 -168 -297 -515 84 575 -218 -177 345 177 -156 -298 188 -359 -344 82 372 128 306 39 -57 -203 -53 416 -328 25 -178 299 11 630 41 -645 -216 -224 264 370 57 457 -141 -147 -249 -7 -9 280 427 -88 37 -102 34 37 -124 99 -59 -420 174 183 210 525 108 -305 -407 -206 -95 424 -393 -321 96 -79 -95 -225 259 -244 -273 -31 -186 101 -130 75 411 -214 72 224 -470 368 -79 121 37 113 -54 134 -375 89 -274 -178 -509 -19 253 -213 118 -354 171 406 -58 -401 -251 189 -170 -264 72 -147 17 199 63 -220 200 -204 -47 -63 496 287 -10 -248 142 228 85 -91 -139 49 -223 4 134 37 -154 238 -342 -137 -62 -61 125 142 166 -58 -39 296 254 -64 -62 117 12 228 -85 62 223 102 -209 108 168 -106 -332 -158 -291 40 -46 -344 1583863281
315 172 371 354 -85 -55 -342 33 194 -367 395 -627 -123 -734 -557 51 -233 726 -8 292 389 358 175 -442 86 384 -524 95 530 -121 93 62 -67 -96 220 -162 -322 488 -110 929 1009 -380 -789 -227 40 214 0 -36 -151 409 -132 -18 200 488 -318 273 -4 -306 132 620 58 413 96 158 -183 65 -60 169 -866 465 -175 -301 -35 31 193 -211 -400 289 215 335 42 15 179 330 59 -214 289 -403 477 -108 128 -138 -404 258 -485 -201 109 -114 200 31 -498 152 -352 -304 93 124 -342 0 204 22 4 354 327 -310 -334 -402 -84 160 -196 625 443 -18 310 359 365 572 -443 -45 36 989 -266 -227 263 347 14 -55 -131 150 14 36 257 -496 -271 190 -148 24 187 70 -197 -13 -76 314 15 -198 16 -421 -254 -37 -214 557 487 540 -331 -69 105 317 131 52 347 -126 -21 -145 117 363 75 -509 126 -348 325 70 -485 -74 -12 -84 -82 -28 -286 -198 -273 -51 575 161 -318 11 87 461 11 334 323 -145 77 418 134 169 -78 58 120 -355 230 -33 -576 382 -123 55 -277 -152 -173 -161 -279 -371 -69 48 26 -75 -100 211 -59 -151 440 -7 -179 209 66 455 -407 -230 361 -542 142 -617 -308 -51 -14 71 144 -188 -22 -35 262 -244 -65 50 -261 -116 -661 -107 543 -278 18 302 -220 -261 10 -162 -133 -157 137 0 69 -109 199 190 208 130 358 -650 113 -44 227 -141 -311 -240 413 -34 104 -263 -102 -122 88 226 -430 -240 -99 9 -188 459 -144 301 -114 -27 252 9 -585 -51 122 291 343 168 160 -34 -62 -169 341 -45 414 -39 -207 165 76 347 -206 -204 232 -163 -72 12 99 -100 -58 4 -356 69 148 -375 -157 490 -158 -38 -428 -47 -260 152 -227 179 78 125 -57 -25 -591 81 -28 56 -193 -349 -9 -183 442 -393 -301 183 -73 184 182 145 255 -417 308 196 186 370 98 622 -193 162 116 102 -96 -232 124 -365 -34 9 24 -21 -309 47 162 404 252 -424 -262 -102 426 -241 156 24 -14 19 -321 6 245 -119 11 -116 164 -377 133 219 45 -332 -109 -297 -111 -286 88 33 -65 -52 -315 -182 212 211 258 184 239 -407 1583863281
-113 118 -88 -512 140 364 665 -400 549 -478 -84 -330 180 400 -57 -50 -738 100 640 691 -202 -327 9 0 179 366 -575 -28 540 -181 39 0 181 -102 261 -222 -112 -15 426 18 -128 441 -71 -165 -476 -455 510 -190 -46 315 -257 -245 35 53 57 -18 -558 182 -64 133 337 102 179 96 38 507 111 -98 306 -23 128 414 117 -84 -374 212 -118 325 -152 -529 -189 -417 -306 50 402 913 89 -39 -27 -351 -29 270 -167 -141 -35 -46 -458 -112 113 -178 -456 227 195 -14 -415 -263 -715 -301 33 23 88 844 -88 758 244 -671 23 -514 -8 -624 286 183 41 -290 -371 325 -183 30 -334 270 -197 -468 96 249 106 76 -373 -166 -223 -387 37 51 -277 -466 -291 287 -175 -53 -56 -403 449 5 -230 102 79 338 -216 207 267 159 -336 -136 245 -504 -413 388 144 414 77 594 -601 -275 317 204 -369 -648 257 -215 197 -126 512 687 -294 -65 351 49 497 -97 19 20 -222 -163 276 -365 -398 330 -82 -480 224 -55 -74 -455 74 414 -14 -345 -27 -112 -82 101 -407 -126 30 256 311 -120 301 285 118 -57 -77 -86 238 -403 674 518 1 -330 62 -102 150 -275 -310 -203 48 -545 -183 168 -159 -3 -17 -185 154 -465 -3 21 489 -356 619 225 -50 106 43 -200 -83 -600 -112 -508 -187 12 113 73 -204 227 51 -6 -452 121 -420 29 144 66 124 -146 -186 -115 225 -204 -463 -502 144 -272 153 -227 -22 65 543 72 -127 -221 111 -181 -290 -231 184 -350 319 2 131 -33 0 -4 -190 412 -283 217 349 36 224 -288 307 274 -92 -324 -204 32 -275 -59 -95 123 -245 177 338 -226 -34 481 -99 -97 -210 102 -156 341 252 267 79 -126 -178 -373 183 121 -52 266 -350 40 -142 -23 178 32 -234 -181 77 175 -300 266 120 -334 -319 518 -48 -41 80 251 41 -63 -362 86 211 -66 -274 -35 160 -331 -53 -35 83 578 -254 111 117 335 -72 276 31 -142 -247 134 -165 31 37 -260 57 145 26 278 128 -215 189 190 -485 -137 235 12 20 286 79 -61 -69 353 103 -331 139 351 -35 -445 234 49 136 269 -367 -126 60 -182 -243 352 144 54 1583863281
-474 -626 213 340 -172 264 -433 28 17 415 176 331 497 -176 -356 382 -51 -145 131 70 253 -5 -147 221 100 -41 188 -77 -274 -317 146 531 -147 -422 102 -31 156 395 97 50 199 283 -290 243 397 -351 487 -284 -279 408 -466 69 -661 44 -158 -99 -55 -223 312 -337 -88 -508 142 45 -356 -10 -387 64 -427 63 237 -205 -41 -116 944 -556 63 -664 248 -4 210 -362 145 717 -429 162 -195 117 395 491 -213 189 510 548 249 8 147 183 16 98 -457 -216 -53 259 -81 -254 -231 99 317 435 -191 -438 222 -98 -293 -389 285 96 -88 13 -239 -479 1009 -195 539 -299 -41 -130 232 -183 -245 -385 334 164 124 168 319 265 -259 -249 -67 410 -320 112 516 -302 -217 342 669 -237 32 197 292 -12 109 408 -41 -158 352 -81 -160 -112 226 -198 97 -371 86 -52 198 261 -91 40 49 -157 131 -579 -494 347 -16 -35 245 -59 -54 -280 -21 227 0 -40 -389 -552 73 149 -348 71 237 181 -137 -186 164 197 221 -110 -132 -422 -647 -431 236 -25 -111 8 -180 165 38 221 474 352 299 -89 418 -335 354 -105 -173 31 314 111 148 -24 18 -399 -160 370 -172 -117 -514 63 423 -395 36 -359 350 -176 250 319 -504 -65 -1 85 -320 -110 -627 12 -41 -192 108 154 165 717 173 360 16 -7 131 342 386 52 66 -188 -207 364 189 -73 69 -472 -17 376 -150 -9 319 19 -199 40 -139 15 -475 197 483 107 -193 964 -208 17 -620 -10 -106 -153 -463 -159 -78 43 29 -377 181 -158 140 210 502 39 29 -81 -21 29 -194 -338 272 -329 27 15 -96 -594 -462 154 326 -620 64 356 -11 4 -304 -115 156 70 -235 -466 -201 134 214 -283 110 -184 -262 0 -2 -235 -440 93 291 69 -194 -316 -333 -148 -165 -209 -83 -65 -310 151 258 304 -9 307 16 -60 -68 -218 -278 577 -342 167 -156 -392 596 151 -71 -499 -91 132 -163 179 157 -646 191 -148 -163 -17 42 -339 186 -283 -57 -215 -438 -4 -139 95 31 212 -47 127 -312 211 249 183 101 -270 234 252 57 260 25 -28 -105 -345 -47 159 24 166 -7 -354 -191 -266 86 48 403 45 1583863281
213 -13 675 349 64 -65 -3 186 441 758 185 -274 257 42 -46 407 28 -280 -122 589 181 -819 -289 -102 -192 -106 31 -505 257 -293 78 335 350 154 216 157 -115 -333 -372 154 107 385 -87 -44 -280 -458 323 -409 728 -491 -278 -227 14 -148 597 -10 -42 632 143 -38 153 -69 -189 -7 -130 459 96 237 97 -86 45 -340 -285 162 573 568 -79 10 462 -112 133 -69 863 -157 -236 426 -683 -41 123 -323 125 -86 -432 103 347 -1 -58 -390 402 650 -303 74 -146 -332 -331 -114 -251 -506 441 -31 441 -99 282 -173 726 161 64 -54 -343 -135 711 308 -280 279 -718 438 -157 -88 399 454 -686 610 87 446 8 616 -136 490 324 -314 415 -543 512 -60 -341 -95 -326 17 -33 -34 -354 -588 18 -29 -209 -49 -106 572 -316 -399 -92 117 -272 -336 -27 102 726 420 269 -14 -305 51 -126 199 93 121 201 362 207 346 -8 -467 391 -583 117 -250 -219 -146 -196 -228 205 213 -550 -189 301 -34 307 -3 250 211 326 135 -105 332 328 -300 -268 -65 153 245 83 -291 175 262 -329 128 655 -29 97 -283 279 174 663 -233 -381 107 -240 -399 -425 309 -136 -107 499 -631 -228 -302 -305 394 48 358 -220 131 151 15 96 -244 -69 179 67 -26 -222 189 -368 -51 10 315 179 89 207 221 565 304 -445 -80 244 117 -392 325 124 61 -59 -38 -425 -186 238 -97 197 291 -94 -538 79 186 187 310 -277 -174 333 378 -50 -68 454 -140 -94 -327 158 15 -22 -291 -119 287 -15 730 400 -70 449 -574 -86 -117 188 -87 175 -187 319 113 14 143 181 164 -162 -19 319 -171 -312 -50 -352 5 -395 -107 235 99 -147 -301 -405 264 32 133 -128 192 -150 -255 185 -256 -418 0 -713 559 -273 -122 106 -237 62 -329 -106 150 146 134 186 -90 19 -145 29 342 -50 -150 -154 -179 -86 -87 -94 -186 265 -295 512 144 -376 -63 163 218 -31 -176 320 355 416 -95 159 219 171 -45 -141 102 125 225 -299 -36 192 -301 161 19 222 2 122 -160 121 33 4 -80 72 -121 301 -48 -92 -73 89 3 134 -234 59 160 -256 -236 -489 0 534 147 123 361 1583863281
294 543 230 -399 -199 -161 617 -72 404 -466 563 -30 -219 142 -226 -225 -330 107 230 -327 434 -323 215 -15 -358 -380 -308 930 412 112 -304 -137 -133 -12 535 -246 -167 200 244 207 -144 -419 -577 306 -151 858 407 407 433 -211 132 606 -190 75 -508 -96 473 -320 -307 254 -184 489 -75 16 261 35 228 -188 138 223 -653 283 156 -174 -50 259 -390 356 -481 56 -13 -89 -249 -197 -41 -84 -523 -15 -379 -100 -402 -412 329 -452 -12 744 138 607 -116 231 -583 294 433 165 -123 71 111 134 -585 278 -200 -694 441 5 -109 394 -271 95 161 400 55 -273 -444 -362 157 40 105 -38 -162 5 325 315 -483 174 493 -312 -321 10 401 -195 413 -114 -26 387 -1 -484 485 65 -114 143 334 16 -688 -34 -162 -376 -516 -368 -195 -219 -448 158 -182 425 -74 101 -525 60 11 -196 39 289 -352 -204 81 -295 237 -169 257 136 286 283 389 927 139 -332 -259 234 -24 -158 256 329 -229 379 390 378 66 174 175 -383 -406 -94 264 -4 308 -296 -52 754 -286 32 -294 -71 -37 -95 -129 -169 -240 -4 46 11 -291 -202 177 106 219 -12 -278 -698 215 -152 -184 -17 -160 80 209 110 -41 -28 -296 -208 -123 42 53 176 323 343 24 110 -134 -192 289 53 2 -264 -388 -76 -180 88 55 318 94 94 221 108 148 312 -194 502 -31 267 234 72 389 279 72 466 347 -38 -220 -380 199 -619 105 -163 -333 311 -136 -238 291 -13 99 211 -291 490 -331 -171 164 -28 343 -155 -214 408 245 145 402 153 -304 -270 26 53 655 37 -190 309 326 -647 -153 153 195 171 -91 231 417 -163 -24 254 -299 -289 149 -122 95 -140 138 86 70 -64 283 46 -18 118 181 391 -108 -38 -223 -44 -223 -48 80 -113 -182 229 -98 153 208 -190 -275 21 27 191 -204 -463 -259 -82 -547 227 363 121 398 254 -246 -123 149 -349 557 -36 64 -374 127 -513 -156 59 187 547 123 -109 462 48 -95 -241 87 -38 408 77 -214 95 -210 322 32 -243 102 -772 -228 76 -169 -374 132 -33 88 504 104 153 -313 -171 41 -82 -286 -160 248 92 106 -260 -145 438 -45 -165 1583863281
