90446686 75132867 -169927570 -97539310 14109554 98409663 6564439 -79747 -423504 -59069 -16218 461043 -5038 -23277 -143087 61527 -4466 -8680 -730 -5067 -156 -6174 -2340 -396 16 -695 18 96 109 -8 0 3 -6 79 -1 -4 0 0 0 13 -14 8 8 0 4 -25 1 -1 -3 4 0 3 -1 -2 2 -1 0 3 -7 5 1583836345
-12946060 -12856923 16355756 2018701 -6398061 -4451620 -1082143 -139536 101338 -122943 -41786 -23069 -4263 -68962 -16028 -514 -5790 -3328 -988 -838 -210 -324 -97 -322 -2 -47 -11 -5 1 0 0 1 0 2 -1 -2 0 -1 2 0 0 0 0 0 0 0 0 0 0 0 0 0 0 0 0 0 0 0 0 0 1583836345
-12948209 -12833626 16263681 2912026 18497662 -4029517 8700642 -122303 100573 -94973 -26722 -22137 -8348 2328 -14949 83 6364 -3630 -1276 -1021 -161 -270 -3068 -582 -2 -43 -12 -4 1 0 0 1 -17 2 -8 -10 0 0 0 2 0 0 -1 0 -2 0 -4 -2 1 0 0 0 0 0 0 0 0 0 0 1 1583836345
-12943258 -12819870 16259419 2499057 6848168 -4180386 4035415 -130560 125736 -108370 -33926 27466 -6292 -24134 -19300 -106 8889 -3776 -1196 -1098 -146 -313 -1784 1 -6 -47 -11 0 9 -1 0 1 -4 2 -18 -5 -1 -2 10 2 0 -1 -4 1 3 1 3 -2 1 -1 0 0 0 0 0 0 0 0 0 0 1583836345
-12946585 -12867931 16379364 1966235 -7859086 -4496399 -1818929 -140791 88962 -125003 -42887 -45769 -3978 -65774 -1384 -9449 -7637 -3113 -964 -561 -220 -290 -31 -305 -2 -45 -11 -3 4 0 0 1 0 2 3 0 0 0 0 1 0 2 0 0 0 0 0 0 0 0 -1 0 0 -1 0 0 0 0 0 0 1583836345
90446686 75132867 -169927570 -97539310 14109554 98409663 6564439 -79747 -423504 -59069 -16218 461043 -5038 -23277 -143087 61527 -4466 -8680 -730 -5067 -156 -6174 -2340 -396 16 -695 18 96 109 -8 0 3 -6 79 -1 -4 0 0 0 13 -14 8 8 0 4 -25 1 -1 -3 4 0 3 -1 -2 2 -1 0 3 -7 5 1583838187
-12946060 -12856923 16355756 2018701 -6398061 -4451620 -1082143 -139536 101338 -122943 -41786 -23069 -4263 -68962 -16028 -514 -5790 -3328 -988 -838 -210 -324 -97 -322 -2 -47 -11 -5 1 0 0 1 0 2 -1 -2 0 -1 2 0 0 0 0 0 0 0 0 0 0 0 0 0 0 0 0 0 0 0 0 0 1583838187
-12948209 -12833626 16263681 2912026 18497662 -4029517 8700642 -122303 100573 -94973 -26722 -22137 -8348 2328 -14949 83 6364 -3630 -1276 -1021 -161 -270 -3068 -582 -2 -43 -12 -4 1 0 0 1 -17 2 -8 -10 0 0 0 2 0 0 -1 0 -2 0 -4 -2 1 0 0 0 0 0 0 0 0 0 0 1 1583838187
-12943258 -12819870 16259419 2499057 6848168 -4180386 4035415 -130560 125736 -108370 -33926 27466 -6292 -24134 -19300 -106 8889 -3776 -1196 -1098 -146 -313 -1784 1 -6 -47 -11 0 9 -1 0 1 -4 2 -18 -5 -1 -2 10 2 0 -1 -4 1 3 1 3 -2 1 -1 0 0 0 0 0 0 0 0 0 0 1583838187
-12946585 -12867931 16379364 1966235 -7859086 -4496399 -1818929 -140791 88962 -125003 -42887 -45769 -3978 -65774 -1384 -9449 -7637 -3113 -964 -561 -220 -290 -31 -305 -2 -45 -11 -3 4 0 0 1 0 2 3 0 0 0 0 1 0 2 0 0 0 0 0 0 0 0 -1 0 0 -1 0 0 0 0 0 0 1583838187
