-16088947 -15507030 21971611 5023031 -7747961 -7587219 -1832435 -142248 125295 -126366 -43347 -20578 -3969 -62280 -11171 -3869 -7766 -2738 -966 -670 -225 -150 -6 -226 -3 -24 -14 -2 7 0 0 0 -1 0 0 1 0 0 0 0 0 0 0 0 0 0 0 1 0 0 0 -1 0 0 0 0 0 0 0 0 1583836345
-16042542 -15441789 21820424 5356668 2444867 -7344367 -2764213 -143039 131936 -128532 -44210 26790 -2895 201905 -8602 -5876 -3618 5338 -972 1905 -319 -552 -219 -473 -2 -83 -6 -2 2 0 0 1 -3 0 -1 -5 0 -1 0 0 4 1 1 0 -1 -1 0 0 0 0 0 0 0 1 0 0 0 0 0 0 1583836345
-15938216 -15315913 21555226 5370373 5059368 -7131152 2882615 -133998 170479 -112956 -36120 106581 -5686 -11573 -10526 -7779 -9075 8954 -996 3190 -213 -782 -1019 -368 0 -96 -10 -2 1 0 0 1 1 0 -2 -5 0 -1 0 -2 5 0 3 -1 0 -1 -1 0 0 0 0 1 0 1 -1 0 0 0 1 1 1583836345
-16076946 -15492275 21931529 5195000 -2595391 -7488010 -64851 -139079 124725 -121277 -40590 -20864 -4674 -34265 -9778 -4244 -7183 -773 -1009 223 -226 -264 -409 -347 -2 -45 -14 -7 0 0 0 1 0 0 0 -3 0 0 -1 0 0 0 1 0 0 -1 0 0 0 0 0 0 0 0 0 -1 0 0 0 0 1583836345
-16087680 -15492599 21926061 5351801 1218337 -7430464 1545386 -136306 124108 -116704 -38134 -8453 -5341 -28840 -9495 -4461 -8194 117 -1010 10 -228 -262 -696 -359 -1 -35 -11 0 7 0 0 1 1 0 -1 -3 0 -1 0 -1 5 0 2 0 0 0 0 0 0 0 0 0 0 0 0 -1 0 0 0 0 1583836345
-16088498 -15500210 21951213 5163541 -3921845 -7519825 -1308816 -141163 124489 -124777 -42443 -11799 -4073 -11810 -10546 -4255 -8054 -1113 -974 -108 -246 -225 -248 -342 -2 -38 -14 -3 4 0 0 1 1 0 4 0 0 0 -1 0 1 0 1 0 2 0 -2 0 0 0 0 1 0 0 0 0 0 0 0 0 1583836345
-16043479 -15461490 21876506 4982965 -7893453 -7535092 -1818590 -142256 128500 -126339 -43342 -953 -3949 -66189 -10675 -4671 -8115 -179 -947 90 -218 -291 -11 -295 -2 -35 -12 -4 2 0 0 1 0 0 3 0 0 0 0 0 4 0 0 0 0 0 0 0 0 0 -1 0 0 0 0 1 0 0 0 0 1583836345
-16066488 -15485334 21926091 5002191 -7878431 -7565952 -1822243 -142253 124436 -126343 -43342 -11555 -3964 -65591 -10666 -4368 -5564 -1127 -975 -102 -208 -254 -91 -324 -3 -37 -10 -5 1 0 0 1 2 0 1 -2 0 0 0 0 1 0 0 0 1 0 0 0 0 0 0 0 0 0 1 -1 0 0 0 0 1583836345
-16063977 -15474629 21905040 5008773 -7807145 -7546472 -1835379 -142302 132508 -126410 -43378 10231 -3917 -63477 7158 -12007 5925 28197 -957 10170 -76 -1987 -633 -340 -3 -296 -4 -3 -10 2 0 1 5 0 1 4 0 0 0 -2 4 0 6 0 1 3 -1 -1 0 -1 0 1 1 0 -1 0 0 0 0 0 1583836345
-16088922 -15507144 21971803 5023174 -7747590 -7587615 -1832563 -142248 124965 -126366 -43347 -20584 -3969 -62248 -10413 -4161 -7270 -1576 -965 -266 -219 -218 -29 -252 -3 -38 -13 -3 5 0 0 1 -2 0 0 1 0 0 0 0 1 0 0 0 0 0 1 0 0 0 0 0 0 0 0 0 0 0 0 0 1583836345
-16066732 -15482631 21915148 5121947 -4472712 -7507141 -2130970 -142490 124335 -127047 -43616 -11078 -3634 22836 -11327 -3949 -8519 -2074 -961 -478 -270 -163 36 -246 -2 -26 -13 -5 2 0 0 1 -2 0 0 0 0 0 -1 -2 1 0 0 0 0 0 0 0 0 0 0 0 0 0 0 0 0 0 0 0 1583836345
-16087235 -15488113 21931994 5070123 -7358213 -7575993 -1463545 -130392 120588 -125339 -42803 -30242 -4166 -71151 -10895 -3693 -8385 -3376 16210 -6 -182 -122 -75 -273 -2 -23 -11 -2 1 0 0 1 0 0 0 0 -7 0 0 1 0 0 1 0 0 0 1 0 0 0 0 0 0 0 0 0 0 0 0 0 1583836345
-15664117 -15114070 21079415 5866945 27040454 -6567474 11274371 -118906 119459 -88661 -23029 -9881 -9342 70175 -10976 -2616 -10908 -2459 -1211 -593 -273 -70 -2729 -594 1 81 -6 -9 0 0 0 3 16 -1 11 -8 1 0 -9 -8 -2 0 0 0 -2 0 -1 0 0 -1 0 0 0 0 0 0 0 0 0 0 1583836345
-16085588 -15502944 21960077 5077167 -6139915 -7557043 -1068730 -140924 124974 -124193 -42184 -20962 -4304 -63412 -11186 -3837 -9464 -2783 -974 -530 -231 -149 30 -297 -2 -27 -14 -6 1 0 0 1 1 0 2 0 0 0 1 -1 0 0 0 0 0 0 0 0 0 0 0 0 0 0 0 0 0 0 0 0 1583836345
-15599916 -15125425 21131589 4783503 -7890678 -7442848 -1819154 -142766 -155678 -125939 -43239 -14730 -3963 -66080 -9606 -3476 -8065 -691 -827 -3306 -224 -51 -1 -300 -14 99 -15 -11 1 -1 0 2 0 -1 3 0 0 0 0 1 0 0 0 0 0 0 0 0 0 0 -1 0 0 0 0 1 0 0 0 0 1583836345
-15952531 -14995274 20976420 4594723 -7873152 -7223695 -1822940 -141317 482589 -126580 -43380 -4210 -3954 -65650 -11558 -4129 -5885 -1715 -981 -154 -211 -234 -97 -317 11 -26 -10 -7 0 0 0 1 1 0 2 0 0 0 0 0 0 0 2 0 0 0 1 0 0 0 0 0 0 0 1 -1 0 0 0 0 1583836345
-16065764 -15298532 21548646 5328540 -7874302 -7471586 -1826796 312773 119690 -125909 -43249 -30155 -3983 -64858 -10895 -3684 -4191 -3405 14283 -119 -169 -135 -84 -326 -3 -24 -10 -3 1 0 0 1 4 0 2 0 -5 0 0 -1 0 0 1 0 0 0 0 0 0 0 0 0 0 0 1 -1 0 0 0 0 1583836345
-16086114 -15499183 21941129 5295711 -96160 -7460214 1244811 -136840 120785 -117563 -38606 -28161 -5273 -41575 -10309 -3634 -10318 -2565 -1009 -601 -240 -128 -378 -342 -1 -24 -14 -4 4 0 0 2 5 0 4 0 0 -1 3 -2 0 0 0 0 0 0 0 0 0 0 0 0 0 0 0 0 0 0 0 0 1583836345
-15547247 -15051161 21005601 4513798 -7882048 -7039993 -1819925 -142074 119426 -126142 -43278 910 -3937 -65975 -11327 -4991 -7736 -3011 -968 -616 -223 -171 -12 -298 -3 165 -15 -8 7 -2 0 2 0 -2 1 0 0 -1 0 0 0 0 2 0 0 0 0 0 0 0 0 0 0 0 1 -1 0 0 0 0 1583836345
-15864979 -15319901 21575054 4802857 -7872003 -7368471 -1821004 -142142 121984 -126246 -43306 -20893 -3978 -65521 -11583 -3618 -7488 -2581 -972 -470 -221 -186 -23 -296 -3 -11 -12 -7 1 0 0 1 -1 0 1 0 0 0 0 0 0 0 2 0 0 0 0 0 0 0 0 -1 0 0 0 0 0 0 0 0 1583836345
-16010201 -15443846 21836633 4954463 -7600757 -7512426 -1847225 -142230 119772 -126360 -43346 -26939 -3962 -58279 -11269 -3600 -5974 -3145 -985 -688 -219 -146 71 -327 -3 0 -13 -7 1 0 0 1 1 0 1 -1 0 -1 1 1 0 0 0 0 0 0 0 0 0 0 0 0 0 0 0 0 0 0 0 0 1583836345
-16066419 -15484323 21923623 5012791 -7602011 -7560442 -1847207 -142276 124645 -126402 -43365 -10926 -3936 -58400 -9932 -4678 -6186 111 -968 381 -211 -327 425 -306 -2 -49 -12 -6 0 0 0 1 1 0 -1 -2 0 -1 1 -1 1 0 1 0 0 0 0 0 0 0 0 0 0 0 0 0 0 0 0 0 1583836345
-16090244 -15505444 21956513 5273113 -636127 -7473002 -2482075 -142227 120407 -127838 -43922 -29101 -3291 122531 -10850 -3388 -8070 -2928 -199 -606 -320 -98 -13 -403 -2 -25 -8 -5 2 0 0 1 1 0 3 -2 0 0 -2 -1 0 0 0 0 0 0 0 0 0 0 0 0 0 0 0 0 0 0 0 0 1583836345
733476027 655751730 -1394954194 -721725645 4747477 704412044 -2430501 194487 -9112086 188074 61818 -4304689 969 97607 -524953 620425 -3725 12495 860 7674 141 63800 -984 62 -23 -1243 38 30 25 -60 0 35 0 -86 -1 -4 0 9 -1 0 -9 -34 2 -1 1 -12 2 5 8 0 0 0 1 8 0 0 0 1 -6 2 1583836345
-15830594 -15284324 21487787 5015736 -978143 -7218224 856133 -137402 120928 -118571 -39173 -22424 -5096 -44098 -10741 -3600 -8742 -1745 -1016 -150 -229 -213 -601 -337 -2 -27 -10 -7 0 0 0 1 0 0 3 -2 0 0 -4 1 0 0 2 0 1 0 1 0 0 0 0 0 0 0 1 -1 0 0 0 0 1583836345
-6934177 -7791576 5618068 -3794205 -6643347 1344989 -1361191 -137350 -38286 -121140 -41369 -91090 -4207 -61630 441578 -311863 -9653 -18090 -997 -31 -213 3910 1655 -306 -11 7 -6 -1 12 -6 0 8 0 -7 2 0 0 -1 0 0 1 -8 0 0 0 -4 1 0 0 0 0 0 0 0 0 0 0 0 0 0 1583836345
351675514 328247402 -701870216 -352117376 3786104 331330009 -2651963 24460 -4975138 28423 8561 -3158031 -2822 159937 80874 92880 -6508 -724 253 -5174 -129 -20730 -475 -209 -36 -230 9 56 68 -8 0 8 0 -13 2 -3 0 -1 -3 -5 17 0 0 0 0 8 -2 0 -1 0 0 0 1 5 0 0 0 1 -5 2 1583836345
173247098 144182016 -316293924 -178461843 -5118597 179719165 -1595260 -56560 -1525296 -47118 -16789 -421489 -1773 -52507 -266745 217767 -7822 -3789 -672 3724 -128 42799 920 -181 15 715 -15 -12 17 -6 0 -4 1 13 2 0 0 4 0 -1 7 -7 1 0 1 -20 4 0 1 0 0 0 0 6 0 0 0 0 1 0 1583836345
47658042 38333249 -92082326 -56266258 -4631072 55667831 -930447 -113433 -474658 -97742 -33304 -20559 -3335 -50320 -89376 51955 -9420 6473 -637 -524 -182 -4404 -267 -49 -6 1998 -44 -56 15 -11 0 15 -4 -29 0 -2 0 -2 -2 -1 10 0 0 1 0 -4 2 0 -1 -1 0 0 0 -2 0 0 0 1 -3 1 1583836345
-10756601 6280057 -21869904 -367801 -4437776 -13078493 -797797 -138365 98814 -121394 -41129 161054 -3997 -46619 -23055 -4846 -6174 -2806 -968 -685 -216 -328 1 -311 -5 375 -18 -18 1 -1 0 2 -3 -2 -1 -1 0 -1 2 0 0 0 -1 0 0 0 0 0 1 0 0 0 0 0 0 0 0 0 0 0 1583836345
-15330041 -14855035 20592191 4316493 -7848283 -6811019 -1829556 -142039 124367 -126108 -43273 10759 -3903 -64699 -13381 -3897 6832 -2482 -1070 -504 -150 -271 -719 -477 -6 168 -6 -10 3 -1 0 2 -1 -2 4 -4 0 0 1 3 0 0 0 1 3 0 -1 0 0 0 0 1 2 0 -1 0 0 -1 0 0 1583836345
26464543 20267424 -53836813 -36090939 -7380583 34429139 -1832716 -123505 -372623 -108646 -37461 -107059 -3451 -63230 -76101 71965 266 -5267 -1309 7872 -157 51531 -345 -55 -1 -664 0 12 2 -6 0 -7 -4 1 2 0 0 7 -1 0 4 -6 0 -2 -3 0 0 -1 -2 0 0 0 0 1 0 0 0 0 0 0 1583836345
-14991698 -14547761 19945994 3978806 -7771650 -6459865 -1837950 -141861 141020 -126009 -43242 14479 -3883 -63092 -15526 -2716 9195 -3190 -1088 -810 -140 -258 -962 101 -8 249 -22 -14 1 -1 0 2 -9 -3 -1 11 0 0 -2 0 0 0 3 -2 0 0 -2 -1 1 -1 0 -3 -1 0 0 1 0 0 0 0 1583836345
-12873096 -12814724 16264162 1907221 -7714081 -4432455 -1832699 -140786 77232 -124988 -42880 -56888 -3979 -61935 -14867 447 -7125 -2668 -966 -594 -220 -364 -30 -266 -3 -22 -13 -6 2 0 0 1 -2 1 0 1 0 0 0 -1 0 0 0 0 0 0 0 0 0 0 0 0 0 0 0 0 0 0 0 0 1583836345
-16081989 -15494902 21935365 5235772 -1647902 -7476280 725332 -137772 124851 -119066 -39423 -20117 -5053 -50933 -11132 -3693 -7366 -2988 -1025 -620 -222 -131 -228 -184 -3 -20 -15 -6 1 0 0 1 -1 0 2 2 0 0 -1 -1 0 0 -2 0 0 0 0 0 0 0 0 0 0 0 0 0 0 0 0 0 1583836345
-16067961 -15481371 21897351 5402464 3430338 -7382191 2381243 -134778 120622 -114278 -36824 -27501 -5712 -19384 -10588 -3414 -2424 -3180 -1099 -722 -210 -117 -1191 -40 -4 -16 -19 -6 1 0 0 1 -9 0 2 2 0 0 -1 0 0 0 -4 2 0 0 1 0 0 -1 0 0 0 0 0 0 0 0 0 0 1583836345
265414554 221573846 -480315017 -267480225 -1154344 270633766 -440430 -13480 -2666370 -5060 -1991 -1053506 -1900 -35853 -230778 240899 -5569 47351 167 9919 42 35139 -721 22 14 317 -9 6 14 0 0 -8 0 4 1 1 0 3 0 -6 25 2 -3 0 2 -13 2 -9 -11 0 0 0 0 2 0 0 0 0 0 0 1583836345
-16002947 -15408605 21712861 5974493 21162146 -7015314 9147898 -122793 119476 -94882 -26365 -26613 -8502 44046 -9945 -2892 8179 -3368 -1313 -853 -171 -92 -2606 249 -7 -16 -27 -5 1 0 0 1 -13 0 -1 14 2 1 -16 -2 -1 0 -12 3 3 1 7 -3 2 -2 0 1 1 0 0 0 0 0 0 0 1583836345
-15927666 -15369557 21675942 4955115 -5277581 -7387295 -905775 -140534 122599 -123643 -41893 -22858 -4356 -54199 -10554 -3898 -9180 -1475 -977 -38 -230 -234 -194 -84 -3 -39 -18 -7 0 0 0 1 -3 0 1 -1 0 0 0 1 0 0 0 1 0 0 0 1 -1 0 0 0 -1 0 1 0 0 0 0 0 1583836345
-14411852 -13977720 18734170 3776699 -3767284 -5803929 -771445 -140410 89811 -122836 -41526 53109 -4205 -28065 -5795 15428 -6117 -6429 -1468 9619 -222 54142 -274 -161 0 -501 -6 -2 -5 -10 0 -2 -5 -6 0 0 0 7 -2 1 -2 -1 0 0 0 1 0 1 0 0 0 -2 0 0 -1 0 0 0 0 0 1583836345
-15924483 -15319901 21586223 4828915 -7884103 -7393214 -1820376 -142083 168204 -126317 -43328 -9041 -3960 -65878 -11858 -3873 -7278 -2331 -964 -582 -220 -183 1 -310 -1 -7 -12 -6 1 1 0 2 0 0 2 -1 0 0 0 0 0 0 0 0 0 0 0 0 0 0 0 0 0 0 0 0 0 0 0 0 1583836345
-16088085 -15502677 21962929 5024361 -7874668 -7586758 -1820993 -142265 124786 -126349 -43343 -11508 -3966 -65667 -11625 -3996 -8095 -2662 -961 -691 -224 -151 -4 -168 -3 -25 -15 -3 6 0 0 1 -1 0 1 1 0 0 0 0 1 0 1 1 0 0 0 0 0 -1 0 0 -1 0 0 0 0 0 0 0 1583836345
210641765 175121049 -381961291 -214370064 -5259406 216315563 -1872950 -41147 -2374521 -31802 -11828 -724502 -1567 -48480 -349872 316209 3788 -3039 -1082 13534 -46 94670 -321 509 2 -1353 7 35 3 -7 0 -12 1 -13 0 3 0 12 0 -2 0 -16 3 -3 0 -4 1 -3 0 -1 0 0 -1 -2 0 0 0 0 3 -1 1583836345
-16085366 -15503520 21963910 5026864 -7562501 -7580412 -1850800 -142264 125117 -126408 -43364 -20784 -3949 -57538 -11479 -3771 -5014 -3192 -993 -706 -214 -142 -169 60 -5 -23 -21 -6 1 0 0 1 -4 0 1 2 0 0 0 0 0 0 1 0 0 0 0 0 0 1 1 0 1 0 -1 0 0 0 0 0 1583836345
135990948 112269741 -248796054 -142198424 -6243113 142523392 -1840507 -74165 -1594006 -62731 -22119 -576963 -2530 -56724 -161034 155995 -5804 -7318 -983 7388 -137 54414 -154 -220 0 -395 0 8 8 -9 0 -8 2 -7 0 2 0 7 0 0 -4 -10 5 0 0 3 0 -3 -5 0 0 1 1 0 0 -1 0 0 0 0 1583836345
-14703771 -14347694 19513866 3682336 -7873227 -6229033 -1820036 -141632 103102 -125749 -43138 -33172 -3982 -65908 -13548 -1729 -7473 -3009 -970 -671 -221 -232 -44 -31 -4 20 -20 -8 1 0 0 1 -2 0 2 0 0 0 0 0 0 0 0 0 -1 0 0 0 0 0 1 0 0 0 0 0 0 0 0 0 1583836345
-16076386 -15494885 21944878 5033525 -7308676 -7571194 -1876453 -142302 121104 -126462 -43385 -27949 -3934 -50760 -10887 -3733 -1446 -2949 -1019 -627 -199 -167 -340 -12 -5 -19 -17 -6 1 0 0 1 -3 0 -2 8 0 0 -2 -1 0 0 0 0 1 0 2 1 -1 2 0 -3 0 0 -1 0 0 0 0 0 1583836345
10179926 6570583 -24818544 -20309752 -5013697 18331434 -855371 -128764 -197717 -112509 -38125 -213601 -4302 -53533 28241 -20993 -7049 -2165 -912 -80 -202 -1578 -281 -155 -5 161 -16 -7 4 2 0 -1 -3 7 -1 0 0 0 -1 0 0 0 -2 0 1 2 0 0 0 0 0 0 0 0 0 0 0 0 -1 0 1583836345
89200004 73177817 -165893639 -97011828 -6460287 96865477 -1943990 -95149 -691984 -83344 -29209 186932 -1816 -52710 -210763 121622 150903 -9527 -1703 -7258 596 -6865 -8615 2888 -47 -601 -47 7 -6 -3 -1 4 -30 -7 14 49 1 1 -7 43 10 -6 1 -13 -29 0 11 16 -13 -5 -6 3 -12 2 -6 -5 -1 4 1 -1 1583836345
-15940851 -15384260 21708636 4928551 -6391907 -7422754 -1966669 -142294 119595 -126613 -43455 -26866 -3833 -28004 -11197 -3476 17556 -3315 -1160 -854 -115 -211 -1485 1837 -19 -7 -65 -7 1 0 0 0 -26 0 5 7 0 -1 2 0 0 0 6 2 0 0 -3 4 -3 -3 3 2 1 0 -2 1 0 0 0 0 1583836345
-15689092 -15132439 21130797 5764831 23738654 -6636837 -4713080 -144386 120157 -132822 -45903 -11569 -895 748199 -11481 -2244 6517 -1425 -1119 -313 -559 -91 -1608 4208 -27 27 -129 -9 1 0 0 0 -43 0 19 -12 0 -1 -5 -10 -3 0 3 -7 -5 1 5 0 0 -2 3 3 0 0 0 3 0 -1 0 0 1583836345
-15906892 -15352913 21645410 4844542 -7865357 -7407480 -1823070 -142168 124012 -126273 -43316 -19058 -3973 -65282 -11913 -3569 -5815 -3120 -985 -682 -214 -157 -83 -282 -3 -16 -11 -6 1 0 0 1 0 0 1 1 0 0 0 -1 0 0 0 0 0 0 0 0 0 0 0 0 0 0 0 0 0 0 0 0 1583836345
166032846 136975782 -301257232 -171698796 -5856327 171225323 -1843130 -58671 -2428244 -48457 -17080 -1826527 -4222 -46777 179247 -45171 -7924 -13354 -447 -4265 -148 -9462 -155 -185 -18 -867 70 132 79 93 0 -117 6 115 6 0 0 -1 1 1 -2 -19 2 1 0 16 -3 -3 -4 0 0 0 1 3 0 0 0 1 -2 1 1583836345
48093165 38275491 -92028348 -57170196 -4961011 55552476 -951080 -111324 -720215 -96511 -32792 -561256 -4261 -56340 -92866 79608 -9098 -1639 -769 -2022 -206 -4174 -274 -263 -4 -360 -8 35 24 23 0 -28 1 36 4 0 0 -1 0 0 -1 -8 1 0 1 -5 0 -1 0 0 0 0 -1 1 0 0 0 1 0 1 1583836345
-802190 -2623675 -5321363 -9727917 -5706457 7623899 -1056205 -134024 16444 -117876 -40087 27268 -3973 -58122 -45068 16637 -9591 -4037 -913 -1544 -230 -1040 -74 -293 0 -140 -11 -2 3 0 0 1 1 0 2 0 0 -1 1 -1 0 -1 0 0 0 0 0 0 -1 0 0 0 0 0 0 0 0 0 0 0 1583836345
9529127 6021331 -23643995 -19826856 -7616620 17727438 -1821625 -130624 -131401 -115635 -39772 -82844 -3683 -64771 -54065 28362 -8232 -3492 -875 -1608 -217 -1711 -34 -285 -1 -194 -11 0 1 0 0 1 0 6 3 0 0 -1 0 1 0 -1 0 0 0 -2 0 1 1 0 -1 0 1 1 0 1 0 0 0 0 1583836345
160117402 132546369 -291741266 -165836912 -5982722 166512067 -1841328 -62464 -1677684 -52722 -18830 -477232 -1977 -56651 -180533 132796 -7274 -12476 -353 -8025 -159 -10162 -252 -217 1 -962 3 152 77 128 0 -159 6 159 7 1 0 -3 1 0 -1 -39 4 0 0 0 0 -8 -10 0 0 0 0 5 1 0 0 0 0 0 1583836345
-3872617 -5286498 303819 -6818233 -7168643 4398360 -1878244 -136665 -56201 -121233 -41632 -155069 -3974 -48955 123546 -89894 -1299 -5338 -988 190 -183 -326 2583 -363 -6 -106 -4 1 5 3 0 -2 2 7 4 -1 0 0 0 0 -2 8 0 1 0 3 0 1 1 0 0 0 0 1 0 0 0 0 0 0 1583836345
2495227 16941578 -44521255 -13255795 -5450688 311866 -1001769 -132759 -26642 -116504 -39671 201860 -3670 -62560 -16147 -12556 -9734 -6694 -896 -2031 -226 -827 -119 -302 -3 -111 -11 23 15 29 0 -35 1 38 4 0 0 0 -1 0 0 -5 1 0 0 3 0 0 -2 0 0 -1 0 0 0 0 0 0 0 0 1583836345
-699240 -2514062 -5592961 -9006296 17237900 8117490 7971438 -118077 15066 -92022 -26171 29320 -7743 7669 -44987 17725 -9194 -4070 -1086 -1576 -236 -992 2896 -453 3 -146 -5 -2 0 1 0 0 7 4 15 -2 3 1 -19 4 0 -1 6 0 4 1 6 0 1 0 0 0 0 0 0 0 0 0 0 0 1583836345
4867522 7647271 -26349065 -14985043 -5826977 10037166 -1109604 -132997 -26346 -116182 -39612 215493 -3558 -61736 -29230 14059 -8579 40769 -921 19210 -92 16385 4637 -159 0 389 -18 -50 -39 -5 0 4 -4 -13 2 1 0 1 -1 2 -3 -3 1 0 0 2 0 -1 0 0 0 0 0 -2 0 0 0 0 0 0 1583836345
-15990749 -15418711 21776145 5105469 -2826684 -7405277 82796 -138832 124403 -120848 -40381 -19683 -4762 -46666 -11525 -3545 -8019 -3131 -1002 -671 -229 -135 2078 -318 -1 -25 -9 -6 1 0 0 1 0 0 4 -1 0 0 -3 0 0 0 1 0 0 0 0 0 0 0 0 -1 0 0 0 0 0 0 0 0 1583836345
-10447210 -10618173 11636957 -298114 -7509599 -1830409 -1870831 -140367 152050 -124509 -42816 221172 -3431 -57505 -21192 21902 18196 -7236 -1675 11235 -84 65351 264 -609 0 -519 8 -5 -10 -12 0 -1 26 -9 4 -7 0 7 3 -5 -4 -3 0 0 2 2 1 2 -1 1 0 -1 0 0 -1 1 0 -1 0 0 1583836345
12124172 8149500 -28169141 -22302082 -7580317 20170231 -1823589 -129522 -249623 -114390 -39322 -225956 -3885 -63520 -51859 38937 -7056 -1961 -939 305 -206 7128 -32 -294 -3 59 -11 -5 6 -3 0 0 0 -2 2 -1 0 0 0 -1 3 -2 0 0 0 -1 0 0 0 0 0 0 0 0 0 0 0 0 0 0 1583836345
-16085014 -15502654 21962540 5019247 -7815565 -7583810 -1830398 -142256 125138 -126365 -43348 -20449 -3970 -63805 -11401 -3820 -2063 -3100 -1012 -679 -196 -160 5 -238 -4 -23 -13 -4 4 0 0 1 4 0 2 0 0 -1 0 -2 -1 0 0 1 0 0 -1 0 0 -1 0 0 -1 0 0 0 0 0 0 0 1583836345
-15900669 -15342152 21617572 4967087 -4219093 -7334078 -2182091 -142467 126382 -127117 -43661 -14065 -3578 30618 -11045 -3808 36057 -2191 -1281 -501 -53 -340 892 -529 -11 -41 9 -5 0 0 0 1 16 0 -40 -24 -2 -3 13 -2 0 0 7 -4 -1 1 2 0 0 0 0 0 0 0 0 0 0 0 0 0 1583836345
-15598679 -15075607 21039894 4961696 3372550 -6892960 2314722 -134745 126651 -114339 -36933 6168 -5660 -38640 -12631 -3206 24546 -2955 -1258 -1574 -61 -198 -2652 3360 -28 94 -104 -3 9 0 0 0 -25 0 -16 -4 0 0 2 13 12 0 1 1 8 1 0 8 -6 -7 4 6 -11 1 3 5 0 2 1 0 1583836345
-16069770 -15470627 21859942 5727418 12442543 -7223696 5795110 -128747 124401 -104519 -31554 -19196 -7067 17730 -10523 -3227 50274 -3978 -1446 -1122 49 -336 34814 -725 -2 -97 22 -4 1 1 1 0 24 -3 20 0 0 0 -1 -6 -1 0 0 0 0 0 -2 3 3 0 0 0 0 0 0 0 0 0 0 0 1583836345
-13549392 -13345005 17395616 2597921 -7829956 -5023358 -1824485 -141273 121280 -125401 -43048 52251 -3814 -65314 -14373 -3555 -5560 4661 -905 894 -193 -676 0 -320 -2 128 -13 2 14 1 0 0 2 -1 2 -1 0 -1 0 -5 12 0 0 0 0 0 0 2 3 0 0 0 0 0 0 0 0 0 0 0 1583836345
-14212153 -13870370 18500821 3477527 193259 -5545087 2472168 -134032 153908 -113487 -36638 15288 -5826 -97343 -14738 -2509 -7551 -666 -1038 211 -188 -388 -1009 -228 -1 74 -15 -11 -1 0 0 2 -3 -1 -2 -2 0 0 -1 4 0 0 4 0 1 0 0 2 -2 1 0 0 1 0 -1 0 0 0 0 0 1583836345
-15717969 -15167668 21224486 5306252 10055045 -6894683 4502325 -130830 132732 -108091 -33551 6284 -6572 -12000 -12978 -3220 -2668 -3157 -1137 -739 -208 -125 -1945 578 -7 20 -37 -5 4 0 0 0 -8 0 -6 0 0 0 -3 6 0 0 6 -4 6 0 -4 0 2 0 1 5 -6 0 2 3 0 1 2 2 1583836345
-15955596 -15398418 21740478 4900295 -7667822 -7456971 -1865007 -142244 119907 -126399 -43375 -22408 -3932 -58644 -11523 -3546 28500 -3699 -1233 -1031 -49 -235 -1261 -515 -10 33 2 -6 2 0 0 1 22 -1 0 7 0 -1 0 -9 -2 0 9 -2 1 0 -1 1 0 0 0 0 1 0 -1 0 0 0 0 0 1583836345
-15846049 -15305200 21539974 4849421 -6036857 -7324419 -894646 -140533 118228 -123601 -41895 -27541 -4399 -69321 -11503 -3337 -9227 -3104 -969 -652 -226 -156 3658 -251 -1 -19 -13 -7 1 0 0 1 -4 0 3 1 0 0 0 0 0 0 0 0 0 0 0 0 0 0 0 0 0 0 0 0 0 0 0 0 1583836345
-8407080 -8890647 7978297 -2216226 -7815822 237512 -1821841 -139651 141788 -123615 -42489 202089 -3480 -66985 -34082 917 -8247 431 -912 404 -210 -827 36 -290 -2 682 -22 -27 -1 2 0 -1 1 2 2 -1 0 -1 0 -1 0 -5 0 0 0 1 0 0 0 0 0 0 0 0 0 0 0 0 0 0 1583836345
-14720020 -14280686 19388492 3759571 -7876741 -6093567 -1820586 -141945 182613 -126026 -43276 141398 -3684 -66818 -22636 -4066 -8124 -1950 -935 -644 -220 -279 47 -297 -1 159 -17 -11 2 -1 0 2 1 -2 2 -1 0 -1 0 -1 1 0 0 0 0 0 0 0 0 0 0 0 0 0 0 0 0 0 0 0 1583836345
-15325823 -14836852 20556243 4330679 -7669935 -6778757 -1881108 -142161 137152 -126292 -43366 38387 -3802 -58600 -16094 -3430 46943 -3828 -1360 -1183 42 -331 -2339 -230 -17 227 339 -12 1 -1 -1 4 38 -3 0 -4 0 0 1 1 0 -1 -10 -6 12 0 -4 2 -2 -4 1 -1 -3 0 0 0 0 -2 0 0 1583836345
14268032 10054604 -32181321 -24526585 -7246522 22304504 -1871464 -128067 -172351 -113578 -39028 -320626 -3959 -53606 -47224 36316 23173 -2065 -1095 -1296 -64 -2175 -613 -546 -5 -156 6 2 5 1 0 0 22 3 4 0 0 -1 2 -7 -2 -1 0 0 0 -3 0 0 0 0 0 0 1 0 0 1 0 0 0 0 1583836345
-16076285 -15495799 21946124 5048532 -6674859 -7556493 -2015536 -142449 124711 -126838 -43574 -20765 -3763 -30087 -10984 -3628 118635 -5070 -1884 -1898 381 -453 -3688 671 -37 -24 2 -2 1 0 -1 2 49 -1 -10 43 0 0 -7 -25 -7 1 2 -13 16 -2 -16 -6 4 -7 3 -1 -1 0 7 -1 0 2 0 -2 1583836345
-4310851 -5668359 1110131 -6403907 -7595679 3931925 -1835896 -136819 -69893 -121259 -41609 -191968 -4072 -60136 -22896 13022 -8040 -1378 -931 -365 -220 -967 929 -279 -4 -25 -11 -3 4 0 0 0 0 3 2 0 0 -1 0 0 0 -2 0 0 0 0 0 0 0 0 0 0 0 0 0 0 0 0 0 0 1583836345
-6540268 -7512915 5023499 -4219516 -6447804 1779387 -1951524 -137879 -16245 -122503 -42048 -162496 -3932 -29536 -21546 10516 5640 -2745 -1039 -879 -172 -792 1217 -65 -7 -79 -19 -3 3 0 0 1 0 1 -6 8 0 0 -2 -1 0 -1 0 -1 2 0 5 0 0 1 0 -1 0 0 0 0 0 0 0 0 1583836345
95130127 78279754 -176700850 -102390635 -6712510 102769722 -1834250 -93678 -821566 -80844 -28304 153542 -1932 -63111 -132786 74957 -7127 25372 -466 7560 -84 -8545 -273 -205 -1 1606 -34 -80 -32 -8 0 13 0 -30 1 -2 0 -3 0 0 -6 -2 0 0 0 -8 1 1 1 0 0 0 0 1 0 0 0 0 -1 0 1583836345
-15800542 -15234707 21367378 5442778 11999232 -6931861 -3639650 -143554 137501 -130432 -44971 15370 -1998 442565 -13149 -3200 220 -1826 -1050 -357 -442 -125 -944 -660 -2 -6 0 -6 0 0 0 1 -5 0 -3 -7 0 0 -2 9 1 0 7 0 4 1 5 -2 1 3 -1 5 -4 0 1 3 0 -1 -2 -3 1583836345
-16085624 -15506016 21965085 5098855 -5492169 -7552444 -2038122 -142400 120227 -126823 -43525 -28284 -3763 -3839 -10718 -3598 -8054 -2837 -961 -921 -256 -112 -46 234 -5 -18 -26 -2 7 -1 0 1 -4 0 3 -1 0 -1 1 -2 -1 0 0 0 0 0 0 0 0 0 0 0 0 0 0 0 0 0 0 0 1583836345
21503800 16272294 -45414562 -29558163 41953195 30641600 -5125029 -127424 -147293 -118087 -40694 166184 1053 1151140 72673 -66500 21769 5559 -1074 2167 -623 -2224 -2933 9556 -56 500 -267 -25 1 -1 -1 1 -64 -7 22 -35 -2 -4 5 -25 -8 2 6 -23 -5 5 7 2 0 -2 0 1 0 2 0 0 0 -1 -1 1 1583836345
-5623051 -6501302 2784337 -2242856 70394954 4352600 28382466 -84677 159440 -36001 4494 290767 -15799 201668 -34487 1113 -11551 441 -1467 -7 -278 -728 -2554 377 3 132 -34 -7 1 1 0 3 59 0 25 3 -4 -5 28 -21 -1 -1 -4 0 3 -1 0 3 -1 1 -1 0 0 1 1 -1 0 0 0 0 1583836345
-3763633 -5016698 -272199 -6059517 12621147 5107193 5029554 -125002 66058 -101845 -31119 208514 -6106 51494 -37086 5908 -4584 6359 -957 62 -219 -1244 216 -477 0 411 -10 -10 15 -6 0 5 14 -8 8 0 0 -1 1 -4 -5 -3 -2 1 1 0 0 0 0 0 0 0 0 0 0 0 0 0 0 0 1583836345
-12703504 -12643657 15897208 1962529 -1658868 -4111065 -144894 -137651 105979 -120097 -40218 4009 -4488 -11809 -18970 459 1504 -3008 -1030 -753 -195 -403 11370 -269 0 -51 -3 -7 0 0 0 1 -3 0 1 3 0 0 -3 1 0 0 2 0 0 0 0 0 0 1 0 1 0 0 1 0 0 0 0 0 1583836345
-13849647 -13380779 17446060 4184894 29008167 -4517637 12626320 -115979 279481 -84483 -20927 183009 -9613 50635 -13114 -8101 -9552 12276 -1176 4742 -209 -1057 -1317 -200 5 316 -11 -25 -12 0 0 4 25 -6 4 2 -1 -3 9 -10 0 -1 -3 1 0 0 0 1 -1 0 0 0 0 0 0 0 0 0 0 0 1583836345
-13629300 -13303455 17280594 3645079 17772958 -4530176 7607183 -124844 197097 -98630 -28554 186697 -7425 44568 -24700 -3343 3831 -198 -1168 320 -180 -490 16934 103 0 281 -18 -20 -2 -2 1 2 -10 -4 -6 11 0 0 -1 2 0 -2 -3 0 1 1 3 -2 1 -1 0 1 0 0 0 0 0 0 0 0 1583836345
-15040953 -14563398 19984746 4073855 -7887337 -6422351 -1818879 -142095 174122 -126141 -43316 143681 -3686 -67078 -21998 -4693 -7981 -1911 -944 -451 -219 -273 -15 -302 -2 164 -15 -11 2 -1 0 2 0 -2 3 0 0 -1 0 0 2 0 0 0 0 0 0 0 0 0 -1 0 0 0 0 1 0 0 0 0 1583836345
-15110288 -14644547 20149721 4144818 -7451019 -6555849 -1861820 -142076 136388 -126150 -43296 38481 -3821 -54845 -14638 -4068 -4165 -29 -980 463 -202 -401 1068 -326 -3 96 -11 -13 -2 0 0 2 2 -1 -1 -3 0 -1 1 -1 0 -1 1 0 0 0 0 0 0 0 0 0 0 0 0 0 0 0 0 0 1583836345
56766616 44954270 -106260270 -65660723 -5805204 64418245 -1575967 -108191 -820929 -94508 -32428 -716616 -4087 -42377 -44857 55055 8857 536 -853 -764 -110 -4749 3065 -414 -6 -424 3 4 3 -4 0 5 0 -9 4 -3 0 0 1 2 -2 13 -1 0 0 -15 1 0 0 0 0 0 0 -1 0 0 0 1 -2 0 1583836345
25628043 19449669 -52129896 -35335950 -3372484 33449287 -222422 -120208 -438242 -103917 -34839 -443920 -4707 -48952 -51017 45601 -565 504 -898 -426 -165 -2935 7343 -300 -3 -266 -2 0 2 -1 0 2 -3 -4 6 1 0 0 -1 1 0 0 0 0 0 -4 0 0 0 0 0 0 0 0 0 0 0 0 0 0 1583836345
-2548759 -4132458 -2134752 -8037086 -5613434 5814179 -723361 -134206 -18994 -117550 -39781 -69292 -4341 -70685 -27337 10571 -9431 2422 -914 1081 -206 -1303 1864 -255 -1 -155 -11 -7 -4 0 0 2 -1 -1 2 0 0 0 0 0 -1 0 0 0 0 -1 0 0 0 0 0 0 0 -1 0 0 0 0 0 0 1583836345
2279624 -81375 -10749520 -12195033 9398115 10784794 5160838 -121582 -98438 -98615 -29990 -151305 -6843 -22357 -22744 11778 6832 -1685 -1090 -522 -136 -1391 21606 -318 1 -190 0 -5 0 -1 1 1 -14 -2 12 8 0 0 -2 6 0 3 1 1 0 -4 0 -1 0 0 0 0 0 0 0 0 0 0 0 0 1583836345
-11855117 -11965930 14464701 907590 -7844508 -3440302 -1821764 -140285 61865 -124518 -42721 -72026 -3998 -65285 -14343 827 816 -3065 -1022 -781 -180 -426 -521 -418 -4 -48 -7 -5 2 0 0 2 4 0 8 0 0 0 2 8 1 0 -1 -5 -3 -1 0 1 -1 -2 -6 0 5 0 4 5 0 0 0 0 1583836345
28873853 22114005 -57783486 -38694189 -7356052 36384865 -1829267 -121218 -565767 -106833 -36694 -719884 -4481 -58745 130538 -65968 -5651 -4855 -880 -107 -187 -2230 73 -307 -8 -236 -2 7 11 0 0 0 2 -5 2 -1 0 0 1 0 -4 19 -1 1 -1 10 -1 2 2 0 0 0 0 2 0 0 0 0 -1 0 1583836345
406487038 338259362 -727954259 -405838781 -3194090 406015018 -1868960 55269 -6137746 56637 18962 -6249632 -8046 -10115 633664 -131964 -4833 -13934 85 -2651 -20 -22143 -436 -83 -34 -2148 53 105 82 -34 0 30 -4 -81 0 -2 0 1 0 0 -3 0 0 0 0 7 -1 3 3 0 0 0 0 2 0 0 0 1 -2 1 1583836345
-12772269 -11946938 14530293 1782445 -7651857 -4844689 -1862684 -140766 68986 -125063 -42967 -47453 -3987 -58815 448024 -320168 21439 -19551 -1234 -588 -68 1990 -710 -684 -16 -12 3 -1 9 -6 0 8 29 -9 6 -1 0 -1 3 -5 1 -9 5 -2 0 -3 0 3 -1 1 0 2 3 -1 1 -1 0 0 0 0 1583836345
101299945 82901903 -186605717 -109083107 -6581325 107601456 -1834546 -87678 -1438108 -76026 -26333 -1384626 -4528 -52249 502333 -289734 -7699 -18836 -694 -1088 -155 -4412 116 -270 -13 -642 9 24 22 -10 0 9 0 -24 1 -1 0 0 0 0 -4 19 -1 1 -1 16 -2 3 4 0 0 0 0 6 0 0 0 1 -3 1 1583836345
12105705 8466809 -28777245 -22157849 -7590358 20538514 -1824476 -130265 1325 -115196 -39752 330542 -2949 -66928 42099 -57309 -6073 2394 -815 1446 -169 -1836 -135 -307 -2 351 -18 -6 3 12 0 -12 -2 25 2 0 0 -1 0 0 0 0 1 0 -1 5 0 -1 -2 0 0 -1 0 0 0 0 0 0 -1 0 1583836345
2635188 328772 -11562599 -13053719 -7641304 11090673 -1832379 -134176 25708 -118883 -40927 161926 -3368 -64625 14282 -30162 3158 -2959 -915 -1677 -153 -1050 -388 -439 -4 431 -10 0 20 4 0 -3 3 10 4 -1 0 -1 0 -4 14 0 1 1 0 4 0 2 3 0 0 -1 0 0 0 0 0 0 0 0 1583836345
-13288856 -12979058 16651975 2297229 -7127399 -4627653 -1887146 -141029 257856 -125617 -43134 123921 -3621 -47655 -22915 -1466 -6874 -1520 -963 58 -221 1841 22 -317 1 307 -17 -4 16 0 0 1 -1 1 0 -1 0 -2 1 0 0 -2 0 0 0 0 0 0 0 0 0 0 0 0 0 0 0 0 0 0 1583836345
-15604129 -15030625 20976256 4554879 -6990118 -7027202 -1902506 -142041 186249 -126428 -43385 26962 -3805 -42906 -14345 -4007 -4211 -2177 -990 -348 -215 -235 295 -351 -1 21 -11 -9 0 0 0 1 -1 0 1 -2 0 -1 1 0 0 0 0 0 0 0 0 0 0 0 0 0 0 0 0 0 0 0 0 0 1583836345
-15591938 -15085045 21078446 4547649 -7873613 -7084398 -1822509 -142063 124533 -126163 -43284 -3132 -3941 -65595 -13463 -3322 -4524 -3153 -992 -712 -208 -178 -102 -349 -3 110 -12 -10 1 -1 0 2 0 -1 3 -2 0 -1 0 -1 0 0 0 1 0 0 0 0 0 0 0 0 0 0 0 0 0 0 0 0 1583836345
-15829066 -15268018 21444386 5240147 4772635 -7108359 2968427 -133728 121759 -112549 -35917 -13416 -5915 -18395 -10753 -3528 49059 -2623 -1480 -715 51 -339 -3491 2057 -27 32 -62 -8 0 0 0 0 -10 0 4 22 1 0 -6 -4 -1 -2 -32 10 16 1 0 10 -8 1 -1 -8 0 0 -5 3 0 3 0 -1 1583836345
178500101 147514873 -323581245 -183795996 -5692762 183464935 -1861127 -52962 -2566671 -43161 -15238 -2028692 -4314 -43868 -164279 206194 9288 12015 -381 -1964 -40 -12695 -1042 -65 -17 -126 -4 47 64 -8 0 6 11 -18 2 -3 0 -1 0 -4 18 -4 -1 -2 2 0 0 9 5 0 0 0 0 -2 1 -2 0 0 0 0 1583836345
-14579284 -14230912 19269193 3577637 -7820079 -6068316 -1827505 -141654 118656 -125779 -43164 15350 -3888 -64502 -16244 -2214 -3736 -2834 -984 -826 -203 -250 2 -347 -4 170 -11 -12 1 -1 0 2 3 -2 2 0 0 -1 0 -1 0 0 1 0 0 0 0 0 0 0 0 -1 0 0 0 0 0 0 0 0 1583836345
105497448 86544242 -194307223 -112658528 -5992112 112272510 -1341823 -86908 -1365449 -73867 -25548 -620259 -3350 -68243 92433 -39645 -7920 10839 -424 1788 -108 -5151 -267 -166 -13 1116 -23 -14 21 6 0 -3 -1 7 0 0 0 -3 0 -2 16 -5 0 0 0 1 0 6 8 0 0 0 0 0 0 0 0 0 1 0 1583836345
-5197726 -6186139 2252187 -5381209 -6572681 3453862 -809830 -136207 155553 -119450 -40583 285872 -3775 -89124 -43633 4932 -9770 2591 -785 -1766 -200 -949 -141 -134 -1 881 -29 -8 26 0 0 1 -1 -3 1 1 0 -1 0 -7 30 -1 1 0 -1 2 0 1 0 -1 0 0 0 0 0 0 0 0 0 0 1583836345
-5446009 -6466629 2833508 -5196809 -6757845 3100098 -1922062 -137842 100734 -122416 -42095 133855 -3442 -39406 -29343 5829 4984 -608 -1034 667 -159 8256 461 -336 -4 673 -17 -9 25 -6 0 2 1 -2 -13 -5 0 0 3 -2 9 -3 -1 0 1 2 1 0 2 0 0 0 0 0 0 0 0 0 0 0 1583836345
-15751630 -15070867 21078567 4643608 -6188237 -7137909 -1312292 -140845 257964 -124843 -42513 -12499 -4156 -53551 -12451 -3365 -5274 -3105 -996 -692 -214 -165 1378 522 -1 27 -32 -8 1 0 0 1 -2 0 4 -3 0 -1 2 -1 0 0 0 -1 1 0 0 0 0 -1 0 0 0 0 0 0 0 0 0 0 1583836345
-15570839 -14988641 20834612 5552937 21643097 -6528408 9164506 -122502 167118 -94713 -26289 5508 -8438 51969 -12098 -2958 -7460 -2509 -1196 -493 -251 -112 -2555 -365 0 67 -8 -9 0 0 0 2 6 -1 2 -9 1 0 -13 -6 -2 0 -3 -2 -1 0 -2 0 -1 0 0 -1 0 0 -1 0 0 0 0 0 1583836345
-14435103 -14062596 18895779 3937555 5227131 -5662417 3522542 -132346 136900 -110529 -34964 59894 -6069 -35409 -17596 -2867 -8011 -2360 -1062 -457 -222 -248 -972 -30 -3 222 -25 -11 1 2 0 -1 7 7 1 0 0 -1 0 0 0 -2 0 1 0 1 2 3 1 -2 0 1 -1 0 0 0 0 0 0 0 1583836345
-15768497 -15221047 21346747 5141055 4069877 -7055167 1986273 -135255 127453 -115245 -37328 -3229 -5423 13637 -12206 -3503 -9195 -2885 -1041 -604 -260 -124 -412 -407 -1 32 -16 -8 1 0 0 2 10 -1 5 0 0 -1 4 -3 0 0 0 0 0 0 0 0 0 0 0 0 0 0 0 0 0 0 0 0 1583836345
-15674961 -15145791 21187444 5029438 3398767 -6978014 2455199 -134528 123128 -113940 -36678 -6502 -5710 -22643 -12234 -3359 -8126 -2947 -1040 -608 -234 -152 4440 -341 0 59 -18 -9 1 -1 0 2 7 -1 6 2 0 -1 2 -2 0 0 0 0 0 0 0 0 0 0 0 0 0 0 0 0 0 0 0 0 1583836345
-16015299 -14850876 20641244 5977309 -7938734 -7207325 -1822804 671468 118960 -126007 -43303 -30147 -3989 -65888 -11050 -3769 -6520 -7132 249295 8753 390 66 -678 -6 2 -2 -4 -15 3 0 0 0 0 0 1 1 -32 0 -3 3 0 0 0 0 0 0 0 0 0 0 -1 0 0 0 0 0 0 0 0 0 1583836345
-15995994 -15405296 21759928 4956692 -7892951 -7468417 -1820023 -142323 135263 -126375 -43368 42776 -3871 -66323 -14146 -4578 -3867 -2047 -957 -1212 -202 -159 -246 -358 -3 5 -9 0 10 0 0 1 2 0 5 0 0 0 1 2 11 1 0 -3 -1 0 0 1 0 -1 -3 0 3 0 2 3 0 0 0 0 1583836345
-16088947 -15507030 21971611 5023031 -7747961 -7587219 -1832435 -142248 125295 -126366 -43347 -20578 -3969 -62280 -11171 -3869 -7766 -2738 -966 -670 -225 -150 -6 -226 -3 -24 -14 -2 7 0 0 0 -1 0 0 1 0 0 0 0 0 0 0 0 0 0 0 1 0 0 0 -1 0 0 0 0 0 0 0 0 1583838187
-16042542 -15441789 21820424 5356668 2444867 -7344367 -2764213 -143039 131936 -128532 -44210 26790 -2895 201905 -8602 -5876 -3618 5338 -972 1905 -319 -552 -219 -473 -2 -83 -6 -2 2 0 0 1 -3 0 -1 -5 0 -1 0 0 4 1 1 0 -1 -1 0 0 0 0 0 0 0 1 0 0 0 0 0 0 1583838187
-15938216 -15315913 21555226 5370373 5059368 -7131152 2882615 -133998 170479 -112956 -36120 106581 -5686 -11573 -10526 -7779 -9075 8954 -996 3190 -213 -782 -1019 -368 0 -96 -10 -2 1 0 0 1 1 0 -2 -5 0 -1 0 -2 5 0 3 -1 0 -1 -1 0 0 0 0 1 0 1 -1 0 0 0 1 1 1583838187
-16076946 -15492275 21931529 5195000 -2595391 -7488010 -64851 -139079 124725 -121277 -40590 -20864 -4674 -34265 -9778 -4244 -7183 -773 -1009 223 -226 -264 -409 -347 -2 -45 -14 -7 0 0 0 1 0 0 0 -3 0 0 -1 0 0 0 1 0 0 -1 0 0 0 0 0 0 0 0 0 -1 0 0 0 0 1583838187
-16087680 -15492599 21926061 5351801 1218337 -7430464 1545386 -136306 124108 -116704 -38134 -8453 -5341 -28840 -9495 -4461 -8194 117 -1010 10 -228 -262 -696 -359 -1 -35 -11 0 7 0 0 1 1 0 -1 -3 0 -1 0 -1 5 0 2 0 0 0 0 0 0 0 0 0 0 0 0 -1 0 0 0 0 1583838187
-16088498 -15500210 21951213 5163541 -3921845 -7519825 -1308816 -141163 124489 -124777 -42443 -11799 -4073 -11810 -10546 -4255 -8054 -1113 -974 -108 -246 -225 -248 -342 -2 -38 -14 -3 4 0 0 1 1 0 4 0 0 0 -1 0 1 0 1 0 2 0 -2 0 0 0 0 1 0 0 0 0 0 0 0 0 1583838187
-16043479 -15461490 21876506 4982965 -7893453 -7535092 -1818590 -142256 128500 -126339 -43342 -953 -3949 -66189 -10675 -4671 -8115 -179 -947 90 -218 -291 -11 -295 -2 -35 -12 -4 2 0 0 1 0 0 3 0 0 0 0 0 4 0 0 0 0 0 0 0 0 0 -1 0 0 0 0 1 0 0 0 0 1583838187
-16066488 -15485334 21926091 5002191 -7878431 -7565952 -1822243 -142253 124436 -126343 -43342 -11555 -3964 -65591 -10666 -4368 -5564 -1127 -975 -102 -208 -254 -91 -324 -3 -37 -10 -5 1 0 0 1 2 0 1 -2 0 0 0 0 1 0 0 0 1 0 0 0 0 0 0 0 0 0 1 -1 0 0 0 0 1583838187
-16063977 -15474629 21905040 5008773 -7807145 -7546472 -1835379 -142302 132508 -126410 -43378 10231 -3917 -63477 7158 -12007 5925 28197 -957 10170 -76 -1987 -633 -340 -3 -296 -4 -3 -10 2 0 1 5 0 1 4 0 0 0 -2 4 0 6 0 1 3 -1 -1 0 -1 0 1 1 0 -1 0 0 0 0 0 1583838187
-16088922 -15507144 21971803 5023174 -7747590 -7587615 -1832563 -142248 124965 -126366 -43347 -20584 -3969 -62248 -10413 -4161 -7270 -1576 -965 -266 -219 -218 -29 -252 -3 -38 -13 -3 5 0 0 1 -2 0 0 1 0 0 0 0 1 0 0 0 0 0 1 0 0 0 0 0 0 0 0 0 0 0 0 0 1583838187
-16066732 -15482631 21915148 5121947 -4472712 -7507141 -2130970 -142490 124335 -127047 -43616 -11078 -3634 22836 -11327 -3949 -8519 -2074 -961 -478 -270 -163 36 -246 -2 -26 -13 -5 2 0 0 1 -2 0 0 0 0 0 -1 -2 1 0 0 0 0 0 0 0 0 0 0 0 0 0 0 0 0 0 0 0 1583838187
-16087235 -15488113 21931994 5070123 -7358213 -7575993 -1463545 -130392 120588 -125339 -42803 -30242 -4166 -71151 -10895 -3693 -8385 -3376 16210 -6 -182 -122 -75 -273 -2 -23 -11 -2 1 0 0 1 0 0 0 0 -7 0 0 1 0 0 1 0 0 0 1 0 0 0 0 0 0 0 0 0 0 0 0 0 1583838187
-15664117 -15114070 21079415 5866945 27040454 -6567474 11274371 -118906 119459 -88661 -23029 -9881 -9342 70175 -10976 -2616 -10908 -2459 -1211 -593 -273 -70 -2729 -594 1 81 -6 -9 0 0 0 3 16 -1 11 -8 1 0 -9 -8 -2 0 0 0 -2 0 -1 0 0 -1 0 0 0 0 0 0 0 0 0 0 1583838187
-16085588 -15502944 21960077 5077167 -6139915 -7557043 -1068730 -140924 124974 -124193 -42184 -20962 -4304 -63412 -11186 -3837 -9464 -2783 -974 -530 -231 -149 30 -297 -2 -27 -14 -6 1 0 0 1 1 0 2 0 0 0 1 -1 0 0 0 0 0 0 0 0 0 0 0 0 0 0 0 0 0 0 0 0 1583838187
-15599916 -15125425 21131589 4783503 -7890678 -7442848 -1819154 -142766 -155678 -125939 -43239 -14730 -3963 -66080 -9606 -3476 -8065 -691 -827 -3306 -224 -51 -1 -300 -14 99 -15 -11 1 -1 0 2 0 -1 3 0 0 0 0 1 0 0 0 0 0 0 0 0 0 0 -1 0 0 0 0 1 0 0 0 0 1583838187
-15952531 -14995274 20976420 4594723 -7873152 -7223695 -1822940 -141317 482589 -126580 -43380 -4210 -3954 -65650 -11558 -4129 -5885 -1715 -981 -154 -211 -234 -97 -317 11 -26 -10 -7 0 0 0 1 1 0 2 0 0 0 0 0 0 0 2 0 0 0 1 0 0 0 0 0 0 0 1 -1 0 0 0 0 1583838187
-16065764 -15298532 21548646 5328540 -7874302 -7471586 -1826796 312773 119690 -125909 -43249 -30155 -3983 -64858 -10895 -3684 -4191 -3405 14283 -119 -169 -135 -84 -326 -3 -24 -10 -3 1 0 0 1 4 0 2 0 -5 0 0 -1 0 0 1 0 0 0 0 0 0 0 0 0 0 0 1 -1 0 0 0 0 1583838187
-16086114 -15499183 21941129 5295711 -96160 -7460214 1244811 -136840 120785 -117563 -38606 -28161 -5273 -41575 -10309 -3634 -10318 -2565 -1009 -601 -240 -128 -378 -342 -1 -24 -14 -4 4 0 0 2 5 0 4 0 0 -1 3 -2 0 0 0 0 0 0 0 0 0 0 0 0 0 0 0 0 0 0 0 0 1583838187
-15547247 -15051161 21005601 4513798 -7882048 -7039993 -1819925 -142074 119426 -126142 -43278 910 -3937 -65975 -11327 -4991 -7736 -3011 -968 -616 -223 -171 -12 -298 -3 165 -15 -8 7 -2 0 2 0 -2 1 0 0 -1 0 0 0 0 2 0 0 0 0 0 0 0 0 0 0 0 1 -1 0 0 0 0 1583838187
-15864979 -15319901 21575054 4802857 -7872003 -7368471 -1821004 -142142 121984 -126246 -43306 -20893 -3978 -65521 -11583 -3618 -7488 -2581 -972 -470 -221 -186 -23 -296 -3 -11 -12 -7 1 0 0 1 -1 0 1 0 0 0 0 0 0 0 2 0 0 0 0 0 0 0 0 -1 0 0 0 0 0 0 0 0 1583838187
-16010201 -15443846 21836633 4954463 -7600757 -7512426 -1847225 -142230 119772 -126360 -43346 -26939 -3962 -58279 -11269 -3600 -5974 -3145 -985 -688 -219 -146 71 -327 -3 0 -13 -7 1 0 0 1 1 0 1 -1 0 -1 1 1 0 0 0 0 0 0 0 0 0 0 0 0 0 0 0 0 0 0 0 0 1583838187
-16066419 -15484323 21923623 5012791 -7602011 -7560442 -1847207 -142276 124645 -126402 -43365 -10926 -3936 -58400 -9932 -4678 -6186 111 -968 381 -211 -327 425 -306 -2 -49 -12 -6 0 0 0 1 1 0 -1 -2 0 -1 1 -1 1 0 1 0 0 0 0 0 0 0 0 0 0 0 0 0 0 0 0 0 1583838187
-16090244 -15505444 21956513 5273113 -636127 -7473002 -2482075 -142227 120407 -127838 -43922 -29101 -3291 122531 -10850 -3388 -8070 -2928 -199 -606 -320 -98 -13 -403 -2 -25 -8 -5 2 0 0 1 1 0 3 -2 0 0 -2 -1 0 0 0 0 0 0 0 0 0 0 0 0 0 0 0 0 0 0 0 0 1583838187
733476027 655751730 -1394954194 -721725645 4747477 704412044 -2430501 194487 -9112086 188074 61818 -4304689 969 97607 -524953 620425 -3725 12495 860 7674 141 63800 -984 62 -23 -1243 38 30 25 -60 0 35 0 -86 -1 -4 0 9 -1 0 -9 -34 2 -1 1 -12 2 5 8 0 0 0 1 8 0 0 0 1 -6 2 1583838187
-15830594 -15284324 21487787 5015736 -978143 -7218224 856133 -137402 120928 -118571 -39173 -22424 -5096 -44098 -10741 -3600 -8742 -1745 -1016 -150 -229 -213 -601 -337 -2 -27 -10 -7 0 0 0 1 0 0 3 -2 0 0 -4 1 0 0 2 0 1 0 1 0 0 0 0 0 0 0 1 -1 0 0 0 0 1583838187
-6934177 -7791576 5618068 -3794205 -6643347 1344989 -1361191 -137350 -38286 -121140 -41369 -91090 -4207 -61630 441578 -311863 -9653 -18090 -997 -31 -213 3910 1655 -306 -11 7 -6 -1 12 -6 0 8 0 -7 2 0 0 -1 0 0 1 -8 0 0 0 -4 1 0 0 0 0 0 0 0 0 0 0 0 0 0 1583838187
351675514 328247402 -701870216 -352117376 3786104 331330009 -2651963 24460 -4975138 28423 8561 -3158031 -2822 159937 80874 92880 -6508 -724 253 -5174 -129 -20730 -475 -209 -36 -230 9 56 68 -8 0 8 0 -13 2 -3 0 -1 -3 -5 17 0 0 0 0 8 -2 0 -1 0 0 0 1 5 0 0 0 1 -5 2 1583838187
173247098 144182016 -316293924 -178461843 -5118597 179719165 -1595260 -56560 -1525296 -47118 -16789 -421489 -1773 -52507 -266745 217767 -7822 -3789 -672 3724 -128 42799 920 -181 15 715 -15 -12 17 -6 0 -4 1 13 2 0 0 4 0 -1 7 -7 1 0 1 -20 4 0 1 0 0 0 0 6 0 0 0 0 1 0 1583838187
47658042 38333249 -92082326 -56266258 -4631072 55667831 -930447 -113433 -474658 -97742 -33304 -20559 -3335 -50320 -89376 51955 -9420 6473 -637 -524 -182 -4404 -267 -49 -6 1998 -44 -56 15 -11 0 15 -4 -29 0 -2 0 -2 -2 -1 10 0 0 1 0 -4 2 0 -1 -1 0 0 0 -2 0 0 0 1 -3 1 1583838187
-10756601 6280057 -21869904 -367801 -4437776 -13078493 -797797 -138365 98814 -121394 -41129 161054 -3997 -46619 -23055 -4846 -6174 -2806 -968 -685 -216 -328 1 -311 -5 375 -18 -18 1 -1 0 2 -3 -2 -1 -1 0 -1 2 0 0 0 -1 0 0 0 0 0 1 0 0 0 0 0 0 0 0 0 0 0 1583838187
-15330041 -14855035 20592191 4316493 -7848283 -6811019 -1829556 -142039 124367 -126108 -43273 10759 -3903 -64699 -13381 -3897 6832 -2482 -1070 -504 -150 -271 -719 -477 -6 168 -6 -10 3 -1 0 2 -1 -2 4 -4 0 0 1 3 0 0 0 1 3 0 -1 0 0 0 0 1 2 0 -1 0 0 -1 0 0 1583838187
26464543 20267424 -53836813 -36090939 -7380583 34429139 -1832716 -123505 -372623 -108646 -37461 -107059 -3451 -63230 -76101 71965 266 -5267 -1309 7872 -157 51531 -345 -55 -1 -664 0 12 2 -6 0 -7 -4 1 2 0 0 7 -1 0 4 -6 0 -2 -3 0 0 -1 -2 0 0 0 0 1 0 0 0 0 0 0 1583838187
-14991698 -14547761 19945994 3978806 -7771650 -6459865 -1837950 -141861 141020 -126009 -43242 14479 -3883 -63092 -15526 -2716 9195 -3190 -1088 -810 -140 -258 -962 101 -8 249 -22 -14 1 -1 0 2 -9 -3 -1 11 0 0 -2 0 0 0 3 -2 0 0 -2 -1 1 -1 0 -3 -1 0 0 1 0 0 0 0 1583838187
-12873096 -12814724 16264162 1907221 -7714081 -4432455 -1832699 -140786 77232 -124988 -42880 -56888 -3979 -61935 -14867 447 -7125 -2668 -966 -594 -220 -364 -30 -266 -3 -22 -13 -6 2 0 0 1 -2 1 0 1 0 0 0 -1 0 0 0 0 0 0 0 0 0 0 0 0 0 0 0 0 0 0 0 0 1583838187
-16081989 -15494902 21935365 5235772 -1647902 -7476280 725332 -137772 124851 -119066 -39423 -20117 -5053 -50933 -11132 -3693 -7366 -2988 -1025 -620 -222 -131 -228 -184 -3 -20 -15 -6 1 0 0 1 -1 0 2 2 0 0 -1 -1 0 0 -2 0 0 0 0 0 0 0 0 0 0 0 0 0 0 0 0 0 1583838187
-16067961 -15481371 21897351 5402464 3430338 -7382191 2381243 -134778 120622 -114278 -36824 -27501 -5712 -19384 -10588 -3414 -2424 -3180 -1099 -722 -210 -117 -1191 -40 -4 -16 -19 -6 1 0 0 1 -9 0 2 2 0 0 -1 0 0 0 -4 2 0 0 1 0 0 -1 0 0 0 0 0 0 0 0 0 0 1583838187
265414554 221573846 -480315017 -267480225 -1154344 270633766 -440430 -13480 -2666370 -5060 -1991 -1053506 -1900 -35853 -230778 240899 -5569 47351 167 9919 42 35139 -721 22 14 317 -9 6 14 0 0 -8 0 4 1 1 0 3 0 -6 25 2 -3 0 2 -13 2 -9 -11 0 0 0 0 2 0 0 0 0 0 0 1583838187
-16002947 -15408605 21712861 5974493 21162146 -7015314 9147898 -122793 119476 -94882 -26365 -26613 -8502 44046 -9945 -2892 8179 -3368 -1313 -853 -171 -92 -2606 249 -7 -16 -27 -5 1 0 0 1 -13 0 -1 14 2 1 -16 -2 -1 0 -12 3 3 1 7 -3 2 -2 0 1 1 0 0 0 0 0 0 0 1583838187
-15927666 -15369557 21675942 4955115 -5277581 -7387295 -905775 -140534 122599 -123643 -41893 -22858 -4356 -54199 -10554 -3898 -9180 -1475 -977 -38 -230 -234 -194 -84 -3 -39 -18 -7 0 0 0 1 -3 0 1 -1 0 0 0 1 0 0 0 1 0 0 0 1 -1 0 0 0 -1 0 1 0 0 0 0 0 1583838187
-14411852 -13977720 18734170 3776699 -3767284 -5803929 -771445 -140410 89811 -122836 -41526 53109 -4205 -28065 -5795 15428 -6117 -6429 -1468 9619 -222 54142 -274 -161 0 -501 -6 -2 -5 -10 0 -2 -5 -6 0 0 0 7 -2 1 -2 -1 0 0 0 1 0 1 0 0 0 -2 0 0 -1 0 0 0 0 0 1583838187
-15924483 -15319901 21586223 4828915 -7884103 -7393214 -1820376 -142083 168204 -126317 -43328 -9041 -3960 -65878 -11858 -3873 -7278 -2331 -964 -582 -220 -183 1 -310 -1 -7 -12 -6 1 1 0 2 0 0 2 -1 0 0 0 0 0 0 0 0 0 0 0 0 0 0 0 0 0 0 0 0 0 0 0 0 1583838187
-16088085 -15502677 21962929 5024361 -7874668 -7586758 -1820993 -142265 124786 -126349 -43343 -11508 -3966 -65667 -11625 -3996 -8095 -2662 -961 -691 -224 -151 -4 -168 -3 -25 -15 -3 6 0 0 1 -1 0 1 1 0 0 0 0 1 0 1 1 0 0 0 0 0 -1 0 0 -1 0 0 0 0 0 0 0 1583838187
210641765 175121049 -381961291 -214370064 -5259406 216315563 -1872950 -41147 -2374521 -31802 -11828 -724502 -1567 -48480 -349872 316209 3788 -3039 -1082 13534 -46 94670 -321 509 2 -1353 7 35 3 -7 0 -12 1 -13 0 3 0 12 0 -2 0 -16 3 -3 0 -4 1 -3 0 -1 0 0 -1 -2 0 0 0 0 3 -1 1583838187
-16085366 -15503520 21963910 5026864 -7562501 -7580412 -1850800 -142264 125117 -126408 -43364 -20784 -3949 -57538 -11479 -3771 -5014 -3192 -993 -706 -214 -142 -169 60 -5 -23 -21 -6 1 0 0 1 -4 0 1 2 0 0 0 0 0 0 1 0 0 0 0 0 0 1 1 0 1 0 -1 0 0 0 0 0 1583838187
135990948 112269741 -248796054 -142198424 -6243113 142523392 -1840507 -74165 -1594006 -62731 -22119 -576963 -2530 -56724 -161034 155995 -5804 -7318 -983 7388 -137 54414 -154 -220 0 -395 0 8 8 -9 0 -8 2 -7 0 2 0 7 0 0 -4 -10 5 0 0 3 0 -3 -5 0 0 1 1 0 0 -1 0 0 0 0 1583838187
-14703771 -14347694 19513866 3682336 -7873227 -6229033 -1820036 -141632 103102 -125749 -43138 -33172 -3982 -65908 -13548 -1729 -7473 -3009 -970 -671 -221 -232 -44 -31 -4 20 -20 -8 1 0 0 1 -2 0 2 0 0 0 0 0 0 0 0 0 -1 0 0 0 0 0 1 0 0 0 0 0 0 0 0 0 1583838187
-16076386 -15494885 21944878 5033525 -7308676 -7571194 -1876453 -142302 121104 -126462 -43385 -27949 -3934 -50760 -10887 -3733 -1446 -2949 -1019 -627 -199 -167 -340 -12 -5 -19 -17 -6 1 0 0 1 -3 0 -2 8 0 0 -2 -1 0 0 0 0 1 0 2 1 -1 2 0 -3 0 0 -1 0 0 0 0 0 1583838187
10179926 6570583 -24818544 -20309752 -5013697 18331434 -855371 -128764 -197717 -112509 -38125 -213601 -4302 -53533 28241 -20993 -7049 -2165 -912 -80 -202 -1578 -281 -155 -5 161 -16 -7 4 2 0 -1 -3 7 -1 0 0 0 -1 0 0 0 -2 0 1 2 0 0 0 0 0 0 0 0 0 0 0 0 -1 0 1583838187
89200004 73177817 -165893639 -97011828 -6460287 96865477 -1943990 -95149 -691984 -83344 -29209 186932 -1816 -52710 -210763 121622 150903 -9527 -1703 -7258 596 -6865 -8615 2888 -47 -601 -47 7 -6 -3 -1 4 -30 -7 14 49 1 1 -7 43 10 -6 1 -13 -29 0 11 16 -13 -5 -6 3 -12 2 -6 -5 -1 4 1 -1 1583838187
-15940851 -15384260 21708636 4928551 -6391907 -7422754 -1966669 -142294 119595 -126613 -43455 -26866 -3833 -28004 -11197 -3476 17556 -3315 -1160 -854 -115 -211 -1485 1837 -19 -7 -65 -7 1 0 0 0 -26 0 5 7 0 -1 2 0 0 0 6 2 0 0 -3 4 -3 -3 3 2 1 0 -2 1 0 0 0 0 1583838187
-15689092 -15132439 21130797 5764831 23738654 -6636837 -4713080 -144386 120157 -132822 -45903 -11569 -895 748199 -11481 -2244 6517 -1425 -1119 -313 -559 -91 -1608 4208 -27 27 -129 -9 1 0 0 0 -43 0 19 -12 0 -1 -5 -10 -3 0 3 -7 -5 1 5 0 0 -2 3 3 0 0 0 3 0 -1 0 0 1583838187
-15906892 -15352913 21645410 4844542 -7865357 -7407480 -1823070 -142168 124012 -126273 -43316 -19058 -3973 -65282 -11913 -3569 -5815 -3120 -985 -682 -214 -157 -83 -282 -3 -16 -11 -6 1 0 0 1 0 0 1 1 0 0 0 -1 0 0 0 0 0 0 0 0 0 0 0 0 0 0 0 0 0 0 0 0 1583838187
166032846 136975782 -301257232 -171698796 -5856327 171225323 -1843130 -58671 -2428244 -48457 -17080 -1826527 -4222 -46777 179247 -45171 -7924 -13354 -447 -4265 -148 -9462 -155 -185 -18 -867 70 132 79 93 0 -117 6 115 6 0 0 -1 1 1 -2 -19 2 1 0 16 -3 -3 -4 0 0 0 1 3 0 0 0 1 -2 1 1583838187
48093165 38275491 -92028348 -57170196 -4961011 55552476 -951080 -111324 -720215 -96511 -32792 -561256 -4261 -56340 -92866 79608 -9098 -1639 -769 -2022 -206 -4174 -274 -263 -4 -360 -8 35 24 23 0 -28 1 36 4 0 0 -1 0 0 -1 -8 1 0 1 -5 0 -1 0 0 0 0 -1 1 0 0 0 1 0 1 1583838187
-802190 -2623675 -5321363 -9727917 -5706457 7623899 -1056205 -134024 16444 -117876 -40087 27268 -3973 -58122 -45068 16637 -9591 -4037 -913 -1544 -230 -1040 -74 -293 0 -140 -11 -2 3 0 0 1 1 0 2 0 0 -1 1 -1 0 -1 0 0 0 0 0 0 -1 0 0 0 0 0 0 0 0 0 0 0 1583838187
9529127 6021331 -23643995 -19826856 -7616620 17727438 -1821625 -130624 -131401 -115635 -39772 -82844 -3683 -64771 -54065 28362 -8232 -3492 -875 -1608 -217 -1711 -34 -285 -1 -194 -11 0 1 0 0 1 0 6 3 0 0 -1 0 1 0 -1 0 0 0 -2 0 1 1 0 -1 0 1 1 0 1 0 0 0 0 1583838187
160117402 132546369 -291741266 -165836912 -5982722 166512067 -1841328 -62464 -1677684 -52722 -18830 -477232 -1977 -56651 -180533 132796 -7274 -12476 -353 -8025 -159 -10162 -252 -217 1 -962 3 152 77 128 0 -159 6 159 7 1 0 -3 1 0 -1 -39 4 0 0 0 0 -8 -10 0 0 0 0 5 1 0 0 0 0 0 1583838187
-3872617 -5286498 303819 -6818233 -7168643 4398360 -1878244 -136665 -56201 -121233 -41632 -155069 -3974 -48955 123546 -89894 -1299 -5338 -988 190 -183 -326 2583 -363 -6 -106 -4 1 5 3 0 -2 2 7 4 -1 0 0 0 0 -2 8 0 1 0 3 0 1 1 0 0 0 0 1 0 0 0 0 0 0 1583838187
2495227 16941578 -44521255 -13255795 -5450688 311866 -1001769 -132759 -26642 -116504 -39671 201860 -3670 -62560 -16147 -12556 -9734 -6694 -896 -2031 -226 -827 -119 -302 -3 -111 -11 23 15 29 0 -35 1 38 4 0 0 0 -1 0 0 -5 1 0 0 3 0 0 -2 0 0 -1 0 0 0 0 0 0 0 0 1583838187
-699240 -2514062 -5592961 -9006296 17237900 8117490 7971438 -118077 15066 -92022 -26171 29320 -7743 7669 -44987 17725 -9194 -4070 -1086 -1576 -236 -992 2896 -453 3 -146 -5 -2 0 1 0 0 7 4 15 -2 3 1 -19 4 0 -1 6 0 4 1 6 0 1 0 0 0 0 0 0 0 0 0 0 0 1583838187
4867522 7647271 -26349065 -14985043 -5826977 10037166 -1109604 -132997 -26346 -116182 -39612 215493 -3558 -61736 -29230 14059 -8579 40769 -921 19210 -92 16385 4637 -159 0 389 -18 -50 -39 -5 0 4 -4 -13 2 1 0 1 -1 2 -3 -3 1 0 0 2 0 -1 0 0 0 0 0 -2 0 0 0 0 0 0 1583838187
-15990749 -15418711 21776145 5105469 -2826684 -7405277 82796 -138832 124403 -120848 -40381 -19683 -4762 -46666 -11525 -3545 -8019 -3131 -1002 -671 -229 -135 2078 -318 -1 -25 -9 -6 1 0 0 1 0 0 4 -1 0 0 -3 0 0 0 1 0 0 0 0 0 0 0 0 -1 0 0 0 0 0 0 0 0 1583838187
-10447210 -10618173 11636957 -298114 -7509599 -1830409 -1870831 -140367 152050 -124509 -42816 221172 -3431 -57505 -21192 21902 18196 -7236 -1675 11235 -84 65351 264 -609 0 -519 8 -5 -10 -12 0 -1 26 -9 4 -7 0 7 3 -5 -4 -3 0 0 2 2 1 2 -1 1 0 -1 0 0 -1 1 0 -1 0 0 1583838187
12124172 8149500 -28169141 -22302082 -7580317 20170231 -1823589 -129522 -249623 -114390 -39322 -225956 -3885 -63520 -51859 38937 -7056 -1961 -939 305 -206 7128 -32 -294 -3 59 -11 -5 6 -3 0 0 0 -2 2 -1 0 0 0 -1 3 -2 0 0 0 -1 0 0 0 0 0 0 0 0 0 0 0 0 0 0 1583838187
-16085014 -15502654 21962540 5019247 -7815565 -7583810 -1830398 -142256 125138 -126365 -43348 -20449 -3970 -63805 -11401 -3820 -2063 -3100 -1012 -679 -196 -160 5 -238 -4 -23 -13 -4 4 0 0 1 4 0 2 0 0 -1 0 -2 -1 0 0 1 0 0 -1 0 0 -1 0 0 -1 0 0 0 0 0 0 0 1583838187
-15900669 -15342152 21617572 4967087 -4219093 -7334078 -2182091 -142467 126382 -127117 -43661 -14065 -3578 30618 -11045 -3808 36057 -2191 -1281 -501 -53 -340 892 -529 -11 -41 9 -5 0 0 0 1 16 0 -40 -24 -2 -3 13 -2 0 0 7 -4 -1 1 2 0 0 0 0 0 0 0 0 0 0 0 0 0 1583838187
-15598679 -15075607 21039894 4961696 3372550 -6892960 2314722 -134745 126651 -114339 -36933 6168 -5660 -38640 -12631 -3206 24546 -2955 -1258 -1574 -61 -198 -2652 3360 -28 94 -104 -3 9 0 0 0 -25 0 -16 -4 0 0 2 13 12 0 1 1 8 1 0 8 -6 -7 4 6 -11 1 3 5 0 2 1 0 1583838187
-16069770 -15470627 21859942 5727418 12442543 -7223696 5795110 -128747 124401 -104519 -31554 -19196 -7067 17730 -10523 -3227 50274 -3978 -1446 -1122 49 -336 34814 -725 -2 -97 22 -4 1 1 1 0 24 -3 20 0 0 0 -1 -6 -1 0 0 0 0 0 -2 3 3 0 0 0 0 0 0 0 0 0 0 0 1583838187
-13549392 -13345005 17395616 2597921 -7829956 -5023358 -1824485 -141273 121280 -125401 -43048 52251 -3814 -65314 -14373 -3555 -5560 4661 -905 894 -193 -676 0 -320 -2 128 -13 2 14 1 0 0 2 -1 2 -1 0 -1 0 -5 12 0 0 0 0 0 0 2 3 0 0 0 0 0 0 0 0 0 0 0 1583838187
-14212153 -13870370 18500821 3477527 193259 -5545087 2472168 -134032 153908 -113487 -36638 15288 -5826 -97343 -14738 -2509 -7551 -666 -1038 211 -188 -388 -1009 -228 -1 74 -15 -11 -1 0 0 2 -3 -1 -2 -2 0 0 -1 4 0 0 4 0 1 0 0 2 -2 1 0 0 1 0 -1 0 0 0 0 0 1583838187
-15717969 -15167668 21224486 5306252 10055045 -6894683 4502325 -130830 132732 -108091 -33551 6284 -6572 -12000 -12978 -3220 -2668 -3157 -1137 -739 -208 -125 -1945 578 -7 20 -37 -5 4 0 0 0 -8 0 -6 0 0 0 -3 6 0 0 6 -4 6 0 -4 0 2 0 1 5 -6 0 2 3 0 1 2 2 1583838187
-15955596 -15398418 21740478 4900295 -7667822 -7456971 -1865007 -142244 119907 -126399 -43375 -22408 -3932 -58644 -11523 -3546 28500 -3699 -1233 -1031 -49 -235 -1261 -515 -10 33 2 -6 2 0 0 1 22 -1 0 7 0 -1 0 -9 -2 0 9 -2 1 0 -1 1 0 0 0 0 1 0 -1 0 0 0 0 0 1583838187
-15846049 -15305200 21539974 4849421 -6036857 -7324419 -894646 -140533 118228 -123601 -41895 -27541 -4399 -69321 -11503 -3337 -9227 -3104 -969 -652 -226 -156 3658 -251 -1 -19 -13 -7 1 0 0 1 -4 0 3 1 0 0 0 0 0 0 0 0 0 0 0 0 0 0 0 0 0 0 0 0 0 0 0 0 1583838187
-8407080 -8890647 7978297 -2216226 -7815822 237512 -1821841 -139651 141788 -123615 -42489 202089 -3480 -66985 -34082 917 -8247 431 -912 404 -210 -827 36 -290 -2 682 -22 -27 -1 2 0 -1 1 2 2 -1 0 -1 0 -1 0 -5 0 0 0 1 0 0 0 0 0 0 0 0 0 0 0 0 0 0 1583838187
-14720020 -14280686 19388492 3759571 -7876741 -6093567 -1820586 -141945 182613 -126026 -43276 141398 -3684 -66818 -22636 -4066 -8124 -1950 -935 -644 -220 -279 47 -297 -1 159 -17 -11 2 -1 0 2 1 -2 2 -1 0 -1 0 -1 1 0 0 0 0 0 0 0 0 0 0 0 0 0 0 0 0 0 0 0 1583838187
-15325823 -14836852 20556243 4330679 -7669935 -6778757 -1881108 -142161 137152 -126292 -43366 38387 -3802 -58600 -16094 -3430 46943 -3828 -1360 -1183 42 -331 -2339 -230 -17 227 339 -12 1 -1 -1 4 38 -3 0 -4 0 0 1 1 0 -1 -10 -6 12 0 -4 2 -2 -4 1 -1 -3 0 0 0 0 -2 0 0 1583838187
14268032 10054604 -32181321 -24526585 -7246522 22304504 -1871464 -128067 -172351 -113578 -39028 -320626 -3959 -53606 -47224 36316 23173 -2065 -1095 -1296 -64 -2175 -613 -546 -5 -156 6 2 5 1 0 0 22 3 4 0 0 -1 2 -7 -2 -1 0 0 0 -3 0 0 0 0 0 0 1 0 0 1 0 0 0 0 1583838187
-16076285 -15495799 21946124 5048532 -6674859 -7556493 -2015536 -142449 124711 -126838 -43574 -20765 -3763 -30087 -10984 -3628 118635 -5070 -1884 -1898 381 -453 -3688 671 -37 -24 2 -2 1 0 -1 2 49 -1 -10 43 0 0 -7 -25 -7 1 2 -13 16 -2 -16 -6 4 -7 3 -1 -1 0 7 -1 0 2 0 -2 1583838187
-4310851 -5668359 1110131 -6403907 -7595679 3931925 -1835896 -136819 -69893 -121259 -41609 -191968 -4072 -60136 -22896 13022 -8040 -1378 -931 -365 -220 -967 929 -279 -4 -25 -11 -3 4 0 0 0 0 3 2 0 0 -1 0 0 0 -2 0 0 0 0 0 0 0 0 0 0 0 0 0 0 0 0 0 0 1583838187
-6540268 -7512915 5023499 -4219516 -6447804 1779387 -1951524 -137879 -16245 -122503 -42048 -162496 -3932 -29536 -21546 10516 5640 -2745 -1039 -879 -172 -792 1217 -65 -7 -79 -19 -3 3 0 0 1 0 1 -6 8 0 0 -2 -1 0 -1 0 -1 2 0 5 0 0 1 0 -1 0 0 0 0 0 0 0 0 1583838187
95130127 78279754 -176700850 -102390635 -6712510 102769722 -1834250 -93678 -821566 -80844 -28304 153542 -1932 -63111 -132786 74957 -7127 25372 -466 7560 -84 -8545 -273 -205 -1 1606 -34 -80 -32 -8 0 13 0 -30 1 -2 0 -3 0 0 -6 -2 0 0 0 -8 1 1 1 0 0 0 0 1 0 0 0 0 -1 0 1583838187
-15800542 -15234707 21367378 5442778 11999232 -6931861 -3639650 -143554 137501 -130432 -44971 15370 -1998 442565 -13149 -3200 220 -1826 -1050 -357 -442 -125 -944 -660 -2 -6 0 -6 0 0 0 1 -5 0 -3 -7 0 0 -2 9 1 0 7 0 4 1 5 -2 1 3 -1 5 -4 0 1 3 0 -1 -2 -3 1583838187
-16085624 -15506016 21965085 5098855 -5492169 -7552444 -2038122 -142400 120227 -126823 -43525 -28284 -3763 -3839 -10718 -3598 -8054 -2837 -961 -921 -256 -112 -46 234 -5 -18 -26 -2 7 -1 0 1 -4 0 3 -1 0 -1 1 -2 -1 0 0 0 0 0 0 0 0 0 0 0 0 0 0 0 0 0 0 0 1583838187
21503800 16272294 -45414562 -29558163 41953195 30641600 -5125029 -127424 -147293 -118087 -40694 166184 1053 1151140 72673 -66500 21769 5559 -1074 2167 -623 -2224 -2933 9556 -56 500 -267 -25 1 -1 -1 1 -64 -7 22 -35 -2 -4 5 -25 -8 2 6 -23 -5 5 7 2 0 -2 0 1 0 2 0 0 0 -1 -1 1 1583838187
-5623051 -6501302 2784337 -2242856 70394954 4352600 28382466 -84677 159440 -36001 4494 290767 -15799 201668 -34487 1113 -11551 441 -1467 -7 -278 -728 -2554 377 3 132 -34 -7 1 1 0 3 59 0 25 3 -4 -5 28 -21 -1 -1 -4 0 3 -1 0 3 -1 1 -1 0 0 1 1 -1 0 0 0 0 1583838187
-3763633 -5016698 -272199 -6059517 12621147 5107193 5029554 -125002 66058 -101845 -31119 208514 -6106 51494 -37086 5908 -4584 6359 -957 62 -219 -1244 216 -477 0 411 -10 -10 15 -6 0 5 14 -8 8 0 0 -1 1 -4 -5 -3 -2 1 1 0 0 0 0 0 0 0 0 0 0 0 0 0 0 0 1583838187
-12703504 -12643657 15897208 1962529 -1658868 -4111065 -144894 -137651 105979 -120097 -40218 4009 -4488 -11809 -18970 459 1504 -3008 -1030 -753 -195 -403 11370 -269 0 -51 -3 -7 0 0 0 1 -3 0 1 3 0 0 -3 1 0 0 2 0 0 0 0 0 0 1 0 1 0 0 1 0 0 0 0 0 1583838187
-13849647 -13380779 17446060 4184894 29008167 -4517637 12626320 -115979 279481 -84483 -20927 183009 -9613 50635 -13114 -8101 -9552 12276 -1176 4742 -209 -1057 -1317 -200 5 316 -11 -25 -12 0 0 4 25 -6 4 2 -1 -3 9 -10 0 -1 -3 1 0 0 0 1 -1 0 0 0 0 0 0 0 0 0 0 0 1583838187
-13629300 -13303455 17280594 3645079 17772958 -4530176 7607183 -124844 197097 -98630 -28554 186697 -7425 44568 -24700 -3343 3831 -198 -1168 320 -180 -490 16934 103 0 281 -18 -20 -2 -2 1 2 -10 -4 -6 11 0 0 -1 2 0 -2 -3 0 1 1 3 -2 1 -1 0 1 0 0 0 0 0 0 0 0 1583838187
-15040953 -14563398 19984746 4073855 -7887337 -6422351 -1818879 -142095 174122 -126141 -43316 143681 -3686 -67078 -21998 -4693 -7981 -1911 -944 -451 -219 -273 -15 -302 -2 164 -15 -11 2 -1 0 2 0 -2 3 0 0 -1 0 0 2 0 0 0 0 0 0 0 0 0 -1 0 0 0 0 1 0 0 0 0 1583838187
-15110288 -14644547 20149721 4144818 -7451019 -6555849 -1861820 -142076 136388 -126150 -43296 38481 -3821 -54845 -14638 -4068 -4165 -29 -980 463 -202 -401 1068 -326 -3 96 -11 -13 -2 0 0 2 2 -1 -1 -3 0 -1 1 -1 0 -1 1 0 0 0 0 0 0 0 0 0 0 0 0 0 0 0 0 0 1583838187
56766616 44954270 -106260270 -65660723 -5805204 64418245 -1575967 -108191 -820929 -94508 -32428 -716616 -4087 -42377 -44857 55055 8857 536 -853 -764 -110 -4749 3065 -414 -6 -424 3 4 3 -4 0 5 0 -9 4 -3 0 0 1 2 -2 13 -1 0 0 -15 1 0 0 0 0 0 0 -1 0 0 0 1 -2 0 1583838187
25628043 19449669 -52129896 -35335950 -3372484 33449287 -222422 -120208 -438242 -103917 -34839 -443920 -4707 -48952 -51017 45601 -565 504 -898 -426 -165 -2935 7343 -300 -3 -266 -2 0 2 -1 0 2 -3 -4 6 1 0 0 -1 1 0 0 0 0 0 -4 0 0 0 0 0 0 0 0 0 0 0 0 0 0 1583838187
-2548759 -4132458 -2134752 -8037086 -5613434 5814179 -723361 -134206 -18994 -117550 -39781 -69292 -4341 -70685 -27337 10571 -9431 2422 -914 1081 -206 -1303 1864 -255 -1 -155 -11 -7 -4 0 0 2 -1 -1 2 0 0 0 0 0 -1 0 0 0 0 -1 0 0 0 0 0 0 0 -1 0 0 0 0 0 0 1583838187
2279624 -81375 -10749520 -12195033 9398115 10784794 5160838 -121582 -98438 -98615 -29990 -151305 -6843 -22357 -22744 11778 6832 -1685 -1090 -522 -136 -1391 21606 -318 1 -190 0 -5 0 -1 1 1 -14 -2 12 8 0 0 -2 6 0 3 1 1 0 -4 0 -1 0 0 0 0 0 0 0 0 0 0 0 0 1583838187
-11855117 -11965930 14464701 907590 -7844508 -3440302 -1821764 -140285 61865 -124518 -42721 -72026 -3998 -65285 -14343 827 816 -3065 -1022 -781 -180 -426 -521 -418 -4 -48 -7 -5 2 0 0 2 4 0 8 0 0 0 2 8 1 0 -1 -5 -3 -1 0 1 -1 -2 -6 0 5 0 4 5 0 0 0 0 1583838187
28873853 22114005 -57783486 -38694189 -7356052 36384865 -1829267 -121218 -565767 -106833 -36694 -719884 -4481 -58745 130538 -65968 -5651 -4855 -880 -107 -187 -2230 73 -307 -8 -236 -2 7 11 0 0 0 2 -5 2 -1 0 0 1 0 -4 19 -1 1 -1 10 -1 2 2 0 0 0 0 2 0 0 0 0 -1 0 1583838187
406487038 338259362 -727954259 -405838781 -3194090 406015018 -1868960 55269 -6137746 56637 18962 -6249632 -8046 -10115 633664 -131964 -4833 -13934 85 -2651 -20 -22143 -436 -83 -34 -2148 53 105 82 -34 0 30 -4 -81 0 -2 0 1 0 0 -3 0 0 0 0 7 -1 3 3 0 0 0 0 2 0 0 0 1 -2 1 1583838187
-12772269 -11946938 14530293 1782445 -7651857 -4844689 -1862684 -140766 68986 -125063 -42967 -47453 -3987 -58815 448024 -320168 21439 -19551 -1234 -588 -68 1990 -710 -684 -16 -12 3 -1 9 -6 0 8 29 -9 6 -1 0 -1 3 -5 1 -9 5 -2 0 -3 0 3 -1 1 0 2 3 -1 1 -1 0 0 0 0 1583838187
101299945 82901903 -186605717 -109083107 -6581325 107601456 -1834546 -87678 -1438108 -76026 -26333 -1384626 -4528 -52249 502333 -289734 -7699 -18836 -694 -1088 -155 -4412 116 -270 -13 -642 9 24 22 -10 0 9 0 -24 1 -1 0 0 0 0 -4 19 -1 1 -1 16 -2 3 4 0 0 0 0 6 0 0 0 1 -3 1 1583838187
12105705 8466809 -28777245 -22157849 -7590358 20538514 -1824476 -130265 1325 -115196 -39752 330542 -2949 -66928 42099 -57309 -6073 2394 -815 1446 -169 -1836 -135 -307 -2 351 -18 -6 3 12 0 -12 -2 25 2 0 0 -1 0 0 0 0 1 0 -1 5 0 -1 -2 0 0 -1 0 0 0 0 0 0 -1 0 1583838187
2635188 328772 -11562599 -13053719 -7641304 11090673 -1832379 -134176 25708 -118883 -40927 161926 -3368 -64625 14282 -30162 3158 -2959 -915 -1677 -153 -1050 -388 -439 -4 431 -10 0 20 4 0 -3 3 10 4 -1 0 -1 0 -4 14 0 1 1 0 4 0 2 3 0 0 -1 0 0 0 0 0 0 0 0 1583838187
-13288856 -12979058 16651975 2297229 -7127399 -4627653 -1887146 -141029 257856 -125617 -43134 123921 -3621 -47655 -22915 -1466 -6874 -1520 -963 58 -221 1841 22 -317 1 307 -17 -4 16 0 0 1 -1 1 0 -1 0 -2 1 0 0 -2 0 0 0 0 0 0 0 0 0 0 0 0 0 0 0 0 0 0 1583838187
-15604129 -15030625 20976256 4554879 -6990118 -7027202 -1902506 -142041 186249 -126428 -43385 26962 -3805 -42906 -14345 -4007 -4211 -2177 -990 -348 -215 -235 295 -351 -1 21 -11 -9 0 0 0 1 -1 0 1 -2 0 -1 1 0 0 0 0 0 0 0 0 0 0 0 0 0 0 0 0 0 0 0 0 0 1583838187
-15591938 -15085045 21078446 4547649 -7873613 -7084398 -1822509 -142063 124533 -126163 -43284 -3132 -3941 -65595 -13463 -3322 -4524 -3153 -992 -712 -208 -178 -102 -349 -3 110 -12 -10 1 -1 0 2 0 -1 3 -2 0 -1 0 -1 0 0 0 1 0 0 0 0 0 0 0 0 0 0 0 0 0 0 0 0 1583838187
-15829066 -15268018 21444386 5240147 4772635 -7108359 2968427 -133728 121759 -112549 -35917 -13416 -5915 -18395 -10753 -3528 49059 -2623 -1480 -715 51 -339 -3491 2057 -27 32 -62 -8 0 0 0 0 -10 0 4 22 1 0 -6 -4 -1 -2 -32 10 16 1 0 10 -8 1 -1 -8 0 0 -5 3 0 3 0 -1 1583838187
178500101 147514873 -323581245 -183795996 -5692762 183464935 -1861127 -52962 -2566671 -43161 -15238 -2028692 -4314 -43868 -164279 206194 9288 12015 -381 -1964 -40 -12695 -1042 -65 -17 -126 -4 47 64 -8 0 6 11 -18 2 -3 0 -1 0 -4 18 -4 -1 -2 2 0 0 9 5 0 0 0 0 -2 1 -2 0 0 0 0 1583838187
-14579284 -14230912 19269193 3577637 -7820079 -6068316 -1827505 -141654 118656 -125779 -43164 15350 -3888 -64502 -16244 -2214 -3736 -2834 -984 -826 -203 -250 2 -347 -4 170 -11 -12 1 -1 0 2 3 -2 2 0 0 -1 0 -1 0 0 1 0 0 0 0 0 0 0 0 -1 0 0 0 0 0 0 0 0 1583838187
105497448 86544242 -194307223 -112658528 -5992112 112272510 -1341823 -86908 -1365449 -73867 -25548 -620259 -3350 -68243 92433 -39645 -7920 10839 -424 1788 -108 -5151 -267 -166 -13 1116 -23 -14 21 6 0 -3 -1 7 0 0 0 -3 0 -2 16 -5 0 0 0 1 0 6 8 0 0 0 0 0 0 0 0 0 1 0 1583838187
-5197726 -6186139 2252187 -5381209 -6572681 3453862 -809830 -136207 155553 -119450 -40583 285872 -3775 -89124 -43633 4932 -9770 2591 -785 -1766 -200 -949 -141 -134 -1 881 -29 -8 26 0 0 1 -1 -3 1 1 0 -1 0 -7 30 -1 1 0 -1 2 0 1 0 -1 0 0 0 0 0 0 0 0 0 0 1583838187
-5446009 -6466629 2833508 -5196809 -6757845 3100098 -1922062 -137842 100734 -122416 -42095 133855 -3442 -39406 -29343 5829 4984 -608 -1034 667 -159 8256 461 -336 -4 673 -17 -9 25 -6 0 2 1 -2 -13 -5 0 0 3 -2 9 -3 -1 0 1 2 1 0 2 0 0 0 0 0 0 0 0 0 0 0 1583838187
-15751630 -15070867 21078567 4643608 -6188237 -7137909 -1312292 -140845 257964 -124843 -42513 -12499 -4156 -53551 -12451 -3365 -5274 -3105 -996 -692 -214 -165 1378 522 -1 27 -32 -8 1 0 0 1 -2 0 4 -3 0 -1 2 -1 0 0 0 -1 1 0 0 0 0 -1 0 0 0 0 0 0 0 0 0 0 1583838187
-15570839 -14988641 20834612 5552937 21643097 -6528408 9164506 -122502 167118 -94713 -26289 5508 -8438 51969 -12098 -2958 -7460 -2509 -1196 -493 -251 -112 -2555 -365 0 67 -8 -9 0 0 0 2 6 -1 2 -9 1 0 -13 -6 -2 0 -3 -2 -1 0 -2 0 -1 0 0 -1 0 0 -1 0 0 0 0 0 1583838187
-14435103 -14062596 18895779 3937555 5227131 -5662417 3522542 -132346 136900 -110529 -34964 59894 -6069 -35409 -17596 -2867 -8011 -2360 -1062 -457 -222 -248 -972 -30 -3 222 -25 -11 1 2 0 -1 7 7 1 0 0 -1 0 0 0 -2 0 1 0 1 2 3 1 -2 0 1 -1 0 0 0 0 0 0 0 1583838187
-15768497 -15221047 21346747 5141055 4069877 -7055167 1986273 -135255 127453 -115245 -37328 -3229 -5423 13637 -12206 -3503 -9195 -2885 -1041 -604 -260 -124 -412 -407 -1 32 -16 -8 1 0 0 2 10 -1 5 0 0 -1 4 -3 0 0 0 0 0 0 0 0 0 0 0 0 0 0 0 0 0 0 0 0 1583838187
-15674961 -15145791 21187444 5029438 3398767 -6978014 2455199 -134528 123128 -113940 -36678 -6502 -5710 -22643 -12234 -3359 -8126 -2947 -1040 -608 -234 -152 4440 -341 0 59 -18 -9 1 -1 0 2 7 -1 6 2 0 -1 2 -2 0 0 0 0 0 0 0 0 0 0 0 0 0 0 0 0 0 0 0 0 1583838187
-16015299 -14850876 20641244 5977309 -7938734 -7207325 -1822804 671468 118960 -126007 -43303 -30147 -3989 -65888 -11050 -3769 -6520 -7132 249295 8753 390 66 -678 -6 2 -2 -4 -15 3 0 0 0 0 0 1 1 -32 0 -3 3 0 0 0 0 0 0 0 0 0 0 -1 0 0 0 0 0 0 0 0 0 1583838187
-15995994 -15405296 21759928 4956692 -7892951 -7468417 -1820023 -142323 135263 -126375 -43368 42776 -3871 -66323 -14146 -4578 -3867 -2047 -957 -1212 -202 -159 -246 -358 -3 5 -9 0 10 0 0 1 2 0 5 0 0 0 1 2 11 1 0 -3 -1 0 0 1 0 -1 -3 0 3 0 2 3 0 0 0 0 1583838187
