-15739399 -15209069 21341099 4695373 -7890520 -7227785 -1818625 -142145 125342 -126221 -43303 1591 -3939 -66182 -13413 -3590 -7294 -3114 -971 -724 -221 -159 -49 -312 -3 135 -14 -11 1 -1 0 2 0 -1 3 0 0 0 0 1 0 0 0 0 0 0 0 0 0 0 -1 0 0 0 0 1 0 0 0 0 1583836345
-16022316 -15450677 21852477 4954229 -7885665 -7523441 -1819898 -142211 124721 -126310 -43327 -20652 -3981 -65836 -11467 -3754 -7707 -2921 -970 -630 -223 -153 23 -305 -2 -26 -12 -6 1 0 0 1 0 0 2 -1 0 0 0 -1 0 0 0 0 0 0 0 0 0 0 0 0 0 0 0 0 0 0 0 0 1583836345
-8791592 -9230581 8702308 -2116281 -7684540 -300179 -1853535 -138824 160175 -123526 -42428 15929 -3773 -61248 53780 -49604 31825 -5508 -1157 -2952 -26 -186 -2008 -474 -8 49 1 -5 3 0 0 0 6 3 -1 8 0 0 -1 6 0 1 4 -4 5 3 -1 2 0 0 0 2 4 0 -2 -2 0 -2 0 1 1583836345
-16089299 -15507034 21970938 5033404 -7615864 -7591180 -1866934 -141877 120613 -126456 -43392 -30137 -3940 -57446 -10825 -3614 39091 -4146 10114 -739 29 -236 -2553 -243 -14 -32 -4 -25 6 0 0 0 -11 0 -4 25 22 0 0 3 0 0 12 -6 -2 0 -2 0 0 1 0 -2 1 0 0 0 0 0 0 0 1583836345
-15530000 -15022850 20947724 4511003 -7621567 -7005969 -1866769 -142147 128025 -126287 -43350 18540 -3848 -57811 -12794 -3490 37460 -2265 -1211 -2650 -4 -224 -2223 -554 -12 96 -6 -7 2 -1 0 1 -2 -1 0 18 0 0 -2 2 2 1 16 -3 -1 0 0 -1 1 0 -1 2 5 0 -3 0 0 -1 0 0 1583836345
-15962603 -15400106 21745015 4903946 -7717070 -7460414 -1671722 -141944 124226 -125873 -43101 -19016 -4049 -69206 -11648 -3709 -7734 -2862 -973 -575 -221 -162 -55 -282 -3 -17 -13 -7 1 0 0 1 -1 0 0 0 0 0 0 1 0 0 -1 0 0 0 0 0 0 0 0 0 0 0 0 0 0 0 0 0 1583836345
-4268509 -4983855 -214376 -5983832 -5381549 5027915 190871 -135393 510941 -117404 -39518 916979 -3181 -114327 -13520 -33056 -6292 79355 -513 25281 41 -5416 -809 -63 7 1462 -43 -105 -76 0 0 9 -3 -25 -2 0 0 -4 0 4 -1 -15 -1 -1 0 -3 0 -1 -1 0 0 0 0 6 0 0 0 0 0 0 1583836345
-16007007 -15437024 21823387 4946228 -7748740 -7504995 -1832306 -142221 124483 -126335 -43337 -18603 -3964 -62278 -10954 -3844 -7040 -2228 -954 -876 -221 -159 68 -302 -2 -24 -12 -5 3 0 0 1 -1 0 0 -1 0 0 1 0 1 0 0 0 0 0 0 0 0 0 0 0 0 0 0 0 0 0 0 0 1583836345
-16043676 -15453056 21850517 5190732 -1974142 -7424683 -2408787 -142754 133417 -127740 -43919 9114 -3282 91258 -5222 -6825 94787 3030 -1622 -337 220 -716 2400 -428 -24 -89 9 -5 -3 0 -1 0 -6 1 -52 -21 -3 -3 17 0 0 1 -4 0 0 -2 0 0 0 5 -1 -6 0 2 -1 1 0 0 0 0 1583836345
7323012 2369944 -16149973 -17464896 -1476782 16959018 -2380562 -132011 -12831 -118075 -40751 35319 -3011 94451 682308 -482179 -6731 -3961 -937 8460 -203 721 -31 -382 -8 -348 3 -9 -13 -5 0 8 -3 -11 -2 -3 0 0 -1 0 -3 -6 0 0 0 -11 1 0 0 0 0 0 0 -2 0 0 0 1 -3 1 1583836345
-15737759 -15195768 21299767 4986866 557014 -7078129 1024309 -137021 131174 -118047 -38873 6071 -5058 -18193 5250 -11665 9290 20481 -1082 7855 -92 -1564 -688 600 -9 -186 -29 -18 -21 2 0 0 -10 0 -7 2 0 -1 1 0 -6 2 0 1 0 -1 6 -1 0 -2 0 2 0 -2 2 0 0 0 -1 0 1583836345
-16093014 -15436711 21718980 7234293 53185659 -6552085 21704628 -95306 118741 -59040 -7069 -27886 -13791 124243 -8356 -2254 7634 -4027 27637 151 -110 49 -6616 1428 -10 -34 -57 -48 9 0 0 0 -37 0 -21 -10 44 0 -7 10 2 0 4 -3 6 0 -3 2 -2 3 0 5 -1 0 0 2 0 0 0 1 1583836345
-16087014 -15486667 21889990 5802663 14082182 -7220718 7254483 -126327 120228 -100431 -29415 -28253 -7837 -24941 -9348 -3433 16446 -2629 -1323 -575 -99 -193 -1187 -97 -7 -32 -12 -5 0 0 0 0 -21 0 -18 1 0 0 0 6 1 0 -6 0 5 0 -4 0 0 1 -1 -1 0 0 0 0 0 0 0 0 1583836345
-9606660 -10016551 10343949 -1154393 -6029634 -1046165 -1035027 -138169 108196 -121583 -41337 100909 -4007 -64689 -17691 -5492 627 -2468 -1010 -573 -173 -571 -512 -226 -5 287 -14 -14 0 2 0 0 -6 9 -5 0 0 -1 1 3 0 0 -2 1 3 0 2 -1 0 0 0 0 0 0 1 -1 0 0 0 0 1583836345
-14648585 -14208176 19090388 6392456 69108998 -4822875 27332475 -90104 121139 -42312 1880 19165 -15917 216072 -12021 -1222 9969 -3632 -1694 -1050 -201 -10 -7442 78 -4 116 -26 -6 1 1 0 -1 -16 2 -37 -7 0 -1 -6 -2 0 -1 -11 -2 0 0 -1 -1 2 -1 -1 0 0 0 0 0 0 0 0 0 1583836345
-15436556 -14954482 20799402 4439600 -6630913 -6911798 -1152719 -140839 122240 -124198 -42250 -5569 -4246 -70356 -13338 -3207 -8120 -3011 -977 -655 -221 -181 -97 -303 -2 60 -14 -9 1 0 0 2 -1 0 0 -1 0 -1 1 0 0 0 0 0 0 0 0 0 0 0 0 0 0 0 0 0 0 0 0 0 1583836345
-16091767 -15475983 21847062 6246893 26271210 -7016233 11021091 -119523 119217 -89553 -23476 -18922 -9245 67842 -8884 -3229 18341 -2184 -1392 -931 -125 -151 710 -448 -5 -39 -4 -3 2 0 0 0 -12 0 -26 -4 -2 -2 10 0 2 0 -9 0 0 0 -2 -2 1 1 0 0 0 0 0 0 0 0 0 0 1583836345
-9351292 -12301982 14852561 -1483169 -7827276 642216 -1809451 -139080 78545 -123510 -42398 -55473 -3964 -65328 186446 -138535 -7928 -7671 -969 297 -209 340 38 -314 -4 -41 -11 -1 5 2 0 -1 0 10 3 0 0 0 0 1 0 7 0 0 0 -6 1 2 2 0 0 0 0 0 0 0 0 0 -2 0 1583836345
-8344649 -8973605 8134328 -2501073 -7808459 96485 -1821561 -138720 75640 -123156 -42284 -9063 -3837 -65642 -24361 4371 -1339 -3546 -989 -1076 -189 -615 -401 -390 -2 -82 -8 -5 0 0 0 2 3 0 7 0 0 0 1 6 1 0 -1 -4 -2 -1 0 1 0 -2 -5 0 4 0 3 4 0 0 0 0 1583836345
-16089705 -15511006 21979415 5018466 -7886189 -7598090 -1819885 -141717 120626 -126324 -43329 -30225 -3998 -65802 -10915 -3693 -7405 -3121 -195 -632 -220 -139 -43 -258 -3 -26 -13 -6 1 0 0 1 -2 0 0 1 0 0 0 0 0 0 0 0 0 0 0 0 0 0 0 0 0 0 0 0 0 0 0 0 1583836345
-16045967 -15474440 21901951 4976267 -7878017 -7553415 -1822003 -142216 120757 -126315 -43328 -28007 -3990 -65488 -10734 -3804 -2219 -2592 -1011 -487 -195 -191 -293 -310 -4 -23 -13 -6 1 0 0 1 -3 0 2 -1 0 0 0 1 0 0 -2 0 0 0 0 0 0 0 0 0 0 0 0 0 0 0 0 0 1583836345
208698 -1757556 -7149350 -10762026 -7621211 8628082 -1838237 -135014 25660 -119759 -41188 70604 -3549 -63141 -33851 6895 7807 -3135 -1015 -1105 -137 -1179 -856 -45 -6 -99 -17 -5 -1 0 0 0 -4 2 0 8 0 0 0 0 -1 2 3 -1 0 -1 -2 0 0 0 1 1 1 -1 0 0 0 0 1 0 1583836345
-16062806 -15485168 21925448 4994337 -7857078 -7562883 -1825281 -142234 125041 -126342 -43340 -20009 -3974 -65052 -11453 -3804 -2020 -3074 -1014 -671 -195 -163 -346 -82 -5 -20 -19 -6 1 0 0 1 -3 0 0 4 0 0 0 1 0 0 1 0 -2 0 0 1 -1 0 0 0 0 0 0 -1 0 0 0 0 1583836345
-15718467 -15194324 21309273 4667301 -7723457 -7216146 -1834373 -142094 123235 -126224 -43302 -15225 -3951 -61793 -12075 -3594 -6638 -2840 -977 -598 -219 -179 -81 -185 -3 3 -14 -7 1 0 0 0 -3 0 1 0 0 0 0 0 0 0 0 1 0 0 0 2 0 0 0 0 0 0 1 -1 0 0 0 0 1583836345
-16067504 -15489493 21934341 5002463 -7726481 -7566191 -1834370 -142237 124829 -126360 -43345 -21051 -3967 -61706 -11226 -3866 -6894 -2714 -978 -515 -221 -166 -52 -240 -3 -27 -14 -6 1 0 0 1 -2 0 1 1 0 0 0 0 0 0 0 0 0 0 1 0 0 0 0 0 0 0 0 0 0 0 0 0 1583836345
-5024972 -6153490 2158874 -5563321 -4146972 3507729 -1295069 -136266 73723 -120305 -40990 76740 -3754 -12893 100453 -86263 22323 -9322 -1170 -1616 -92 -123 713 -41 -11 116 -20 -10 2 -2 0 3 0 3 -9 -6 0 0 4 5 -1 20 3 -2 -4 11 -3 0 -2 0 0 0 -1 0 0 0 0 0 1 -1 1583836345
67608058 55104598 -127581106 -76065335 -6857436 75673212 -1843001 -104934 -383322 -92325 -32195 420880 -1898 -62023 -67269 10169 -5490 -10610 -652 -4551 -175 -4584 -66 -302 5 -417 -8 11 -3 15 0 -14 -2 37 1 -1 0 0 2 2 -3 15 0 1 0 -3 0 -2 -3 0 0 0 -1 -8 0 0 0 0 2 -1 1583836345
69808579 56931804 -131493744 -77465247 15225157 78170326 -3861304 -105317 -434887 -95901 -33650 352925 163 504099 -156787 76123 5887 -10981 -758 -6186 -421 -4854 -1344 -739 7 -677 10 5 -9 -1 0 3 -7 -3 1 -12 0 0 -5 0 0 -3 1 -1 -2 0 -4 0 0 0 0 0 0 0 0 -1 0 0 0 1 1583836345
-15740661 -15172928 21266896 4793261 -4381822 -7147860 -2140406 -142316 156827 -126985 -43603 4255 -3599 22646 -13540 -3451 -5470 -3103 -990 -711 -257 -145 -228 -248 -2 87 -10 -9 1 -1 0 2 -4 -1 0 -3 0 0 -1 2 0 0 1 1 0 0 0 0 0 0 0 1 -1 0 1 0 0 0 0 0 1583836345
-16047484 -15469663 21888207 5081291 -4983900 -7497183 -2084371 -142429 124861 -126927 -43569 -18525 -3698 8800 -11121 -3847 -7552 -2250 -975 -357 -259 -174 -89 -349 -2 -21 -11 -7 1 0 0 1 -1 0 3 -2 0 0 -1 0 0 0 0 0 0 0 0 0 0 0 0 0 0 0 0 0 0 0 0 0 1583836345
-15807445 -15210487 21317445 5457551 12417434 -6929381 5924889 -128398 158405 -104102 -31353 2207 -7138 7304 -12362 -3200 -5792 -3139 -1140 -757 -231 -94 -1654 -483 0 84 -8 -9 1 -1 0 2 0 -1 0 -9 0 0 -3 -2 0 0 2 0 -3 0 -1 0 0 0 0 0 0 0 0 0 0 0 0 0 1583836345
-2535418 -4081359 -2236989 -7970107 -3683027 5942208 -575701 -133920 28968 -117198 -39559 32706 -4161 -36412 43199 -44355 -6747 -5991 -961 -1060 -221 -551 -156 -272 -2 -99 -12 6 8 8 0 -8 -1 20 1 0 0 -1 2 0 0 -1 -1 1 0 1 0 -1 -1 0 0 0 0 1 0 0 0 0 0 0 1583836345
-6360277 -7241462 4357252 -2168452 54848847 3149193 22681602 -94700 60468 -52298 -4289 26425 -13973 118323 -28658 8887 16003 -4317 -1605 -1583 -132 -566 -6958 473 -7 -81 -29 0 2 4 0 -5 -41 10 -8 -1 4 3 -36 7 0 -1 10 -1 -4 0 10 -2 3 -4 0 0 0 0 0 1 0 -2 0 1 1583836345
-8189161 -10266821 10655192 -2100684 6855394 1389899 4646440 -127345 67638 -104649 -32373 -36366 -6671 -52825 88926 -71691 1748 -7062 -1139 -849 -157 -65 3951 -82 -4 -91 -15 -3 2 0 0 1 -11 0 -3 7 0 0 0 3 0 1 0 1 1 2 2 -2 1 -2 0 1 0 0 0 0 0 0 0 0 1583836345
23694650 17217412 -47448902 -33528937 -7458079 32501444 -1824667 -124419 -115837 -110154 -38054 165111 -3076 -65046 275150 -211692 -4473 -12941 -870 -530 -168 -928 -101 -302 -3 -283 -5 21 9 22 0 -23 1 50 2 0 0 0 1 1 -2 3 -1 1 1 6 -2 1 2 0 0 0 0 3 0 0 0 0 -2 0 1583836345
-6373851 -7309610 4609937 -4404816 -7633811 2058196 -1844513 -137865 63323 -122410 -42047 -2345 -3770 -61551 -31000 8579 10809 -3970 -1070 -1390 -131 -761 -1088 337 -9 -84 -25 0 3 4 0 -4 -10 9 -3 15 0 0 -2 0 0 -2 0 -4 1 0 -4 -1 2 -2 2 -1 -1 0 1 0 0 0 0 0 1583836345
-6170920 -7148190 4263629 -4548361 -6690276 2277795 -905424 -136292 52405 -119711 -40648 12143 -4209 -85324 -25869 4413 -4225 -3188 -973 -952 -188 -753 -429 -146 -3 -57 -19 -2 2 4 0 -3 0 9 -2 0 0 -1 1 5 1 0 -1 -1 -1 0 0 1 0 -1 0 0 -1 0 0 0 0 1 0 0 1583836345
-14979058 -14560728 19954039 4231174 88710 -6350261 1415232 -136074 117764 -116650 -38217 -16846 -5307 -45846 -13231 -2277 17621 -3566 -1216 -973 -100 -246 -1378 -94 -9 -27 -13 -3 2 2 0 -1 -11 6 -21 -1 -1 -1 6 1 0 -1 -10 0 4 0 0 0 1 1 0 0 2 0 0 -1 0 0 0 0 1583836345
-15847113 -15280401 21491300 4880228 -5246229 -7283786 -690714 -140177 140087 -123056 -41591 -4113 -4431 -62988 -12682 -3623 -666 -3133 -1043 -718 -187 -170 -583 -86 -5 29 -18 -8 1 0 0 1 -7 0 -2 4 0 0 -2 -1 0 0 -3 0 0 0 0 -1 0 0 0 0 0 0 0 0 0 0 0 0 1583836345
98813564 78625265 -177769577 -106488177 -6669728 108243759 -1826006 -90009 -599120 -79205 -27846 173390 -1970 -62173 936232 -671183 -5041 -44372 -690 -3625 -122 -1266 56 -387 -2 -772 17 11 2 -14 0 16 2 -27 4 0 0 0 1 4 2 -1 -1 -3 0 -14 2 2 1 -1 -4 0 2 -2 2 3 0 0 0 0 1583836345
24368384 18606630 -50284147 -34261970 -7419325 32524015 -1829170 -123831 -160131 -109655 -37810 -7155 -3319 -63725 -28801 6632 -4940 -6469 -845 -2439 -193 -2300 -208 -35 0 -304 -14 -1 -1 -2 0 3 -3 -4 1 1 0 0 0 0 -1 4 1 0 -1 0 1 0 0 0 1 0 0 0 0 0 0 0 -1 0 1583836345
-3479000 -4886227 -526925 -7226548 -7679132 4889932 -1841690 -136502 21529 -121160 -41631 -41250 -3804 -62471 60748 -52818 14311 -6754 -1097 -1215 -109 -491 -977 -507 -7 -108 0 -3 2 -2 0 3 9 -2 5 -3 0 0 0 1 0 1 0 0 6 2 0 -2 1 -3 1 0 -1 0 0 0 0 0 0 0 1583836345
17811257 13089870 -38597355 -27870043 -6881917 26056432 -1925065 -126948 -99972 -112647 -38842 16153 -3259 -45527 -61324 28433 77225 -5799 -1455 -2917 197 -2346 -3387 -614 -16 -265 28 0 -2 -1 0 3 4 -3 3 15 0 0 1 -2 -1 3 13 -2 -5 -5 -4 5 -4 4 -1 -6 -1 0 7 -6 0 0 0 0 1583836345
-4002157 -9022572 7742156 -6672435 -7724736 6701159 -1823238 -136544 40207 -121275 -41637 -112363 -3950 -62781 103618 -77285 9427 660 -1056 2136 -110 -808 -942 -316 -5 -170 -3 -6 -4 -1 0 3 -4 -3 -1 9 0 0 -1 0 -2 -1 5 0 1 1 -4 -1 0 0 0 1 2 0 -2 0 0 0 0 0 1583836345
23710318 18010674 -49044771 -33325044 431678 31959916 -2555159 -124739 -203647 -111538 -38559 -43558 -2598 130412 -80522 45030 99189 -6029 -1568 -3441 219 -2800 9108 -922 -17 -337 38 2 -1 -1 -1 2 6 0 -31 -29 -2 -3 16 -3 -1 0 -2 0 -2 -5 -7 -1 0 1 -1 0 -3 0 0 1 0 1 0 1 1583836345
-9936521 -10316499 10978379 -939709 -7817075 -1468772 -1822401 -139507 87203 -123842 -42520 12684 -3827 -65637 -12477 -4635 -5145 -2021 -963 -302 -204 -567 -138 -324 -2 -68 -10 -6 0 0 0 1 1 4 3 -1 0 0 0 0 0 1 0 0 0 0 0 0 0 0 0 0 0 -2 0 0 0 0 0 0 1583836345
-16088874 -15507734 21972270 5031774 -7604210 -7590969 -1846795 -142271 120270 -126395 -43360 -20795 -3953 -58412 -10799 -3861 -4039 -2518 -977 -1006 -209 -145 -222 -280 -4 -25 -15 -4 3 0 0 1 -2 0 1 0 0 0 0 2 2 0 -1 0 0 0 1 0 0 0 0 0 0 0 0 0 0 0 0 0 1583836345
-3277307 -4608030 -1277737 -3624644 100482305 7003122 -11725695 -144072 40018 -143727 -50493 17692 6837 2742233 -33954 15767 40392 -1655 -1407 -1446 -1417 -431 -2212 -2409 2 -93 57 2 1 1 0 2 15 0 17 -33 2 0 -17 -12 -3 0 -6 -5 -8 -4 -13 3 -3 -2 1 -2 3 0 -2 -2 0 0 0 0 1583836345
-16090196 -15506043 21958877 5247841 -1353671 -7485410 -2416487 -142176 120428 -127688 -43864 -29213 -3361 103664 -10854 -3416 -6770 -2969 -207 -622 -304 -105 63 -392 -2 -26 -9 -5 1 0 0 1 0 0 1 -2 0 0 0 0 0 0 0 0 0 0 0 0 0 0 0 0 0 0 0 0 0 0 0 0 1583836345
-16086104 -15497282 21929972 5479936 5392234 -7363869 -3035378 -143168 120503 -129104 -44420 -26916 -2697 279184 -10343 -3342 -1747 -2059 -1031 -374 -369 -130 -135 -571 -2 -27 -4 -6 1 0 0 2 4 0 5 -4 0 0 0 -2 0 0 -1 0 0 0 -1 0 0 0 0 0 0 0 0 0 0 0 0 0 1583836345
-16089480 -15505614 21964663 5107320 -5503798 -7554877 -2037108 -142115 120555 -126827 -43526 -29859 -3767 -4203 -10899 -3596 -7668 -3175 7142 -347 -235 -120 -64 -329 -2 -32 -13 -19 4 0 0 1 -1 0 2 -2 13 0 0 -1 0 0 0 0 0 0 0 0 0 0 0 0 0 0 0 0 0 0 0 0 1583836345
-15739399 -15209069 21341099 4695373 -7890520 -7227785 -1818625 -142145 125342 -126221 -43303 1591 -3939 -66182 -13413 -3590 -7294 -3114 -971 -724 -221 -159 -49 -312 -3 135 -14 -11 1 -1 0 2 0 -1 3 0 0 0 0 1 0 0 0 0 0 0 0 0 0 0 -1 0 0 0 0 1 0 0 0 0 1583838187
-16022316 -15450677 21852477 4954229 -7885665 -7523441 -1819898 -142211 124721 -126310 -43327 -20652 -3981 -65836 -11467 -3754 -7707 -2921 -970 -630 -223 -153 23 -305 -2 -26 -12 -6 1 0 0 1 0 0 2 -1 0 0 0 -1 0 0 0 0 0 0 0 0 0 0 0 0 0 0 0 0 0 0 0 0 1583838187
-8791592 -9230581 8702308 -2116281 -7684540 -300179 -1853535 -138824 160175 -123526 -42428 15929 -3773 -61248 53780 -49604 31825 -5508 -1157 -2952 -26 -186 -2008 -474 -8 49 1 -5 3 0 0 0 6 3 -1 8 0 0 -1 6 0 1 4 -4 5 3 -1 2 0 0 0 2 4 0 -2 -2 0 -2 0 1 1583838187
-16089299 -15507034 21970938 5033404 -7615864 -7591180 -1866934 -141877 120613 -126456 -43392 -30137 -3940 -57446 -10825 -3614 39091 -4146 10114 -739 29 -236 -2553 -243 -14 -32 -4 -25 6 0 0 0 -11 0 -4 25 22 0 0 3 0 0 12 -6 -2 0 -2 0 0 1 0 -2 1 0 0 0 0 0 0 0 1583838187
-15530000 -15022850 20947724 4511003 -7621567 -7005969 -1866769 -142147 128025 -126287 -43350 18540 -3848 -57811 -12794 -3490 37460 -2265 -1211 -2650 -4 -224 -2223 -554 -12 96 -6 -7 2 -1 0 1 -2 -1 0 18 0 0 -2 2 2 1 16 -3 -1 0 0 -1 1 0 -1 2 5 0 -3 0 0 -1 0 0 1583838187
-15962603 -15400106 21745015 4903946 -7717070 -7460414 -1671722 -141944 124226 -125873 -43101 -19016 -4049 -69206 -11648 -3709 -7734 -2862 -973 -575 -221 -162 -55 -282 -3 -17 -13 -7 1 0 0 1 -1 0 0 0 0 0 0 1 0 0 -1 0 0 0 0 0 0 0 0 0 0 0 0 0 0 0 0 0 1583838187
-4268509 -4983855 -214376 -5983832 -5381549 5027915 190871 -135393 510941 -117404 -39518 916979 -3181 -114327 -13520 -33056 -6292 79355 -513 25281 41 -5416 -809 -63 7 1462 -43 -105 -76 0 0 9 -3 -25 -2 0 0 -4 0 4 -1 -15 -1 -1 0 -3 0 -1 -1 0 0 0 0 6 0 0 0 0 0 0 1583838187
-16007007 -15437024 21823387 4946228 -7748740 -7504995 -1832306 -142221 124483 -126335 -43337 -18603 -3964 -62278 -10954 -3844 -7040 -2228 -954 -876 -221 -159 68 -302 -2 -24 -12 -5 3 0 0 1 -1 0 0 -1 0 0 1 0 1 0 0 0 0 0 0 0 0 0 0 0 0 0 0 0 0 0 0 0 1583838187
-16043676 -15453056 21850517 5190732 -1974142 -7424683 -2408787 -142754 133417 -127740 -43919 9114 -3282 91258 -5222 -6825 94787 3030 -1622 -337 220 -716 2400 -428 -24 -89 9 -5 -3 0 -1 0 -6 1 -52 -21 -3 -3 17 0 0 1 -4 0 0 -2 0 0 0 5 -1 -6 0 2 -1 1 0 0 0 0 1583838187
7323012 2369944 -16149973 -17464896 -1476782 16959018 -2380562 -132011 -12831 -118075 -40751 35319 -3011 94451 682308 -482179 -6731 -3961 -937 8460 -203 721 -31 -382 -8 -348 3 -9 -13 -5 0 8 -3 -11 -2 -3 0 0 -1 0 -3 -6 0 0 0 -11 1 0 0 0 0 0 0 -2 0 0 0 1 -3 1 1583838187
-15737759 -15195768 21299767 4986866 557014 -7078129 1024309 -137021 131174 -118047 -38873 6071 -5058 -18193 5250 -11665 9290 20481 -1082 7855 -92 -1564 -688 600 -9 -186 -29 -18 -21 2 0 0 -10 0 -7 2 0 -1 1 0 -6 2 0 1 0 -1 6 -1 0 -2 0 2 0 -2 2 0 0 0 -1 0 1583838187
-16093014 -15436711 21718980 7234293 53185659 -6552085 21704628 -95306 118741 -59040 -7069 -27886 -13791 124243 -8356 -2254 7634 -4027 27637 151 -110 49 -6616 1428 -10 -34 -57 -48 9 0 0 0 -37 0 -21 -10 44 0 -7 10 2 0 4 -3 6 0 -3 2 -2 3 0 5 -1 0 0 2 0 0 0 1 1583838187
-16087014 -15486667 21889990 5802663 14082182 -7220718 7254483 -126327 120228 -100431 -29415 -28253 -7837 -24941 -9348 -3433 16446 -2629 -1323 -575 -99 -193 -1187 -97 -7 -32 -12 -5 0 0 0 0 -21 0 -18 1 0 0 0 6 1 0 -6 0 5 0 -4 0 0 1 -1 -1 0 0 0 0 0 0 0 0 1583838187
-9606660 -10016551 10343949 -1154393 -6029634 -1046165 -1035027 -138169 108196 -121583 -41337 100909 -4007 -64689 -17691 -5492 627 -2468 -1010 -573 -173 -571 -512 -226 -5 287 -14 -14 0 2 0 0 -6 9 -5 0 0 -1 1 3 0 0 -2 1 3 0 2 -1 0 0 0 0 0 0 1 -1 0 0 0 0 1583838187
-14648585 -14208176 19090388 6392456 69108998 -4822875 27332475 -90104 121139 -42312 1880 19165 -15917 216072 -12021 -1222 9969 -3632 -1694 -1050 -201 -10 -7442 78 -4 116 -26 -6 1 1 0 -1 -16 2 -37 -7 0 -1 -6 -2 0 -1 -11 -2 0 0 -1 -1 2 -1 -1 0 0 0 0 0 0 0 0 0 1583838187
-15436556 -14954482 20799402 4439600 -6630913 -6911798 -1152719 -140839 122240 -124198 -42250 -5569 -4246 -70356 -13338 -3207 -8120 -3011 -977 -655 -221 -181 -97 -303 -2 60 -14 -9 1 0 0 2 -1 0 0 -1 0 -1 1 0 0 0 0 0 0 0 0 0 0 0 0 0 0 0 0 0 0 0 0 0 1583838187
-16091767 -15475983 21847062 6246893 26271210 -7016233 11021091 -119523 119217 -89553 -23476 -18922 -9245 67842 -8884 -3229 18341 -2184 -1392 -931 -125 -151 710 -448 -5 -39 -4 -3 2 0 0 0 -12 0 -26 -4 -2 -2 10 0 2 0 -9 0 0 0 -2 -2 1 1 0 0 0 0 0 0 0 0 0 0 1583838187
-9351292 -12301982 14852561 -1483169 -7827276 642216 -1809451 -139080 78545 -123510 -42398 -55473 -3964 -65328 186446 -138535 -7928 -7671 -969 297 -209 340 38 -314 -4 -41 -11 -1 5 2 0 -1 0 10 3 0 0 0 0 1 0 7 0 0 0 -6 1 2 2 0 0 0 0 0 0 0 0 0 -2 0 1583838187
-8344649 -8973605 8134328 -2501073 -7808459 96485 -1821561 -138720 75640 -123156 -42284 -9063 -3837 -65642 -24361 4371 -1339 -3546 -989 -1076 -189 -615 -401 -390 -2 -82 -8 -5 0 0 0 2 3 0 7 0 0 0 1 6 1 0 -1 -4 -2 -1 0 1 0 -2 -5 0 4 0 3 4 0 0 0 0 1583838187
-16089705 -15511006 21979415 5018466 -7886189 -7598090 -1819885 -141717 120626 -126324 -43329 -30225 -3998 -65802 -10915 -3693 -7405 -3121 -195 -632 -220 -139 -43 -258 -3 -26 -13 -6 1 0 0 1 -2 0 0 1 0 0 0 0 0 0 0 0 0 0 0 0 0 0 0 0 0 0 0 0 0 0 0 0 1583838187
-16045967 -15474440 21901951 4976267 -7878017 -7553415 -1822003 -142216 120757 -126315 -43328 -28007 -3990 -65488 -10734 -3804 -2219 -2592 -1011 -487 -195 -191 -293 -310 -4 -23 -13 -6 1 0 0 1 -3 0 2 -1 0 0 0 1 0 0 -2 0 0 0 0 0 0 0 0 0 0 0 0 0 0 0 0 0 1583838187
208698 -1757556 -7149350 -10762026 -7621211 8628082 -1838237 -135014 25660 -119759 -41188 70604 -3549 -63141 -33851 6895 7807 -3135 -1015 -1105 -137 -1179 -856 -45 -6 -99 -17 -5 -1 0 0 0 -4 2 0 8 0 0 0 0 -1 2 3 -1 0 -1 -2 0 0 0 1 1 1 -1 0 0 0 0 1 0 1583838187
-16062806 -15485168 21925448 4994337 -7857078 -7562883 -1825281 -142234 125041 -126342 -43340 -20009 -3974 -65052 -11453 -3804 -2020 -3074 -1014 -671 -195 -163 -346 -82 -5 -20 -19 -6 1 0 0 1 -3 0 0 4 0 0 0 1 0 0 1 0 -2 0 0 1 -1 0 0 0 0 0 0 -1 0 0 0 0 1583838187
-15718467 -15194324 21309273 4667301 -7723457 -7216146 -1834373 -142094 123235 -126224 -43302 -15225 -3951 -61793 -12075 -3594 -6638 -2840 -977 -598 -219 -179 -81 -185 -3 3 -14 -7 1 0 0 0 -3 0 1 0 0 0 0 0 0 0 0 1 0 0 0 2 0 0 0 0 0 0 1 -1 0 0 0 0 1583838187
-16067504 -15489493 21934341 5002463 -7726481 -7566191 -1834370 -142237 124829 -126360 -43345 -21051 -3967 -61706 -11226 -3866 -6894 -2714 -978 -515 -221 -166 -52 -240 -3 -27 -14 -6 1 0 0 1 -2 0 1 1 0 0 0 0 0 0 0 0 0 0 1 0 0 0 0 0 0 0 0 0 0 0 0 0 1583838187
-5024972 -6153490 2158874 -5563321 -4146972 3507729 -1295069 -136266 73723 -120305 -40990 76740 -3754 -12893 100453 -86263 22323 -9322 -1170 -1616 -92 -123 713 -41 -11 116 -20 -10 2 -2 0 3 0 3 -9 -6 0 0 4 5 -1 20 3 -2 -4 11 -3 0 -2 0 0 0 -1 0 0 0 0 0 1 -1 1583838187
67608058 55104598 -127581106 -76065335 -6857436 75673212 -1843001 -104934 -383322 -92325 -32195 420880 -1898 -62023 -67269 10169 -5490 -10610 -652 -4551 -175 -4584 -66 -302 5 -417 -8 11 -3 15 0 -14 -2 37 1 -1 0 0 2 2 -3 15 0 1 0 -3 0 -2 -3 0 0 0 -1 -8 0 0 0 0 2 -1 1583838187
69808579 56931804 -131493744 -77465247 15225157 78170326 -3861304 -105317 -434887 -95901 -33650 352925 163 504099 -156787 76123 5887 -10981 -758 -6186 -421 -4854 -1344 -739 7 -677 10 5 -9 -1 0 3 -7 -3 1 -12 0 0 -5 0 0 -3 1 -1 -2 0 -4 0 0 0 0 0 0 0 0 -1 0 0 0 1 1583838187
-15740661 -15172928 21266896 4793261 -4381822 -7147860 -2140406 -142316 156827 -126985 -43603 4255 -3599 22646 -13540 -3451 -5470 -3103 -990 -711 -257 -145 -228 -248 -2 87 -10 -9 1 -1 0 2 -4 -1 0 -3 0 0 -1 2 0 0 1 1 0 0 0 0 0 0 0 1 -1 0 1 0 0 0 0 0 1583838187
-16047484 -15469663 21888207 5081291 -4983900 -7497183 -2084371 -142429 124861 -126927 -43569 -18525 -3698 8800 -11121 -3847 -7552 -2250 -975 -357 -259 -174 -89 -349 -2 -21 -11 -7 1 0 0 1 -1 0 3 -2 0 0 -1 0 0 0 0 0 0 0 0 0 0 0 0 0 0 0 0 0 0 0 0 0 1583838187
-15807445 -15210487 21317445 5457551 12417434 -6929381 5924889 -128398 158405 -104102 -31353 2207 -7138 7304 -12362 -3200 -5792 -3139 -1140 -757 -231 -94 -1654 -483 0 84 -8 -9 1 -1 0 2 0 -1 0 -9 0 0 -3 -2 0 0 2 0 -3 0 -1 0 0 0 0 0 0 0 0 0 0 0 0 0 1583838187
-2535418 -4081359 -2236989 -7970107 -3683027 5942208 -575701 -133920 28968 -117198 -39559 32706 -4161 -36412 43199 -44355 -6747 -5991 -961 -1060 -221 -551 -156 -272 -2 -99 -12 6 8 8 0 -8 -1 20 1 0 0 -1 2 0 0 -1 -1 1 0 1 0 -1 -1 0 0 0 0 1 0 0 0 0 0 0 1583838187
-6360277 -7241462 4357252 -2168452 54848847 3149193 22681602 -94700 60468 -52298 -4289 26425 -13973 118323 -28658 8887 16003 -4317 -1605 -1583 -132 -566 -6958 473 -7 -81 -29 0 2 4 0 -5 -41 10 -8 -1 4 3 -36 7 0 -1 10 -1 -4 0 10 -2 3 -4 0 0 0 0 0 1 0 -2 0 1 1583838187
-8189161 -10266821 10655192 -2100684 6855394 1389899 4646440 -127345 67638 -104649 -32373 -36366 -6671 -52825 88926 -71691 1748 -7062 -1139 -849 -157 -65 3951 -82 -4 -91 -15 -3 2 0 0 1 -11 0 -3 7 0 0 0 3 0 1 0 1 1 2 2 -2 1 -2 0 1 0 0 0 0 0 0 0 0 1583838187
23694650 17217412 -47448902 -33528937 -7458079 32501444 -1824667 -124419 -115837 -110154 -38054 165111 -3076 -65046 275150 -211692 -4473 -12941 -870 -530 -168 -928 -101 -302 -3 -283 -5 21 9 22 0 -23 1 50 2 0 0 0 1 1 -2 3 -1 1 1 6 -2 1 2 0 0 0 0 3 0 0 0 0 -2 0 1583838187
-6373851 -7309610 4609937 -4404816 -7633811 2058196 -1844513 -137865 63323 -122410 -42047 -2345 -3770 -61551 -31000 8579 10809 -3970 -1070 -1390 -131 -761 -1088 337 -9 -84 -25 0 3 4 0 -4 -10 9 -3 15 0 0 -2 0 0 -2 0 -4 1 0 -4 -1 2 -2 2 -1 -1 0 1 0 0 0 0 0 1583838187
-6170920 -7148190 4263629 -4548361 -6690276 2277795 -905424 -136292 52405 -119711 -40648 12143 -4209 -85324 -25869 4413 -4225 -3188 -973 -952 -188 -753 -429 -146 -3 -57 -19 -2 2 4 0 -3 0 9 -2 0 0 -1 1 5 1 0 -1 -1 -1 0 0 1 0 -1 0 0 -1 0 0 0 0 1 0 0 1583838187
-14979058 -14560728 19954039 4231174 88710 -6350261 1415232 -136074 117764 -116650 -38217 -16846 -5307 -45846 -13231 -2277 17621 -3566 -1216 -973 -100 -246 -1378 -94 -9 -27 -13 -3 2 2 0 -1 -11 6 -21 -1 -1 -1 6 1 0 -1 -10 0 4 0 0 0 1 1 0 0 2 0 0 -1 0 0 0 0 1583838187
-15847113 -15280401 21491300 4880228 -5246229 -7283786 -690714 -140177 140087 -123056 -41591 -4113 -4431 -62988 -12682 -3623 -666 -3133 -1043 -718 -187 -170 -583 -86 -5 29 -18 -8 1 0 0 1 -7 0 -2 4 0 0 -2 -1 0 0 -3 0 0 0 0 -1 0 0 0 0 0 0 0 0 0 0 0 0 1583838187
98813564 78625265 -177769577 -106488177 -6669728 108243759 -1826006 -90009 -599120 -79205 -27846 173390 -1970 -62173 936232 -671183 -5041 -44372 -690 -3625 -122 -1266 56 -387 -2 -772 17 11 2 -14 0 16 2 -27 4 0 0 0 1 4 2 -1 -1 -3 0 -14 2 2 1 -1 -4 0 2 -2 2 3 0 0 0 0 1583838187
24368384 18606630 -50284147 -34261970 -7419325 32524015 -1829170 -123831 -160131 -109655 -37810 -7155 -3319 -63725 -28801 6632 -4940 -6469 -845 -2439 -193 -2300 -208 -35 0 -304 -14 -1 -1 -2 0 3 -3 -4 1 1 0 0 0 0 -1 4 1 0 -1 0 1 0 0 0 1 0 0 0 0 0 0 0 -1 0 1583838187
-3479000 -4886227 -526925 -7226548 -7679132 4889932 -1841690 -136502 21529 -121160 -41631 -41250 -3804 -62471 60748 -52818 14311 -6754 -1097 -1215 -109 -491 -977 -507 -7 -108 0 -3 2 -2 0 3 9 -2 5 -3 0 0 0 1 0 1 0 0 6 2 0 -2 1 -3 1 0 -1 0 0 0 0 0 0 0 1583838187
17811257 13089870 -38597355 -27870043 -6881917 26056432 -1925065 -126948 -99972 -112647 -38842 16153 -3259 -45527 -61324 28433 77225 -5799 -1455 -2917 197 -2346 -3387 -614 -16 -265 28 0 -2 -1 0 3 4 -3 3 15 0 0 1 -2 -1 3 13 -2 -5 -5 -4 5 -4 4 -1 -6 -1 0 7 -6 0 0 0 0 1583838187
-4002157 -9022572 7742156 -6672435 -7724736 6701159 -1823238 -136544 40207 -121275 -41637 -112363 -3950 -62781 103618 -77285 9427 660 -1056 2136 -110 -808 -942 -316 -5 -170 -3 -6 -4 -1 0 3 -4 -3 -1 9 0 0 -1 0 -2 -1 5 0 1 1 -4 -1 0 0 0 1 2 0 -2 0 0 0 0 0 1583838187
23710318 18010674 -49044771 -33325044 431678 31959916 -2555159 -124739 -203647 -111538 -38559 -43558 -2598 130412 -80522 45030 99189 -6029 -1568 -3441 219 -2800 9108 -922 -17 -337 38 2 -1 -1 -1 2 6 0 -31 -29 -2 -3 16 -3 -1 0 -2 0 -2 -5 -7 -1 0 1 -1 0 -3 0 0 1 0 1 0 1 1583838187
-9936521 -10316499 10978379 -939709 -7817075 -1468772 -1822401 -139507 87203 -123842 -42520 12684 -3827 -65637 -12477 -4635 -5145 -2021 -963 -302 -204 -567 -138 -324 -2 -68 -10 -6 0 0 0 1 1 4 3 -1 0 0 0 0 0 1 0 0 0 0 0 0 0 0 0 0 0 -2 0 0 0 0 0 0 1583838187
-16088874 -15507734 21972270 5031774 -7604210 -7590969 -1846795 -142271 120270 -126395 -43360 -20795 -3953 -58412 -10799 -3861 -4039 -2518 -977 -1006 -209 -145 -222 -280 -4 -25 -15 -4 3 0 0 1 -2 0 1 0 0 0 0 2 2 0 -1 0 0 0 1 0 0 0 0 0 0 0 0 0 0 0 0 0 1583838187
-3277307 -4608030 -1277737 -3624644 100482305 7003122 -11725695 -144072 40018 -143727 -50493 17692 6837 2742233 -33954 15767 40392 -1655 -1407 -1446 -1417 -431 -2212 -2409 2 -93 57 2 1 1 0 2 15 0 17 -33 2 0 -17 -12 -3 0 -6 -5 -8 -4 -13 3 -3 -2 1 -2 3 0 -2 -2 0 0 0 0 1583838187
-16090196 -15506043 21958877 5247841 -1353671 -7485410 -2416487 -142176 120428 -127688 -43864 -29213 -3361 103664 -10854 -3416 -6770 -2969 -207 -622 -304 -105 63 -392 -2 -26 -9 -5 1 0 0 1 0 0 1 -2 0 0 0 0 0 0 0 0 0 0 0 0 0 0 0 0 0 0 0 0 0 0 0 0 1583838187
-16086104 -15497282 21929972 5479936 5392234 -7363869 -3035378 -143168 120503 -129104 -44420 -26916 -2697 279184 -10343 -3342 -1747 -2059 -1031 -374 -369 -130 -135 -571 -2 -27 -4 -6 1 0 0 2 4 0 5 -4 0 0 0 -2 0 0 -1 0 0 0 -1 0 0 0 0 0 0 0 0 0 0 0 0 0 1583838187
-16089480 -15505614 21964663 5107320 -5503798 -7554877 -2037108 -142115 120555 -126827 -43526 -29859 -3767 -4203 -10899 -3596 -7668 -3175 7142 -347 -235 -120 -64 -329 -2 -32 -13 -19 4 0 0 1 -1 0 2 -2 13 0 0 -1 0 0 0 0 0 0 0 0 0 0 0 0 0 0 0 0 0 0 0 0 1583838187
