-11073310 -11287531 13003253 686111 7110427 -2398814 3814785 -129971 61844 -108079 -33938 -56521 -6321 -22146 -18269 3706 -6373 -1716 -1073 -317 -219 -501 -36 -428 -1 -70 -7 -5 0 0 0 2 0 0 7 0 0 0 -2 2 0 0 3 0 3 0 -4 1 0 3 0 3 -1 0 0 0 0 1 2 3 1583836345
-16088866 -15503045 21948522 5304156 69817 -7462811 1650063 -136187 119086 -116444 -38036 -27938 -5492 -62139 -9179 -1941 202 -3550 -1108 -444 -177 -208 564 -285 -4 -29 -12 -6 1 0 0 1 -6 0 -4 1 0 0 1 2 0 0 0 0 2 0 0 -1 1 0 0 1 0 0 0 0 0 0 0 1 1583836345
-16085947 -15501536 21947543 5258832 -1194283 -7479164 1056217 -137226 119267 -118132 -38934 -24863 -5224 -59067 -9928 -2162 -7378 -3641 -1053 -56 -217 -155 2806 -320 -1 -32 -11 -2 3 3 0 3 -4 0 3 1 0 0 0 3 0 0 2 0 1 0 0 0 0 0 0 0 0 0 1 0 0 0 0 1 1583836345
-16088460 -15507755 21967070 5133461 -4640155 -7541801 -1446656 -141407 119268 -125183 -42706 -27969 -4114 -40448 -9508 -2070 -5484 -3391 -1014 -370 -225 -264 -309 -362 -3 -24 -11 -6 1 0 0 1 -1 0 4 -1 0 0 -1 2 0 0 0 0 0 0 -1 0 0 0 0 0 -1 0 0 0 0 0 0 0 1583836345
-16089394 -15497019 21924620 5538258 6605814 -7351872 3987972 -132027 118861 -109728 -34392 -27608 -6426 -25951 -8973 -1769 -5343 -3489 -1120 -335 -216 -132 415 -451 -1 -29 -10 -6 1 0 0 1 2 0 8 0 0 -1 3 -2 0 0 -1 1 0 0 -1 0 0 0 0 0 0 0 0 0 0 0 0 0 1583836345
-16082141 -15497266 21937146 5280120 -767276 -7471791 1437480 -136626 113937 -117066 -38371 -18797 -5391 -64917 -3604 4890 -5731 -4790 -1113 1330 -201 -741 10355 -253 0 -46 -10 -7 1 -2 0 0 -9 0 7 4 0 1 -2 3 0 0 1 0 0 0 0 0 0 0 0 0 0 0 0 0 0 0 0 0 1583836345
-16088162 -15510456 21978019 5018339 -7886669 -7597414 -1819933 -142237 119334 -126325 -43330 -27978 -3995 -65814 -9499 -2014 -6931 -3430 -996 -288 -219 -257 -69 -278 -3 -25 -13 -6 1 0 0 1 -2 0 0 1 0 0 0 0 0 0 0 0 0 0 0 0 0 0 0 0 0 0 0 0 0 0 0 0 1583836345
-16087786 -15492228 21939370 5087726 -6651288 -7566229 -1937849 -142428 120589 -126627 -43447 -30022 -3870 -33218 -10882 -3624 3012 -3263 -1047 -763 -187 -164 1577 -291 -5 -22 -12 11 -1 -1 0 1 -4 0 -2 1 0 0 0 0 0 0 0 0 0 0 1 0 0 0 0 0 0 0 0 0 0 0 0 0 1583836345
-16015670 -15456254 21856943 4991129 -7887707 -7593015 -1819842 -142336 64953 -126253 -43312 -29251 -3995 -65824 -11032 -3618 -7300 -3037 -970 -769 -222 -140 -9 -311 -5 -23 -12 -6 1 0 0 1 0 0 2 -1 0 0 0 0 0 0 0 0 0 0 0 0 0 0 0 0 0 0 0 0 0 0 0 0 1583836345
-16085654 -15474660 21905306 5079302 -7653473 -7572784 -1706791 -142242 120621 -126062 -43173 -30222 -4048 -66060 -10903 -3688 -7579 -3107 -976 -660 -223 -139 -48 -224 -3 -26 -14 -4 1 0 0 1 -2 0 0 1 0 0 0 0 0 0 0 0 0 0 0 0 0 0 0 0 0 0 1 -1 0 0 0 0 1583836345
-16089673 -15494215 21913623 5645997 9614898 -7300641 4920279 -130332 118793 -107076 -33035 -27736 -6919 -54227 -8551 -1783 -3444 -3302 -1137 -715 -192 -148 -1878 -492 -2 -24 -3 -5 1 0 0 1 -2 0 7 -3 0 0 -3 5 1 0 2 -1 0 0 -4 1 -1 5 -1 5 -1 0 0 0 0 0 0 -1 1583836345
-16089454 -15508080 21968066 5125348 -4889486 -7546216 -675450 -140210 120717 -123050 -41563 -28973 -4470 -55479 -10857 -3630 -6378 -3141 -1006 -682 -219 -132 -202 -335 -2 -25 -12 -4 4 -1 0 1 -2 0 0 -2 0 0 0 1 0 0 1 0 0 0 0 0 0 0 0 0 0 0 0 -1 0 0 0 0 1583836345
-16089956 -15506359 21962821 5159021 -4027021 -7532490 237244 -138713 120506 -120513 -40251 -30269 -4947 -90291 -10700 -3626 2425 -3340 -1082 -780 -156 -156 -307 -325 -4 -26 -10 -4 1 0 0 1 -1 0 -3 -3 0 -1 2 1 0 0 -2 0 0 0 0 0 0 0 0 0 0 0 0 0 0 0 0 0 1583836345
-16105594 -15314332 21213214 12324658 195438393 -4149166 80574437 2413 112985 108923 83121 -7917 -38838 347900 4907 11796 54885 -8771 -3276 2755 89 -3362 -13834 -2031 4 34 47 -10 -5 -15 0 -2 9 -1 27 -5 1 12 -13 14 2 0 6 -2 6 -3 -22 4 -3 14 -3 2 -3 0 0 -1 0 3 3 5 1583836345
-16091246 -15485560 21886565 5841025 14845576 -7210844 7887056 -125299 119927 -98667 -28488 -29579 -8151 -41271 -9864 -3170 13324 -3568 -1283 -886 -104 -159 9813 -367 -2 -55 -5 -4 1 0 0 1 -14 0 -2 0 -1 -1 5 5 1 0 1 0 -1 0 -3 -2 1 0 0 0 -2 0 0 0 0 0 0 1 1583836345
-16088361 -15501387 21951976 5171035 -3861756 -7527516 948249 -137604 119106 -118590 -39324 -15042 -5406 -157235 -3920 7075 -9158 -6979 -1234 4111 -175 -3841 -475 -290 -3 25 -14 -17 -3 -14 0 -4 0 0 5 0 0 9 1 2 0 0 0 -1 -1 0 0 0 0 0 -1 0 0 0 0 0 0 0 0 0 1583836345
-16089752 -15508162 21970212 5087730 -6002878 -7565608 -970397 -140760 120568 -123923 -42070 -30287 -4412 -81668 -10840 -3684 -8807 -3108 -980 -653 -219 -134 -147 -299 -2 -26 -12 -4 1 0 0 1 -1 0 3 0 0 0 0 1 0 0 0 0 0 0 0 0 0 0 0 0 0 0 0 0 0 0 0 0 1583836345
-16088354 -15508427 21969972 5095513 -5741925 -7561180 -803379 -140477 119266 -123445 -41807 -28009 -4469 -77749 -9159 -1995 -9067 -3217 -986 -530 -221 -228 -181 -252 -2 -25 -14 -6 1 0 0 1 -2 0 1 1 0 0 0 0 0 0 0 0 0 0 0 0 0 0 0 0 0 0 0 0 0 0 0 0 1583836345
-16089724 -15509036 21973150 5065146 -6615631 -7576051 -1362089 -141421 120587 -125025 -42652 -30263 -4225 -74824 -10873 -3688 -7811 -3115 -981 -661 -219 -137 -121 -270 -3 -26 -13 -4 1 0 0 1 -2 0 0 0 0 0 0 1 0 0 -1 0 0 0 0 0 0 0 0 0 0 0 0 0 0 0 0 0 1583836345
-16082677 -15495689 21945814 5062806 -7068191 -7574626 -1130216 -141169 115880 -124426 -42339 5208 -4282 -80865 17572 15355 -8244 9165 -1439 17821 -155 -8170 -246 -269 -3 -122 -12 -35 -26 -23 0 -10 0 1 0 0 0 18 3 1 -3 -1 0 0 -1 3 0 0 0 0 0 0 0 -1 0 0 0 0 1 0 1583836345
-16089504 -15497730 21940522 5260588 -1461982 -7485688 1699140 -136259 120430 -116381 -38030 -30220 -5588 -93272 -10575 -3580 -8314 -3168 -1034 -673 -203 -121 -735 -38 -3 -22 -19 0 0 0 0 1 -5 0 1 0 0 0 -1 0 0 0 2 2 -1 0 0 1 -1 -2 0 2 0 0 0 0 0 0 0 0 1583836345
-16088513 -15507662 21966907 5125829 -4900972 -7546925 -440811 -139845 119315 -122406 -41236 -28216 -4603 -69288 -10434 -3646 -7415 -2799 -979 -1120 -217 -109 -372 -190 -3 -25 -20 -4 2 1 0 2 -2 0 2 0 0 0 -3 0 0 0 -2 0 3 0 -2 0 0 0 0 1 0 0 0 0 0 0 0 -1 1583836345
-16089243 -15506916 21971135 5024174 -7892950 -7595784 -1819249 -142238 120627 -126331 -43331 -30223 -3997 -65898 -10907 -3687 -3731 -3184 -543 -684 -203 -148 -254 -361 -3 -25 -11 -3 1 0 0 1 -1 0 5 0 0 0 1 3 0 0 0 -1 -1 0 0 0 0 -1 -2 0 2 0 1 2 0 0 0 0 1583836345
-16073141 -15491073 21936243 5057966 -6950318 -7544015 -1443844 -141653 124733 -125288 -42772 712 -4098 -63240 -12769 -3965 362 -3434 -1031 -816 -184 -154 1950 -384 -4 45 -10 12 12 25 0 -38 0 -22 3 -2 0 0 0 1 0 1 0 0 0 0 0 0 0 0 0 0 0 0 0 0 0 0 0 0 1583836345
-16081119 -15501474 21959319 5025591 -7750051 -7576127 -1832282 -142281 122804 -126372 -43351 -14087 -3957 -62299 -11906 -3843 -6364 -3220 -981 -717 -219 -138 307 -321 -3 12 -10 3 7 12 0 -19 -1 -11 3 -1 0 0 0 0 0 0 0 0 0 0 0 0 0 0 0 0 0 0 0 0 0 0 0 0 1583836345
-16083511 -15492275 21918408 5514885 6196984 -7338404 -3107415 -143259 122189 -129286 -44497 -14172 -2602 298216 -11637 -3228 -1750 -2959 -1034 -729 -381 -70 -582 -588 -2 10 -7 2 6 10 0 -15 -1 -9 6 -6 0 0 -4 -1 0 0 -1 0 -1 0 -2 0 0 0 0 0 0 0 0 0 0 0 0 0 1583836345
-16085413 -15503531 21958091 5147897 -4217426 -7524392 -2154256 -142508 121780 -127099 -43635 -20833 -3627 28920 -11425 -3627 -7441 -3071 -979 -676 -271 -117 -104 -363 -2 -4 -11 0 4 6 0 -9 -1 -6 3 -2 0 0 0 0 0 0 0 0 0 0 0 0 0 0 0 0 0 0 0 0 0 0 0 0 1583836345
-16022321 -15428531 21803240 5148949 -4982756 -7391584 -2085017 -142785 137347 -127083 -43654 95218 -3500 8673 -18609 -4811 -7831 -3819 -967 -996 -263 -83 -38 -349 -3 288 -16 70 44 103 0 -159 2 -89 5 -4 0 0 -1 0 0 4 0 0 0 -1 0 0 0 0 0 0 0 0 0 0 0 0 0 0 1583836345
-16088277 -15509119 21972491 5079913 -6132140 -7567090 -1979795 -142363 119160 -126701 -43485 -24393 -3830 -20372 45175 -1089 -7751 37754 1695 -53103 -253 2387 137 -280 9 -54 -9 -19 -8 -14 0 -4 0 1 2 0 0 0 1 0 0 1 0 0 0 1 0 0 0 0 0 0 0 0 0 0 0 0 0 0 1583836345
-16089825 -15503766 21956044 5192008 -3180245 -7517056 556732 -137595 120480 -119592 -39733 -30155 -5045 -75740 -10647 -3577 8460 -3469 466 -785 -129 -164 -604 -287 -6 -27 -9 -5 1 0 0 1 -3 0 -7 -5 0 -1 6 0 0 0 0 1 -1 0 0 0 0 0 0 -1 0 0 0 0 0 0 0 0 1583836345
-16067813 -15488869 21918080 5277315 -961747 -7466361 1038274 -137332 102360 -118189 -38975 -456 -5181 -53882 61774 17268 -7886 35062 1500 -49916 -224 2320 -536 -324 9 -54 -8 -17 -7 -13 0 -3 0 1 5 -2 0 0 -2 0 -1 1 0 0 0 1 -2 0 0 0 0 1 0 0 0 0 0 0 0 1 1583836345
-16088261 -15470695 21868498 5639332 8414524 -7306550 4175998 -131185 120125 -109184 -34073 -29547 -6464 -5533 -10225 -3285 8387 -3450 174 -805 -156 -125 -820 -412 -5 -15 -5 18 -3 -1 0 1 -9 0 -5 6 0 0 0 -1 0 0 0 0 0 0 -5 -1 0 3 0 2 -1 0 1 0 0 0 1 2 1583836345
-16087391 -15510264 21977504 5017685 -7893242 -7597405 -1818553 -142236 118708 -126321 -43329 -27675 -3996 -66014 -9604 -1656 -7717 -3777 -1016 228 -223 147 -25 -307 -3 -31 -12 -5 2 0 0 2 0 0 3 0 0 -1 0 1 0 0 0 0 0 0 0 0 0 0 -1 0 0 0 0 1 0 0 0 0 1583836345
-16086970 -15503876 21962803 5064979 -6726245 -7573340 -1934536 -142361 119223 -126608 -43450 -13469 -3845 -34922 -3595 7994 12452 -7520 -1346 4178 -135 -3637 5043 -524 -5 8 -1 -16 -2 -13 0 -4 0 0 8 -3 0 9 1 -1 0 0 -2 2 0 0 -2 0 0 0 0 0 0 0 0 0 0 0 0 0 1583836345
-16088848 -15502991 21962700 5040026 -7594406 -7588445 -1847744 -142299 120618 -126402 -43358 -30177 -3968 -58052 -10907 -3676 -4811 -3145 -991 -683 -213 -148 1104 -331 -3 -27 -10 -1 0 0 0 1 0 0 3 -1 0 0 0 0 0 0 0 0 0 0 0 0 0 0 0 0 0 0 0 0 0 0 0 0 1583836345
-16088342 -15508409 21969244 5119172 -5007773 -7547842 -2082185 -142437 119210 -126924 -43565 -27710 -3716 8599 -9829 -1991 -7548 -3530 -1008 -31 -261 -166 -67 -350 -2 -26 -11 -6 2 0 0 1 -1 0 3 -2 0 0 -1 0 0 0 0 0 0 0 0 0 0 0 0 0 0 0 0 0 0 0 0 0 1583836345
-16090257 -15503289 21950415 5285598 -473283 -7471948 1098092 -137098 120400 -117984 -38836 -29951 -5219 -44634 -10602 -3521 -8254 -3116 -1029 -667 -229 -114 -708 73 -4 -25 -24 -4 1 0 0 1 -7 0 1 3 0 0 -5 -1 0 0 1 0 0 0 1 0 0 0 1 -1 0 0 -1 1 0 0 0 0 1583836345
-16089018 -15500741 21939829 5390430 2498587 -7420904 1739788 -135870 119010 -116091 -37782 -27494 -5406 -8576 -9027 -1763 6659 -3613 -1165 -533 -172 -232 -1027 -504 -4 -25 -2 -5 1 0 0 1 -6 0 -10 -7 -1 -1 6 0 0 0 -1 0 -1 0 -1 0 0 0 0 0 0 0 0 0 0 0 0 0 1583836345
-16021700 -15453950 21857193 4977481 -7892806 -7532220 -1819291 -142297 109387 -126326 -43347 -7518 -3974 -66152 54824 9090 -5452 36848 1647 -52256 -216 2284 -35 -289 8 -46 -8 -16 -6 -10 0 -2 1 0 4 0 0 1 1 3 0 0 0 -1 -1 1 0 0 0 -1 -2 0 2 0 1 2 0 0 0 0 1583836345
-16083208 -15503316 21959399 5085334 -6184115 -7564617 -598155 -140222 115365 -122896 -41519 -21948 -4563 -86578 -5520 2617 -8753 -4285 -1052 767 -214 -403 -151 -287 -2 -23 -13 -6 1 -1 0 1 -1 0 0 -1 0 0 1 0 0 0 0 0 0 0 0 0 0 0 0 0 0 0 0 0 0 0 0 0 1583836345
-16025256 -15461540 21869100 5000125 -7860737 -7590936 -1826925 -142350 72118 -126289 -43329 -23191 -3976 -64838 -9695 -2199 1209 -3264 -1032 -835 -180 -168 -413 -404 -6 -22 -8 -6 1 0 0 1 0 0 2 -1 0 0 1 0 0 0 1 0 0 0 0 1 0 0 0 0 1 0 0 -1 0 0 0 0 1583836345
-10947177 -11509600 13071194 3696679 -7730942 -6886420 -1857090 -151750 -3716222 -122353 -42757 646825 -2804 -65759 305234 344104 21939 -34237 -2474 32445 9 -10160 -1212 -578 -156 217 -1 0 7 9 0 6 -3 -2 2 4 0 24 2 -1 1 -4 2 0 0 -4 -1 0 0 1 0 -1 0 0 2 -1 0 0 0 0 1583836345
-15744954 -15237033 21365398 5036636 -4531984 -7504933 -2141363 -143086 -138554 -126780 -43578 10750 -3573 22252 -3760 5148 24628 -4553 -1239 -209 -107 -435 -580 -313 -21 -24 -11 -4 2 1 0 1 -7 0 -16 0 -1 -1 5 -6 -1 0 -2 1 -4 0 0 -1 0 0 0 1 0 0 0 0 0 0 0 0 1583836345
-16066885 -15493214 21938957 5032854 -7494748 -7584192 -1702093 -142085 103074 -125977 -43147 -18626 -4023 -62883 -6778 765 -6170 -3426 -995 -412 -216 -232 117 -322 -3 -17 -13 -6 1 0 0 1 -3 0 0 -1 0 0 1 0 0 0 0 0 0 0 0 0 0 0 0 0 0 0 0 0 0 0 0 0 1583836345
-16065499 -15488554 21927874 5079058 -5554992 -7532322 -937518 -140664 120987 -123791 -41964 -26583 -4356 -57018 -11090 -3639 -8477 -3119 -985 -665 -230 -130 -159 -284 -2 -22 -13 -6 1 0 0 1 -2 0 0 0 0 -1 1 0 0 0 -1 0 0 0 0 0 0 0 0 0 0 0 0 0 0 0 0 0 1583836345
-16089738 -15511104 21979392 5022984 -7748523 -7595843 -1832357 -142241 120610 -126354 -43340 -29801 -3984 -62186 -10037 -3429 -7040 -2656 -947 -1258 -222 -201 140 -307 -2 -24 -12 -5 2 1 0 2 -1 0 0 -1 0 -2 0 0 0 0 0 0 0 0 0 0 0 0 0 0 0 0 0 0 0 0 0 0 1583836345
-15743204 -12437460 15749094 9474459 -8099112 -5782953 -1833463 -159116 120717 -131309 -44727 -30291 -3980 -65894 -10889 -3685 -6936 -3132 625 -602 -216 -135 -33 -314 -3 235 -16 526 -107 -14 0 1 -1 0 2 -1 0 0 0 -1 0 0 0 1 0 0 0 0 0 0 0 0 0 0 0 0 0 0 0 0 1583836345
-16067779 -15460673 21832067 5889879 16080504 -7140528 8503590 -124340 123568 -96951 -27556 14813 -8328 -33231 -9710 -603 -5707 -3933 -1194 -310 -201 -138 4489 -467 0 55 -5 17 14 31 0 -47 6 -28 12 2 0 0 4 -2 0 1 -1 2 0 0 -1 0 0 0 0 0 0 0 0 0 0 0 0 0 1583836345
-16087627 -15502865 21950290 5263473 -1025128 -7477425 941271 -137385 120548 -118438 -39082 -26673 -5146 -46971 -10812 -3559 -3310 -3199 -1045 -702 -203 -145 5109 -354 -1 -38 -10 -3 3 3 0 3 -5 0 6 1 0 0 0 1 0 0 0 1 0 0 0 0 0 0 0 0 0 0 0 0 0 0 0 0 1583836345
18290352 13307462 -39104634 -28260314 -5293041 26264831 -2043864 -126690 -318299 -112239 -38631 -291386 -3656 -3822 -48792 35680 28799 -3701 -1115 -2027 -61 -2317 1830 -507 -10 -229 2 0 3 -2 0 3 -2 -4 -14 -5 -1 -1 5 -4 -1 1 -1 0 -2 -3 0 -1 1 1 0 0 0 -1 0 0 0 0 -1 0 1583836345
-16088583 -15505854 21959691 5199521 -2822815 -7511382 -133591 -139206 119173 -121495 -40762 -28092 -4744 -66383 -9390 -2058 -6421 -3406 -1030 -370 -213 -188 -502 -301 -3 -25 -13 -6 1 0 0 1 -5 0 1 0 0 0 -2 2 0 0 0 0 -1 0 0 0 0 0 0 0 0 0 0 0 0 0 0 0 1583836345
-16089733 -15508152 21970333 5085976 -6049824 -7566258 -1128607 -141015 120571 -124347 -42260 -30147 -4282 -58550 -10840 -3649 -8283 -3095 -983 -654 -228 -132 -29 -308 -2 -26 -12 -4 1 0 0 1 -1 0 0 -1 0 -1 1 0 0 0 0 0 0 0 0 0 0 0 0 0 0 0 0 0 0 0 0 0 1583836345
-16084908 -15507973 21972394 5020798 -7867502 -7594885 -1825212 -142260 116751 -126342 -43340 -24050 -3983 -65103 -7154 972 -1618 -4200 -1074 487 -193 -360 -349 -354 -4 -24 -12 -6 1 0 0 1 0 0 1 -1 0 0 0 2 0 0 2 0 2 0 0 1 -1 0 0 0 1 0 1 -2 0 -1 0 0 1583836345
-16089205 -15506475 21970119 5027440 -7815619 -7594221 -1830307 -142269 120624 -126359 -43344 -30206 -3986 -63735 -10898 -3678 282 -3248 -1031 -744 -185 -158 -133 -236 -5 -24 -12 0 0 0 0 1 1 0 3 -1 0 0 1 0 0 0 0 1 -1 0 0 1 -1 0 0 0 0 0 0 0 0 0 0 0 1583836345
-16088157 -15510467 21978040 5018346 -7886020 -7597407 -1820093 -142237 119335 -126326 -43330 -28147 -3995 -65773 -9114 -2140 -7215 -3015 -968 -789 -221 -174 -1 -312 -3 -26 -12 -6 1 0 0 1 0 0 2 -1 0 0 0 0 0 0 0 0 0 0 0 0 0 0 0 0 0 0 0 0 0 0 0 0 1583836345
-16089580 -15509749 21976693 5024029 -7776048 -7595491 -1836701 -142257 120622 -126371 -43350 -30193 -3977 -62426 -10884 -3666 6907 -3370 -1079 -817 -154 -173 -661 -437 -5 -25 -9 -4 1 0 0 1 -2 0 1 3 0 0 0 0 0 0 8 0 -1 0 2 1 0 2 0 -1 0 0 3 -2 0 0 0 0 1583836345
-16079709 -15500329 21952806 5090265 -5956364 -7551609 -256814 -139667 118284 -121952 -41025 -18287 -4730 -98029 -8857 -842 -9838 -3709 -1014 -3 -213 -177 -224 -289 -2 -19 -13 1 6 10 0 6 0 0 3 0 0 0 1 0 0 0 0 0 1 0 0 0 0 0 0 0 0 0 0 0 0 0 0 0 1583836345
-16089358 -15507907 21973110 5023488 -7870699 -7595994 -1824450 -142256 120626 -126343 -43337 -30217 -3993 -65165 -10904 -3684 -2470 -3199 -1011 -715 -198 -151 -218 -350 -4 -25 -10 -2 1 0 0 1 1 0 1 -1 0 0 0 0 0 0 -1 0 2 0 -1 0 0 0 0 0 0 0 0 0 0 0 0 0 1583836345
-16082312 -15504783 21965658 5024645 -7756737 -7586622 -1839704 -142284 118033 -126385 -43361 -20881 -3963 -61897 2550 -5094 7839 13453 -1052 5842 -104 -1236 -362 -473 -4 -179 0 -7 -12 7 0 4 6 0 4 -3 0 0 2 -2 -4 0 0 1 0 1 0 0 0 0 0 0 0 -2 0 0 0 0 0 0 1583836345
-16089432 -15507362 21970648 5053062 -7024314 -7581450 -1904744 -142319 120600 -126529 -43411 -30076 -3903 -42785 -10878 -3634 7052 -3343 -1073 -803 -162 -178 2429 -478 -4 -32 -3 -2 1 0 0 1 0 0 6 -3 0 0 1 -1 0 0 -1 1 0 0 -1 0 0 0 0 0 0 0 0 0 0 0 0 0 1583836345
-16088588 -15509657 21975025 5047321 -7081257 -7583927 -1513044 -141694 119600 -125447 -42857 -27609 -4122 -62948 -8986 -2060 -7888 -2664 -1013 513 -222 -388 -81 -183 -3 -34 -15 -7 0 -1 0 1 -2 0 1 1 0 0 0 0 0 0 0 1 0 0 1 0 0 -1 0 0 0 0 0 0 0 0 0 0 1583836345
-16085159 -15496880 21947346 5096187 -6059305 -7558131 -1999528 -142452 117798 -126777 -43528 2255 -3756 -19378 3338 18791 23188 -11301 -1666 8880 -88 -7335 -1240 -54 -13 74 -15 -27 -7 -27 0 -11 -17 2 -10 7 0 20 0 3 1 -1 -4 1 2 1 7 -3 2 0 -1 2 0 0 0 1 0 0 0 0 1583836345
-16090996 -15486893 21890555 5901352 17044412 -7165000 -4100068 -144021 119871 -131548 -45376 -26343 -1557 582557 -10661 -2621 4628 -2710 -1096 -729 -492 -30 -465 952 -11 -18 -43 0 1 0 0 0 -19 0 2 3 -1 -1 5 -5 -1 0 -2 -1 -3 0 1 0 0 0 0 1 0 0 0 0 0 0 0 0 1583836345
-16086762 -15506941 21965770 5125276 -4866524 -7544224 -2095050 -142456 117962 -126954 -43577 -25884 -3698 12755 -8351 -629 -7988 -3511 -1002 -47 -264 -186 41 -235 -3 -25 -14 -6 2 0 0 1 -2 0 1 1 0 0 0 -1 0 0 0 0 0 0 0 0 0 0 0 0 0 0 0 0 0 0 0 0 1583836345
-15831105 -15309091 21505365 5597827 5063351 -7189753 -3007006 -144400 -75263 -129194 -44609 279672 -2287 268552 240793 229255 845 -2516 -648 -3333 -296 -886 -346 919 -3 -24 -41 -7 0 -4 0 -1 -15 0 1 -1 -1 -1 6 -4 0 0 -3 0 -1 1 0 0 0 0 0 0 0 0 0 0 0 0 0 0 1583836345
-16057493 -15225209 21399997 5434673 -7850947 -7428373 -1837038 -143019 120630 -126832 -43482 -30203 -3977 -63646 -10878 -3662 12363 -3622 8352 -519 -103 -175 -1006 -446 -7 101 -5 252 -50 -7 0 1 0 0 1 3 17 0 2 0 0 0 0 0 3 0 -3 -1 1 -1 0 0 0 0 0 0 0 0 0 0 1583836345
-16070551 -15494517 21943044 5029060 -7873429 -7579721 -1823796 -142334 109044 -126352 -43350 -7660 -3958 -65408 -2283 9723 -1204 -7557 -1278 4641 -188 -619 -333 -360 -5 -17 -11 0 5 6 0 4 -1 0 2 0 0 0 0 0 0 0 0 1 1 0 0 -1 0 0 0 0 0 0 0 0 0 0 0 0 1583836345
-16084848 -15507375 21970987 5025668 -7749277 -7592556 -1832419 -142266 116739 -126356 -43344 -24031 -3976 -62248 -7473 988 -7473 -4338 -1047 870 -223 -350 160 -304 -3 -25 -14 -6 2 0 0 1 0 0 0 -1 0 0 1 0 0 0 0 0 0 0 0 0 0 0 0 0 0 0 0 0 0 0 0 0 1583836345
-16088475 -15507370 21965591 5140340 -4486422 -7539919 -363975 -139693 119234 -122180 -41113 -28044 -4626 -65926 -9351 -2033 -15 -3491 -1059 -442 -181 -232 3695 -336 -3 -36 -8 -6 1 0 0 1 -4 0 -1 -1 0 0 0 2 0 0 0 0 0 0 0 0 0 0 0 0 -1 0 0 0 0 0 0 1 1583836345
-16091419 -15437293 21735832 6930371 44394966 -6696942 18648842 -106303 119022 -67832 -11806 -28244 -12534 90016 -8679 -2449 5490 -3497 -1482 -902 -185 -2 -4183 -933 0 -11 9 18 -3 -1 0 3 18 -1 22 0 -1 -1 6 -4 0 0 -4 4 2 0 -5 1 -1 3 0 0 -1 0 3 0 0 0 0 -1 1583836345
-16088152 -15510422 21977899 5019471 -7854620 -7596852 -1824074 -142241 119327 -126336 -43335 -28073 -3990 -64877 -9504 -2075 -5199 -3407 -1005 -374 -211 -224 -14 -333 -3 -26 -13 -6 1 0 0 1 0 0 2 0 0 0 0 0 0 0 1 0 0 0 1 0 0 0 0 0 0 0 0 0 0 0 0 0 1583836345
-16089602 -15510065 21977472 5020623 -7862781 -7597136 -1826660 -142246 120626 -126346 -43339 -30211 -3989 -64836 -10895 -3677 2059 -3282 -1044 -764 -176 -162 -498 -411 -4 -25 -9 -4 1 0 0 1 0 0 3 -3 0 0 1 3 0 0 0 1 3 0 0 0 0 0 0 1 2 0 -1 0 0 -1 0 0 1583836345
-16088186 -15510598 21978258 5019232 -7854473 -7596955 -1824183 -142240 119339 -126336 -43335 -28089 -3990 -64863 -9616 -2085 -5001 -3488 -1011 -277 -210 -235 55 -341 -3 -26 -10 -6 1 0 0 1 1 0 3 -1 0 0 0 -1 0 0 0 0 0 0 0 0 0 0 0 0 0 0 0 0 0 0 0 0 1583836345
-16083341 -15505854 21967535 5030827 -7604275 -7587500 -1846793 -142283 116723 -126392 -43359 -22499 -3957 -58378 -6311 2149 -4333 -4453 -1071 918 -209 -298 767 -339 -3 -27 -11 -6 2 0 0 1 -1 0 1 -2 0 0 1 0 0 0 0 0 0 0 0 0 0 0 0 0 0 0 0 0 0 0 0 0 1583836345
-16087377 -15499965 21938610 5375134 2033402 -7428099 2048401 -135425 117732 -115263 -37370 -25825 -5606 -35851 -7112 -440 -7971 -3033 -1039 -826 -230 -164 -763 -397 -1 -25 -9 -6 1 0 0 1 1 0 6 -1 0 0 -2 0 0 0 0 0 0 0 -1 1 -1 2 0 0 0 0 0 0 0 0 0 0 1583836345
-16088914 -15495595 21939317 5209492 -3006163 -7509066 258634 -138662 120478 -120416 -40149 -30071 -4881 -57854 -10692 -3579 -5152 -3165 -1026 -686 -209 -138 1908 -353 -2 -27 -8 4 0 0 0 1 -1 0 5 0 0 0 1 0 0 0 0 1 0 0 0 0 0 0 0 0 0 0 0 0 0 0 0 0 1583836345
-16088147 -15510420 21977925 5018812 -7874222 -7597179 -1820972 -142238 119328 -126328 -43331 -28123 -3994 -65477 -9522 -2110 -7216 -3355 -990 -371 -221 -207 -16 -308 -3 -26 -12 -6 1 0 0 1 -1 0 1 0 0 0 0 0 0 0 1 0 0 0 1 0 0 0 0 0 0 0 0 0 0 0 0 0 1583836345
-16089601 -15510000 21977273 5022144 -7820793 -7596392 -1831208 -142250 120624 -126357 -43344 -30205 -3985 -63724 -10894 -3675 2075 -3281 -1044 -764 -177 -162 -374 -383 -4 -26 -10 -4 1 0 0 1 1 0 1 2 0 0 0 -1 0 0 3 0 0 0 0 0 0 0 0 1 0 0 0 0 0 0 0 0 1583836345
-16084952 -15505970 21965096 5092231 -5852000 -7559807 -2022187 -142424 116654 -126803 -43527 -24045 -3767 -11715 -6808 863 25907 -4245 -1246 -312 -85 -284 -276 -389 -10 -27 -5 -5 2 0 0 1 -5 0 -17 1 0 -1 2 -1 0 0 0 0 0 1 6 -4 3 0 0 2 0 0 1 0 0 0 0 0 1583836345
-15804455 -15270715 21464779 4845160 -4970999 -7269980 -651877 -140045 115541 -122862 -41489 -34209 -4491 -57937 -10997 -3271 -8775 -3073 -988 -664 -230 -145 -220 -319 -2 -23 -10 -6 1 0 0 1 -1 0 3 -1 0 0 0 0 0 0 0 0 0 0 0 0 0 0 0 0 0 0 0 0 0 0 0 0 1583836345
-16088276 -15509150 21972843 5068328 -6495013 -7573861 -1219439 -141189 119283 -124614 -42411 -27893 -4252 -63958 -9412 -1949 -8160 -3417 -999 -275 -225 -257 -75 -235 -3 -25 -14 -6 1 0 0 1 -2 0 0 1 0 0 0 -1 0 0 0 0 0 0 0 0 0 0 0 0 0 0 0 0 0 0 0 0 1583836345
-16088940 -15504222 21965664 5028303 -7886571 -7594082 -1820021 -142271 120627 -126337 -43332 -30225 -3998 -65765 -10914 -3692 -7233 -3111 -977 -663 -221 -140 -27 -310 -3 -23 -12 0 0 0 0 1 0 0 2 0 0 0 0 0 0 0 0 0 0 0 1 0 0 0 0 0 0 0 0 0 0 0 0 0 1583836345
-16086651 -15509108 21975043 5020591 -7815405 -7593660 -1830292 -142252 119383 -126353 -43344 -26525 -3980 -63676 -8869 -866 -391 -4003 -1071 229 -188 -154 -65 -397 -4 -28 -7 -5 2 0 0 2 3 0 3 -1 0 -1 0 -1 0 0 0 1 0 0 1 0 0 0 0 0 0 0 0 0 0 0 0 0 1583836345
-15684872 -15181916 21202045 6076282 17360081 -6843430 7981634 -126749 -148937 -98505 -28506 421627 -7404 13514 266827 338761 -7348 -73780 -5252 87378 -146 -2013 -1870 -650 -9 -29 -5 28 22 34 0 17 8 -2 9 -1 -1 -15 5 -3 0 1 -1 2 0 0 -3 1 -1 2 0 1 0 0 0 0 0 0 0 0 1583836345
-16087200 -15504710 21957482 5195658 -2927398 -7510729 -282250 -139456 119194 -121885 -40911 -26352 -4580 -30652 -9533 -2021 -5513 -3413 -1021 -306 -224 -206 6346 -282 -1 -41 -13 -4 2 1 0 2 -6 0 3 1 0 0 0 2 0 0 1 0 0 0 0 0 0 0 0 0 0 0 0 0 0 0 0 0 1583836345
-16088255 -15508931 21972104 5070212 -6466017 -7573740 -629691 -140258 119252 -122990 -41572 -28106 -4569 -91157 -9762 -2002 -9032 -3706 -1019 80 -214 -221 -195 -297 -2 -26 -13 -6 1 0 0 1 0 0 3 0 0 0 0 1 0 0 0 0 0 0 0 0 0 0 0 0 0 0 0 0 0 0 0 0 1583836345
-16086674 -15506286 21963919 5127351 -4868364 -7544918 -849047 -140495 117872 -123526 -41809 -25779 -4371 -46488 -8716 -357 -9283 -4166 -1049 728 -238 -253 -175 -234 -3 -25 -14 -6 1 0 0 1 -3 0 1 0 0 0 -1 -1 0 0 0 0 0 0 0 0 0 0 0 0 0 0 0 0 0 0 0 0 1583836345
-16088146 -15510617 21978320 5018484 -7874193 -7597309 -1820975 -142236 119310 -126327 -43331 -28168 -3994 -65478 -9637 -2130 -7173 -3428 -995 -270 -221 -164 -35 -304 -3 -27 -12 -6 1 0 0 1 -1 0 1 0 0 0 0 0 0 0 2 0 0 0 0 0 0 0 0 -1 0 0 0 0 0 0 0 0 1583836345
-16088422 -15510629 21978538 5017076 -7885913 -7596103 -1820195 -142232 120752 -126326 -43330 -28462 -3995 -65764 -11024 -3709 -7448 -3118 -975 -667 -222 -139 13 -309 -3 -25 -12 -4 2 1 0 2 0 0 2 -1 0 0 0 0 0 0 0 0 0 0 0 0 0 0 0 0 0 0 0 0 0 0 0 0 1583836345
-16081623 -15505017 21965819 5023778 -7854896 -7592169 -1824093 -142277 114180 -126341 -43341 -19832 -3978 -64943 -4914 4141 -4657 -5047 -1105 1644 -207 -597 -75 -330 -3 -21 -11 -6 2 -1 0 1 0 0 2 0 0 0 0 0 0 0 1 0 0 0 0 0 0 0 0 0 0 0 1 -1 0 0 0 0 1583836345
-16085018 -15506842 21967728 5072812 -6386504 -7569326 -1966865 -142374 116709 -126672 -43475 -23943 -3830 -27072 -7411 975 15556 -4646 -1212 507 -125 -376 -1119 1269 -16 -22 -51 -6 2 0 0 0 -20 0 1 7 0 0 1 0 0 0 4 1 0 0 0 1 0 -4 3 1 0 0 2 0 0 0 0 0 1583836345
-15593272 -15139244 21148442 4852967 -7631937 -7555803 -1843603 -142980 -252345 -125905 -43242 -22474 -3951 -59317 -1813 3669 -7329 -1737 -872 -2505 -223 -45 -14 -250 -17 -16 -16 -5 2 0 0 2 -2 0 1 1 0 0 0 0 0 0 0 0 0 0 1 0 0 0 0 0 0 0 0 0 0 0 0 0 1583836345
-16066031 -15492593 21938601 5026324 -7874993 -7574649 -1821024 -142335 107914 -126345 -43349 -2282 -3955 -65681 4182 17590 -6567 -9167 -1342 6900 -212 -548 -89 -314 -4 -23 -13 -4 3 1 0 2 -2 0 1 0 0 -1 0 0 0 0 1 0 0 0 0 0 0 0 0 0 0 0 1 -1 0 0 0 0 1583836345
-16089070 -15510991 21979089 5021908 -7779504 -7595990 -1836805 -142252 120041 -126369 -43351 -28843 -3976 -62735 -10548 -3679 5596 -3029 -1050 -1194 -160 -151 -765 -59 -7 -24 -16 -4 4 -1 0 1 -7 0 -3 12 0 0 -2 0 0 0 0 0 1 0 -1 1 -1 1 0 4 5 0 -4 -1 0 0 0 0 1583836345
-16056872 -15486369 21922121 5072262 -6791348 -7555838 -1921087 -142467 95764 -126575 -43447 8221 -3836 -38455 12889 22941 -5529 -6768 -1187 3794 -220 -217 -116 -3 -5 -25 -21 0 6 3 0 3 -4 0 1 0 0 -1 -1 -2 0 0 0 0 -1 0 0 0 0 0 1 0 0 0 1 0 0 0 0 0 1583836345
-16075480 -15495966 21941655 5131985 -4769590 -7525079 -594435 -140127 117218 -122835 -41452 -12536 -4475 -55832 -7560 726 -558 -3949 -1066 59 -187 -268 6524 -338 -2 -33 -7 5 7 14 0 8 -2 0 6 0 0 1 0 0 0 0 0 0 0 0 0 0 0 0 0 0 0 0 0 0 0 0 0 0 1583836345
-16002156 -14734344 20404966 6146457 -7881221 -7138427 -1832627 -146103 120646 -127608 -43694 -30223 -3982 -64007 -10889 -3674 1998 -3299 342 -709 -174 -156 -527 -358 -5 204 -14 463 -94 -12 0 1 -5 0 0 4 0 0 0 0 0 0 5 0 0 0 0 0 0 1 0 -4 0 0 -2 1 0 0 0 0 1583836345
-16083415 -15506564 21969389 5021201 -7854678 -7592089 -1824196 -142262 116808 -126340 -43339 -22248 -3982 -64915 -6474 2339 -5389 -4732 -1084 1314 -211 -382 75 -338 -3 -24 -10 -6 2 0 0 1 1 0 2 -1 0 0 0 -1 0 0 0 0 0 0 0 0 0 0 0 0 0 0 0 0 0 0 0 0 1583836345
-16089213 -15505003 21965392 5066547 -6728456 -7575081 -1934634 -142357 120590 -126603 -43442 -30026 -3872 -35173 -10863 -3614 12216 -3443 -1119 -872 -141 -179 -973 -57 -9 -23 -18 0 0 0 0 0 -11 0 -5 15 0 0 -4 -2 0 0 -3 0 1 1 5 -2 1 2 -1 -2 0 0 -1 1 0 0 0 0 1583836345
-11073310 -11287531 13003253 686111 7110427 -2398814 3814785 -129971 61844 -108079 -33938 -56521 -6321 -22146 -18269 3706 -6373 -1716 -1073 -317 -219 -501 -36 -428 -1 -70 -7 -5 0 0 0 2 0 0 7 0 0 0 -2 2 0 0 3 0 3 0 -4 1 0 3 0 3 -1 0 0 0 0 1 2 3 1583838187
-16088866 -15503045 21948522 5304156 69817 -7462811 1650063 -136187 119086 -116444 -38036 -27938 -5492 -62139 -9179 -1941 202 -3550 -1108 -444 -177 -208 564 -285 -4 -29 -12 -6 1 0 0 1 -6 0 -4 1 0 0 1 2 0 0 0 0 2 0 0 -1 1 0 0 1 0 0 0 0 0 0 0 1 1583838187
-16085947 -15501536 21947543 5258832 -1194283 -7479164 1056217 -137226 119267 -118132 -38934 -24863 -5224 -59067 -9928 -2162 -7378 -3641 -1053 -56 -217 -155 2806 -320 -1 -32 -11 -2 3 3 0 3 -4 0 3 1 0 0 0 3 0 0 2 0 1 0 0 0 0 0 0 0 0 0 1 0 0 0 0 1 1583838187
-16088460 -15507755 21967070 5133461 -4640155 -7541801 -1446656 -141407 119268 -125183 -42706 -27969 -4114 -40448 -9508 -2070 -5484 -3391 -1014 -370 -225 -264 -309 -362 -3 -24 -11 -6 1 0 0 1 -1 0 4 -1 0 0 -1 2 0 0 0 0 0 0 -1 0 0 0 0 0 -1 0 0 0 0 0 0 0 1583838187
-16089394 -15497019 21924620 5538258 6605814 -7351872 3987972 -132027 118861 -109728 -34392 -27608 -6426 -25951 -8973 -1769 -5343 -3489 -1120 -335 -216 -132 415 -451 -1 -29 -10 -6 1 0 0 1 2 0 8 0 0 -1 3 -2 0 0 -1 1 0 0 -1 0 0 0 0 0 0 0 0 0 0 0 0 0 1583838187
-16082141 -15497266 21937146 5280120 -767276 -7471791 1437480 -136626 113937 -117066 -38371 -18797 -5391 -64917 -3604 4890 -5731 -4790 -1113 1330 -201 -741 10355 -253 0 -46 -10 -7 1 -2 0 0 -9 0 7 4 0 1 -2 3 0 0 1 0 0 0 0 0 0 0 0 0 0 0 0 0 0 0 0 0 1583838187
-16088162 -15510456 21978019 5018339 -7886669 -7597414 -1819933 -142237 119334 -126325 -43330 -27978 -3995 -65814 -9499 -2014 -6931 -3430 -996 -288 -219 -257 -69 -278 -3 -25 -13 -6 1 0 0 1 -2 0 0 1 0 0 0 0 0 0 0 0 0 0 0 0 0 0 0 0 0 0 0 0 0 0 0 0 1583838187
-16087786 -15492228 21939370 5087726 -6651288 -7566229 -1937849 -142428 120589 -126627 -43447 -30022 -3870 -33218 -10882 -3624 3012 -3263 -1047 -763 -187 -164 1577 -291 -5 -22 -12 11 -1 -1 0 1 -4 0 -2 1 0 0 0 0 0 0 0 0 0 0 1 0 0 0 0 0 0 0 0 0 0 0 0 0 1583838187
-16015670 -15456254 21856943 4991129 -7887707 -7593015 -1819842 -142336 64953 -126253 -43312 -29251 -3995 -65824 -11032 -3618 -7300 -3037 -970 -769 -222 -140 -9 -311 -5 -23 -12 -6 1 0 0 1 0 0 2 -1 0 0 0 0 0 0 0 0 0 0 0 0 0 0 0 0 0 0 0 0 0 0 0 0 1583838187
-16085654 -15474660 21905306 5079302 -7653473 -7572784 -1706791 -142242 120621 -126062 -43173 -30222 -4048 -66060 -10903 -3688 -7579 -3107 -976 -660 -223 -139 -48 -224 -3 -26 -14 -4 1 0 0 1 -2 0 0 1 0 0 0 0 0 0 0 0 0 0 0 0 0 0 0 0 0 0 1 -1 0 0 0 0 1583838187
-16089673 -15494215 21913623 5645997 9614898 -7300641 4920279 -130332 118793 -107076 -33035 -27736 -6919 -54227 -8551 -1783 -3444 -3302 -1137 -715 -192 -148 -1878 -492 -2 -24 -3 -5 1 0 0 1 -2 0 7 -3 0 0 -3 5 1 0 2 -1 0 0 -4 1 -1 5 -1 5 -1 0 0 0 0 0 0 -1 1583838187
-16089454 -15508080 21968066 5125348 -4889486 -7546216 -675450 -140210 120717 -123050 -41563 -28973 -4470 -55479 -10857 -3630 -6378 -3141 -1006 -682 -219 -132 -202 -335 -2 -25 -12 -4 4 -1 0 1 -2 0 0 -2 0 0 0 1 0 0 1 0 0 0 0 0 0 0 0 0 0 0 0 -1 0 0 0 0 1583838187
-16089956 -15506359 21962821 5159021 -4027021 -7532490 237244 -138713 120506 -120513 -40251 -30269 -4947 -90291 -10700 -3626 2425 -3340 -1082 -780 -156 -156 -307 -325 -4 -26 -10 -4 1 0 0 1 -1 0 -3 -3 0 -1 2 1 0 0 -2 0 0 0 0 0 0 0 0 0 0 0 0 0 0 0 0 0 1583838187
-16105594 -15314332 21213214 12324658 195438393 -4149166 80574437 2413 112985 108923 83121 -7917 -38838 347900 4907 11796 54885 -8771 -3276 2755 89 -3362 -13834 -2031 4 34 47 -10 -5 -15 0 -2 9 -1 27 -5 1 12 -13 14 2 0 6 -2 6 -3 -22 4 -3 14 -3 2 -3 0 0 -1 0 3 3 5 1583838187
-16091246 -15485560 21886565 5841025 14845576 -7210844 7887056 -125299 119927 -98667 -28488 -29579 -8151 -41271 -9864 -3170 13324 -3568 -1283 -886 -104 -159 9813 -367 -2 -55 -5 -4 1 0 0 1 -14 0 -2 0 -1 -1 5 5 1 0 1 0 -1 0 -3 -2 1 0 0 0 -2 0 0 0 0 0 0 1 1583838187
-16088361 -15501387 21951976 5171035 -3861756 -7527516 948249 -137604 119106 -118590 -39324 -15042 -5406 -157235 -3920 7075 -9158 -6979 -1234 4111 -175 -3841 -475 -290 -3 25 -14 -17 -3 -14 0 -4 0 0 5 0 0 9 1 2 0 0 0 -1 -1 0 0 0 0 0 -1 0 0 0 0 0 0 0 0 0 1583838187
-16089752 -15508162 21970212 5087730 -6002878 -7565608 -970397 -140760 120568 -123923 -42070 -30287 -4412 -81668 -10840 -3684 -8807 -3108 -980 -653 -219 -134 -147 -299 -2 -26 -12 -4 1 0 0 1 -1 0 3 0 0 0 0 1 0 0 0 0 0 0 0 0 0 0 0 0 0 0 0 0 0 0 0 0 1583838187
-16088354 -15508427 21969972 5095513 -5741925 -7561180 -803379 -140477 119266 -123445 -41807 -28009 -4469 -77749 -9159 -1995 -9067 -3217 -986 -530 -221 -228 -181 -252 -2 -25 -14 -6 1 0 0 1 -2 0 1 1 0 0 0 0 0 0 0 0 0 0 0 0 0 0 0 0 0 0 0 0 0 0 0 0 1583838187
-16089724 -15509036 21973150 5065146 -6615631 -7576051 -1362089 -141421 120587 -125025 -42652 -30263 -4225 -74824 -10873 -3688 -7811 -3115 -981 -661 -219 -137 -121 -270 -3 -26 -13 -4 1 0 0 1 -2 0 0 0 0 0 0 1 0 0 -1 0 0 0 0 0 0 0 0 0 0 0 0 0 0 0 0 0 1583838187
-16082677 -15495689 21945814 5062806 -7068191 -7574626 -1130216 -141169 115880 -124426 -42339 5208 -4282 -80865 17572 15355 -8244 9165 -1439 17821 -155 -8170 -246 -269 -3 -122 -12 -35 -26 -23 0 -10 0 1 0 0 0 18 3 1 -3 -1 0 0 -1 3 0 0 0 0 0 0 0 -1 0 0 0 0 1 0 1583838187
-16089504 -15497730 21940522 5260588 -1461982 -7485688 1699140 -136259 120430 -116381 -38030 -30220 -5588 -93272 -10575 -3580 -8314 -3168 -1034 -673 -203 -121 -735 -38 -3 -22 -19 0 0 0 0 1 -5 0 1 0 0 0 -1 0 0 0 2 2 -1 0 0 1 -1 -2 0 2 0 0 0 0 0 0 0 0 1583838187
-16088513 -15507662 21966907 5125829 -4900972 -7546925 -440811 -139845 119315 -122406 -41236 -28216 -4603 -69288 -10434 -3646 -7415 -2799 -979 -1120 -217 -109 -372 -190 -3 -25 -20 -4 2 1 0 2 -2 0 2 0 0 0 -3 0 0 0 -2 0 3 0 -2 0 0 0 0 1 0 0 0 0 0 0 0 -1 1583838187
-16089243 -15506916 21971135 5024174 -7892950 -7595784 -1819249 -142238 120627 -126331 -43331 -30223 -3997 -65898 -10907 -3687 -3731 -3184 -543 -684 -203 -148 -254 -361 -3 -25 -11 -3 1 0 0 1 -1 0 5 0 0 0 1 3 0 0 0 -1 -1 0 0 0 0 -1 -2 0 2 0 1 2 0 0 0 0 1583838187
-16073141 -15491073 21936243 5057966 -6950318 -7544015 -1443844 -141653 124733 -125288 -42772 712 -4098 -63240 -12769 -3965 362 -3434 -1031 -816 -184 -154 1950 -384 -4 45 -10 12 12 25 0 -38 0 -22 3 -2 0 0 0 1 0 1 0 0 0 0 0 0 0 0 0 0 0 0 0 0 0 0 0 0 1583838187
-16081119 -15501474 21959319 5025591 -7750051 -7576127 -1832282 -142281 122804 -126372 -43351 -14087 -3957 -62299 -11906 -3843 -6364 -3220 -981 -717 -219 -138 307 -321 -3 12 -10 3 7 12 0 -19 -1 -11 3 -1 0 0 0 0 0 0 0 0 0 0 0 0 0 0 0 0 0 0 0 0 0 0 0 0 1583838187
-16083511 -15492275 21918408 5514885 6196984 -7338404 -3107415 -143259 122189 -129286 -44497 -14172 -2602 298216 -11637 -3228 -1750 -2959 -1034 -729 -381 -70 -582 -588 -2 10 -7 2 6 10 0 -15 -1 -9 6 -6 0 0 -4 -1 0 0 -1 0 -1 0 -2 0 0 0 0 0 0 0 0 0 0 0 0 0 1583838187
-16085413 -15503531 21958091 5147897 -4217426 -7524392 -2154256 -142508 121780 -127099 -43635 -20833 -3627 28920 -11425 -3627 -7441 -3071 -979 -676 -271 -117 -104 -363 -2 -4 -11 0 4 6 0 -9 -1 -6 3 -2 0 0 0 0 0 0 0 0 0 0 0 0 0 0 0 0 0 0 0 0 0 0 0 0 1583838187
-16022321 -15428531 21803240 5148949 -4982756 -7391584 -2085017 -142785 137347 -127083 -43654 95218 -3500 8673 -18609 -4811 -7831 -3819 -967 -996 -263 -83 -38 -349 -3 288 -16 70 44 103 0 -159 2 -89 5 -4 0 0 -1 0 0 4 0 0 0 -1 0 0 0 0 0 0 0 0 0 0 0 0 0 0 1583838187
-16088277 -15509119 21972491 5079913 -6132140 -7567090 -1979795 -142363 119160 -126701 -43485 -24393 -3830 -20372 45175 -1089 -7751 37754 1695 -53103 -253 2387 137 -280 9 -54 -9 -19 -8 -14 0 -4 0 1 2 0 0 0 1 0 0 1 0 0 0 1 0 0 0 0 0 0 0 0 0 0 0 0 0 0 1583838187
-16089825 -15503766 21956044 5192008 -3180245 -7517056 556732 -137595 120480 -119592 -39733 -30155 -5045 -75740 -10647 -3577 8460 -3469 466 -785 -129 -164 -604 -287 -6 -27 -9 -5 1 0 0 1 -3 0 -7 -5 0 -1 6 0 0 0 0 1 -1 0 0 0 0 0 0 -1 0 0 0 0 0 0 0 0 1583838187
-16067813 -15488869 21918080 5277315 -961747 -7466361 1038274 -137332 102360 -118189 -38975 -456 -5181 -53882 61774 17268 -7886 35062 1500 -49916 -224 2320 -536 -324 9 -54 -8 -17 -7 -13 0 -3 0 1 5 -2 0 0 -2 0 -1 1 0 0 0 1 -2 0 0 0 0 1 0 0 0 0 0 0 0 1 1583838187
-16088261 -15470695 21868498 5639332 8414524 -7306550 4175998 -131185 120125 -109184 -34073 -29547 -6464 -5533 -10225 -3285 8387 -3450 174 -805 -156 -125 -820 -412 -5 -15 -5 18 -3 -1 0 1 -9 0 -5 6 0 0 0 -1 0 0 0 0 0 0 -5 -1 0 3 0 2 -1 0 1 0 0 0 1 2 1583838187
-16087391 -15510264 21977504 5017685 -7893242 -7597405 -1818553 -142236 118708 -126321 -43329 -27675 -3996 -66014 -9604 -1656 -7717 -3777 -1016 228 -223 147 -25 -307 -3 -31 -12 -5 2 0 0 2 0 0 3 0 0 -1 0 1 0 0 0 0 0 0 0 0 0 0 -1 0 0 0 0 1 0 0 0 0 1583838187
-16086970 -15503876 21962803 5064979 -6726245 -7573340 -1934536 -142361 119223 -126608 -43450 -13469 -3845 -34922 -3595 7994 12452 -7520 -1346 4178 -135 -3637 5043 -524 -5 8 -1 -16 -2 -13 0 -4 0 0 8 -3 0 9 1 -1 0 0 -2 2 0 0 -2 0 0 0 0 0 0 0 0 0 0 0 0 0 1583838187
-16088848 -15502991 21962700 5040026 -7594406 -7588445 -1847744 -142299 120618 -126402 -43358 -30177 -3968 -58052 -10907 -3676 -4811 -3145 -991 -683 -213 -148 1104 -331 -3 -27 -10 -1 0 0 0 1 0 0 3 -1 0 0 0 0 0 0 0 0 0 0 0 0 0 0 0 0 0 0 0 0 0 0 0 0 1583838187
-16088342 -15508409 21969244 5119172 -5007773 -7547842 -2082185 -142437 119210 -126924 -43565 -27710 -3716 8599 -9829 -1991 -7548 -3530 -1008 -31 -261 -166 -67 -350 -2 -26 -11 -6 2 0 0 1 -1 0 3 -2 0 0 -1 0 0 0 0 0 0 0 0 0 0 0 0 0 0 0 0 0 0 0 0 0 1583838187
-16090257 -15503289 21950415 5285598 -473283 -7471948 1098092 -137098 120400 -117984 -38836 -29951 -5219 -44634 -10602 -3521 -8254 -3116 -1029 -667 -229 -114 -708 73 -4 -25 -24 -4 1 0 0 1 -7 0 1 3 0 0 -5 -1 0 0 1 0 0 0 1 0 0 0 1 -1 0 0 -1 1 0 0 0 0 1583838187
-16089018 -15500741 21939829 5390430 2498587 -7420904 1739788 -135870 119010 -116091 -37782 -27494 -5406 -8576 -9027 -1763 6659 -3613 -1165 -533 -172 -232 -1027 -504 -4 -25 -2 -5 1 0 0 1 -6 0 -10 -7 -1 -1 6 0 0 0 -1 0 -1 0 -1 0 0 0 0 0 0 0 0 0 0 0 0 0 1583838187
-16021700 -15453950 21857193 4977481 -7892806 -7532220 -1819291 -142297 109387 -126326 -43347 -7518 -3974 -66152 54824 9090 -5452 36848 1647 -52256 -216 2284 -35 -289 8 -46 -8 -16 -6 -10 0 -2 1 0 4 0 0 1 1 3 0 0 0 -1 -1 1 0 0 0 -1 -2 0 2 0 1 2 0 0 0 0 1583838187
-16083208 -15503316 21959399 5085334 -6184115 -7564617 -598155 -140222 115365 -122896 -41519 -21948 -4563 -86578 -5520 2617 -8753 -4285 -1052 767 -214 -403 -151 -287 -2 -23 -13 -6 1 -1 0 1 -1 0 0 -1 0 0 1 0 0 0 0 0 0 0 0 0 0 0 0 0 0 0 0 0 0 0 0 0 1583838187
-16025256 -15461540 21869100 5000125 -7860737 -7590936 -1826925 -142350 72118 -126289 -43329 -23191 -3976 -64838 -9695 -2199 1209 -3264 -1032 -835 -180 -168 -413 -404 -6 -22 -8 -6 1 0 0 1 0 0 2 -1 0 0 1 0 0 0 1 0 0 0 0 1 0 0 0 0 1 0 0 -1 0 0 0 0 1583838187
-10947177 -11509600 13071194 3696679 -7730942 -6886420 -1857090 -151750 -3716222 -122353 -42757 646825 -2804 -65759 305234 344104 21939 -34237 -2474 32445 9 -10160 -1212 -578 -156 217 -1 0 7 9 0 6 -3 -2 2 4 0 24 2 -1 1 -4 2 0 0 -4 -1 0 0 1 0 -1 0 0 2 -1 0 0 0 0 1583838187
-15744954 -15237033 21365398 5036636 -4531984 -7504933 -2141363 -143086 -138554 -126780 -43578 10750 -3573 22252 -3760 5148 24628 -4553 -1239 -209 -107 -435 -580 -313 -21 -24 -11 -4 2 1 0 1 -7 0 -16 0 -1 -1 5 -6 -1 0 -2 1 -4 0 0 -1 0 0 0 1 0 0 0 0 0 0 0 0 1583838187
-16066885 -15493214 21938957 5032854 -7494748 -7584192 -1702093 -142085 103074 -125977 -43147 -18626 -4023 -62883 -6778 765 -6170 -3426 -995 -412 -216 -232 117 -322 -3 -17 -13 -6 1 0 0 1 -3 0 0 -1 0 0 1 0 0 0 0 0 0 0 0 0 0 0 0 0 0 0 0 0 0 0 0 0 1583838187
-16065499 -15488554 21927874 5079058 -5554992 -7532322 -937518 -140664 120987 -123791 -41964 -26583 -4356 -57018 -11090 -3639 -8477 -3119 -985 -665 -230 -130 -159 -284 -2 -22 -13 -6 1 0 0 1 -2 0 0 0 0 -1 1 0 0 0 -1 0 0 0 0 0 0 0 0 0 0 0 0 0 0 0 0 0 1583838187
-16089738 -15511104 21979392 5022984 -7748523 -7595843 -1832357 -142241 120610 -126354 -43340 -29801 -3984 -62186 -10037 -3429 -7040 -2656 -947 -1258 -222 -201 140 -307 -2 -24 -12 -5 2 1 0 2 -1 0 0 -1 0 -2 0 0 0 0 0 0 0 0 0 0 0 0 0 0 0 0 0 0 0 0 0 0 1583838187
-15743204 -12437460 15749094 9474459 -8099112 -5782953 -1833463 -159116 120717 -131309 -44727 -30291 -3980 -65894 -10889 -3685 -6936 -3132 625 -602 -216 -135 -33 -314 -3 235 -16 526 -107 -14 0 1 -1 0 2 -1 0 0 0 -1 0 0 0 1 0 0 0 0 0 0 0 0 0 0 0 0 0 0 0 0 1583838187
-16067779 -15460673 21832067 5889879 16080504 -7140528 8503590 -124340 123568 -96951 -27556 14813 -8328 -33231 -9710 -603 -5707 -3933 -1194 -310 -201 -138 4489 -467 0 55 -5 17 14 31 0 -47 6 -28 12 2 0 0 4 -2 0 1 -1 2 0 0 -1 0 0 0 0 0 0 0 0 0 0 0 0 0 1583838187
-16087627 -15502865 21950290 5263473 -1025128 -7477425 941271 -137385 120548 -118438 -39082 -26673 -5146 -46971 -10812 -3559 -3310 -3199 -1045 -702 -203 -145 5109 -354 -1 -38 -10 -3 3 3 0 3 -5 0 6 1 0 0 0 1 0 0 0 1 0 0 0 0 0 0 0 0 0 0 0 0 0 0 0 0 1583838187
18290352 13307462 -39104634 -28260314 -5293041 26264831 -2043864 -126690 -318299 -112239 -38631 -291386 -3656 -3822 -48792 35680 28799 -3701 -1115 -2027 -61 -2317 1830 -507 -10 -229 2 0 3 -2 0 3 -2 -4 -14 -5 -1 -1 5 -4 -1 1 -1 0 -2 -3 0 -1 1 1 0 0 0 -1 0 0 0 0 -1 0 1583838187
-16088583 -15505854 21959691 5199521 -2822815 -7511382 -133591 -139206 119173 -121495 -40762 -28092 -4744 -66383 -9390 -2058 -6421 -3406 -1030 -370 -213 -188 -502 -301 -3 -25 -13 -6 1 0 0 1 -5 0 1 0 0 0 -2 2 0 0 0 0 -1 0 0 0 0 0 0 0 0 0 0 0 0 0 0 0 1583838187
-16089733 -15508152 21970333 5085976 -6049824 -7566258 -1128607 -141015 120571 -124347 -42260 -30147 -4282 -58550 -10840 -3649 -8283 -3095 -983 -654 -228 -132 -29 -308 -2 -26 -12 -4 1 0 0 1 -1 0 0 -1 0 -1 1 0 0 0 0 0 0 0 0 0 0 0 0 0 0 0 0 0 0 0 0 0 1583838187
-16084908 -15507973 21972394 5020798 -7867502 -7594885 -1825212 -142260 116751 -126342 -43340 -24050 -3983 -65103 -7154 972 -1618 -4200 -1074 487 -193 -360 -349 -354 -4 -24 -12 -6 1 0 0 1 0 0 1 -1 0 0 0 2 0 0 2 0 2 0 0 1 -1 0 0 0 1 0 1 -2 0 -1 0 0 1583838187
-16089205 -15506475 21970119 5027440 -7815619 -7594221 -1830307 -142269 120624 -126359 -43344 -30206 -3986 -63735 -10898 -3678 282 -3248 -1031 -744 -185 -158 -133 -236 -5 -24 -12 0 0 0 0 1 1 0 3 -1 0 0 1 0 0 0 0 1 -1 0 0 1 -1 0 0 0 0 0 0 0 0 0 0 0 1583838187
-16088157 -15510467 21978040 5018346 -7886020 -7597407 -1820093 -142237 119335 -126326 -43330 -28147 -3995 -65773 -9114 -2140 -7215 -3015 -968 -789 -221 -174 -1 -312 -3 -26 -12 -6 1 0 0 1 0 0 2 -1 0 0 0 0 0 0 0 0 0 0 0 0 0 0 0 0 0 0 0 0 0 0 0 0 1583838187
-16089580 -15509749 21976693 5024029 -7776048 -7595491 -1836701 -142257 120622 -126371 -43350 -30193 -3977 -62426 -10884 -3666 6907 -3370 -1079 -817 -154 -173 -661 -437 -5 -25 -9 -4 1 0 0 1 -2 0 1 3 0 0 0 0 0 0 8 0 -1 0 2 1 0 2 0 -1 0 0 3 -2 0 0 0 0 1583838187
-16079709 -15500329 21952806 5090265 -5956364 -7551609 -256814 -139667 118284 -121952 -41025 -18287 -4730 -98029 -8857 -842 -9838 -3709 -1014 -3 -213 -177 -224 -289 -2 -19 -13 1 6 10 0 6 0 0 3 0 0 0 1 0 0 0 0 0 1 0 0 0 0 0 0 0 0 0 0 0 0 0 0 0 1583838187
-16089358 -15507907 21973110 5023488 -7870699 -7595994 -1824450 -142256 120626 -126343 -43337 -30217 -3993 -65165 -10904 -3684 -2470 -3199 -1011 -715 -198 -151 -218 -350 -4 -25 -10 -2 1 0 0 1 1 0 1 -1 0 0 0 0 0 0 -1 0 2 0 -1 0 0 0 0 0 0 0 0 0 0 0 0 0 1583838187
-16082312 -15504783 21965658 5024645 -7756737 -7586622 -1839704 -142284 118033 -126385 -43361 -20881 -3963 -61897 2550 -5094 7839 13453 -1052 5842 -104 -1236 -362 -473 -4 -179 0 -7 -12 7 0 4 6 0 4 -3 0 0 2 -2 -4 0 0 1 0 1 0 0 0 0 0 0 0 -2 0 0 0 0 0 0 1583838187
-16089432 -15507362 21970648 5053062 -7024314 -7581450 -1904744 -142319 120600 -126529 -43411 -30076 -3903 -42785 -10878 -3634 7052 -3343 -1073 -803 -162 -178 2429 -478 -4 -32 -3 -2 1 0 0 1 0 0 6 -3 0 0 1 -1 0 0 -1 1 0 0 -1 0 0 0 0 0 0 0 0 0 0 0 0 0 1583838187
-16088588 -15509657 21975025 5047321 -7081257 -7583927 -1513044 -141694 119600 -125447 -42857 -27609 -4122 -62948 -8986 -2060 -7888 -2664 -1013 513 -222 -388 -81 -183 -3 -34 -15 -7 0 -1 0 1 -2 0 1 1 0 0 0 0 0 0 0 1 0 0 1 0 0 -1 0 0 0 0 0 0 0 0 0 0 1583838187
-16085159 -15496880 21947346 5096187 -6059305 -7558131 -1999528 -142452 117798 -126777 -43528 2255 -3756 -19378 3338 18791 23188 -11301 -1666 8880 -88 -7335 -1240 -54 -13 74 -15 -27 -7 -27 0 -11 -17 2 -10 7 0 20 0 3 1 -1 -4 1 2 1 7 -3 2 0 -1 2 0 0 0 1 0 0 0 0 1583838187
-16090996 -15486893 21890555 5901352 17044412 -7165000 -4100068 -144021 119871 -131548 -45376 -26343 -1557 582557 -10661 -2621 4628 -2710 -1096 -729 -492 -30 -465 952 -11 -18 -43 0 1 0 0 0 -19 0 2 3 -1 -1 5 -5 -1 0 -2 -1 -3 0 1 0 0 0 0 1 0 0 0 0 0 0 0 0 1583838187
-16086762 -15506941 21965770 5125276 -4866524 -7544224 -2095050 -142456 117962 -126954 -43577 -25884 -3698 12755 -8351 -629 -7988 -3511 -1002 -47 -264 -186 41 -235 -3 -25 -14 -6 2 0 0 1 -2 0 1 1 0 0 0 -1 0 0 0 0 0 0 0 0 0 0 0 0 0 0 0 0 0 0 0 0 1583838187
-15831105 -15309091 21505365 5597827 5063351 -7189753 -3007006 -144400 -75263 -129194 -44609 279672 -2287 268552 240793 229255 845 -2516 -648 -3333 -296 -886 -346 919 -3 -24 -41 -7 0 -4 0 -1 -15 0 1 -1 -1 -1 6 -4 0 0 -3 0 -1 1 0 0 0 0 0 0 0 0 0 0 0 0 0 0 1583838187
-16057493 -15225209 21399997 5434673 -7850947 -7428373 -1837038 -143019 120630 -126832 -43482 -30203 -3977 -63646 -10878 -3662 12363 -3622 8352 -519 -103 -175 -1006 -446 -7 101 -5 252 -50 -7 0 1 0 0 1 3 17 0 2 0 0 0 0 0 3 0 -3 -1 1 -1 0 0 0 0 0 0 0 0 0 0 1583838187
-16070551 -15494517 21943044 5029060 -7873429 -7579721 -1823796 -142334 109044 -126352 -43350 -7660 -3958 -65408 -2283 9723 -1204 -7557 -1278 4641 -188 -619 -333 -360 -5 -17 -11 0 5 6 0 4 -1 0 2 0 0 0 0 0 0 0 0 1 1 0 0 -1 0 0 0 0 0 0 0 0 0 0 0 0 1583838187
-16084848 -15507375 21970987 5025668 -7749277 -7592556 -1832419 -142266 116739 -126356 -43344 -24031 -3976 -62248 -7473 988 -7473 -4338 -1047 870 -223 -350 160 -304 -3 -25 -14 -6 2 0 0 1 0 0 0 -1 0 0 1 0 0 0 0 0 0 0 0 0 0 0 0 0 0 0 0 0 0 0 0 0 1583838187
-16088475 -15507370 21965591 5140340 -4486422 -7539919 -363975 -139693 119234 -122180 -41113 -28044 -4626 -65926 -9351 -2033 -15 -3491 -1059 -442 -181 -232 3695 -336 -3 -36 -8 -6 1 0 0 1 -4 0 -1 -1 0 0 0 2 0 0 0 0 0 0 0 0 0 0 0 0 -1 0 0 0 0 0 0 1 1583838187
-16091419 -15437293 21735832 6930371 44394966 -6696942 18648842 -106303 119022 -67832 -11806 -28244 -12534 90016 -8679 -2449 5490 -3497 -1482 -902 -185 -2 -4183 -933 0 -11 9 18 -3 -1 0 3 18 -1 22 0 -1 -1 6 -4 0 0 -4 4 2 0 -5 1 -1 3 0 0 -1 0 3 0 0 0 0 -1 1583838187
-16088152 -15510422 21977899 5019471 -7854620 -7596852 -1824074 -142241 119327 -126336 -43335 -28073 -3990 -64877 -9504 -2075 -5199 -3407 -1005 -374 -211 -224 -14 -333 -3 -26 -13 -6 1 0 0 1 0 0 2 0 0 0 0 0 0 0 1 0 0 0 1 0 0 0 0 0 0 0 0 0 0 0 0 0 1583838187
-16089602 -15510065 21977472 5020623 -7862781 -7597136 -1826660 -142246 120626 -126346 -43339 -30211 -3989 -64836 -10895 -3677 2059 -3282 -1044 -764 -176 -162 -498 -411 -4 -25 -9 -4 1 0 0 1 0 0 3 -3 0 0 1 3 0 0 0 1 3 0 0 0 0 0 0 1 2 0 -1 0 0 -1 0 0 1583838187
-16088186 -15510598 21978258 5019232 -7854473 -7596955 -1824183 -142240 119339 -126336 -43335 -28089 -3990 -64863 -9616 -2085 -5001 -3488 -1011 -277 -210 -235 55 -341 -3 -26 -10 -6 1 0 0 1 1 0 3 -1 0 0 0 -1 0 0 0 0 0 0 0 0 0 0 0 0 0 0 0 0 0 0 0 0 1583838187
-16083341 -15505854 21967535 5030827 -7604275 -7587500 -1846793 -142283 116723 -126392 -43359 -22499 -3957 -58378 -6311 2149 -4333 -4453 -1071 918 -209 -298 767 -339 -3 -27 -11 -6 2 0 0 1 -1 0 1 -2 0 0 1 0 0 0 0 0 0 0 0 0 0 0 0 0 0 0 0 0 0 0 0 0 1583838187
-16087377 -15499965 21938610 5375134 2033402 -7428099 2048401 -135425 117732 -115263 -37370 -25825 -5606 -35851 -7112 -440 -7971 -3033 -1039 -826 -230 -164 -763 -397 -1 -25 -9 -6 1 0 0 1 1 0 6 -1 0 0 -2 0 0 0 0 0 0 0 -1 1 -1 2 0 0 0 0 0 0 0 0 0 0 1583838187
-16088914 -15495595 21939317 5209492 -3006163 -7509066 258634 -138662 120478 -120416 -40149 -30071 -4881 -57854 -10692 -3579 -5152 -3165 -1026 -686 -209 -138 1908 -353 -2 -27 -8 4 0 0 0 1 -1 0 5 0 0 0 1 0 0 0 0 1 0 0 0 0 0 0 0 0 0 0 0 0 0 0 0 0 1583838187
-16088147 -15510420 21977925 5018812 -7874222 -7597179 -1820972 -142238 119328 -126328 -43331 -28123 -3994 -65477 -9522 -2110 -7216 -3355 -990 -371 -221 -207 -16 -308 -3 -26 -12 -6 1 0 0 1 -1 0 1 0 0 0 0 0 0 0 1 0 0 0 1 0 0 0 0 0 0 0 0 0 0 0 0 0 1583838187
-16089601 -15510000 21977273 5022144 -7820793 -7596392 -1831208 -142250 120624 -126357 -43344 -30205 -3985 -63724 -10894 -3675 2075 -3281 -1044 -764 -177 -162 -374 -383 -4 -26 -10 -4 1 0 0 1 1 0 1 2 0 0 0 -1 0 0 3 0 0 0 0 0 0 0 0 1 0 0 0 0 0 0 0 0 1583838187
-16084952 -15505970 21965096 5092231 -5852000 -7559807 -2022187 -142424 116654 -126803 -43527 -24045 -3767 -11715 -6808 863 25907 -4245 -1246 -312 -85 -284 -276 -389 -10 -27 -5 -5 2 0 0 1 -5 0 -17 1 0 -1 2 -1 0 0 0 0 0 1 6 -4 3 0 0 2 0 0 1 0 0 0 0 0 1583838187
-15804455 -15270715 21464779 4845160 -4970999 -7269980 -651877 -140045 115541 -122862 -41489 -34209 -4491 -57937 -10997 -3271 -8775 -3073 -988 -664 -230 -145 -220 -319 -2 -23 -10 -6 1 0 0 1 -1 0 3 -1 0 0 0 0 0 0 0 0 0 0 0 0 0 0 0 0 0 0 0 0 0 0 0 0 1583838187
-16088276 -15509150 21972843 5068328 -6495013 -7573861 -1219439 -141189 119283 -124614 -42411 -27893 -4252 -63958 -9412 -1949 -8160 -3417 -999 -275 -225 -257 -75 -235 -3 -25 -14 -6 1 0 0 1 -2 0 0 1 0 0 0 -1 0 0 0 0 0 0 0 0 0 0 0 0 0 0 0 0 0 0 0 0 1583838187
-16088940 -15504222 21965664 5028303 -7886571 -7594082 -1820021 -142271 120627 -126337 -43332 -30225 -3998 -65765 -10914 -3692 -7233 -3111 -977 -663 -221 -140 -27 -310 -3 -23 -12 0 0 0 0 1 0 0 2 0 0 0 0 0 0 0 0 0 0 0 1 0 0 0 0 0 0 0 0 0 0 0 0 0 1583838187
-16086651 -15509108 21975043 5020591 -7815405 -7593660 -1830292 -142252 119383 -126353 -43344 -26525 -3980 -63676 -8869 -866 -391 -4003 -1071 229 -188 -154 -65 -397 -4 -28 -7 -5 2 0 0 2 3 0 3 -1 0 -1 0 -1 0 0 0 1 0 0 1 0 0 0 0 0 0 0 0 0 0 0 0 0 1583838187
-15684872 -15181916 21202045 6076282 17360081 -6843430 7981634 -126749 -148937 -98505 -28506 421627 -7404 13514 266827 338761 -7348 -73780 -5252 87378 -146 -2013 -1870 -650 -9 -29 -5 28 22 34 0 17 8 -2 9 -1 -1 -15 5 -3 0 1 -1 2 0 0 -3 1 -1 2 0 1 0 0 0 0 0 0 0 0 1583838187
-16087200 -15504710 21957482 5195658 -2927398 -7510729 -282250 -139456 119194 -121885 -40911 -26352 -4580 -30652 -9533 -2021 -5513 -3413 -1021 -306 -224 -206 6346 -282 -1 -41 -13 -4 2 1 0 2 -6 0 3 1 0 0 0 2 0 0 1 0 0 0 0 0 0 0 0 0 0 0 0 0 0 0 0 0 1583838187
-16088255 -15508931 21972104 5070212 -6466017 -7573740 -629691 -140258 119252 -122990 -41572 -28106 -4569 -91157 -9762 -2002 -9032 -3706 -1019 80 -214 -221 -195 -297 -2 -26 -13 -6 1 0 0 1 0 0 3 0 0 0 0 1 0 0 0 0 0 0 0 0 0 0 0 0 0 0 0 0 0 0 0 0 1583838187
-16086674 -15506286 21963919 5127351 -4868364 -7544918 -849047 -140495 117872 -123526 -41809 -25779 -4371 -46488 -8716 -357 -9283 -4166 -1049 728 -238 -253 -175 -234 -3 -25 -14 -6 1 0 0 1 -3 0 1 0 0 0 -1 -1 0 0 0 0 0 0 0 0 0 0 0 0 0 0 0 0 0 0 0 0 1583838187
-16088146 -15510617 21978320 5018484 -7874193 -7597309 -1820975 -142236 119310 -126327 -43331 -28168 -3994 -65478 -9637 -2130 -7173 -3428 -995 -270 -221 -164 -35 -304 -3 -27 -12 -6 1 0 0 1 -1 0 1 0 0 0 0 0 0 0 2 0 0 0 0 0 0 0 0 -1 0 0 0 0 0 0 0 0 1583838187
-16088422 -15510629 21978538 5017076 -7885913 -7596103 -1820195 -142232 120752 -126326 -43330 -28462 -3995 -65764 -11024 -3709 -7448 -3118 -975 -667 -222 -139 13 -309 -3 -25 -12 -4 2 1 0 2 0 0 2 -1 0 0 0 0 0 0 0 0 0 0 0 0 0 0 0 0 0 0 0 0 0 0 0 0 1583838187
-16081623 -15505017 21965819 5023778 -7854896 -7592169 -1824093 -142277 114180 -126341 -43341 -19832 -3978 -64943 -4914 4141 -4657 -5047 -1105 1644 -207 -597 -75 -330 -3 -21 -11 -6 2 -1 0 1 0 0 2 0 0 0 0 0 0 0 1 0 0 0 0 0 0 0 0 0 0 0 1 -1 0 0 0 0 1583838187
-16085018 -15506842 21967728 5072812 -6386504 -7569326 -1966865 -142374 116709 -126672 -43475 -23943 -3830 -27072 -7411 975 15556 -4646 -1212 507 -125 -376 -1119 1269 -16 -22 -51 -6 2 0 0 0 -20 0 1 7 0 0 1 0 0 0 4 1 0 0 0 1 0 -4 3 1 0 0 2 0 0 0 0 0 1583838187
-15593272 -15139244 21148442 4852967 -7631937 -7555803 -1843603 -142980 -252345 -125905 -43242 -22474 -3951 -59317 -1813 3669 -7329 -1737 -872 -2505 -223 -45 -14 -250 -17 -16 -16 -5 2 0 0 2 -2 0 1 1 0 0 0 0 0 0 0 0 0 0 1 0 0 0 0 0 0 0 0 0 0 0 0 0 1583838187
-16066031 -15492593 21938601 5026324 -7874993 -7574649 -1821024 -142335 107914 -126345 -43349 -2282 -3955 -65681 4182 17590 -6567 -9167 -1342 6900 -212 -548 -89 -314 -4 -23 -13 -4 3 1 0 2 -2 0 1 0 0 -1 0 0 0 0 1 0 0 0 0 0 0 0 0 0 0 0 1 -1 0 0 0 0 1583838187
-16089070 -15510991 21979089 5021908 -7779504 -7595990 -1836805 -142252 120041 -126369 -43351 -28843 -3976 -62735 -10548 -3679 5596 -3029 -1050 -1194 -160 -151 -765 -59 -7 -24 -16 -4 4 -1 0 1 -7 0 -3 12 0 0 -2 0 0 0 0 0 1 0 -1 1 -1 1 0 4 5 0 -4 -1 0 0 0 0 1583838187
-16056872 -15486369 21922121 5072262 -6791348 -7555838 -1921087 -142467 95764 -126575 -43447 8221 -3836 -38455 12889 22941 -5529 -6768 -1187 3794 -220 -217 -116 -3 -5 -25 -21 0 6 3 0 3 -4 0 1 0 0 -1 -1 -2 0 0 0 0 -1 0 0 0 0 0 1 0 0 0 1 0 0 0 0 0 1583838187
-16075480 -15495966 21941655 5131985 -4769590 -7525079 -594435 -140127 117218 -122835 -41452 -12536 -4475 -55832 -7560 726 -558 -3949 -1066 59 -187 -268 6524 -338 -2 -33 -7 5 7 14 0 8 -2 0 6 0 0 1 0 0 0 0 0 0 0 0 0 0 0 0 0 0 0 0 0 0 0 0 0 0 1583838187
-16002156 -14734344 20404966 6146457 -7881221 -7138427 -1832627 -146103 120646 -127608 -43694 -30223 -3982 -64007 -10889 -3674 1998 -3299 342 -709 -174 -156 -527 -358 -5 204 -14 463 -94 -12 0 1 -5 0 0 4 0 0 0 0 0 0 5 0 0 0 0 0 0 1 0 -4 0 0 -2 1 0 0 0 0 1583838187
-16083415 -15506564 21969389 5021201 -7854678 -7592089 -1824196 -142262 116808 -126340 -43339 -22248 -3982 -64915 -6474 2339 -5389 -4732 -1084 1314 -211 -382 75 -338 -3 -24 -10 -6 2 0 0 1 1 0 2 -1 0 0 0 -1 0 0 0 0 0 0 0 0 0 0 0 0 0 0 0 0 0 0 0 0 1583838187
-16089213 -15505003 21965392 5066547 -6728456 -7575081 -1934634 -142357 120590 -126603 -43442 -30026 -3872 -35173 -10863 -3614 12216 -3443 -1119 -872 -141 -179 -973 -57 -9 -23 -18 0 0 0 0 0 -11 0 -5 15 0 0 -4 -2 0 0 -3 0 1 1 5 -2 1 2 -1 -2 0 0 -1 1 0 0 0 0 1583838187
