-15409832 -9461953 9697354 14219767 4002816 -3815021 -3014044 -204060 137998 15521410 -30830 -22065 -1984 237593 -8583 -2475 -10513 -2205 -885 -549 55265 -33 2 -580 0 -16 -18 -1 0 0 0 1 5 0 -1 -3 0 0 -1 -1 0 0 2 -3 0 0 0 0 0 0 0 0 0 0 -1 0 0 0 1 1 1583836345
-16087155 -15482320 21914439 5204817 -3631657 -7509643 -2207716 -142675 120500 -126755 -43692 -29584 -3592 42291 -10885 -3523 -10748 -2967 -987 -638 12113 -107 28 -341 -1 -8 -5 29 -5 -1 0 1 1 0 2 0 0 0 0 0 0 0 1 0 1 0 0 0 0 1 0 0 0 0 0 1 0 0 2 7 1583836345
-14881470 -4780550 213444 20884455 256108 -1109985 -2724383 -215407 127884 -175884 28932633 -14876 -1663 98652 -6093 -1859 -7043 -1568 -536 -328 -210 -43 195 -294 0 -10 7 4 0 0 0 1 6 0 -3 -6 0 0 -5 -3 -1 0 1 -3 0 0 2 0 0 -1 0 0 0 0 0 0 0 0 0 0 1583836345
-16089833 -15502701 21951964 5255621 -1267557 -7481986 -2424942 -142718 120427 -127396 -43877 -29218 -3361 103630 -10864 -3424 -11305 -2889 -975 -617 7609 -94 109 -280 -2 -23 71 -4 1 0 0 1 6 0 -2 -2 0 0 -4 0 0 0 1 -1 1 0 2 0 0 0 0 0 0 0 0 1 0 0 0 0 1583836345
-15473762 -10044668 10896087 13002929 -6858895 -4342685 -2011488 -197437 136602 14000992 -31252 -24345 -3118 -41066 -8899 -2997 -8266 -2653 -1001 -686 93451 -98 93 -502 0 -20 -32 -5 1 0 0 1 -1 0 0 0 0 0 0 -1 0 0 -1 0 0 0 0 -1 0 0 0 0 0 0 0 0 0 0 0 0 1583836345
-16090654 -15501056 21938588 5470977 4994443 -7375815 -2996642 -143140 120237 -129018 -43781 -28235 -2745 267105 -10792 -3148 -4988 -2834 -1010 -656 -380 -74 -359 -185 -3 -22 5 -4 1 0 0 1 -3 0 -2 -4 0 0 -5 0 0 0 -1 1 -1 0 0 -2 1 0 1 0 1 0 0 0 0 0 0 0 1583836345
-14634348 -2523977 -4432443 25682070 44362993 972911 -6817931 -276668 157070 33426483 -18686 -8539 2944 1285552 -5669 53 -18131 -371 -720 -258 89831 247 -533 -1174 8 2 -45 7 0 0 0 1 3 0 -3 2 -1 -1 7 1 0 0 1 -5 2 0 0 0 0 2 -1 4 -3 0 0 1 0 -1 -1 -1 1583836345
-15181611 -7450996 5635876 16803318 -5567135 -2791071 -537172 -185691 120776 -135644 -44986 -30331 -4523 -66109 -10707 -3609 -4153 -3167 -1018 -699 -202 -139 -515 -367 -3 -26 -8 -6 1 0 0 1 -9 0 2 -2 0 0 0 1 0 0 0 1 -1 0 -1 0 0 0 0 0 0 0 0 0 0 0 0 0 1583836345
-16089681 -15508647 21972219 5073075 -6381199 -7571412 -1956734 -142344 120581 -126530 -43452 -29986 -3849 -26509 -10889 -3620 -1819 -3176 -1020 -720 937 -145 -228 -343 -4 -24 -10 -2 1 0 0 1 -10 0 2 0 0 0 0 1 0 0 -2 3 -1 0 -1 -1 1 1 0 0 0 0 0 0 0 0 0 0 1583836345
-16089468 -15503164 21957065 5166696 -3862508 -7525855 -2186334 -142541 120506 -127169 -43658 -29602 -3607 38974 -10884 -3527 -10651 -2947 -957 -615 -292 -111 272 -300 -2 -23 -8 0 0 0 0 1 1 0 0 0 0 -1 1 0 0 0 1 0 0 0 0 0 0 0 0 0 0 0 0 0 0 0 0 0 1583836345
-15409832 -9461953 9697354 14219767 4002816 -3815021 -3014044 -204060 137998 15521410 -30830 -22065 -1984 237593 -8583 -2475 -10513 -2205 -885 -549 55265 -33 2 -580 0 -16 -18 -1 0 0 0 1 5 0 -1 -3 0 0 -1 -1 0 0 2 -3 0 0 0 0 0 0 0 0 0 0 -1 0 0 0 1 1 1583838187
-16087155 -15482320 21914439 5204817 -3631657 -7509643 -2207716 -142675 120500 -126755 -43692 -29584 -3592 42291 -10885 -3523 -10748 -2967 -987 -638 12113 -107 28 -341 -1 -8 -5 29 -5 -1 0 1 1 0 2 0 0 0 0 0 0 0 1 0 1 0 0 0 0 1 0 0 0 0 0 1 0 0 2 7 1583838187
-14881470 -4780550 213444 20884455 256108 -1109985 -2724383 -215407 127884 -175884 28932633 -14876 -1663 98652 -6093 -1859 -7043 -1568 -536 -328 -210 -43 195 -294 0 -10 7 4 0 0 0 1 6 0 -3 -6 0 0 -5 -3 -1 0 1 -3 0 0 2 0 0 -1 0 0 0 0 0 0 0 0 0 0 1583838187
-16089833 -15502701 21951964 5255621 -1267557 -7481986 -2424942 -142718 120427 -127396 -43877 -29218 -3361 103630 -10864 -3424 -11305 -2889 -975 -617 7609 -94 109 -280 -2 -23 71 -4 1 0 0 1 6 0 -2 -2 0 0 -4 0 0 0 1 -1 1 0 2 0 0 0 0 0 0 0 0 1 0 0 0 0 1583838187
-15473762 -10044668 10896087 13002929 -6858895 -4342685 -2011488 -197437 136602 14000992 -31252 -24345 -3118 -41066 -8899 -2997 -8266 -2653 -1001 -686 93451 -98 93 -502 0 -20 -32 -5 1 0 0 1 -1 0 0 0 0 0 0 -1 0 0 -1 0 0 0 0 -1 0 0 0 0 0 0 0 0 0 0 0 0 1583838187
-16090654 -15501056 21938588 5470977 4994443 -7375815 -2996642 -143140 120237 -129018 -43781 -28235 -2745 267105 -10792 -3148 -4988 -2834 -1010 -656 -380 -74 -359 -185 -3 -22 5 -4 1 0 0 1 -3 0 -2 -4 0 0 -5 0 0 0 -1 1 -1 0 0 -2 1 0 1 0 1 0 0 0 0 0 0 0 1583838187
-14634348 -2523977 -4432443 25682070 44362993 972911 -6817931 -276668 157070 33426483 -18686 -8539 2944 1285552 -5669 53 -18131 -371 -720 -258 89831 247 -533 -1174 8 2 -45 7 0 0 0 1 3 0 -3 2 -1 -1 7 1 0 0 1 -5 2 0 0 0 0 2 -1 4 -3 0 0 1 0 -1 -1 -1 1583838187
-15181611 -7450996 5635876 16803318 -5567135 -2791071 -537172 -185691 120776 -135644 -44986 -30331 -4523 -66109 -10707 -3609 -4153 -3167 -1018 -699 -202 -139 -515 -367 -3 -26 -8 -6 1 0 0 1 -9 0 2 -2 0 0 0 1 0 0 0 1 -1 0 -1 0 0 0 0 0 0 0 0 0 0 0 0 0 1583838187
-16089681 -15508647 21972219 5073075 -6381199 -7571412 -1956734 -142344 120581 -126530 -43452 -29986 -3849 -26509 -10889 -3620 -1819 -3176 -1020 -720 937 -145 -228 -343 -4 -24 -10 -2 1 0 0 1 -10 0 2 0 0 0 0 1 0 0 -2 3 -1 0 -1 -1 1 1 0 0 0 0 0 0 0 0 0 0 1583838187
-16089468 -15503164 21957065 5166696 -3862508 -7525855 -2186334 -142541 120506 -127169 -43658 -29602 -3607 38974 -10884 -3527 -10651 -2947 -957 -615 -292 -111 272 -300 -2 -23 -8 0 0 0 0 1 1 0 0 0 0 -1 1 0 0 0 1 0 0 0 0 0 0 0 0 0 0 0 0 0 0 0 0 0 1583838187
