-16090196 -15504832 21955057 5278533 -502906 -7470402 -2493478 -142754 120404 -127816 -43930 -29079 -3278 126687 -10855 -3386 -11469 -2849 -957 -598 844 -91 784 -280 -1 -26 0 -4 1 0 0 1 4 0 -2 0 0 -1 1 -1 0 0 0 0 0 0 0 0 0 0 0 0 0 0 0 0 0 0 0 0 1583838658
-16089441 -15507255 21970220 5057625 -6894948 -7579218 -1909948 -142319 120598 -126211 -43410 -30074 -3903 -40052 -10911 -3655 -9938 -3052 -978 -646 7825 -128 153 -202 -2 -25 -8 -4 1 0 0 1 1 0 0 0 0 0 0 -1 0 0 0 1 0 0 0 0 0 0 0 0 0 0 0 0 0 0 0 0 1583838658
-15482756 -10125804 11061720 12857819 -7421839 -4402807 -1941956 -178723 124384 -150461 14517426 -23070 -3177 -76601 -8525 -2923 -7446 -2419 -748 -500 -169 -111 255 -270 -1 -24 -10 -9 2 0 0 1 0 0 0 -1 0 0 1 -1 0 0 0 0 0 0 0 0 0 0 0 0 0 0 0 0 0 0 0 0 1583838658
-16089634 -15509134 21974223 5050826 -7014571 -7582339 -1900117 -142302 120601 -126400 -43402 -30093 -3914 -43308 -10912 -3660 -9865 -3044 -962 -634 905 -130 140 204 -4 -25 -19 -3 1 0 0 1 6 0 -1 1 0 0 -1 0 0 0 1 5 0 0 3 -1 0 0 -1 0 0 0 0 0 0 0 0 0 1583838658
-16089718 -15509611 21974885 5056611 -6824111 -7579422 -1916825 -142308 120594 -126514 -43453 -30171 -3942 -54957 -10919 -3681 -9693 -3056 -961 -638 935 -132 80 -163 -3 -26 -14 -4 1 0 0 1 0 0 1 0 0 0 -1 1 0 0 0 1 -1 0 0 0 0 0 0 0 -1 0 0 0 0 0 0 0 1583838658
-16089493 -15506282 21966634 5093301 -5887428 -7561715 -2003390 -142392 120567 -126265 -43520 -29992 -3836 -25478 -10910 -3633 -10025 -3037 -979 -645 8469 -124 165 45 -4 -25 -19 -4 1 0 0 1 6 0 -2 1 0 0 -1 0 0 0 0 4 -1 0 0 0 0 0 0 0 0 0 0 0 0 0 0 0 1583838658
-16088953 -15508097 21972558 5040371 -7349742 -7587299 -1868201 -142284 119936 -126441 -43377 -22106 -3934 -52022 -11139 -3833 -9785 -2744 -954 -615 -240 -144 102 -59 -3 -29 -19 -4 4 0 0 1 0 0 1 0 0 0 0 0 0 0 0 2 0 0 1 0 0 0 0 0 0 0 0 0 0 0 0 0 1583838658
-14986859 -5727719 2147043 19220676 -8019772 -1811257 -1912323 -197813 120900 -142304 -47217 -30354 -3891 -52166 -10835 -3652 -9918 -3023 -950 -626 -240 -131 113 -82 -3 -26 -16 -6 2 0 0 1 0 0 1 0 0 0 0 0 0 0 0 2 0 0 1 0 0 0 0 0 0 0 0 0 0 0 0 0 1583838658
529 -418 105 -175 345 -326 289 532 -285 -120 68 -464 128 698 -9 -936 210 -200 369 262 -264 503 356 113 -166 326 386 115 28 257 -157 412 81 120 212 159 -120 339 -568 9 -65 470 -133 161 -119 110 -539 40 -218 58 -33 -27 -365 -156 -302 482 8 -223 -211 -143 -62 186 254 -171 216 -133 53 -312 -57 -213 -211 -86 190 547 -172 -206 243 -488 -16 527 500 -452 -129 476 265 27 874 -53 93 -25 221 -254 -151 169 -437 -83 -154 -424 -27 -125 360 38 172 249 -488 556 -149 102 -28 62 -393 90 -109 -9 -211 -206 -73 -260 0 27 206 17 3 -351 -246 674 80 -228 506 277 -170 -406 -256 -595 -218 304 -84 348 221 423 -425 -499 -48 439 -45 251 -301 -616 -170 -541 -129 -52 -158 -585 -111 -7 -125 -554 69 98 100 -21 347 61 -279 -294 -134 513 -51 -556 529 -1 14 -448 145 52 123 171 285 385 149 130 -583 45 226 89 -444 -184 372 -111 159 169 -183 -86 642 224 -501 158 146 -3 -484 -122 321 -174 226 -141 -247 31 -61 -36 279 -299 136 110 227 -512 48 387 -445 -135 -160 103 -565 -45 -206 -111 445 -300 -152 -416 191 -1 -242 318 -279 242 22 -100 -10 -125 106 -2 198 482 -227 110 -54 -222 175 119 317 -522 203 -72 120 -62 -72 -309 -11 -121 -247 301 697 121 43 438 -140 85 -178 509 -356 -270 348 -44 -238 -251 -72 207 -302 -348 -114 -136 -173 68 -167 -301 180 376 -324 -433 274 88 -235 219 89 -410 210 -110 151 -42 1 -167 499 -363 2 234 -8 -261 345 -59 202 93 -88 57 -130 -398 152 219 490 -69 -374 450 -141 -60 191 -110 266 -213 158 -98 -224 -265 -301 219 -212 280 69 -113 24 -92 209 -420 523 463 376 -76 -840 467 92 -202 -273 61 -274 0 -267 200 532 181 -73 -227 -202 -367 37 -89 -46 -22 -224 157 -20 -199 -141 -185 -140 -471 88 37 -329 -349 -161 224 -27 192 147 -135 32 -194 -290 0 28 -368 -648 -30 -17 45 -51 -559 -78 691 -219 -359 151 176 448 -118 -124 422 18 26 55 197 368 -235 103 -192 243 91 193 -114 -542 -115 392 -34 45 338 1 -219 1583863281
338 -420 -259 151 -115 287 80 218 179 321 -208 -423 363 103 57 336 480 -119 -134 -232 74 -510 316 -74 502 -250 188 -304 64 120 -124 289 -447 445 -568 -600 23 -326 202 298 139 95 182 -33 241 -273 -220 -363 495 -28 -327 -477 -129 262 379 658 -211 -202 545 -92 429 36 -545 -514 -471 70 549 -340 -78 -214 -412 584 -224 -30 43 -227 177 -655 170 -150 -122 386 -45 -39 -212 254 157 -593 -571 -573 452 411 561 72 -236 420 112 -629 291 199 -2 -221 -214 -68 113 -17 -325 -587 -114 313 103 237 -262 -92 196 -332 153 90 -236 54 319 100 -119 -20 -316 -84 -532 -256 362 489 99 486 -218 -86 364 629 411 -845 304 -343 24 131 167 -46 65 -255 -65 -168 71 -88 270 68 -52 -150 54 347 119 -155 125 -445 -159 -26 11 43 -463 113 -444 139 548 206 -70 221 -319 805 71 111 -450 37 31 176 -135 125 734 -166 75 64 672 -233 114 -250 29 315 139 226 -473 -397 174 257 264 264 217 -318 -242 228 -261 12 -308 -462 155 -389 -8 227 -248 -197 18 -115 -168 44 215 -177 -342 94 -46 -132 334 -227 -422 -135 -362 473 83 -145 608 474 -162 -260 53 -173 136 116 -126 -206 191 370 -194 701 -139 -52 -36 108 186 -199 209 116 -188 445 -436 341 406 -163 18 145 356 166 -299 199 -226 95 244 235 87 -74 -34 56 -289 -389 -367 260 210 357 181 398 -143 -173 395 49 46 369 -104 322 278 181 -45 -93 -276 -166 -22 -120 -3 503 460 -176 201 -218 -139 522 102 512 -128 346 299 194 -238 -40 -213 -298 294 -271 0 -573 85 82 168 -91 -452 201 263 -50 -74 123 24 270 -304 92 -98 115 148 416 -347 228 -226 -116 299 150 26 -192 -318 -147 -94 29 -137 112 241 -103 281 238 -57 -568 44 251 142 -51 142 79 230 -125 96 278 353 165 -9 -178 76 -138 -126 362 51 -72 341 66 149 258 -87 -41 111 -47 229 76 -205 -487 196 -98 303 -158 -61 -211 2 494 303 -152 92 -5 -221 177 -405 -223 421 84 67 222 -245 673 62 -223 -38 -354 -109 114 -182 224 -119 15 166 -121 163 360 1583863281
-278 -400 -161 452 34 -188 160 -144 130 1060 301 -7 -59 -343 30 -159 469 45 251 -341 -555 -102 -526 2 -448 -523 -313 194 621 305 -137 -360 -518 -750 175 -107 -619 406 -83 -124 105 -144 353 -60 337 -213 -229 -106 12 -98 562 -246 -150 -54 -828 -43 98 -41 -100 118 -76 -447 -181 -362 -145 -8 258 -49 -472 -451 130 314 -305 95 -135 70 89 -794 284 -559 542 250 228 242 75 71 -28 362 -130 407 434 -28 174 233 396 -674 276 -139 -255 383 253 -366 -28 13 -290 537 -101 379 352 21 85 -83 421 -302 11 -157 239 -223 100 -447 135 338 20 367 225 38 348 -194 234 54 63 112 -276 112 -143 -953 237 -155 -22 -82 393 -449 406 279 -189 151 -16 51 161 522 130 642 319 -205 -252 289 58 -223 -76 -134 -91 137 32 -67 -110 -469 -28 490 484 -452 -7 71 -326 395 646 184 -306 270 -259 98 190 -117 340 381 364 -93 113 83 170 171 -121 -160 323 16 -373 79 67 -210 88 -100 15 -100 -65 -46 -81 -267 40 243 471 366 125 264 -111 -14 186 -547 411 136 22 234 416 264 -433 -458 -93 -277 -181 252 -235 736 501 -114 83 11 -120 107 627 93 219 262 547 -25 -576 419 60 -366 -491 -351 4 -288 102 -75 -106 -85 -473 -129 220 -98 -15 -336 44 -420 191 -178 -131 377 127 73 257 67 218 102 -69 -481 127 -324 149 112 66 -84 -30 -216 103 -320 -156 69 7 -333 65 -267 -259 -421 -118 -64 110 -236 242 44 210 -84 -119 -3 346 -451 82 -229 -459 -600 359 65 -405 -192 214 288 540 224 181 120 44 350 -84 298 -203 -12 -425 316 237 -255 137 -21 -96 -249 27 -121 -278 3 159 -85 -162 -127 -305 199 -144 -84 -180 100 -72 -178 -176 -23 355 -136 342 13 369 -1 -17 -240 35 -86 -322 -449 87 -76 -166 -15 -247 -67 -53 -269 170 -83 -107 -49 341 89 -389 -380 476 -195 -13 348 -122 195 250 -199 -263 177 85 9 129 -264 -83 -65 -274 -61 57 -516 161 -60 -47 387 43 -294 132 13 106 -234 95 -378 291 -217 22 -236 160 198 205 -125 -342 26 355 0 -257 -19 92 101 1583863281
-163 57 -145 -149 -212 -501 -203 331 -199 -274 -82 677 217 445 -1004 443 -479 -587 11 -220 -50 102 -572 -322 -545 631 -495 40 101 184 301 -226 -443 -69 -92 14 207 -279 90 381 -505 203 -231 1154 -136 15 493 -259 96 -192 -26 386 -191 -224 258 -98 -218 -141 -74 486 -291 -732 386 225 41 -97 -12 433 -116 460 70 221 -75 206 678 -10 -736 312 0 378 184 554 517 325 -587 108 324 -138 -32 219 17 155 175 -471 863 -501 -65 -154 -474 -291 297 -264 56 -98 -155 -475 -139 427 -458 445 381 -108 312 48 603 29 -132 226 391 28 251 166 240 -75 -277 388 85 -407 -131 154 171 -157 -37 -244 -92 -81 -193 154 -178 -324 83 -178 -109 -190 501 136 19 -94 -43 68 42 21 -23 -744 193 -194 -4 282 -126 152 205 -452 37 -174 -208 269 419 -553 322 -525 738 309 -361 170 -353 -228 -357 29 -98 -193 589 238 24 214 -123 -259 -42 138 590 -91 -148 -67 -22 -434 115 -226 199 -293 -195 -167 -41 -358 177 -135 276 355 46 -222 37 227 622 -604 57 517 -234 472 -181 330 55 215 -176 -82 200 -89 -383 242 -327 -164 -152 -350 371 -442 -8 212 128 -168 237 560 94 -18 -324 471 -254 -81 -231 -323 112 21 233 -66 75 150 -53 8 128 325 260 -139 -30 -56 182 -214 -270 -112 124 -112 -90 444 -409 -3 914 479 63 29 -250 414 -246 523 -71 89 -253 -11 -137 121 231 -312 106 -643 -426 -142 -91 -252 -406 203 -134 -257 -27 1 -288 467 -238 -3 539 64 121 -256 59 -84 351 24 -49 -588 152 151 -145 59 -11 -80 -23 167 67 -155 -168 378 -460 -79 76 153 188 -244 -314 -450 -145 0 -31 -134 120 -131 -272 -203 280 82 84 -42 203 -354 -308 -51 151 -85 -2 -153 -447 -85 556 -13 115 -426 -156 -154 -168 58 -316 -229 -167 -512 -82 160 -48 231 140 -160 275 350 123 -163 72 -316 177 -89 141 -8 -206 233 101 195 -68 111 -8 82 -295 -27 263 116 -28 -12 -90 -299 8 -239 474 215 -109 29 246 -259 -109 -10 -12 135 156 188 -213 405 -151 -55 255 404 -336 298 -346 98 315 183 123 -18 1583863281
-179 -295 44 18 -572 41 108 -153 -72 -174 103 -176 -114 367 -529 127 -334 -65 406 105 644 -67 -229 108 367 254 -306 -6 -591 -51 -262 -256 248 267 -124 -49 273 140 74 499 -14 304 471 -151 -153 -273 57 213 615 -156 -418 279 -436 368 490 274 -48 118 445 -765 -70 -226 96 -313 649 -305 -402 356 223 322 72 -249 225 -37 -295 -148 455 311 -352 260 -128 -437 -192 -341 258 215 252 433 368 -872 -269 340 136 -282 495 -47 207 413 523 391 68 263 -257 108 300 -255 -223 -308 140 96 -188 -693 366 166 -467 23 -610 340 414 -271 -201 495 -266 -258 715 61 8 -59 -116 -164 -319 84 114 267 -191 -508 315 413 -92 184 -162 -9 -575 310 192 415 98 274 288 -145 -39 102 606 -72 236 296 62 -544 88 -73 151 246 -27 -390 52 223 -95 406 -323 -9 137 62 197 152 247 -41 145 -344 -240 61 219 405 0 105 -171 762 -10 -32 491 155 290 44 -463 -106 360 -116 -48 -552 -181 -362 -113 -251 173 -495 -306 622 -157 639 47 -233 137 89 -313 96 126 -98 31 -253 -37 -211 40 273 371 119 279 450 -601 402 90 203 297 336 108 356 -270 178 -4 387 -397 417 191 425 40 57 129 237 -393 -116 -220 -126 -197 -410 -3 -38 -85 -99 -91 456 477 -149 -224 -493 -120 166 297 -221 -78 -639 -78 214 -179 391 65 62 135 275 116 -301 177 198 -251 484 -327 239 116 314 359 18 153 -419 -203 -433 -108 78 181 229 376 145 106 -146 -18 -371 344 -408 324 -391 56 75 393 -135 -13 115 60 215 -244 90 -404 -212 -119 89 -262 302 163 -261 -45 -602 -171 68 246 -42 99 -279 -60 -225 -155 -386 -91 -594 -106 56 360 -125 430 55 276 131 113 -74 -24 61 413 -105 141 411 448 -64 33 -150 74 -154 302 -76 -30 96 -80 77 -271 179 147 -123 -352 27 220 37 -69 -510 -293 -231 -172 289 28 -358 319 5 -470 -134 64 363 496 44 -173 -364 -333 356 -149 -207 209 -326 47 187 -181 -392 -173 150 -209 -105 -70 181 37 51 -416 -187 206 -331 8 36 39 -163 122 369 106 -320 31 -109 54 -318 1583863281
-134 274 264 69 -1 -164 285 -130 78 -383 234 -429 7 513 75 27 528 -104 291 -607 -30 -267 -47 -208 -108 475 433 -243 -375 -205 -443 -518 -155 -304 -400 -235 -291 112 -335 -104 -245 -222 -110 349 40 356 -31 284 -77 -220 -60 332 -192 -522 -92 61 140 -850 143 2 133 -289 181 72 548 -245 59 32 -181 -171 469 172 81 -59 243 -513 -189 -137 499 624 403 -669 152 757 -53 -614 255 -319 55 41 188 -21 192 -281 -34 -131 22 -23 444 7 18 364 504 -670 338 -520 217 -811 313 -142 -283 107 24 -294 -124 420 -210 126 -147 -30 -646 -650 -39 291 -74 -309 664 413 156 -24 -427 -38 -142 -247 -90 175 -333 -344 216 107 -9 -409 -81 194 -250 -453 281 468 141 220 -145 218 610 -117 6 -33 287 -97 -383 88 -433 -31 -83 -290 -27 276 -557 413 442 -278 -202 -135 -59 275 645 235 278 140 216 710 46 0 -299 -202 333 30 81 -297 -31 204 100 79 -292 -156 414 -239 -135 -277 23 -153 220 -111 -151 186 -126 -136 110 -102 277 395 103 157 -16 152 -305 40 -533 553 -212 42 -107 331 0 -285 646 -216 162 67 256 4 -29 -475 -100 -510 -262 73 115 4 -95 251 74 -70 89 -158 -269 -323 528 -339 -138 205 -75 116 71 418 68 -246 -304 -680 98 127 -144 -242 269 145 14 -249 -515 -34 -29 -177 107 111 333 -429 432 105 -405 -320 613 145 -335 485 269 416 62 376 288 -202 -262 -180 512 -73 279 -466 61 -257 -104 -377 -386 -90 476 -226 135 206 224 -494 -354 -414 305 -106 -109 280 -618 182 -45 48 -121 85 -257 58 157 610 -92 -11 -355 -230 -153 45 -194 120 27 68 -144 148 82 190 -393 -51 -46 109 -194 -364 115 137 -29 -624 -5 -92 -63 -110 433 -26 87 36 49 -202 -99 50 -170 4 92 149 -286 -112 -79 298 -42 105 -160 -179 304 -191 208 99 -398 229 169 166 106 178 -76 307 98 -43 374 -426 240 -238 180 -409 196 -349 365 75 -179 -65 -11 111 182 267 397 73 23 90 209 313 63 38 -146 239 -329 -101 -86 336 -90 -223 -123 -122 76 564 -134 -112 -113 193 -243 9 1583863281
34 39 -293 450 -306 280 -16 -515 -661 77 -40 -257 -118 -275 268 146 60 108 319 -234 -281 40 136 75 113 131 380 346 -165 157 342 526 -547 -451 477 -420 390 30 -165 -150 -469 -94 -405 -61 -159 39 -469 -378 474 -110 45 242 104 -162 -18 961 -516 112 -264 685 -122 -237 -155 176 209 421 -158 191 58 757 -442 -159 -190 117 69 -154 -87 -27 69 -295 -228 217 -179 -338 -158 579 72 44 374 79 534 -150 -68 1 -156 304 89 -11 81 22 133 -115 156 -35 21 89 -387 110 -287 232 -53 -132 179 157 512 -21 258 -169 -440 78 371 -206 -78 -326 38 -524 -424 -162 -759 -388 -5 -229 169 -38 -468 412 -375 -114 -188 430 -211 -4 -72 549 815 51 -259 242 464 360 575 73 358 -97 162 651 848 -110 323 185 -79 141 -256 -19 208 -493 -333 -125 168 -232 47 -871 454 193 -267 -393 -117 111 -205 -837 323 182 -521 133 336 19 -454 -1005 159 154 -177 99 380 -162 -282 78 -64 371 369 -332 254 -33 -604 -130 288 137 116 54 111 179 236 -115 -235 -176 -13 299 275 -115 265 280 -713 -157 195 47 -319 -386 234 187 -216 -297 -204 -300 -116 516 496 155 299 -640 182 18 335 -118 -345 187 -200 -140 -234 10 114 -284 367 61 -76 416 -248 231 420 -360 3 -446 112 285 -28 84 -216 57 -166 47 -409 96 -328 -7 151 103 183 -69 -320 229 59 225 397 504 -168 -39 105 155 189 -16 353 -518 -52 72 294 111 -174 310 -85 225 -50 400 -187 489 237 119 51 1 -53 301 210 -280 -190 -148 -147 15 -123 227 -247 68 232 -234 147 272 -144 300 -624 -60 256 9 161 -62 243 4 229 198 -33 186 -406 245 49 596 -139 294 293 290 35 -37 -168 728 0 -214 448 137 296 -113 32 138 -31 43 81 -134 -337 49 19 -187 -218 -117 220 -233 0 -77 10 -68 212 212 218 213 -3 137 -501 182 -27 74 449 58 67 144 126 22 175 205 398 220 -289 343 -8 -187 -86 -327 143 123 -304 240 199 -87 -152 242 -169 -662 -4 153 429 -163 -555 -113 -467 128 16 -8 39 -108 114 -75 -339 -97 -91 -2 1583863281
486 -72 362 -407 122 -49 -401 -409 -16 338 -470 376 456 431 251 23 22 166 82 63 -54 -169 -15 216 396 312 244 -23 -222 1204 -195 -101 -264 458 -356 140 -381 -300 -65 85 284 14 -586 -249 -151 -312 -17 281 181 -757 -374 -826 -63 115 329 72 -363 483 396 -99 253 20 -110 -22 595 -334 271 38 294 466 -482 550 -401 86 392 -126 -86 63 38 273 -348 -206 -206 -668 -235 -849 195 259 -135 -83 -4 223 91 160 176 -212 -495 -6 -78 -242 94 -390 -151 384 -100 127 -146 -93 -107 -37 -181 126 -122 -290 -299 -199 463 401 545 -350 269 331 198 80 -154 -359 210 -289 -448 636 -173 -221 -467 -492 293 23 -47 -194 -288 -4 120 475 -146 267 -11 180 564 155 -94 244 313 286 19 -387 526 -524 45 122 382 -215 537 272 -299 -177 107 45 261 -131 -17 121 -1067 -68 116 -120 -89 288 -306 -46 -127 -476 -447 -148 -261 -229 231 500 -120 16 234 -83 8 -60 99 48 -312 238 145 159 19 -540 -423 -190 365 -424 -298 115 -231 -674 -93 -373 35 -224 86 27 509 -510 -44 110 -129 -108 -341 -301 -339 0 439 -244 163 -260 -10 -55 39 162 239 271 406 -125 -65 282 -60 -274 138 -502 -16 -49 302 -76 -257 -244 -219 -170 -52 -114 694 110 -67 679 -401 -157 590 353 141 -290 267 -132 -64 -552 249 -114 15 -188 -69 291 -52 -356 39 89 -5 -121 211 -308 -297 101 -201 -258 155 199 -523 217 -94 121 -211 82 233 -161 -241 -28 258 6 -107 156 241 117 -650 78 16 172 218 226 39 220 106 72 520 154 349 -107 -5 47 417 0 -184 226 -236 383 275 162 163 43 -376 -128 -205 218 -172 234 -125 -108 -350 -294 201 68 -141 -221 -181 -268 244 231 -564 -153 -297 218 30 -445 -45 -213 -240 -198 221 -136 -33 35 264 310 -41 -389 -242 -357 -294 504 174 71 247 -11 -288 -29 258 -20 100 -132 -116 -23 -341 149 216 -147 -196 -30 -596 -493 -12 -470 -3 472 100 109 207 126 -228 427 268 -90 52 132 -68 43 53 -214 159 -1 235 -311 -112 -220 -313 -14 186 -90 -28 -64 125 -39 -126 -250 386 253 -84 45 1583863281
