-278560 -2188262 -6247987 -10222385 -6567437 8067427 -1221411 -134253 -37863 -118126 -40297 32370 -3917 -68933 30218 -35552 -9444 -6082 -901 -1520 -220 -706 2185 -262 -3 -135 -10 -2 1 1 0 0 -1 3 2 0 0 0 0 0 0 0 0 0 0 2 0 0 0 0 0 0 0 0 0 0 0 0 0 0 1583836345
-6159631 -7132510 4195261 -4182246 -7749332 1876837 -1833334 -139206 -309877 -122207 -42063 133637 -3544 -65009 -35598 5193 1465 -2178 -953 -1495 -171 -788 -305 -364 -20 334 -10 -9 6 4 0 -3 11 8 2 -3 0 -1 1 -3 1 -4 -3 0 0 0 0 0 -2 0 0 0 0 0 0 0 0 0 0 0 1583836345
-15960248 -15391751 21727424 4924124 -7599039 -7453164 -1864996 -142306 120789 -126421 -43383 -9616 -3911 -57378 -9789 -4587 20208 80 -1149 50 -81 -405 -787 -339 -9 -3 -5 0 9 -1 0 2 16 -1 0 6 0 -1 0 -6 -1 0 1 -3 2 0 -4 0 0 -1 0 -1 0 0 3 -1 0 0 0 0 1583836345
-12118283 -12187836 14933882 1172058 -7669608 -3706348 -1668086 -140154 58917 -124185 -42522 -84877 -4103 -68723 -12278 213 -7687 -2036 -962 -347 -218 -439 -67 -298 -3 25 -12 -8 1 -1 0 2 0 -1 0 -1 0 0 0 1 0 0 0 0 0 -1 0 0 0 0 0 0 0 0 0 0 0 0 0 0 1583836345
-15904829 -13868126 18646595 7454514 -6739842 -6601948 -1191013 4109205 111839 -119932 -41392 -29597 -4186 -68154 -10624 -3588 -717 -3233 2786 -571 -173 -152 1532 -377 -3 -30 -5 -5 1 0 0 1 6 0 5 0 -1 0 0 1 0 0 0 -1 0 0 0 0 0 0 0 0 0 0 0 0 0 0 0 0 1583836345
-16020947 -15442993 21832612 5057281 -5188581 -7461895 -1351829 -141313 129559 -124933 -42548 -1426 -4068 -29485 -12004 -4071 -2018 -2430 -1015 -538 -210 -189 1480 -299 -3 20 -13 -8 0 0 0 1 0 0 -3 -2 0 -1 2 0 0 0 0 0 0 0 0 0 0 0 0 0 0 0 0 0 0 0 0 0 1583836345
-15918660 -15347226 21615651 5252710 3138138 -7221089 2116466 -135179 129122 -114994 -37224 -5916 -5566 -20488 -10539 -4315 -7602 -1815 -1046 -308 -232 -181 -894 -179 -2 9 -16 -5 1 3 0 -4 -3 -3 -5 0 0 0 -1 0 0 0 0 0 3 0 -2 6 7 3 0 5 0 0 -2 1 0 0 0 0 1583836345
-15831427 -15282625 21451010 5558104 11815289 -7126353 5201268 -129884 19334 -105998 -32380 -18096 -6807 28693 -10710 -3168 -1656 -2369 -1134 -628 -219 -160 5323 -377 -4 -28 -11 -7 0 0 0 1 5 0 -7 -2 0 -1 4 3 0 0 4 -2 0 0 1 0 0 0 0 1 0 0 1 0 0 0 0 0 1583836345
-16082159 -15442724 21839652 5141577 -7214049 -7546684 -1260140 34584 120244 -124565 -42461 -30245 -4264 -77518 -10859 -3686 -8202 -3121 -269 -629 -217 -137 -80 -299 -2 -27 -12 -6 1 0 0 1 0 0 3 0 0 0 0 0 0 0 0 0 0 0 1 0 0 0 0 0 0 0 0 0 0 0 0 0 1583836345
-16088422 -15486009 21887657 5831108 14669045 -7210349 7216324 -126370 119061 -100509 -29425 -23977 -7772 -3507 -8417 -3190 -9786 -1750 -1030 -2454 -240 4 5324 -397 1 -24 -15 -1 7 0 0 2 8 0 10 4 0 0 2 -3 6 1 0 0 0 0 0 0 0 0 0 0 0 0 0 0 0 0 0 0 1583836345
-16043915 -15461110 21867502 5138786 -3340156 -7460047 146777 -138796 129199 -120726 -40326 -11181 -4805 -59945 -10482 -4325 -8308 -873 -982 215 -216 -284 6899 -182 0 -59 -16 -8 0 0 0 1 -4 0 2 5 0 0 -2 0 0 0 0 0 0 0 0 0 0 0 0 0 0 0 0 0 0 0 0 0 1583836345
-16089448 -15508737 21974826 5021519 -7893396 -7596867 -1818565 -140689 120624 -126323 -43328 -30227 -4000 -65998 -10917 -3694 -8023 -3138 1585 -558 -219 -136 -13 -298 -2 -26 -11 -6 1 0 0 1 0 0 3 0 0 0 0 1 0 0 0 0 0 0 0 0 0 0 -1 0 0 0 0 1 0 0 0 0 1583836345
-14872109 -14413455 19669100 3850530 -7882586 -6306757 -1818852 -141779 172676 -125966 -43226 43696 -3855 -66439 -14554 -4100 -8112 1669 -948 1076 -211 -499 -21 -290 -1 179 -17 -16 -3 -1 0 2 0 -2 2 0 0 -1 0 1 0 0 0 0 0 0 0 0 0 0 -1 0 1 0 0 1 0 0 0 0 1583836345
-16039519 -15461870 21876955 4973655 -7886094 -7531926 -1819908 -142233 129144 -126332 -43337 -9690 -3963 -65905 -11605 -4105 -7527 -2184 -971 -311 -220 -200 10 -306 -2 -25 -12 -7 0 0 0 1 0 0 2 -1 0 0 0 0 0 0 0 0 0 0 0 0 0 0 0 0 0 0 0 0 0 0 0 0 1583836345
186621691 158086625 -345394967 -191043492 -5558627 191827682 -1900336 -53044 -1555089 -43532 -16120 594591 308 -56560 -149096 63535 29975 -8787 -341 -8429 72 -2392 -1564 -629 -2 99 5 13 9 20 -1 -3 47 41 6 -12 0 1 5 -2 -4 10 -2 0 10 -5 0 0 -7 0 0 1 1 -8 -2 0 0 -5 8 -2 1583836345
305015597 252560165 -546472846 -305929392 -4355895 306637134 -1857597 3635 -5371278 12512 3811 -4473000 -6545 -25468 127313 150911 -4428 48871 435 3905 33 -2224 -564 -47 -58 1862 -15 24 88 15 0 18 -1 22 1 -1 0 4 0 0 0 2 0 0 0 -12 2 -1 -1 0 0 0 0 3 0 0 0 0 2 -1 1583836345
25853044 19570971 -52402889 -35540143 -5554182 33522190 -2127569 -123532 -552918 -109078 -37603 -529001 -3861 -4238 66699 -21489 182999 -795 -2337 3016 727 15146 -3338 -1802 -45 -101 95 2 2 -5 -3 6 154 4 7 13 0 0 5 -47 -13 9 8 -11 7 -1 -5 3 0 0 0 -7 -4 0 4 5 -1 1 0 -1 1583836345
54037316 43569953 -103175348 -62837985 -6649483 62029112 -1940887 -111261 -428245 -97927 -34054 198931 -2395 -50339 29974 -43819 87195 -10089 -1345 -4777 281 -3777 -4518 3388 -42 211 -87 4 13 11 -1 -1 17 24 -10 45 0 0 -2 1 -5 19 18 -28 -27 0 20 3 0 -1 0 7 -7 -5 -5 2 -1 0 0 0 1583836345
317361935 263438131 -569435006 -317850147 -2321027 319071293 -487368 11357 -5227827 20959 7308 -4197407 -6536 -50248 126107 173192 2834 50944 -835 36863 152 87291 -754 12 -41 119 15 14 38 -34 0 -4 3 33 -7 0 0 19 3 11 -12 9 -2 -3 -2 0 0 -9 -10 0 -1 0 -1 -6 0 -1 0 2 -3 0 1583836345
16105284 11386691 -35065011 -26009141 -2461143 23955221 2404286 -120439 -431877 -100501 -32330 -504315 -6333 -151389 -26601 39967 -3985 -1296 -1126 2864 -130 16063 -1119 232 -8 -277 -22 4 7 -4 0 -1 -2 8 -4 0 0 2 4 9 3 -3 -2 -1 -2 0 0 3 -1 -3 -1 1 -3 -1 -1 -1 0 1 0 0 1583836345
15845723 13751224 -39711284 -25296174 3720829 23097194 -2505689 -129309 -78445 -115110 -39677 286368 -1968 212345 -51750 11126 142794 2549 -1743 -1176 427 -2839 37224 -1393 -20 478 61 -13 0 10 0 2 68 10 -1 -23 0 -1 6 -20 -2 0 0 -2 0 -5 0 0 -2 3 0 -1 -1 -1 -1 2 0 0 0 0 1583836345
34221816 26541141 -67189183 -43639644 -5447398 41658483 -246689 -116741 -727907 -100167 -33622 -702727 -5115 -93293 -26950 60733 -6908 4458 -1090 7488 -153 12234 -462 -240 -9 12 -9 -6 8 -14 0 -3 0 15 0 0 0 8 3 2 4 -3 1 -2 -1 -2 0 0 0 0 0 0 0 0 0 0 0 0 0 0 1583836345
-16020460 -15443240 21823233 5225798 -312363 -7397439 820770 -137501 120464 -118720 -39222 -26952 -5051 -29660 -10264 -3673 9943 -2416 -1134 -451 -143 -243 6303 -41 -5 -40 -17 -6 0 0 0 1 1 0 -4 6 0 0 -4 0 0 0 0 0 5 0 0 -1 0 0 0 1 -3 0 0 2 0 0 0 -1 1583836345
-2723018 -4259331 -2003360 -5277816 65720102 6745764 27052274 -85376 -105759 -38015 3110 -176410 -16071 162416 -7467 14449 -11327 337 -1606 3618 -261 17408 -1175 -589 5 -157 3 -2 0 -4 0 0 32 8 -8 -10 -1 0 5 -13 -5 -1 0 -4 -4 0 -3 1 -2 0 0 -1 0 -1 -1 0 0 0 0 0 1583836345
-15895306 -15311607 21503951 5948501 22886004 -6866477 12653027 -117150 122312 -85147 -21307 -6810 -10274 -84528 -11096 -3041 4991 -3591 -1321 -940 -112 -106 3544 174 -4 100 -27 -10 1 -1 0 2 2 -1 -19 4 0 -1 4 11 2 0 -1 -2 8 2 5 0 0 -1 0 -1 0 0 2 -3 0 1 0 0 1583836345
5096954 2333795 -15847748 -15029114 5180330 13629416 2702103 -124745 -63118 -104614 -33418 10261 -5401 -697 -47964 20495 17279 -3882 -1109 -2253 -109 -1444 10940 -40 -5 106 -17 -7 3 0 0 0 4 2 2 10 0 0 -3 -7 0 -1 0 1 -1 -1 2 0 0 -1 0 3 0 0 0 0 0 0 0 0 1583836345
-15519189 -14848501 20315559 10036828 147391200 -4339695 57568875 -37136 136945 43827 48395 29117 -28493 469684 -5547 -1117 -13256 715 -2099 381 -354 97 -3300 -962 14 64 3 -7 -2 0 0 7 97 -5 10 23 -6 -6 37 -27 -4 0 -1 0 10 -1 -12 5 -5 10 -1 14 -2 1 -2 6 0 0 0 0 1583836345
-16093709 -15413969 21602214 8618351 92668624 -5886503 35264114 -76446 117756 -20077 13959 -25079 -19308 290331 -6807 -1288 43645 -4125 -2026 -1256 -45 -31 21307 98 -2 -88 -14 -4 0 0 1 1 7 -1 -2 28 5 5 -36 16 2 2 12 -8 43 -3 -33 5 -4 28 -8 41 -3 2 -9 14 0 0 0 -1 1583836345
10704010 14243200 -40081889 -20703970 -7589365 15047158 -1855393 -132035 60920 -116415 -40314 747644 -2247 -69219 111098 -113085 25556 -270 -1239 6761 2 25876 -1861 -752 -10 980 1 -35 0 -8 0 0 29 0 24 0 0 5 8 32 3 23 -8 -21 -12 0 -3 7 -3 -10 -26 -2 19 -4 16 21 0 0 0 0 1583836345
-16089536 -15511221 21979813 5018060 -7886152 -7598145 -1819886 -142231 120436 -126325 -43329 -29219 -3997 -65786 -10777 -3702 -7954 -2950 -962 -842 -225 -130 38 -302 -2 -25 -12 -4 3 0 0 1 0 0 2 -1 0 0 0 -1 1 0 0 0 0 0 0 0 0 0 0 0 0 0 0 0 0 0 0 0 1583836345
20856466 4783290 -22485283 -30048218 -7523841 35874607 -1798015 -127228 -344973 -111230 -38315 -32119 -3431 -62781 15077 14434 -5814 4261 -1352 15287 -149 49624 161 -290 -5 841 -18 -36 7 -29 0 -7 5 -5 1 -1 0 15 2 -3 4 0 0 0 0 3 0 -1 -2 0 0 0 0 3 0 0 0 0 1 0 1583836345
188564 -2023513 -6631268 -10735392 -7599897 8493548 -1838295 -134906 -110975 -119442 -41017 -175530 -3971 -60920 -12579 5811 5291 1667 -996 607 -142 -1406 -572 -417 -6 13 -3 0 9 -2 0 2 0 -1 1 3 0 0 0 0 0 2 8 0 -1 0 5 0 1 0 0 0 0 0 1 0 0 -1 1 0 1583836345
-5508593 -6465512 2836385 -4977731 -5557594 3167856 -936756 -136706 129418 -119924 -40786 317824 -3613 -61772 -29717 10517 -8127 857 -1170 6997 -196 35280 -147 -269 1 46 -13 0 14 -8 0 -9 -2 4 0 0 0 6 -1 -1 9 -3 0 0 0 0 0 2 2 0 0 -1 0 1 -1 0 0 0 0 0 1583836345
93381056 76179196 -172421928 -100379818 5095124 100019108 2124423 -86288 -1585423 -68271 -21429 -1146647 -5786 9614 192651 -57716 3895 13408 -1213 17350 -59 47780 -1425 147 -20 345 -12 -14 7 -18 0 -3 -14 13 -6 4 0 10 -3 4 -3 15 -3 3 1 10 -1 -4 -6 0 -1 1 -2 0 1 0 0 0 -3 0 1583836345
66860098 53826287 -125038021 -75361315 -6962950 73512270 -1830602 -104344 -1280591 -90387 -31087 -1279393 -4823 -54512 -14949 68594 -7036 579 -835 1460 -182 6178 -39 -248 -13 -224 -2 14 20 -3 0 2 0 9 2 -1 0 0 0 0 -2 0 0 0 0 0 0 0 -1 0 0 0 0 4 0 0 0 0 1 0 1583836345
41282889 32540725 -79880098 -50587772 -7248040 48727331 -1827713 -116123 -703268 -101812 -35051 -616367 -4093 -59690 -43390 50803 -6874 10692 -757 2879 -164 -4374 -174 -248 -8 289 -14 -11 4 0 0 3 -1 5 1 0 0 -1 0 0 -1 2 1 0 0 -6 2 -2 -1 0 0 0 0 -1 0 0 0 0 0 0 1583836345
-9549444 -10008013 10320956 -1322109 -7815728 -1118726 -1820894 -139286 64307 -123621 -42434 -26282 -3887 -65541 -20182 2381 -6096 -3409 -960 -956 -213 -526 -117 -316 -2 -66 -12 -3 2 1 0 0 -1 6 2 -1 0 0 0 1 0 0 0 0 1 -1 0 1 0 0 0 0 0 0 1 -1 0 0 0 0 1583836345
-15037161 -14630095 20111590 4006502 -7607054 -6560011 -1862402 -141795 105665 -125986 -43230 -40213 -3945 -57379 -12224 -2139 30734 -3685 -1247 -1065 -39 -300 -1496 -753 -10 -28 7 -1 5 0 0 0 -1 1 2 3 0 -1 2 -5 -1 0 7 1 -6 0 2 -1 0 3 0 0 0 0 0 0 0 -1 0 0 1583836345
-15026610 -14621721 20094147 3988662 -7840711 -6553092 -1830275 -141760 105515 -125900 -43191 -39137 -3983 -64351 -12305 -2223 5839 -3213 -1067 -788 -157 -244 -668 -365 -6 -24 -13 -3 3 1 0 0 0 6 1 3 0 0 0 0 0 -1 4 -1 -2 0 0 1 0 2 0 -2 0 0 0 0 0 0 0 0 1583836345
-16062576 -15485230 21925369 4997328 -7750881 -7561392 -1860265 -142279 124795 -126440 -43391 -20598 -3929 -60689 -11184 -3765 47394 -3781 -1372 -1139 44 -287 -2931 -318 -16 -21 -4 -3 2 1 0 0 -7 4 -1 22 0 0 -1 5 0 0 19 -7 -8 0 0 7 -2 6 -1 -3 1 0 6 -9 0 0 0 0 1583836345
-12042002 -12132194 14813825 1105808 -7350962 -3636545 -1866306 -140390 50806 -124665 -42768 -95561 -3995 -52362 -14840 2429 -3700 -2711 -991 -654 -209 -422 -148 -269 -4 -39 -10 -3 3 1 0 0 -4 5 0 2 0 -1 0 -2 0 -1 -1 0 -1 0 0 0 1 0 0 0 0 0 0 0 0 0 0 0 1583836345
-12042103 -12131096 14809354 1155079 -5948723 -3612327 -2007525 -140509 50760 -124999 -42908 -95306 -3840 -15677 -14561 2396 25766 -3199 -1207 -963 -81 -483 -1687 478 -15 -36 -25 -2 4 1 0 -1 -22 6 -5 19 0 0 -3 -1 0 -1 -1 4 0 1 5 1 0 0 0 2 1 0 0 0 0 0 0 0 1583836345
-278560 -2188262 -6247987 -10222385 -6567437 8067427 -1221411 -134253 -37863 -118126 -40297 32370 -3917 -68933 30218 -35552 -9444 -6082 -901 -1520 -220 -706 2185 -262 -3 -135 -10 -2 1 1 0 0 -1 3 2 0 0 0 0 0 0 0 0 0 0 2 0 0 0 0 0 0 0 0 0 0 0 0 0 0 1583838187
-6159631 -7132510 4195261 -4182246 -7749332 1876837 -1833334 -139206 -309877 -122207 -42063 133637 -3544 -65009 -35598 5193 1465 -2178 -953 -1495 -171 -788 -305 -364 -20 334 -10 -9 6 4 0 -3 11 8 2 -3 0 -1 1 -3 1 -4 -3 0 0 0 0 0 -2 0 0 0 0 0 0 0 0 0 0 0 1583838187
-15960248 -15391751 21727424 4924124 -7599039 -7453164 -1864996 -142306 120789 -126421 -43383 -9616 -3911 -57378 -9789 -4587 20208 80 -1149 50 -81 -405 -787 -339 -9 -3 -5 0 9 -1 0 2 16 -1 0 6 0 -1 0 -6 -1 0 1 -3 2 0 -4 0 0 -1 0 -1 0 0 3 -1 0 0 0 0 1583838187
-12118283 -12187836 14933882 1172058 -7669608 -3706348 -1668086 -140154 58917 -124185 -42522 -84877 -4103 -68723 -12278 213 -7687 -2036 -962 -347 -218 -439 -67 -298 -3 25 -12 -8 1 -1 0 2 0 -1 0 -1 0 0 0 1 0 0 0 0 0 -1 0 0 0 0 0 0 0 0 0 0 0 0 0 0 1583838187
-15904829 -13868126 18646595 7454514 -6739842 -6601948 -1191013 4109205 111839 -119932 -41392 -29597 -4186 -68154 -10624 -3588 -717 -3233 2786 -571 -173 -152 1532 -377 -3 -30 -5 -5 1 0 0 1 6 0 5 0 -1 0 0 1 0 0 0 -1 0 0 0 0 0 0 0 0 0 0 0 0 0 0 0 0 1583838187
-16020947 -15442993 21832612 5057281 -5188581 -7461895 -1351829 -141313 129559 -124933 -42548 -1426 -4068 -29485 -12004 -4071 -2018 -2430 -1015 -538 -210 -189 1480 -299 -3 20 -13 -8 0 0 0 1 0 0 -3 -2 0 -1 2 0 0 0 0 0 0 0 0 0 0 0 0 0 0 0 0 0 0 0 0 0 1583838187
-15918660 -15347226 21615651 5252710 3138138 -7221089 2116466 -135179 129122 -114994 -37224 -5916 -5566 -20488 -10539 -4315 -7602 -1815 -1046 -308 -232 -181 -894 -179 -2 9 -16 -5 1 3 0 -4 -3 -3 -5 0 0 0 -1 0 0 0 0 0 3 0 -2 6 7 3 0 5 0 0 -2 1 0 0 0 0 1583838187
-15831427 -15282625 21451010 5558104 11815289 -7126353 5201268 -129884 19334 -105998 -32380 -18096 -6807 28693 -10710 -3168 -1656 -2369 -1134 -628 -219 -160 5323 -377 -4 -28 -11 -7 0 0 0 1 5 0 -7 -2 0 -1 4 3 0 0 4 -2 0 0 1 0 0 0 0 1 0 0 1 0 0 0 0 0 1583838187
-16082159 -15442724 21839652 5141577 -7214049 -7546684 -1260140 34584 120244 -124565 -42461 -30245 -4264 -77518 -10859 -3686 -8202 -3121 -269 -629 -217 -137 -80 -299 -2 -27 -12 -6 1 0 0 1 0 0 3 0 0 0 0 0 0 0 0 0 0 0 1 0 0 0 0 0 0 0 0 0 0 0 0 0 1583838187
-16088422 -15486009 21887657 5831108 14669045 -7210349 7216324 -126370 119061 -100509 -29425 -23977 -7772 -3507 -8417 -3190 -9786 -1750 -1030 -2454 -240 4 5324 -397 1 -24 -15 -1 7 0 0 2 8 0 10 4 0 0 2 -3 6 1 0 0 0 0 0 0 0 0 0 0 0 0 0 0 0 0 0 0 1583838187
-16043915 -15461110 21867502 5138786 -3340156 -7460047 146777 -138796 129199 -120726 -40326 -11181 -4805 -59945 -10482 -4325 -8308 -873 -982 215 -216 -284 6899 -182 0 -59 -16 -8 0 0 0 1 -4 0 2 5 0 0 -2 0 0 0 0 0 0 0 0 0 0 0 0 0 0 0 0 0 0 0 0 0 1583838187
-16089448 -15508737 21974826 5021519 -7893396 -7596867 -1818565 -140689 120624 -126323 -43328 -30227 -4000 -65998 -10917 -3694 -8023 -3138 1585 -558 -219 -136 -13 -298 -2 -26 -11 -6 1 0 0 1 0 0 3 0 0 0 0 1 0 0 0 0 0 0 0 0 0 0 -1 0 0 0 0 1 0 0 0 0 1583838187
-14872109 -14413455 19669100 3850530 -7882586 -6306757 -1818852 -141779 172676 -125966 -43226 43696 -3855 -66439 -14554 -4100 -8112 1669 -948 1076 -211 -499 -21 -290 -1 179 -17 -16 -3 -1 0 2 0 -2 2 0 0 -1 0 1 0 0 0 0 0 0 0 0 0 0 -1 0 1 0 0 1 0 0 0 0 1583838187
-16039519 -15461870 21876955 4973655 -7886094 -7531926 -1819908 -142233 129144 -126332 -43337 -9690 -3963 -65905 -11605 -4105 -7527 -2184 -971 -311 -220 -200 10 -306 -2 -25 -12 -7 0 0 0 1 0 0 2 -1 0 0 0 0 0 0 0 0 0 0 0 0 0 0 0 0 0 0 0 0 0 0 0 0 1583838187
186621691 158086625 -345394967 -191043492 -5558627 191827682 -1900336 -53044 -1555089 -43532 -16120 594591 308 -56560 -149096 63535 29975 -8787 -341 -8429 72 -2392 -1564 -629 -2 99 5 13 9 20 -1 -3 47 41 6 -12 0 1 5 -2 -4 10 -2 0 10 -5 0 0 -7 0 0 1 1 -8 -2 0 0 -5 8 -2 1583838187
305015597 252560165 -546472846 -305929392 -4355895 306637134 -1857597 3635 -5371278 12512 3811 -4473000 -6545 -25468 127313 150911 -4428 48871 435 3905 33 -2224 -564 -47 -58 1862 -15 24 88 15 0 18 -1 22 1 -1 0 4 0 0 0 2 0 0 0 -12 2 -1 -1 0 0 0 0 3 0 0 0 0 2 -1 1583838187
25853044 19570971 -52402889 -35540143 -5554182 33522190 -2127569 -123532 -552918 -109078 -37603 -529001 -3861 -4238 66699 -21489 182999 -795 -2337 3016 727 15146 -3338 -1802 -45 -101 95 2 2 -5 -3 6 154 4 7 13 0 0 5 -47 -13 9 8 -11 7 -1 -5 3 0 0 0 -7 -4 0 4 5 -1 1 0 -1 1583838187
54037316 43569953 -103175348 -62837985 -6649483 62029112 -1940887 -111261 -428245 -97927 -34054 198931 -2395 -50339 29974 -43819 87195 -10089 -1345 -4777 281 -3777 -4518 3388 -42 211 -87 4 13 11 -1 -1 17 24 -10 45 0 0 -2 1 -5 19 18 -28 -27 0 20 3 0 -1 0 7 -7 -5 -5 2 -1 0 0 0 1583838187
317361935 263438131 -569435006 -317850147 -2321027 319071293 -487368 11357 -5227827 20959 7308 -4197407 -6536 -50248 126107 173192 2834 50944 -835 36863 152 87291 -754 12 -41 119 15 14 38 -34 0 -4 3 33 -7 0 0 19 3 11 -12 9 -2 -3 -2 0 0 -9 -10 0 -1 0 -1 -6 0 -1 0 2 -3 0 1583838187
16105284 11386691 -35065011 -26009141 -2461143 23955221 2404286 -120439 -431877 -100501 -32330 -504315 -6333 -151389 -26601 39967 -3985 -1296 -1126 2864 -130 16063 -1119 232 -8 -277 -22 4 7 -4 0 -1 -2 8 -4 0 0 2 4 9 3 -3 -2 -1 -2 0 0 3 -1 -3 -1 1 -3 -1 -1 -1 0 1 0 0 1583838187
15845723 13751224 -39711284 -25296174 3720829 23097194 -2505689 -129309 -78445 -115110 -39677 286368 -1968 212345 -51750 11126 142794 2549 -1743 -1176 427 -2839 37224 -1393 -20 478 61 -13 0 10 0 2 68 10 -1 -23 0 -1 6 -20 -2 0 0 -2 0 -5 0 0 -2 3 0 -1 -1 -1 -1 2 0 0 0 0 1583838187
34221816 26541141 -67189183 -43639644 -5447398 41658483 -246689 -116741 -727907 -100167 -33622 -702727 -5115 -93293 -26950 60733 -6908 4458 -1090 7488 -153 12234 -462 -240 -9 12 -9 -6 8 -14 0 -3 0 15 0 0 0 8 3 2 4 -3 1 -2 -1 -2 0 0 0 0 0 0 0 0 0 0 0 0 0 0 1583838187
-16020460 -15443240 21823233 5225798 -312363 -7397439 820770 -137501 120464 -118720 -39222 -26952 -5051 -29660 -10264 -3673 9943 -2416 -1134 -451 -143 -243 6303 -41 -5 -40 -17 -6 0 0 0 1 1 0 -4 6 0 0 -4 0 0 0 0 0 5 0 0 -1 0 0 0 1 -3 0 0 2 0 0 0 -1 1583838187
-2723018 -4259331 -2003360 -5277816 65720102 6745764 27052274 -85376 -105759 -38015 3110 -176410 -16071 162416 -7467 14449 -11327 337 -1606 3618 -261 17408 -1175 -589 5 -157 3 -2 0 -4 0 0 32 8 -8 -10 -1 0 5 -13 -5 -1 0 -4 -4 0 -3 1 -2 0 0 -1 0 -1 -1 0 0 0 0 0 1583838187
-15895306 -15311607 21503951 5948501 22886004 -6866477 12653027 -117150 122312 -85147 -21307 -6810 -10274 -84528 -11096 -3041 4991 -3591 -1321 -940 -112 -106 3544 174 -4 100 -27 -10 1 -1 0 2 2 -1 -19 4 0 -1 4 11 2 0 -1 -2 8 2 5 0 0 -1 0 -1 0 0 2 -3 0 1 0 0 1583838187
5096954 2333795 -15847748 -15029114 5180330 13629416 2702103 -124745 -63118 -104614 -33418 10261 -5401 -697 -47964 20495 17279 -3882 -1109 -2253 -109 -1444 10940 -40 -5 106 -17 -7 3 0 0 0 4 2 2 10 0 0 -3 -7 0 -1 0 1 -1 -1 2 0 0 -1 0 3 0 0 0 0 0 0 0 0 1583838187
-15519189 -14848501 20315559 10036828 147391200 -4339695 57568875 -37136 136945 43827 48395 29117 -28493 469684 -5547 -1117 -13256 715 -2099 381 -354 97 -3300 -962 14 64 3 -7 -2 0 0 7 97 -5 10 23 -6 -6 37 -27 -4 0 -1 0 10 -1 -12 5 -5 10 -1 14 -2 1 -2 6 0 0 0 0 1583838187
-16093709 -15413969 21602214 8618351 92668624 -5886503 35264114 -76446 117756 -20077 13959 -25079 -19308 290331 -6807 -1288 43645 -4125 -2026 -1256 -45 -31 21307 98 -2 -88 -14 -4 0 0 1 1 7 -1 -2 28 5 5 -36 16 2 2 12 -8 43 -3 -33 5 -4 28 -8 41 -3 2 -9 14 0 0 0 -1 1583838187
10704010 14243200 -40081889 -20703970 -7589365 15047158 -1855393 -132035 60920 -116415 -40314 747644 -2247 -69219 111098 -113085 25556 -270 -1239 6761 2 25876 -1861 -752 -10 980 1 -35 0 -8 0 0 29 0 24 0 0 5 8 32 3 23 -8 -21 -12 0 -3 7 -3 -10 -26 -2 19 -4 16 21 0 0 0 0 1583838187
-16089536 -15511221 21979813 5018060 -7886152 -7598145 -1819886 -142231 120436 -126325 -43329 -29219 -3997 -65786 -10777 -3702 -7954 -2950 -962 -842 -225 -130 38 -302 -2 -25 -12 -4 3 0 0 1 0 0 2 -1 0 0 0 -1 1 0 0 0 0 0 0 0 0 0 0 0 0 0 0 0 0 0 0 0 1583838187
20856466 4783290 -22485283 -30048218 -7523841 35874607 -1798015 -127228 -344973 -111230 -38315 -32119 -3431 -62781 15077 14434 -5814 4261 -1352 15287 -149 49624 161 -290 -5 841 -18 -36 7 -29 0 -7 5 -5 1 -1 0 15 2 -3 4 0 0 0 0 3 0 -1 -2 0 0 0 0 3 0 0 0 0 1 0 1583838187
188564 -2023513 -6631268 -10735392 -7599897 8493548 -1838295 -134906 -110975 -119442 -41017 -175530 -3971 -60920 -12579 5811 5291 1667 -996 607 -142 -1406 -572 -417 -6 13 -3 0 9 -2 0 2 0 -1 1 3 0 0 0 0 0 2 8 0 -1 0 5 0 1 0 0 0 0 0 1 0 0 -1 1 0 1583838187
-5508593 -6465512 2836385 -4977731 -5557594 3167856 -936756 -136706 129418 -119924 -40786 317824 -3613 -61772 -29717 10517 -8127 857 -1170 6997 -196 35280 -147 -269 1 46 -13 0 14 -8 0 -9 -2 4 0 0 0 6 -1 -1 9 -3 0 0 0 0 0 2 2 0 0 -1 0 1 -1 0 0 0 0 0 1583838187
93381056 76179196 -172421928 -100379818 5095124 100019108 2124423 -86288 -1585423 -68271 -21429 -1146647 -5786 9614 192651 -57716 3895 13408 -1213 17350 -59 47780 -1425 147 -20 345 -12 -14 7 -18 0 -3 -14 13 -6 4 0 10 -3 4 -3 15 -3 3 1 10 -1 -4 -6 0 -1 1 -2 0 1 0 0 0 -3 0 1583838187
66860098 53826287 -125038021 -75361315 -6962950 73512270 -1830602 -104344 -1280591 -90387 -31087 -1279393 -4823 -54512 -14949 68594 -7036 579 -835 1460 -182 6178 -39 -248 -13 -224 -2 14 20 -3 0 2 0 9 2 -1 0 0 0 0 -2 0 0 0 0 0 0 0 -1 0 0 0 0 4 0 0 0 0 1 0 1583838187
41282889 32540725 -79880098 -50587772 -7248040 48727331 -1827713 -116123 -703268 -101812 -35051 -616367 -4093 -59690 -43390 50803 -6874 10692 -757 2879 -164 -4374 -174 -248 -8 289 -14 -11 4 0 0 3 -1 5 1 0 0 -1 0 0 -1 2 1 0 0 -6 2 -2 -1 0 0 0 0 -1 0 0 0 0 0 0 1583838187
-9549444 -10008013 10320956 -1322109 -7815728 -1118726 -1820894 -139286 64307 -123621 -42434 -26282 -3887 -65541 -20182 2381 -6096 -3409 -960 -956 -213 -526 -117 -316 -2 -66 -12 -3 2 1 0 0 -1 6 2 -1 0 0 0 1 0 0 0 0 1 -1 0 1 0 0 0 0 0 0 1 -1 0 0 0 0 1583838187
-15037161 -14630095 20111590 4006502 -7607054 -6560011 -1862402 -141795 105665 -125986 -43230 -40213 -3945 -57379 -12224 -2139 30734 -3685 -1247 -1065 -39 -300 -1496 -753 -10 -28 7 -1 5 0 0 0 -1 1 2 3 0 -1 2 -5 -1 0 7 1 -6 0 2 -1 0 3 0 0 0 0 0 0 0 -1 0 0 1583838187
-15026610 -14621721 20094147 3988662 -7840711 -6553092 -1830275 -141760 105515 -125900 -43191 -39137 -3983 -64351 -12305 -2223 5839 -3213 -1067 -788 -157 -244 -668 -365 -6 -24 -13 -3 3 1 0 0 0 6 1 3 0 0 0 0 0 -1 4 -1 -2 0 0 1 0 2 0 -2 0 0 0 0 0 0 0 0 1583838187
-16062576 -15485230 21925369 4997328 -7750881 -7561392 -1860265 -142279 124795 -126440 -43391 -20598 -3929 -60689 -11184 -3765 47394 -3781 -1372 -1139 44 -287 -2931 -318 -16 -21 -4 -3 2 1 0 0 -7 4 -1 22 0 0 -1 5 0 0 19 -7 -8 0 0 7 -2 6 -1 -3 1 0 6 -9 0 0 0 0 1583838187
-12042002 -12132194 14813825 1105808 -7350962 -3636545 -1866306 -140390 50806 -124665 -42768 -95561 -3995 -52362 -14840 2429 -3700 -2711 -991 -654 -209 -422 -148 -269 -4 -39 -10 -3 3 1 0 0 -4 5 0 2 0 -1 0 -2 0 -1 -1 0 -1 0 0 0 1 0 0 0 0 0 0 0 0 0 0 0 1583838187
-12042103 -12131096 14809354 1155079 -5948723 -3612327 -2007525 -140509 50760 -124999 -42908 -95306 -3840 -15677 -14561 2396 25766 -3199 -1207 -963 -81 -483 -1687 478 -15 -36 -25 -2 4 1 0 -1 -22 6 -5 19 0 0 -3 -1 0 -1 -1 4 0 1 5 1 0 0 0 2 1 0 0 0 0 0 0 0 1583838187
