-16088159 -15510457 21977875 5021426 -7795561 -7595874 -1833593 -142251 119322 -126360 -43347 -28132 -3979 -63094 -9571 -2111 2940 -3577 -1066 -430 -172 -223 -548 -343 -5 -25 -9 -6 1 0 0 1 -3 0 0 7 0 0 -1 0 0 0 5 0 0 0 3 0 0 0 0 1 2 0 -2 0 0 0 0 0 1583836345
-14671178 -14434920 19562974 4808330 947847 -7361487 1735078 -137958 -943920 -114762 -37515 -47063 -5480 -41598 -10295 -2474 -2157 -2143 -1018 -1769 -198 -178 705 -418 -46 -35 -11 -6 1 -1 0 1 -8 0 -1 -2 -1 -1 5 2 0 0 1 1 -1 -1 0 0 0 0 0 0 0 0 0 0 0 0 0 0 1583836345
-16089305 -15498169 21929156 5496527 5453397 -7371181 3227750 -133309 118914 -111869 -35525 -27569 -6066 -14076 -9354 -1778 602 -3824 -1167 -84 -195 -211 -175 -389 -3 -27 -10 -5 1 0 0 1 -5 0 -4 1 -1 -1 6 -1 0 0 -1 0 -2 0 0 0 0 0 0 0 0 0 0 0 0 0 0 0 1583836345
-16088148 -15510442 21977939 5019426 -7854391 -7596870 -1824281 -142241 119319 -126337 -43336 -27972 -3989 -64881 -9510 -2007 -2804 -3509 -1028 -285 -200 -246 -299 -284 -4 -25 -11 -6 1 0 0 1 -5 0 0 3 0 0 0 0 0 0 0 0 0 0 -1 0 0 0 0 0 0 0 0 0 0 0 0 0 1583836345
-16086596 -15509084 21975099 5018274 -7879711 -7594640 -1821793 -142243 119431 -126332 -43334 -26265 -3990 -65570 -8754 -677 -4437 -4004 -1047 365 -207 -168 -167 -286 -3 -27 -12 -6 2 0 0 1 -1 0 1 1 0 0 0 0 0 0 -1 0 0 0 0 0 0 0 0 0 0 0 0 0 0 0 0 0 1583836345
-16085244 -15503423 21954913 5186307 -3260981 -7516535 -130593 -139255 116587 -121482 -40713 -23778 -4677 -45358 -7435 1140 -8606 -4476 -1084 1065 -233 -380 -215 -333 -2 -23 -11 -6 1 0 0 1 0 0 1 -2 0 0 0 -1 0 0 0 0 0 0 0 0 0 0 0 0 0 0 0 0 0 0 0 0 1583836345
-16085093 -15506547 21966184 5088024 -5974018 -7562789 -1305736 -141302 116704 -124830 -42511 -24316 -4175 -48668 -7033 745 -7877 -3793 -1023 203 -231 -222 -88 -323 -2 -26 -12 -6 2 0 0 1 0 0 2 0 0 0 1 0 0 0 0 0 0 0 0 0 0 0 0 0 0 0 0 0 0 0 0 0 1583836345
-16009796 -14797917 20529385 6139628 -5404609 -7135418 -870297 -144582 120571 -124749 -42179 -30134 -4386 -56103 -10805 -3630 -7747 -3105 -992 -662 -226 -131 -235 -276 -2 -17 -12 12 -1 -1 0 1 -4 0 0 -1 0 0 0 0 0 0 -1 0 0 0 0 0 0 0 0 0 0 0 0 0 0 0 0 0 1583836345
-16088169 -15503777 21960874 5101279 -5730447 -7558197 -1464765 -141547 119176 -125270 -42733 -14515 -4063 -35928 -4124 7107 -8446 -6825 -1203 4063 -238 -3803 -51 -278 -3 25 -14 -17 -2 -14 0 -4 -1 0 0 1 0 9 1 -2 0 0 0 0 0 0 0 0 0 0 0 0 0 0 0 0 0 0 0 0 1583836345
-16090034 -15505160 21958297 5204015 -2759935 -7510620 273481 -138565 120470 -120351 -40119 -30067 -4888 -56558 -10696 -3581 -8784 -3110 -1012 -659 -223 -121 -539 3178 -19 -23 -103 -6 1 0 0 0 -22 0 16 -12 -1 -1 3 -6 -1 0 0 -5 3 0 0 0 0 -1 -6 2 0 0 -3 -2 0 0 0 0 1583836345
-15688084 -15173110 21262811 4646548 -7831121 -7196537 -1827453 -142117 112584 -126193 -43293 -17584 -3962 -64350 -9466 1095 -1631 -4737 -1104 1079 -193 -259 -247 -303 -4 -10 -12 -1 4 6 0 4 -2 0 0 3 0 0 0 0 0 0 0 0 0 0 0 0 0 0 0 1 2 0 -1 0 0 0 0 0 1583836345
-16089134 -15505941 21969147 5025816 -7886313 -7595095 -1820220 -142261 120627 -126334 -43332 -30225 -3998 -65759 -10914 -3692 -7138 -3113 -977 -664 -221 -141 -52 -302 -3 -24 -12 -1 0 0 0 1 0 0 1 -1 0 0 0 0 0 0 0 0 1 0 0 0 0 0 0 0 1 0 -1 0 0 0 0 0 1583836345
-16088165 -15510479 21978047 5018728 -7874144 -7597218 -1821076 -142237 119332 -126328 -43331 -27965 -3994 -65468 -9266 -2009 -7116 -3245 -983 -517 -221 -242 59 -313 -3 -25 -12 -6 1 0 0 1 0 0 2 -1 0 0 0 0 0 0 0 0 0 0 0 0 0 0 0 0 0 0 0 0 0 0 0 0 1583836345
-16089755 -15508768 21971856 5085903 -5998369 -7565039 -2007394 -142393 120567 -126767 -43510 -29901 -3792 -15815 -10834 -3566 23372 -3630 -1201 -992 -96 -201 -1425 -25 -11 -24 -16 -3 1 0 0 0 -12 0 -13 23 0 0 -5 -9 -2 0 -8 0 0 1 6 -3 2 3 0 0 1 0 0 1 0 0 0 0 1583836345
-16088239 -15509542 21974493 5049175 -7043807 -7583354 -1110510 -141058 119310 -124337 -42282 -28245 -4338 -81017 -9531 -2149 -8822 -3367 -991 -336 -219 -194 -107 -271 -2 -26 -13 -6 1 0 0 1 0 0 0 0 0 0 0 1 0 0 -1 0 0 0 0 0 0 0 0 0 0 0 0 0 0 0 0 0 1583836345
-16073279 -15495067 21942089 5074793 -6663955 -7564957 -1346906 -141494 107673 -124986 -42614 -9673 -4164 -61737 3753 11769 -5932 -4719 -1072 1179 -212 -671 -119 -196 -3 -20 -17 -7 1 -1 0 0 -2 0 -2 0 0 0 0 0 0 0 -2 0 1 0 1 0 0 0 0 0 0 0 0 0 0 0 0 0 1583836345
-16086892 -15481966 21916201 5144257 -5462338 -7541105 -924233 -140501 120552 -123807 -41970 -30163 -4383 -62603 -10820 -3645 -5273 -3283 6816 -395 -192 -131 -414 -265 -3 -23 -13 0 0 0 0 1 -5 0 0 -1 16 0 1 1 0 0 1 0 2 0 -3 -1 0 0 0 0 -2 0 0 1 0 1 1 2 1583836345
-16074243 -15479181 21889011 5524756 6099364 -7322170 2746688 -134097 124341 -113203 -36199 1454 -5729 21434 -12276 -3629 -1501 -3397 -1115 -825 -226 -94 -1231 -482 -3 52 -10 13 12 25 0 -38 -2 -22 -4 -6 -1 -1 7 0 0 1 1 0 -2 0 -1 0 0 0 0 0 0 0 0 0 0 0 0 0 1583836345
-16078011 -15486691 21910075 5403443 2711604 -7389662 2709396 -134383 123498 -113441 -36409 -6323 -5885 -50082 -11871 -3683 767 -3458 -1123 -834 -179 -119 -1270 -406 -4 33 -10 8 9 18 0 -28 -5 -16 -6 -3 -1 -1 7 0 0 0 -2 1 0 0 -1 0 0 0 0 0 0 0 0 0 0 0 0 0 1583836345
-16081795 -15502237 21961114 5021336 -7863037 -7579385 -1826978 -142278 122812 -126362 -43349 -15046 -3963 -64959 -11842 -3826 831 -3361 -1034 -792 -182 -154 -440 -343 -5 10 -10 3 7 11 0 -17 0 -10 1 0 0 0 0 1 0 0 0 0 3 0 -1 0 0 -1 0 -2 -1 0 0 0 0 -1 0 0 1583836345
-16084598 -15504121 21962482 5070890 -6457398 -7561986 -1075144 -140977 122039 -124227 -42211 -20103 -4313 -70080 -11463 -3762 -5023 -3234 -1006 -719 -206 -138 -320 -235 -4 -1 -12 0 5 7 0 -11 -3 -6 0 0 0 0 0 2 0 0 0 0 2 0 0 -1 0 -1 0 0 0 0 0 0 0 0 0 0 1583836345
-16006014 -15411433 21772163 5055079 -7858170 -7403898 -1827163 -142675 141411 -126534 -43447 124459 -3723 -65692 -20451 -5226 1115 -4263 -1027 -1169 -181 -111 -516 -244 -7 363 -19 88 55 128 0 -197 0 -110 1 4 0 0 -2 2 0 5 1 -1 0 -2 -1 -1 0 0 0 0 0 0 1 -1 0 0 0 0 1583836345
-16088359 -15508293 21969382 5102990 -5525445 -7557397 -899397 -140614 119257 -123693 -41912 -28058 -4381 -59088 -9267 -2076 -8806 -3196 -988 -530 -230 -180 -194 -268 -2 -26 -14 -6 1 0 0 1 -3 0 1 1 0 0 -1 0 0 0 0 0 0 0 0 0 0 0 0 0 0 0 1 -1 0 0 0 0 1583836345
-16089603 -15510108 21977594 5019777 -7885940 -7597554 -1820299 -142238 120627 -126328 -43330 -30225 -3998 -65773 -10914 -3692 -7251 -3111 -977 -663 -221 -140 -50 -263 -3 -26 -13 -4 1 0 0 1 -1 0 0 0 0 0 0 0 0 0 -1 0 2 0 0 0 0 0 0 0 0 0 0 0 0 0 0 0 1583836345
-16087974 -15505582 21968200 5024986 -7878304 -7594896 -1822651 -142268 119212 -126347 -43345 -14318 -3972 -65557 -138 5511 -3715 -644 -1214 6456 -184 -4211 -263 -341 -4 -32 -11 -20 -9 -13 0 -4 0 1 2 -1 0 9 1 2 0 0 0 0 1 0 0 0 0 0 0 0 1 0 0 0 0 0 0 0 1583836345
-16088014 -15505705 21968416 5025646 -7854772 -7594572 -1824297 -142268 119246 -126350 -43345 -14784 -3970 -64994 -3859 6974 -3924 -6623 -1208 3679 -202 -3778 -249 -284 -4 24 -9 -17 -2 -14 0 -4 -4 0 0 3 0 9 0 0 0 0 0 0 0 0 0 0 0 0 0 1 2 0 -1 0 0 0 0 0 1583836345
-16081938 -15489805 21927468 5200789 -3016909 -7493281 310942 -138583 124484 -120294 -40099 6059 -4856 -61212 5952 21558 -2997 -10980 -1583 10944 -186 -6891 -638 -125 -6 56 -19 -26 -7 -25 0 -9 -3 1 -3 -2 -1 17 5 1 1 0 0 1 0 0 1 0 0 0 0 0 0 0 0 0 0 0 0 0 1583836345
-16088409 -15510489 21978236 5017685 -7874178 -7595831 -1820970 -142233 120748 -126328 -43331 -28470 -3994 -65473 -11024 -3708 -7603 -3115 -973 -665 -223 -139 85 -306 -2 -25 -12 -4 2 1 0 2 0 0 2 -1 0 0 0 0 0 0 0 0 0 0 0 0 0 0 0 0 0 0 0 0 0 0 0 0 1583836345
-16087649 -15506211 21969367 5024751 -7858670 -7594690 -1827696 -142272 118919 -126361 -43353 -15630 -3969 -64920 4087 2384 2950 7461 -1222 8904 -131 -4256 -652 -210 -6 -110 -14 -21 -16 -11 0 -4 -2 1 -2 8 0 8 0 0 -3 0 0 -1 0 0 -3 -2 0 -1 0 0 -1 -1 0 0 0 0 0 0 1583836345
-16087867 -15494212 21944869 5051662 -7634685 -7584126 -1601359 -141963 120620 -125740 -43014 -30244 -4104 -70619 -10896 -3691 -7567 -3113 -978 -661 -220 -139 -78 -292 -3 -21 -13 4 0 0 0 1 0 0 0 -1 0 0 0 1 0 0 0 0 0 0 0 0 0 0 0 0 0 0 0 0 0 0 0 0 1583836345
-15944713 -15399032 21728912 4992460 -7306697 -7575784 -1471960 -141871 11684 -125212 -42780 -21001 -4139 -69726 -9824 -3877 -7217 -2058 -907 -2164 -219 -72 -92 -303 -7 -20 -10 -7 1 -1 0 1 -2 0 0 -1 0 0 0 1 0 0 1 0 0 0 1 0 0 0 0 0 0 0 0 0 0 0 0 0 1583836345
-16089378 -15496830 21924189 5537102 6552850 -7352891 4314276 -131517 118858 -108834 -33933 -27738 -6606 -43160 -8563 -1827 -4297 -3203 -1115 -785 -202 -118 -1516 -207 -3 -25 -18 -6 1 0 0 1 -7 0 -8 -1 0 -1 2 0 0 0 -4 0 0 0 -1 0 0 1 0 -2 0 0 -1 0 0 0 0 0 1583836345
-16088511 -15505483 21959276 5191925 -3065956 -7515354 16480 -138994 119180 -121069 -40493 -27875 -4751 -47846 -8691 -1974 -4425 -2951 -1017 -1008 -211 -170 -216 -247 -3 -25 -14 -4 2 1 0 2 -4 0 -3 0 0 -2 2 0 0 0 -2 0 0 0 0 0 0 0 0 0 0 0 0 0 0 0 0 0 1583836345
-16088615 -15505861 21959453 5204140 -2690084 -7509232 -49276 -139064 119176 -121246 -40606 -28135 -4747 -54259 -9425 -2120 -7215 -3348 -1025 -404 -222 -154 -477 -266 -3 -26 -12 -6 1 0 0 1 -5 0 0 3 0 0 -2 0 0 0 -1 0 -2 0 0 0 0 0 0 0 0 0 0 0 0 0 0 0 1583836345
-16088158 -15510521 21978148 5018270 -7886060 -7597435 -1820094 -142237 119333 -126326 -43330 -28248 -3995 -65780 -9611 -2194 -7317 -3352 -989 -368 -221 -176 -38 -302 -3 -26 -12 -6 1 0 0 1 -1 0 1 0 0 0 0 0 0 0 2 0 0 0 0 0 0 0 0 0 0 0 1 -1 0 0 0 0 1583836345
-16081591 -15501809 21955639 5098703 -5816678 -7556852 -1036992 -140894 114075 -124093 -42129 -20048 -4295 -57524 -3678 3992 14380 -4363 -1188 112 -115 -384 163 -551 -6 -27 -3 -5 1 -1 0 1 0 0 -3 -6 0 0 5 2 0 0 -1 0 -2 0 -1 0 0 0 0 0 0 0 0 0 0 0 0 0 1583836345
-16086390 -15489513 21901329 5692258 10806166 -7277698 5511557 -129342 116157 -105366 -32041 -23174 -7049 -11074 -5076 1507 -2195 -3341 -1158 -713 -204 -249 -1580 -369 -2 -23 -8 -6 1 -1 0 1 -5 0 -6 -5 0 0 2 0 0 0 -1 -1 -2 0 -2 0 0 0 0 0 0 0 0 0 0 0 0 1 1583836345
-11138435 -11608985 13286161 4241035 -2215768 -6691680 -28006 -149281 -3609731 -117698 -40238 949479 -3140 -36002 693875 541617 -7726 97982 6714 -140267 -121 -6396 541 -157 -95 176 -9 -53 -31 -55 0 -22 -3 3 -1 -4 -1 43 7 0 0 -4 0 0 -1 4 0 1 -1 -1 0 -1 -1 -2 0 0 0 0 0 0 1583836345
-16023539 -15446796 21828144 5242220 -1946428 -7472532 32542 -139115 69651 -120971 -40438 15721 -4628 -24352 3780 11984 8419 -4239 -1145 -162 -156 -721 -78 -164 -8 -4 -14 -8 0 -2 0 0 -8 0 -9 3 0 0 3 -4 0 0 -5 1 -2 0 0 0 0 0 0 0 0 0 0 0 0 0 0 0 1583836345
-16065851 -15467673 21849789 5785324 13338744 -7226516 5218299 -129694 100293 -106065 -32346 -3656 -6736 57143 -5233 2696 -1413 -3692 -1180 -313 -235 -215 67 -569 -2 -20 -4 -6 1 -1 0 1 -1 0 14 -4 1 1 -12 3 0 0 2 1 1 0 1 0 0 0 0 1 0 0 -1 0 0 0 0 0 1583836345
-16089533 -15495229 21918014 5601181 8365568 -7321555 4218456 -131536 118836 -109022 -33983 -27517 -6459 1213 -8837 -1771 9410 -3629 -1231 -648 -157 -164 -1645 -207 -6 -25 -16 -5 1 0 0 1 -7 0 -6 2 -1 -1 5 -3 0 0 -6 2 -1 0 0 0 0 0 0 0 0 0 0 0 0 0 0 0 1583836345
-15916558 -15376895 21680863 4961262 -7883238 -7584334 -1821945 -142504 -9252 -126172 -43299 -19940 -3974 -65692 -11442 -3701 -4277 -3001 -980 -1048 -207 -139 -215 -293 -9 -24 -12 -6 1 0 0 1 -2 0 -1 0 0 0 0 3 0 0 0 0 0 0 0 0 0 0 0 0 1 0 -1 0 0 0 0 0 1583836345
-16086489 -15508977 21974737 5019601 -7886036 -7596158 -1820201 -142247 118036 -126327 -43332 -26252 -3992 -65782 -8263 -685 -7253 -3572 -1001 -100 -221 -212 1 -313 -3 -26 -12 -6 1 0 0 1 0 0 2 -1 0 0 0 0 0 0 0 0 0 0 0 0 0 0 0 0 0 0 0 0 0 0 0 0 1583836345
-15729511 -12276353 15380648 10506575 15002438 -5309199 7815130 -141885 120009 -104002 -29988 -29537 -8066 -21426 -9859 -3152 -1307 -3394 4081 -575 -177 -70 -2353 -473 -3 357 -14 769 -157 -20 0 0 -5 0 -11 -11 3 -1 4 -1 0 0 1 0 -4 0 -2 0 0 0 0 0 0 0 0 0 0 0 0 0 1583836345
-16051811 -15468504 21887303 5080813 -6428377 -7507279 -1421556 -141665 119529 -125224 -42730 25898 -4046 -53240 -12490 -2501 -7901 -3514 -978 -748 -230 -208 61 -312 -3 99 -14 22 18 39 0 -60 0 -34 1 -2 0 0 1 0 0 1 0 0 0 0 0 0 0 0 0 0 0 0 0 0 0 0 0 0 1583836345
-16049374 -15481769 21913860 5003623 -7885960 -7595038 -1819939 -142289 90212 -126286 -43320 -28881 -3995 -65779 -10510 -3661 -7105 -2705 -950 -1208 -221 -116 -35 -314 -4 -23 -12 -6 1 0 0 1 0 0 2 0 0 0 0 0 0 0 0 1 0 0 1 0 0 0 0 0 0 0 0 0 0 0 0 0 1583836345
-16087487 -15491333 21939537 5046967 -7888141 -7586482 -1819910 -142344 120628 -126357 -43338 -30225 -3998 -65814 -10914 -3692 -7073 -3114 -978 -665 -221 -141 -60 -263 -3 -26 -13 -4 1 0 0 1 -2 0 0 1 0 0 0 0 0 0 0 0 0 0 0 0 0 0 0 0 0 0 0 0 0 0 0 0 1583836345
-16089819 -15510532 21976928 5045854 -7115303 -7585621 -1170046 -141150 120574 -124504 -42370 -29368 -4310 -79779 -10915 -3697 -7769 -3130 -984 -665 -215 -138 -156 -214 -3 -27 -15 -6 1 0 0 1 -2 0 1 2 0 0 0 0 0 0 0 0 0 0 0 0 0 0 0 0 0 0 0 0 0 0 0 0 1583836345
-16089726 -15510813 21978636 5025548 -7692016 -7594868 -1649929 -141950 120621 -125850 -43079 -30235 -4078 -69519 -10889 -3683 -2155 -3211 -1016 -720 -194 -152 -378 -372 -4 -26 -9 -6 1 0 0 1 0 0 0 -1 0 0 1 5 1 0 0 -2 -1 0 0 0 0 0 0 0 0 0 0 -1 0 0 0 0 1583836345
-16086930 -15507037 21967021 5097055 -5697132 -7557830 -966353 -140737 119272 -123886 -42018 -26454 -4351 -60069 -9438 -2058 -8770 -3289 -993 -434 -228 -199 -191 313 -5 -24 -29 -5 2 1 0 2 -6 0 2 -3 0 0 0 0 0 0 0 0 0 0 0 0 0 0 0 0 1 0 -1 0 0 0 0 0 1583836345
-16089728 -15508137 21970330 5085743 -6055963 -7566316 -1171254 -141082 120569 -124472 -42339 -30175 -4275 -64054 -10823 -3643 3572 -3318 -1067 -784 -168 -161 -390 -343 -5 -26 -10 -4 1 0 0 1 -5 0 -6 -1 0 -1 1 0 0 0 -3 0 0 0 -1 0 0 1 0 0 0 0 0 0 0 0 0 0 1583836345
-16086642 -15507905 21970124 5067608 -6542460 -7573526 -1241163 -141235 117997 -124677 -42446 -25947 -4240 -63920 -6603 -516 -8149 -2449 -932 -1529 -225 -196 227 -293 -2 -26 -13 -6 1 -1 0 1 -1 0 0 -1 0 0 1 0 0 1 0 0 0 -1 0 0 0 0 0 0 0 0 0 0 0 0 0 0 1583836345
-16088176 -15510645 21978412 5017868 -7892669 -7597620 -1819233 -142235 119335 -126324 -43330 -28153 -3995 -65929 -9578 -2128 -4773 -3430 -1009 -361 -209 -215 -194 -347 -3 -26 -10 -6 1 0 0 1 0 0 4 0 0 0 1 3 0 0 0 -1 -1 0 0 0 0 -1 -2 0 2 0 1 2 0 0 0 0 1583836345
-16089188 -15506383 21969993 5026242 -7854877 -7594827 -1824187 -142263 120626 -126344 -43336 -30217 -3993 -64882 -10907 -3686 -3827 -3174 -1001 -700 -205 -148 -238 -276 -4 -24 -11 0 0 0 0 1 -4 0 0 3 0 0 0 0 0 0 0 0 0 0 0 0 0 0 0 1 2 0 -1 0 0 0 0 0 1583836345
-16088192 -15509904 21975742 5043584 -7166966 -7585003 -1885532 -142287 119292 -126477 -43392 -27829 -3929 -48582 -9363 -1949 -6705 -3339 -994 -374 -227 -235 -99 -249 -3 -25 -14 -6 1 0 0 1 -4 0 1 0 0 0 -1 0 0 0 0 0 0 0 0 0 0 1 0 1 0 0 0 0 0 0 0 0 1583836345
-16090223 -15503042 21950044 5280854 -632947 -7474738 1420868 -136603 120404 -117102 -38384 -30045 -5398 -62683 -10580 -3537 -7142 -3155 -1039 -679 -214 -121 -86 -343 -2 -27 -12 -4 1 0 0 1 -4 0 0 -3 0 0 0 2 0 0 2 0 0 0 1 0 0 0 0 -1 0 0 0 0 0 0 0 0 1583836345
-16085459 -15505501 21962153 5127229 -4821675 -7541777 -662110 -140194 118705 -123010 -41541 -25313 -4466 -53799 -8076 207 -6831 -4188 -1068 757 -221 550 866 -310 -2 -40 -11 -3 3 2 0 3 -2 0 0 -1 0 -3 2 0 0 0 1 0 0 0 0 0 0 0 0 0 0 0 0 0 0 0 0 0 1583836345
-16086808 -15504350 21964659 5042335 -7402911 -7586147 -1686214 -142023 118251 -125951 -43129 -13405 -4022 -61982 -3380 8028 -7181 -7015 -1225 4554 -218 -3658 -110 -14 -5 20 -21 -17 -2 -13 0 -4 -4 0 1 -1 0 8 2 0 0 0 0 0 0 0 0 0 0 0 1 0 0 0 1 0 0 0 0 0 1583836345
-16077187 -15475875 21898262 5226027 -2727116 -7479310 266623 -138709 121675 -120435 -40171 38140 -4769 -52656 20354 43672 -3140 -18118 -2047 20997 -182 -14027 -418 -240 -7 150 -16 -48 -17 -52 0 -22 -4 3 -2 7 -1 37 5 -7 0 -1 -3 0 -2 0 0 0 0 1 0 0 0 0 0 0 0 0 0 0 1583836345
-16081586 -15487088 21917398 5287878 -867669 -7467743 50360 -138877 113629 -120918 -40369 10658 -4608 -2424 13957 21941 -4597 -2125 -1593 15479 -199 -8489 -660 -389 -4 -15 -10 -33 -18 -28 0 -11 -4 2 -1 -5 0 20 3 0 -1 0 0 0 -2 0 -1 0 0 0 0 0 0 -1 0 0 0 0 0 0 1583836345
-16086850 -15477440 21902647 5234285 -3047101 -7498872 93565 -139029 120479 -120902 -40394 -30037 -4794 -51050 -10700 -3572 -3840 -3188 -1040 -709 -207 -133 -436 -379 -3 -13 -9 20 -3 -1 0 1 -3 0 -1 -3 0 -1 4 0 0 0 0 0 -1 0 0 0 0 0 0 0 0 0 0 0 0 0 0 0 1583836345
-16088154 -15510454 21978002 5018631 -7878177 -7597264 -1822419 -142240 119331 -126333 -43334 -28137 -3992 -65549 -9589 -2115 -2580 -3493 -1027 -356 -198 -221 -314 -176 -4 -25 -14 -6 1 0 0 1 -5 0 2 1 0 0 0 1 0 0 1 0 -2 0 0 0 0 0 0 1 0 0 -1 0 0 0 0 0 1583836345
-15839362 -15319919 21547211 5184616 -6321290 -7397054 -502941 -141204 -64110 -122761 -41569 254344 -4214 -96119 168482 208697 -10321 -41278 -3119 46358 -163 -4726 -188 -344 -7 24 -14 -1 7 2 0 2 -1 0 3 0 0 2 1 1 0 0 0 0 0 0 0 0 0 0 0 0 0 0 0 0 0 0 0 0 1583836345
-16062055 -15246005 21421285 5805927 3784060 -7249674 2518168 -135432 120275 -114302 -36730 -29731 -5778 -19393 -10436 -3409 -7596 -3146 321 -627 -232 -97 -933 -416 -1 91 -12 232 -47 -6 0 1 3 0 6 -3 0 0 -3 -2 0 0 0 0 0 0 -2 1 0 1 0 1 0 0 0 0 0 0 0 0 1583836345
-15881855 -15321570 21555464 5306065 5818253 -7154409 2007612 -135111 120110 -115133 -37220 -24700 -5390 48864 -6609 -5740 625 -2913 -1090 -1384 -231 -69 -1071 -514 -3 -23 -4 -5 1 0 0 1 0 0 6 -4 0 0 -3 0 0 1 -2 1 0 -1 -1 1 0 0 0 0 0 0 1 -1 0 0 0 0 1583836345
-16087983 -15505623 21968225 5026234 -7839846 -7594270 -1833237 -142281 119220 -126376 -43359 -14608 -3958 -64046 -3276 6731 8733 -5796 -1315 4432 -137 -3921 -763 -519 -6 12 -2 -17 -4 -14 0 -4 4 0 5 -3 0 9 2 0 0 0 1 1 2 0 1 0 0 0 0 0 0 0 2 -2 0 0 0 0 1583836345
-16089600 -15510031 21977388 5020951 -7854685 -7596983 -1824075 -142242 120626 -126338 -43334 -30217 -3993 -64890 -10907 -3686 -3867 -3173 -1001 -700 -205 -148 -237 -281 -4 -25 -13 -4 1 0 0 1 -4 0 0 4 0 0 0 0 0 0 0 0 1 0 -1 0 0 0 0 0 0 0 0 0 0 0 0 0 1583836345
-16088196 -15503758 21960398 5114888 -5313042 -7550705 -2074967 -142475 119153 -126938 -43585 -14130 -3691 2763 -3950 7285 37497 -7569 -1522 3649 -33 -3953 749 -777 -11 20 -2 -16 -2 -14 0 -5 -3 1 -25 -23 -2 7 16 0 1 0 5 0 -5 0 -2 -1 0 0 0 0 0 0 0 0 0 0 0 0 1583836345
-16087683 -15505962 21968429 5034372 -7587323 -7589994 -1848349 -142284 118942 -126403 -43366 -15999 -3946 -57996 -3139 5409 -4373 -3957 -1195 4584 -201 -3594 31 -329 -4 -4 -12 -17 -4 -12 0 -4 -1 1 -1 -3 0 8 3 0 0 0 0 0 0 0 0 0 0 0 0 0 0 0 0 0 0 0 0 0 1583836345
-16089401 -15508322 21973981 5022188 -7891341 -7596589 -1819101 -142247 120628 -126328 -43332 -30236 -4003 -67186 -10920 -3698 -9609 -3072 -962 -638 -229 -135 58 1861 -13 -24 -67 -4 1 0 0 1 -9 0 8 -7 0 -1 4 -3 0 0 0 -2 0 0 1 0 0 0 -5 0 -1 0 -1 -2 0 0 0 0 1583836345
-16087017 -15508800 21974184 5029032 -7558764 -7587890 -1851565 -142264 120752 -126402 -43364 -26865 -3964 -58720 -11118 -3713 -7244 -3123 -978 -668 -222 -139 240 1740 -13 -23 -56 -4 3 4 0 3 -5 0 7 -7 0 0 1 -3 0 0 0 -2 0 0 0 -1 1 0 -2 0 0 0 0 -1 0 0 0 0 1583836345
-16088148 -15510471 21978046 5018340 -7885925 -7597404 -1820198 -142237 119326 -126326 -43331 -28138 -3995 -65792 -9566 -2119 -7401 -3379 -990 -335 -222 -205 -42 -272 -3 -26 -15 -6 1 0 0 1 -1 0 0 0 0 0 0 0 0 0 0 0 1 0 0 0 0 0 0 0 0 0 0 0 0 0 0 0 1583836345
-16089599 -15510050 21977458 5020259 -7874250 -7597324 -1820975 -142238 120627 -126329 -43331 -30222 -3997 -65449 -10912 -3690 -6551 -3124 -981 -670 -218 -142 -34 -321 -3 -26 -10 -4 1 0 0 1 -1 0 2 -1 0 0 0 0 0 0 0 0 0 0 0 0 0 0 0 0 0 0 0 0 0 0 0 0 1583836345
-16086563 -15508409 21972187 5050130 -7012698 -7581141 -1905892 -142317 118010 -126528 -43413 -26204 -3898 -42542 -8124 -703 5076 -3624 -1075 -403 -171 -209 2157 -453 -4 -33 -7 -5 1 0 0 1 3 0 5 -3 0 0 1 -2 0 0 -1 1 0 0 -1 0 0 0 0 0 0 0 0 0 0 0 0 0 1583836345
-16088667 -15505471 21957124 5254291 -1160689 -7481409 -2434165 -142713 119005 -127740 -43893 -23482 -3344 108877 46828 -820 -5777 39016 1753 -54654 -309 2469 7 -378 9 -53 -6 -19 -8 -15 0 -4 0 1 4 -3 0 1 -1 0 -1 0 0 0 0 1 -1 0 0 0 0 0 0 0 0 0 0 0 0 0 1583836345
-16089215 -15502907 21958777 5119733 -5254400 -7549085 -2059850 -141895 120547 -126882 -43546 -29817 -3742 2596 -10893 -3583 -8098 -3055 626 -586 -257 -123 32 -336 -2 -24 -11 -2 1 0 0 1 0 0 2 -1 1 0 0 0 0 0 0 0 0 0 0 0 0 0 0 0 0 0 0 0 0 0 0 0 1583836345
-16080326 -15503139 21962097 5022453 -7887121 -7588588 -1819851 -142276 115547 -126333 -43337 -18712 -3981 -65876 -4817 2442 -7430 -3407 -982 -387 -221 -298 7 -310 -2 -22 -12 -3 3 3 0 3 0 0 2 -1 0 0 0 0 0 0 0 0 0 0 0 0 0 0 0 0 0 0 0 0 0 0 0 0 1583836345
-16089205 -15501476 21954358 5154067 -4305513 -7532286 -2160583 -142544 120516 -127125 -43647 -29640 -3627 28662 -10835 -3503 17792 -3442 -1128 -872 -143 -219 11688 -533 -4 -54 0 1 0 0 0 1 1 0 10 -2 0 0 -1 -1 0 0 -1 1 0 0 -1 0 0 0 0 0 0 0 0 0 0 0 0 0 1583836345
-16086528 -15509087 21974738 5024122 -7748567 -7593912 -1832372 -142255 118029 -126355 -43343 -26043 -3978 -62206 -8617 -541 -6866 -3962 -1027 384 -220 -306 754 -310 -3 -27 -12 -6 1 0 0 1 -1 0 2 0 0 0 0 0 0 0 0 0 0 0 0 0 0 0 0 0 0 0 0 0 0 0 0 0 1583836345
-16091440 -15487479 21887970 5980507 19396887 -7125826 -4315429 -144174 119800 -132035 -45565 -25967 -1322 645237 -10637 -2518 5266 -2657 -1100 -726 -523 -20 329 -861 -1 -22 5 -1 1 0 0 2 4 0 9 -1 0 -1 7 -1 0 0 -2 1 0 0 -2 0 0 0 0 0 0 0 0 0 0 0 0 0 1583836345
-15932744 -15365962 21662776 5114244 -1142278 -7316822 -2435876 -142687 121162 -127696 -43878 -2702 -3294 109682 -3962 8431 -5773 -6912 -1224 4156 -300 -4152 95 -432 -3 33 -10 -18 -3 -16 0 -5 0 0 3 0 0 10 3 -1 0 0 0 0 0 0 0 0 0 0 0 0 0 0 0 0 0 0 0 0 1583836345
-16086339 -15497398 21947593 5116149 -5500814 -7550270 -2037335 -142469 117771 -126850 -43546 1270 -3719 -3818 3264 17886 -8051 -9984 -1396 8341 -250 -7452 366 -341 -4 74 -13 -29 -7 -28 0 -11 0 1 2 0 0 19 3 -1 0 0 0 0 0 0 0 0 0 0 0 0 0 0 0 0 0 0 0 0 1583836345
-15972206 -15421939 21775160 5145426 -6008402 -7485359 -751482 -140993 29298 -123392 -41843 116474 -4297 -79115 187494 104697 -9028 59016 3256 -81516 -205 2856 22 -181 18 -61 -10 -28 -15 -26 0 -9 -2 2 0 0 0 3 0 1 0 3 0 0 1 1 -1 0 0 0 0 0 -1 0 0 0 0 0 0 0 1583836345
-15950790 -15396413 21711619 5254482 32159 -7452549 563977 -138112 15590 -119301 -39540 -20538 -4883 -7127 -10943 -3444 -6393 -2756 -1010 -1165 -240 -99 -594 -337 -6 -24 -12 -6 1 0 0 1 -4 0 -1 -1 0 0 0 -1 0 0 0 0 -2 0 0 0 0 0 0 0 0 0 0 0 0 0 0 0 1583836345
-16089580 -15510257 21975296 5072637 -6315382 -7570774 -1810508 -142099 120705 -126232 -43241 -29296 -3926 -32236 -10926 -3642 -7190 -3078 -981 -659 -238 -133 -50 -280 -3 -25 -13 -4 4 0 0 1 -2 0 0 1 0 0 0 -1 0 0 0 0 0 0 0 0 0 0 0 0 0 0 0 0 0 0 0 0 1583836345
-15801945 -15284453 21480257 4900041 -7869543 -7506849 -1824928 -142625 -49594 -126135 -43303 4395 -3933 -65389 3453 11681 -1147 -2741 -1186 4519 -177 -3889 -388 -367 -11 16 -11 -17 -5 -11 0 -3 0 0 2 -2 0 7 1 3 0 0 1 0 3 0 0 0 0 -1 0 0 0 0 1 -1 0 0 0 0 1583836345
-16088163 -15510595 21977932 5025879 -7657855 -7593628 -1855755 -142274 119291 -126417 -43374 -28157 -3953 -58813 -9760 -2118 18477 -3994 -1187 -404 -98 -242 -684 -600 -7 -26 2 -5 2 0 0 2 11 0 4 0 0 -1 1 -5 -1 0 2 1 0 0 0 0 0 2 0 0 0 0 -2 1 0 0 0 0 1583836345
-14361369 -14191160 19032407 4545786 -5540277 -7399460 -2054939 -145186 -1178123 -125330 -43252 89183 -3518 -4217 83288 25601 35974 45116 2023 -65513 -40 2507 59 -614 -49 10 3 -18 -7 -16 0 -4 -7 0 -21 -13 -2 0 11 0 0 -1 0 0 -4 0 0 -2 1 0 0 0 0 0 0 0 0 0 0 0 1583836345
-16016802 -15456505 21857313 5007529 -7874483 -7582744 -1821104 -142397 65141 -126282 -43330 -9428 -3964 -65615 -569 6745 -7385 -3436 -975 -442 -220 -323 15 -309 -4 -11 -12 -7 1 -1 0 1 0 0 2 -1 0 0 0 0 0 0 0 0 0 0 0 0 0 0 0 0 0 0 0 0 0 0 0 0 1583836345
-16088426 -15508600 21970206 5098653 -5641608 -7559501 -903478 -140628 119305 -123708 -41921 -28097 -4381 -60318 -9488 -2114 -8832 -3336 -997 -341 -229 -246 0 -311 -2 -25 -12 -6 1 0 0 1 0 0 2 0 0 0 1 0 0 0 0 0 0 0 0 0 0 0 0 0 0 0 0 0 0 0 0 0 1583836345
-16085902 -15506485 21965892 5095966 -5675508 -7554350 -948320 -140704 120556 -123838 -41996 -25616 -4364 -62584 -11110 -3690 -8653 -3123 -983 -666 -228 -129 -194 -303 -2 -22 -13 -1 4 5 0 4 -2 0 1 -1 0 0 0 0 0 0 1 0 0 0 -1 0 0 0 0 0 -1 0 0 0 0 0 0 1 1583836345
-16089242 -15511351 21980050 5017708 -7874166 -7597251 -1820968 -142230 120694 -126327 -43330 -29299 -3995 -65464 -10969 -3701 -7263 -3112 -976 -663 -222 -141 66 -311 -3 -25 -12 -4 4 -1 0 1 0 0 2 -1 0 0 0 0 0 0 0 0 0 0 0 0 0 0 0 0 0 0 0 0 0 0 0 0 1583836345
-16085228 -15504116 21957577 5159588 -4014027 -7529517 -172280 -139375 116640 -121631 -40811 -23995 -4685 -59634 -6378 1004 5064 -3836 -1122 -229 -158 -304 -852 -106 -6 -22 -10 -4 2 1 0 2 -8 0 -4 2 0 -2 1 0 0 0 -1 2 0 0 2 0 0 0 0 0 0 0 1 -1 0 0 0 0 1583836345
-16080139 -15504023 21962072 5049543 -7134694 -7579695 -1185944 -141221 112864 -124553 -42400 -18996 -4287 -79543 -3224 4894 -7098 -4383 -1056 862 -210 -221 -192 -184 -3 -26 -16 -6 2 0 0 1 -3 0 1 0 0 0 1 2 0 0 0 1 0 0 0 0 0 0 0 0 0 0 0 0 0 0 0 0 1583836345
-16054052 -15484274 21918578 5047242 -7602752 -7569430 -1847209 -142431 92279 -126408 -43383 12768 -3906 -58597 17833 28846 -5448 -8048 -1252 5299 -208 -923 1509 -328 -3 -22 -10 -6 2 0 0 1 0 0 3 -1 0 0 0 0 0 0 0 0 0 0 0 0 0 0 0 0 0 0 0 0 0 0 0 0 1583836345
-16088366 -15508717 21970483 5106120 -5379475 -7554245 -2068982 -142443 119258 -126910 -43569 -27730 -3717 1166 -9526 -1966 36071 -4127 -1288 -719 -40 -322 6515 -769 -8 -45 13 -4 2 0 0 1 0 0 0 -13 0 -1 6 -1 0 0 -1 2 -2 0 -3 0 0 1 0 0 0 0 0 0 0 0 0 0 1583836345
-15939328 -14172625 19261717 7046164 -5461346 -6766713 -448773 -146903 120588 -124595 -41862 -30256 -4615 -76949 -10777 -3650 -10116 -3109 620 -578 -222 -123 -198 -291 -2 122 -15 297 -60 -8 0 1 0 0 3 0 1 0 -1 0 0 0 0 0 0 0 0 0 0 0 0 0 0 0 1 -1 0 0 0 0 1583836345
-16088295 -15509612 21974473 5055355 -6849908 -7579840 -1473623 -141615 119330 -125328 -42789 -27944 -4132 -59667 -9510 -2015 -8246 -3411 -995 -250 -228 -301 -8 -260 -3 -24 -13 -6 1 0 0 1 -1 0 0 1 0 0 0 -1 0 0 0 0 0 0 0 0 0 0 0 0 0 0 0 0 0 0 0 0 1583836345
-16089743 -15508413 21971079 5080317 -6207809 -7569139 -1026317 -140865 120576 -124072 -42123 -30190 -4344 -66763 -10831 -3655 -5795 -3142 -996 -672 -211 -147 2313 -293 -2 -32 -12 -4 1 0 0 1 -3 0 1 0 0 0 0 0 0 0 0 0 0 0 0 0 0 0 0 0 0 0 0 0 0 0 0 0 1583836345
-16088159 -15510457 21977875 5021426 -7795561 -7595874 -1833593 -142251 119322 -126360 -43347 -28132 -3979 -63094 -9571 -2111 2940 -3577 -1066 -430 -172 -223 -548 -343 -5 -25 -9 -6 1 0 0 1 -3 0 0 7 0 0 -1 0 0 0 5 0 0 0 3 0 0 0 0 1 2 0 -2 0 0 0 0 0 1583838187
-14671178 -14434920 19562974 4808330 947847 -7361487 1735078 -137958 -943920 -114762 -37515 -47063 -5480 -41598 -10295 -2474 -2157 -2143 -1018 -1769 -198 -178 705 -418 -46 -35 -11 -6 1 -1 0 1 -8 0 -1 -2 -1 -1 5 2 0 0 1 1 -1 -1 0 0 0 0 0 0 0 0 0 0 0 0 0 0 1583838187
-16089305 -15498169 21929156 5496527 5453397 -7371181 3227750 -133309 118914 -111869 -35525 -27569 -6066 -14076 -9354 -1778 602 -3824 -1167 -84 -195 -211 -175 -389 -3 -27 -10 -5 1 0 0 1 -5 0 -4 1 -1 -1 6 -1 0 0 -1 0 -2 0 0 0 0 0 0 0 0 0 0 0 0 0 0 0 1583838187
-16088148 -15510442 21977939 5019426 -7854391 -7596870 -1824281 -142241 119319 -126337 -43336 -27972 -3989 -64881 -9510 -2007 -2804 -3509 -1028 -285 -200 -246 -299 -284 -4 -25 -11 -6 1 0 0 1 -5 0 0 3 0 0 0 0 0 0 0 0 0 0 -1 0 0 0 0 0 0 0 0 0 0 0 0 0 1583838187
-16086596 -15509084 21975099 5018274 -7879711 -7594640 -1821793 -142243 119431 -126332 -43334 -26265 -3990 -65570 -8754 -677 -4437 -4004 -1047 365 -207 -168 -167 -286 -3 -27 -12 -6 2 0 0 1 -1 0 1 1 0 0 0 0 0 0 -1 0 0 0 0 0 0 0 0 0 0 0 0 0 0 0 0 0 1583838187
-16085244 -15503423 21954913 5186307 -3260981 -7516535 -130593 -139255 116587 -121482 -40713 -23778 -4677 -45358 -7435 1140 -8606 -4476 -1084 1065 -233 -380 -215 -333 -2 -23 -11 -6 1 0 0 1 0 0 1 -2 0 0 0 -1 0 0 0 0 0 0 0 0 0 0 0 0 0 0 0 0 0 0 0 0 1583838187
-16085093 -15506547 21966184 5088024 -5974018 -7562789 -1305736 -141302 116704 -124830 -42511 -24316 -4175 -48668 -7033 745 -7877 -3793 -1023 203 -231 -222 -88 -323 -2 -26 -12 -6 2 0 0 1 0 0 2 0 0 0 1 0 0 0 0 0 0 0 0 0 0 0 0 0 0 0 0 0 0 0 0 0 1583838187
-16009796 -14797917 20529385 6139628 -5404609 -7135418 -870297 -144582 120571 -124749 -42179 -30134 -4386 -56103 -10805 -3630 -7747 -3105 -992 -662 -226 -131 -235 -276 -2 -17 -12 12 -1 -1 0 1 -4 0 0 -1 0 0 0 0 0 0 -1 0 0 0 0 0 0 0 0 0 0 0 0 0 0 0 0 0 1583838187
-16088169 -15503777 21960874 5101279 -5730447 -7558197 -1464765 -141547 119176 -125270 -42733 -14515 -4063 -35928 -4124 7107 -8446 -6825 -1203 4063 -238 -3803 -51 -278 -3 25 -14 -17 -2 -14 0 -4 -1 0 0 1 0 9 1 -2 0 0 0 0 0 0 0 0 0 0 0 0 0 0 0 0 0 0 0 0 1583838187
-16090034 -15505160 21958297 5204015 -2759935 -7510620 273481 -138565 120470 -120351 -40119 -30067 -4888 -56558 -10696 -3581 -8784 -3110 -1012 -659 -223 -121 -539 3178 -19 -23 -103 -6 1 0 0 0 -22 0 16 -12 -1 -1 3 -6 -1 0 0 -5 3 0 0 0 0 -1 -6 2 0 0 -3 -2 0 0 0 0 1583838187
-15688084 -15173110 21262811 4646548 -7831121 -7196537 -1827453 -142117 112584 -126193 -43293 -17584 -3962 -64350 -9466 1095 -1631 -4737 -1104 1079 -193 -259 -247 -303 -4 -10 -12 -1 4 6 0 4 -2 0 0 3 0 0 0 0 0 0 0 0 0 0 0 0 0 0 0 1 2 0 -1 0 0 0 0 0 1583838187
-16089134 -15505941 21969147 5025816 -7886313 -7595095 -1820220 -142261 120627 -126334 -43332 -30225 -3998 -65759 -10914 -3692 -7138 -3113 -977 -664 -221 -141 -52 -302 -3 -24 -12 -1 0 0 0 1 0 0 1 -1 0 0 0 0 0 0 0 0 1 0 0 0 0 0 0 0 1 0 -1 0 0 0 0 0 1583838187
-16088165 -15510479 21978047 5018728 -7874144 -7597218 -1821076 -142237 119332 -126328 -43331 -27965 -3994 -65468 -9266 -2009 -7116 -3245 -983 -517 -221 -242 59 -313 -3 -25 -12 -6 1 0 0 1 0 0 2 -1 0 0 0 0 0 0 0 0 0 0 0 0 0 0 0 0 0 0 0 0 0 0 0 0 1583838187
-16089755 -15508768 21971856 5085903 -5998369 -7565039 -2007394 -142393 120567 -126767 -43510 -29901 -3792 -15815 -10834 -3566 23372 -3630 -1201 -992 -96 -201 -1425 -25 -11 -24 -16 -3 1 0 0 0 -12 0 -13 23 0 0 -5 -9 -2 0 -8 0 0 1 6 -3 2 3 0 0 1 0 0 1 0 0 0 0 1583838187
-16088239 -15509542 21974493 5049175 -7043807 -7583354 -1110510 -141058 119310 -124337 -42282 -28245 -4338 -81017 -9531 -2149 -8822 -3367 -991 -336 -219 -194 -107 -271 -2 -26 -13 -6 1 0 0 1 0 0 0 0 0 0 0 1 0 0 -1 0 0 0 0 0 0 0 0 0 0 0 0 0 0 0 0 0 1583838187
-16073279 -15495067 21942089 5074793 -6663955 -7564957 -1346906 -141494 107673 -124986 -42614 -9673 -4164 -61737 3753 11769 -5932 -4719 -1072 1179 -212 -671 -119 -196 -3 -20 -17 -7 1 -1 0 0 -2 0 -2 0 0 0 0 0 0 0 -2 0 1 0 1 0 0 0 0 0 0 0 0 0 0 0 0 0 1583838187
-16086892 -15481966 21916201 5144257 -5462338 -7541105 -924233 -140501 120552 -123807 -41970 -30163 -4383 -62603 -10820 -3645 -5273 -3283 6816 -395 -192 -131 -414 -265 -3 -23 -13 0 0 0 0 1 -5 0 0 -1 16 0 1 1 0 0 1 0 2 0 -3 -1 0 0 0 0 -2 0 0 1 0 1 1 2 1583838187
-16074243 -15479181 21889011 5524756 6099364 -7322170 2746688 -134097 124341 -113203 -36199 1454 -5729 21434 -12276 -3629 -1501 -3397 -1115 -825 -226 -94 -1231 -482 -3 52 -10 13 12 25 0 -38 -2 -22 -4 -6 -1 -1 7 0 0 1 1 0 -2 0 -1 0 0 0 0 0 0 0 0 0 0 0 0 0 1583838187
-16078011 -15486691 21910075 5403443 2711604 -7389662 2709396 -134383 123498 -113441 -36409 -6323 -5885 -50082 -11871 -3683 767 -3458 -1123 -834 -179 -119 -1270 -406 -4 33 -10 8 9 18 0 -28 -5 -16 -6 -3 -1 -1 7 0 0 0 -2 1 0 0 -1 0 0 0 0 0 0 0 0 0 0 0 0 0 1583838187
-16081795 -15502237 21961114 5021336 -7863037 -7579385 -1826978 -142278 122812 -126362 -43349 -15046 -3963 -64959 -11842 -3826 831 -3361 -1034 -792 -182 -154 -440 -343 -5 10 -10 3 7 11 0 -17 0 -10 1 0 0 0 0 1 0 0 0 0 3 0 -1 0 0 -1 0 -2 -1 0 0 0 0 -1 0 0 1583838187
-16084598 -15504121 21962482 5070890 -6457398 -7561986 -1075144 -140977 122039 -124227 -42211 -20103 -4313 -70080 -11463 -3762 -5023 -3234 -1006 -719 -206 -138 -320 -235 -4 -1 -12 0 5 7 0 -11 -3 -6 0 0 0 0 0 2 0 0 0 0 2 0 0 -1 0 -1 0 0 0 0 0 0 0 0 0 0 1583838187
-16006014 -15411433 21772163 5055079 -7858170 -7403898 -1827163 -142675 141411 -126534 -43447 124459 -3723 -65692 -20451 -5226 1115 -4263 -1027 -1169 -181 -111 -516 -244 -7 363 -19 88 55 128 0 -197 0 -110 1 4 0 0 -2 2 0 5 1 -1 0 -2 -1 -1 0 0 0 0 0 0 1 -1 0 0 0 0 1583838187
-16088359 -15508293 21969382 5102990 -5525445 -7557397 -899397 -140614 119257 -123693 -41912 -28058 -4381 -59088 -9267 -2076 -8806 -3196 -988 -530 -230 -180 -194 -268 -2 -26 -14 -6 1 0 0 1 -3 0 1 1 0 0 -1 0 0 0 0 0 0 0 0 0 0 0 0 0 0 0 1 -1 0 0 0 0 1583838187
-16089603 -15510108 21977594 5019777 -7885940 -7597554 -1820299 -142238 120627 -126328 -43330 -30225 -3998 -65773 -10914 -3692 -7251 -3111 -977 -663 -221 -140 -50 -263 -3 -26 -13 -4 1 0 0 1 -1 0 0 0 0 0 0 0 0 0 -1 0 2 0 0 0 0 0 0 0 0 0 0 0 0 0 0 0 1583838187
-16087974 -15505582 21968200 5024986 -7878304 -7594896 -1822651 -142268 119212 -126347 -43345 -14318 -3972 -65557 -138 5511 -3715 -644 -1214 6456 -184 -4211 -263 -341 -4 -32 -11 -20 -9 -13 0 -4 0 1 2 -1 0 9 1 2 0 0 0 0 1 0 0 0 0 0 0 0 1 0 0 0 0 0 0 0 1583838187
-16088014 -15505705 21968416 5025646 -7854772 -7594572 -1824297 -142268 119246 -126350 -43345 -14784 -3970 -64994 -3859 6974 -3924 -6623 -1208 3679 -202 -3778 -249 -284 -4 24 -9 -17 -2 -14 0 -4 -4 0 0 3 0 9 0 0 0 0 0 0 0 0 0 0 0 0 0 1 2 0 -1 0 0 0 0 0 1583838187
-16081938 -15489805 21927468 5200789 -3016909 -7493281 310942 -138583 124484 -120294 -40099 6059 -4856 -61212 5952 21558 -2997 -10980 -1583 10944 -186 -6891 -638 -125 -6 56 -19 -26 -7 -25 0 -9 -3 1 -3 -2 -1 17 5 1 1 0 0 1 0 0 1 0 0 0 0 0 0 0 0 0 0 0 0 0 1583838187
-16088409 -15510489 21978236 5017685 -7874178 -7595831 -1820970 -142233 120748 -126328 -43331 -28470 -3994 -65473 -11024 -3708 -7603 -3115 -973 -665 -223 -139 85 -306 -2 -25 -12 -4 2 1 0 2 0 0 2 -1 0 0 0 0 0 0 0 0 0 0 0 0 0 0 0 0 0 0 0 0 0 0 0 0 1583838187
-16087649 -15506211 21969367 5024751 -7858670 -7594690 -1827696 -142272 118919 -126361 -43353 -15630 -3969 -64920 4087 2384 2950 7461 -1222 8904 -131 -4256 -652 -210 -6 -110 -14 -21 -16 -11 0 -4 -2 1 -2 8 0 8 0 0 -3 0 0 -1 0 0 -3 -2 0 -1 0 0 -1 -1 0 0 0 0 0 0 1583838187
-16087867 -15494212 21944869 5051662 -7634685 -7584126 -1601359 -141963 120620 -125740 -43014 -30244 -4104 -70619 -10896 -3691 -7567 -3113 -978 -661 -220 -139 -78 -292 -3 -21 -13 4 0 0 0 1 0 0 0 -1 0 0 0 1 0 0 0 0 0 0 0 0 0 0 0 0 0 0 0 0 0 0 0 0 1583838187
-15944713 -15399032 21728912 4992460 -7306697 -7575784 -1471960 -141871 11684 -125212 -42780 -21001 -4139 -69726 -9824 -3877 -7217 -2058 -907 -2164 -219 -72 -92 -303 -7 -20 -10 -7 1 -1 0 1 -2 0 0 -1 0 0 0 1 0 0 1 0 0 0 1 0 0 0 0 0 0 0 0 0 0 0 0 0 1583838187
-16089378 -15496830 21924189 5537102 6552850 -7352891 4314276 -131517 118858 -108834 -33933 -27738 -6606 -43160 -8563 -1827 -4297 -3203 -1115 -785 -202 -118 -1516 -207 -3 -25 -18 -6 1 0 0 1 -7 0 -8 -1 0 -1 2 0 0 0 -4 0 0 0 -1 0 0 1 0 -2 0 0 -1 0 0 0 0 0 1583838187
-16088511 -15505483 21959276 5191925 -3065956 -7515354 16480 -138994 119180 -121069 -40493 -27875 -4751 -47846 -8691 -1974 -4425 -2951 -1017 -1008 -211 -170 -216 -247 -3 -25 -14 -4 2 1 0 2 -4 0 -3 0 0 -2 2 0 0 0 -2 0 0 0 0 0 0 0 0 0 0 0 0 0 0 0 0 0 1583838187
-16088615 -15505861 21959453 5204140 -2690084 -7509232 -49276 -139064 119176 -121246 -40606 -28135 -4747 -54259 -9425 -2120 -7215 -3348 -1025 -404 -222 -154 -477 -266 -3 -26 -12 -6 1 0 0 1 -5 0 0 3 0 0 -2 0 0 0 -1 0 -2 0 0 0 0 0 0 0 0 0 0 0 0 0 0 0 1583838187
-16088158 -15510521 21978148 5018270 -7886060 -7597435 -1820094 -142237 119333 -126326 -43330 -28248 -3995 -65780 -9611 -2194 -7317 -3352 -989 -368 -221 -176 -38 -302 -3 -26 -12 -6 1 0 0 1 -1 0 1 0 0 0 0 0 0 0 2 0 0 0 0 0 0 0 0 0 0 0 1 -1 0 0 0 0 1583838187
-16081591 -15501809 21955639 5098703 -5816678 -7556852 -1036992 -140894 114075 -124093 -42129 -20048 -4295 -57524 -3678 3992 14380 -4363 -1188 112 -115 -384 163 -551 -6 -27 -3 -5 1 -1 0 1 0 0 -3 -6 0 0 5 2 0 0 -1 0 -2 0 -1 0 0 0 0 0 0 0 0 0 0 0 0 0 1583838187
-16086390 -15489513 21901329 5692258 10806166 -7277698 5511557 -129342 116157 -105366 -32041 -23174 -7049 -11074 -5076 1507 -2195 -3341 -1158 -713 -204 -249 -1580 -369 -2 -23 -8 -6 1 -1 0 1 -5 0 -6 -5 0 0 2 0 0 0 -1 -1 -2 0 -2 0 0 0 0 0 0 0 0 0 0 0 0 1 1583838187
-11138435 -11608985 13286161 4241035 -2215768 -6691680 -28006 -149281 -3609731 -117698 -40238 949479 -3140 -36002 693875 541617 -7726 97982 6714 -140267 -121 -6396 541 -157 -95 176 -9 -53 -31 -55 0 -22 -3 3 -1 -4 -1 43 7 0 0 -4 0 0 -1 4 0 1 -1 -1 0 -1 -1 -2 0 0 0 0 0 0 1583838187
-16023539 -15446796 21828144 5242220 -1946428 -7472532 32542 -139115 69651 -120971 -40438 15721 -4628 -24352 3780 11984 8419 -4239 -1145 -162 -156 -721 -78 -164 -8 -4 -14 -8 0 -2 0 0 -8 0 -9 3 0 0 3 -4 0 0 -5 1 -2 0 0 0 0 0 0 0 0 0 0 0 0 0 0 0 1583838187
-16065851 -15467673 21849789 5785324 13338744 -7226516 5218299 -129694 100293 -106065 -32346 -3656 -6736 57143 -5233 2696 -1413 -3692 -1180 -313 -235 -215 67 -569 -2 -20 -4 -6 1 -1 0 1 -1 0 14 -4 1 1 -12 3 0 0 2 1 1 0 1 0 0 0 0 1 0 0 -1 0 0 0 0 0 1583838187
-16089533 -15495229 21918014 5601181 8365568 -7321555 4218456 -131536 118836 -109022 -33983 -27517 -6459 1213 -8837 -1771 9410 -3629 -1231 -648 -157 -164 -1645 -207 -6 -25 -16 -5 1 0 0 1 -7 0 -6 2 -1 -1 5 -3 0 0 -6 2 -1 0 0 0 0 0 0 0 0 0 0 0 0 0 0 0 1583838187
-15916558 -15376895 21680863 4961262 -7883238 -7584334 -1821945 -142504 -9252 -126172 -43299 -19940 -3974 -65692 -11442 -3701 -4277 -3001 -980 -1048 -207 -139 -215 -293 -9 -24 -12 -6 1 0 0 1 -2 0 -1 0 0 0 0 3 0 0 0 0 0 0 0 0 0 0 0 0 1 0 -1 0 0 0 0 0 1583838187
-16086489 -15508977 21974737 5019601 -7886036 -7596158 -1820201 -142247 118036 -126327 -43332 -26252 -3992 -65782 -8263 -685 -7253 -3572 -1001 -100 -221 -212 1 -313 -3 -26 -12 -6 1 0 0 1 0 0 2 -1 0 0 0 0 0 0 0 0 0 0 0 0 0 0 0 0 0 0 0 0 0 0 0 0 1583838187
-15729511 -12276353 15380648 10506575 15002438 -5309199 7815130 -141885 120009 -104002 -29988 -29537 -8066 -21426 -9859 -3152 -1307 -3394 4081 -575 -177 -70 -2353 -473 -3 357 -14 769 -157 -20 0 0 -5 0 -11 -11 3 -1 4 -1 0 0 1 0 -4 0 -2 0 0 0 0 0 0 0 0 0 0 0 0 0 1583838187
-16051811 -15468504 21887303 5080813 -6428377 -7507279 -1421556 -141665 119529 -125224 -42730 25898 -4046 -53240 -12490 -2501 -7901 -3514 -978 -748 -230 -208 61 -312 -3 99 -14 22 18 39 0 -60 0 -34 1 -2 0 0 1 0 0 1 0 0 0 0 0 0 0 0 0 0 0 0 0 0 0 0 0 0 1583838187
-16049374 -15481769 21913860 5003623 -7885960 -7595038 -1819939 -142289 90212 -126286 -43320 -28881 -3995 -65779 -10510 -3661 -7105 -2705 -950 -1208 -221 -116 -35 -314 -4 -23 -12 -6 1 0 0 1 0 0 2 0 0 0 0 0 0 0 0 1 0 0 1 0 0 0 0 0 0 0 0 0 0 0 0 0 1583838187
-16087487 -15491333 21939537 5046967 -7888141 -7586482 -1819910 -142344 120628 -126357 -43338 -30225 -3998 -65814 -10914 -3692 -7073 -3114 -978 -665 -221 -141 -60 -263 -3 -26 -13 -4 1 0 0 1 -2 0 0 1 0 0 0 0 0 0 0 0 0 0 0 0 0 0 0 0 0 0 0 0 0 0 0 0 1583838187
-16089819 -15510532 21976928 5045854 -7115303 -7585621 -1170046 -141150 120574 -124504 -42370 -29368 -4310 -79779 -10915 -3697 -7769 -3130 -984 -665 -215 -138 -156 -214 -3 -27 -15 -6 1 0 0 1 -2 0 1 2 0 0 0 0 0 0 0 0 0 0 0 0 0 0 0 0 0 0 0 0 0 0 0 0 1583838187
-16089726 -15510813 21978636 5025548 -7692016 -7594868 -1649929 -141950 120621 -125850 -43079 -30235 -4078 -69519 -10889 -3683 -2155 -3211 -1016 -720 -194 -152 -378 -372 -4 -26 -9 -6 1 0 0 1 0 0 0 -1 0 0 1 5 1 0 0 -2 -1 0 0 0 0 0 0 0 0 0 0 -1 0 0 0 0 1583838187
-16086930 -15507037 21967021 5097055 -5697132 -7557830 -966353 -140737 119272 -123886 -42018 -26454 -4351 -60069 -9438 -2058 -8770 -3289 -993 -434 -228 -199 -191 313 -5 -24 -29 -5 2 1 0 2 -6 0 2 -3 0 0 0 0 0 0 0 0 0 0 0 0 0 0 0 0 1 0 -1 0 0 0 0 0 1583838187
-16089728 -15508137 21970330 5085743 -6055963 -7566316 -1171254 -141082 120569 -124472 -42339 -30175 -4275 -64054 -10823 -3643 3572 -3318 -1067 -784 -168 -161 -390 -343 -5 -26 -10 -4 1 0 0 1 -5 0 -6 -1 0 -1 1 0 0 0 -3 0 0 0 -1 0 0 1 0 0 0 0 0 0 0 0 0 0 1583838187
-16086642 -15507905 21970124 5067608 -6542460 -7573526 -1241163 -141235 117997 -124677 -42446 -25947 -4240 -63920 -6603 -516 -8149 -2449 -932 -1529 -225 -196 227 -293 -2 -26 -13 -6 1 -1 0 1 -1 0 0 -1 0 0 1 0 0 1 0 0 0 -1 0 0 0 0 0 0 0 0 0 0 0 0 0 0 1583838187
-16088176 -15510645 21978412 5017868 -7892669 -7597620 -1819233 -142235 119335 -126324 -43330 -28153 -3995 -65929 -9578 -2128 -4773 -3430 -1009 -361 -209 -215 -194 -347 -3 -26 -10 -6 1 0 0 1 0 0 4 0 0 0 1 3 0 0 0 -1 -1 0 0 0 0 -1 -2 0 2 0 1 2 0 0 0 0 1583838187
-16089188 -15506383 21969993 5026242 -7854877 -7594827 -1824187 -142263 120626 -126344 -43336 -30217 -3993 -64882 -10907 -3686 -3827 -3174 -1001 -700 -205 -148 -238 -276 -4 -24 -11 0 0 0 0 1 -4 0 0 3 0 0 0 0 0 0 0 0 0 0 0 0 0 0 0 1 2 0 -1 0 0 0 0 0 1583838187
-16088192 -15509904 21975742 5043584 -7166966 -7585003 -1885532 -142287 119292 -126477 -43392 -27829 -3929 -48582 -9363 -1949 -6705 -3339 -994 -374 -227 -235 -99 -249 -3 -25 -14 -6 1 0 0 1 -4 0 1 0 0 0 -1 0 0 0 0 0 0 0 0 0 0 1 0 1 0 0 0 0 0 0 0 0 1583838187
-16090223 -15503042 21950044 5280854 -632947 -7474738 1420868 -136603 120404 -117102 -38384 -30045 -5398 -62683 -10580 -3537 -7142 -3155 -1039 -679 -214 -121 -86 -343 -2 -27 -12 -4 1 0 0 1 -4 0 0 -3 0 0 0 2 0 0 2 0 0 0 1 0 0 0 0 -1 0 0 0 0 0 0 0 0 1583838187
-16085459 -15505501 21962153 5127229 -4821675 -7541777 -662110 -140194 118705 -123010 -41541 -25313 -4466 -53799 -8076 207 -6831 -4188 -1068 757 -221 550 866 -310 -2 -40 -11 -3 3 2 0 3 -2 0 0 -1 0 -3 2 0 0 0 1 0 0 0 0 0 0 0 0 0 0 0 0 0 0 0 0 0 1583838187
-16086808 -15504350 21964659 5042335 -7402911 -7586147 -1686214 -142023 118251 -125951 -43129 -13405 -4022 -61982 -3380 8028 -7181 -7015 -1225 4554 -218 -3658 -110 -14 -5 20 -21 -17 -2 -13 0 -4 -4 0 1 -1 0 8 2 0 0 0 0 0 0 0 0 0 0 0 1 0 0 0 1 0 0 0 0 0 1583838187
-16077187 -15475875 21898262 5226027 -2727116 -7479310 266623 -138709 121675 -120435 -40171 38140 -4769 -52656 20354 43672 -3140 -18118 -2047 20997 -182 -14027 -418 -240 -7 150 -16 -48 -17 -52 0 -22 -4 3 -2 7 -1 37 5 -7 0 -1 -3 0 -2 0 0 0 0 1 0 0 0 0 0 0 0 0 0 0 1583838187
-16081586 -15487088 21917398 5287878 -867669 -7467743 50360 -138877 113629 -120918 -40369 10658 -4608 -2424 13957 21941 -4597 -2125 -1593 15479 -199 -8489 -660 -389 -4 -15 -10 -33 -18 -28 0 -11 -4 2 -1 -5 0 20 3 0 -1 0 0 0 -2 0 -1 0 0 0 0 0 0 -1 0 0 0 0 0 0 1583838187
-16086850 -15477440 21902647 5234285 -3047101 -7498872 93565 -139029 120479 -120902 -40394 -30037 -4794 -51050 -10700 -3572 -3840 -3188 -1040 -709 -207 -133 -436 -379 -3 -13 -9 20 -3 -1 0 1 -3 0 -1 -3 0 -1 4 0 0 0 0 0 -1 0 0 0 0 0 0 0 0 0 0 0 0 0 0 0 1583838187
-16088154 -15510454 21978002 5018631 -7878177 -7597264 -1822419 -142240 119331 -126333 -43334 -28137 -3992 -65549 -9589 -2115 -2580 -3493 -1027 -356 -198 -221 -314 -176 -4 -25 -14 -6 1 0 0 1 -5 0 2 1 0 0 0 1 0 0 1 0 -2 0 0 0 0 0 0 1 0 0 -1 0 0 0 0 0 1583838187
-15839362 -15319919 21547211 5184616 -6321290 -7397054 -502941 -141204 -64110 -122761 -41569 254344 -4214 -96119 168482 208697 -10321 -41278 -3119 46358 -163 -4726 -188 -344 -7 24 -14 -1 7 2 0 2 -1 0 3 0 0 2 1 1 0 0 0 0 0 0 0 0 0 0 0 0 0 0 0 0 0 0 0 0 1583838187
-16062055 -15246005 21421285 5805927 3784060 -7249674 2518168 -135432 120275 -114302 -36730 -29731 -5778 -19393 -10436 -3409 -7596 -3146 321 -627 -232 -97 -933 -416 -1 91 -12 232 -47 -6 0 1 3 0 6 -3 0 0 -3 -2 0 0 0 0 0 0 -2 1 0 1 0 1 0 0 0 0 0 0 0 0 1583838187
-15881855 -15321570 21555464 5306065 5818253 -7154409 2007612 -135111 120110 -115133 -37220 -24700 -5390 48864 -6609 -5740 625 -2913 -1090 -1384 -231 -69 -1071 -514 -3 -23 -4 -5 1 0 0 1 0 0 6 -4 0 0 -3 0 0 1 -2 1 0 -1 -1 1 0 0 0 0 0 0 1 -1 0 0 0 0 1583838187
-16087983 -15505623 21968225 5026234 -7839846 -7594270 -1833237 -142281 119220 -126376 -43359 -14608 -3958 -64046 -3276 6731 8733 -5796 -1315 4432 -137 -3921 -763 -519 -6 12 -2 -17 -4 -14 0 -4 4 0 5 -3 0 9 2 0 0 0 1 1 2 0 1 0 0 0 0 0 0 0 2 -2 0 0 0 0 1583838187
-16089600 -15510031 21977388 5020951 -7854685 -7596983 -1824075 -142242 120626 -126338 -43334 -30217 -3993 -64890 -10907 -3686 -3867 -3173 -1001 -700 -205 -148 -237 -281 -4 -25 -13 -4 1 0 0 1 -4 0 0 4 0 0 0 0 0 0 0 0 1 0 -1 0 0 0 0 0 0 0 0 0 0 0 0 0 1583838187
-16088196 -15503758 21960398 5114888 -5313042 -7550705 -2074967 -142475 119153 -126938 -43585 -14130 -3691 2763 -3950 7285 37497 -7569 -1522 3649 -33 -3953 749 -777 -11 20 -2 -16 -2 -14 0 -5 -3 1 -25 -23 -2 7 16 0 1 0 5 0 -5 0 -2 -1 0 0 0 0 0 0 0 0 0 0 0 0 1583838187
-16087683 -15505962 21968429 5034372 -7587323 -7589994 -1848349 -142284 118942 -126403 -43366 -15999 -3946 -57996 -3139 5409 -4373 -3957 -1195 4584 -201 -3594 31 -329 -4 -4 -12 -17 -4 -12 0 -4 -1 1 -1 -3 0 8 3 0 0 0 0 0 0 0 0 0 0 0 0 0 0 0 0 0 0 0 0 0 1583838187
-16089401 -15508322 21973981 5022188 -7891341 -7596589 -1819101 -142247 120628 -126328 -43332 -30236 -4003 -67186 -10920 -3698 -9609 -3072 -962 -638 -229 -135 58 1861 -13 -24 -67 -4 1 0 0 1 -9 0 8 -7 0 -1 4 -3 0 0 0 -2 0 0 1 0 0 0 -5 0 -1 0 -1 -2 0 0 0 0 1583838187
-16087017 -15508800 21974184 5029032 -7558764 -7587890 -1851565 -142264 120752 -126402 -43364 -26865 -3964 -58720 -11118 -3713 -7244 -3123 -978 -668 -222 -139 240 1740 -13 -23 -56 -4 3 4 0 3 -5 0 7 -7 0 0 1 -3 0 0 0 -2 0 0 0 -1 1 0 -2 0 0 0 0 -1 0 0 0 0 1583838187
-16088148 -15510471 21978046 5018340 -7885925 -7597404 -1820198 -142237 119326 -126326 -43331 -28138 -3995 -65792 -9566 -2119 -7401 -3379 -990 -335 -222 -205 -42 -272 -3 -26 -15 -6 1 0 0 1 -1 0 0 0 0 0 0 0 0 0 0 0 1 0 0 0 0 0 0 0 0 0 0 0 0 0 0 0 1583838187
-16089599 -15510050 21977458 5020259 -7874250 -7597324 -1820975 -142238 120627 -126329 -43331 -30222 -3997 -65449 -10912 -3690 -6551 -3124 -981 -670 -218 -142 -34 -321 -3 -26 -10 -4 1 0 0 1 -1 0 2 -1 0 0 0 0 0 0 0 0 0 0 0 0 0 0 0 0 0 0 0 0 0 0 0 0 1583838187
-16086563 -15508409 21972187 5050130 -7012698 -7581141 -1905892 -142317 118010 -126528 -43413 -26204 -3898 -42542 -8124 -703 5076 -3624 -1075 -403 -171 -209 2157 -453 -4 -33 -7 -5 1 0 0 1 3 0 5 -3 0 0 1 -2 0 0 -1 1 0 0 -1 0 0 0 0 0 0 0 0 0 0 0 0 0 1583838187
-16088667 -15505471 21957124 5254291 -1160689 -7481409 -2434165 -142713 119005 -127740 -43893 -23482 -3344 108877 46828 -820 -5777 39016 1753 -54654 -309 2469 7 -378 9 -53 -6 -19 -8 -15 0 -4 0 1 4 -3 0 1 -1 0 -1 0 0 0 0 1 -1 0 0 0 0 0 0 0 0 0 0 0 0 0 1583838187
-16089215 -15502907 21958777 5119733 -5254400 -7549085 -2059850 -141895 120547 -126882 -43546 -29817 -3742 2596 -10893 -3583 -8098 -3055 626 -586 -257 -123 32 -336 -2 -24 -11 -2 1 0 0 1 0 0 2 -1 1 0 0 0 0 0 0 0 0 0 0 0 0 0 0 0 0 0 0 0 0 0 0 0 1583838187
-16080326 -15503139 21962097 5022453 -7887121 -7588588 -1819851 -142276 115547 -126333 -43337 -18712 -3981 -65876 -4817 2442 -7430 -3407 -982 -387 -221 -298 7 -310 -2 -22 -12 -3 3 3 0 3 0 0 2 -1 0 0 0 0 0 0 0 0 0 0 0 0 0 0 0 0 0 0 0 0 0 0 0 0 1583838187
-16089205 -15501476 21954358 5154067 -4305513 -7532286 -2160583 -142544 120516 -127125 -43647 -29640 -3627 28662 -10835 -3503 17792 -3442 -1128 -872 -143 -219 11688 -533 -4 -54 0 1 0 0 0 1 1 0 10 -2 0 0 -1 -1 0 0 -1 1 0 0 -1 0 0 0 0 0 0 0 0 0 0 0 0 0 1583838187
-16086528 -15509087 21974738 5024122 -7748567 -7593912 -1832372 -142255 118029 -126355 -43343 -26043 -3978 -62206 -8617 -541 -6866 -3962 -1027 384 -220 -306 754 -310 -3 -27 -12 -6 1 0 0 1 -1 0 2 0 0 0 0 0 0 0 0 0 0 0 0 0 0 0 0 0 0 0 0 0 0 0 0 0 1583838187
-16091440 -15487479 21887970 5980507 19396887 -7125826 -4315429 -144174 119800 -132035 -45565 -25967 -1322 645237 -10637 -2518 5266 -2657 -1100 -726 -523 -20 329 -861 -1 -22 5 -1 1 0 0 2 4 0 9 -1 0 -1 7 -1 0 0 -2 1 0 0 -2 0 0 0 0 0 0 0 0 0 0 0 0 0 1583838187
-15932744 -15365962 21662776 5114244 -1142278 -7316822 -2435876 -142687 121162 -127696 -43878 -2702 -3294 109682 -3962 8431 -5773 -6912 -1224 4156 -300 -4152 95 -432 -3 33 -10 -18 -3 -16 0 -5 0 0 3 0 0 10 3 -1 0 0 0 0 0 0 0 0 0 0 0 0 0 0 0 0 0 0 0 0 1583838187
-16086339 -15497398 21947593 5116149 -5500814 -7550270 -2037335 -142469 117771 -126850 -43546 1270 -3719 -3818 3264 17886 -8051 -9984 -1396 8341 -250 -7452 366 -341 -4 74 -13 -29 -7 -28 0 -11 0 1 2 0 0 19 3 -1 0 0 0 0 0 0 0 0 0 0 0 0 0 0 0 0 0 0 0 0 1583838187
-15972206 -15421939 21775160 5145426 -6008402 -7485359 -751482 -140993 29298 -123392 -41843 116474 -4297 -79115 187494 104697 -9028 59016 3256 -81516 -205 2856 22 -181 18 -61 -10 -28 -15 -26 0 -9 -2 2 0 0 0 3 0 1 0 3 0 0 1 1 -1 0 0 0 0 0 -1 0 0 0 0 0 0 0 1583838187
-15950790 -15396413 21711619 5254482 32159 -7452549 563977 -138112 15590 -119301 -39540 -20538 -4883 -7127 -10943 -3444 -6393 -2756 -1010 -1165 -240 -99 -594 -337 -6 -24 -12 -6 1 0 0 1 -4 0 -1 -1 0 0 0 -1 0 0 0 0 -2 0 0 0 0 0 0 0 0 0 0 0 0 0 0 0 1583838187
-16089580 -15510257 21975296 5072637 -6315382 -7570774 -1810508 -142099 120705 -126232 -43241 -29296 -3926 -32236 -10926 -3642 -7190 -3078 -981 -659 -238 -133 -50 -280 -3 -25 -13 -4 4 0 0 1 -2 0 0 1 0 0 0 -1 0 0 0 0 0 0 0 0 0 0 0 0 0 0 0 0 0 0 0 0 1583838187
-15801945 -15284453 21480257 4900041 -7869543 -7506849 -1824928 -142625 -49594 -126135 -43303 4395 -3933 -65389 3453 11681 -1147 -2741 -1186 4519 -177 -3889 -388 -367 -11 16 -11 -17 -5 -11 0 -3 0 0 2 -2 0 7 1 3 0 0 1 0 3 0 0 0 0 -1 0 0 0 0 1 -1 0 0 0 0 1583838187
-16088163 -15510595 21977932 5025879 -7657855 -7593628 -1855755 -142274 119291 -126417 -43374 -28157 -3953 -58813 -9760 -2118 18477 -3994 -1187 -404 -98 -242 -684 -600 -7 -26 2 -5 2 0 0 2 11 0 4 0 0 -1 1 -5 -1 0 2 1 0 0 0 0 0 2 0 0 0 0 -2 1 0 0 0 0 1583838187
-14361369 -14191160 19032407 4545786 -5540277 -7399460 -2054939 -145186 -1178123 -125330 -43252 89183 -3518 -4217 83288 25601 35974 45116 2023 -65513 -40 2507 59 -614 -49 10 3 -18 -7 -16 0 -4 -7 0 -21 -13 -2 0 11 0 0 -1 0 0 -4 0 0 -2 1 0 0 0 0 0 0 0 0 0 0 0 1583838187
-16016802 -15456505 21857313 5007529 -7874483 -7582744 -1821104 -142397 65141 -126282 -43330 -9428 -3964 -65615 -569 6745 -7385 -3436 -975 -442 -220 -323 15 -309 -4 -11 -12 -7 1 -1 0 1 0 0 2 -1 0 0 0 0 0 0 0 0 0 0 0 0 0 0 0 0 0 0 0 0 0 0 0 0 1583838187
-16088426 -15508600 21970206 5098653 -5641608 -7559501 -903478 -140628 119305 -123708 -41921 -28097 -4381 -60318 -9488 -2114 -8832 -3336 -997 -341 -229 -246 0 -311 -2 -25 -12 -6 1 0 0 1 0 0 2 0 0 0 1 0 0 0 0 0 0 0 0 0 0 0 0 0 0 0 0 0 0 0 0 0 1583838187
-16085902 -15506485 21965892 5095966 -5675508 -7554350 -948320 -140704 120556 -123838 -41996 -25616 -4364 -62584 -11110 -3690 -8653 -3123 -983 -666 -228 -129 -194 -303 -2 -22 -13 -1 4 5 0 4 -2 0 1 -1 0 0 0 0 0 0 1 0 0 0 -1 0 0 0 0 0 -1 0 0 0 0 0 0 1 1583838187
-16089242 -15511351 21980050 5017708 -7874166 -7597251 -1820968 -142230 120694 -126327 -43330 -29299 -3995 -65464 -10969 -3701 -7263 -3112 -976 -663 -222 -141 66 -311 -3 -25 -12 -4 4 -1 0 1 0 0 2 -1 0 0 0 0 0 0 0 0 0 0 0 0 0 0 0 0 0 0 0 0 0 0 0 0 1583838187
-16085228 -15504116 21957577 5159588 -4014027 -7529517 -172280 -139375 116640 -121631 -40811 -23995 -4685 -59634 -6378 1004 5064 -3836 -1122 -229 -158 -304 -852 -106 -6 -22 -10 -4 2 1 0 2 -8 0 -4 2 0 -2 1 0 0 0 -1 2 0 0 2 0 0 0 0 0 0 0 1 -1 0 0 0 0 1583838187
-16080139 -15504023 21962072 5049543 -7134694 -7579695 -1185944 -141221 112864 -124553 -42400 -18996 -4287 -79543 -3224 4894 -7098 -4383 -1056 862 -210 -221 -192 -184 -3 -26 -16 -6 2 0 0 1 -3 0 1 0 0 0 1 2 0 0 0 1 0 0 0 0 0 0 0 0 0 0 0 0 0 0 0 0 1583838187
-16054052 -15484274 21918578 5047242 -7602752 -7569430 -1847209 -142431 92279 -126408 -43383 12768 -3906 -58597 17833 28846 -5448 -8048 -1252 5299 -208 -923 1509 -328 -3 -22 -10 -6 2 0 0 1 0 0 3 -1 0 0 0 0 0 0 0 0 0 0 0 0 0 0 0 0 0 0 0 0 0 0 0 0 1583838187
-16088366 -15508717 21970483 5106120 -5379475 -7554245 -2068982 -142443 119258 -126910 -43569 -27730 -3717 1166 -9526 -1966 36071 -4127 -1288 -719 -40 -322 6515 -769 -8 -45 13 -4 2 0 0 1 0 0 0 -13 0 -1 6 -1 0 0 -1 2 -2 0 -3 0 0 1 0 0 0 0 0 0 0 0 0 0 1583838187
-15939328 -14172625 19261717 7046164 -5461346 -6766713 -448773 -146903 120588 -124595 -41862 -30256 -4615 -76949 -10777 -3650 -10116 -3109 620 -578 -222 -123 -198 -291 -2 122 -15 297 -60 -8 0 1 0 0 3 0 1 0 -1 0 0 0 0 0 0 0 0 0 0 0 0 0 0 0 1 -1 0 0 0 0 1583838187
-16088295 -15509612 21974473 5055355 -6849908 -7579840 -1473623 -141615 119330 -125328 -42789 -27944 -4132 -59667 -9510 -2015 -8246 -3411 -995 -250 -228 -301 -8 -260 -3 -24 -13 -6 1 0 0 1 -1 0 0 1 0 0 0 -1 0 0 0 0 0 0 0 0 0 0 0 0 0 0 0 0 0 0 0 0 1583838187
-16089743 -15508413 21971079 5080317 -6207809 -7569139 -1026317 -140865 120576 -124072 -42123 -30190 -4344 -66763 -10831 -3655 -5795 -3142 -996 -672 -211 -147 2313 -293 -2 -32 -12 -4 1 0 0 1 -3 0 1 0 0 0 0 0 0 0 0 0 0 0 0 0 0 0 0 0 0 0 0 0 0 0 0 0 1583838187
