-15966963 -15373170 21694414 4897296 -7622920 -7441479 -1742226 -142014 150684 -126097 -43207 -11420 -3994 -63922 -12252 -3718 -7753 -3207 -972 -730 -225 -137 -27 -206 -2 67 -18 -9 1 0 0 2 -2 0 0 1 0 0 0 0 0 0 0 0 0 0 0 0 0 0 0 -1 0 0 0 0 0 0 0 0 1583836345
-15926752 -15326897 21508600 6545043 39067521 -6632665 17012072 -109070 118414 -72455 -14340 -21282 -11879 58210 -9672 -2431 -839 -3434 -1398 -849 -202 -17 -2288 636 -5 20 -47 -7 1 0 0 1 -12 0 -9 -4 0 0 -3 0 0 0 0 -2 0 0 1 -1 1 0 1 1 3 0 -2 0 0 0 0 0 1583836345
-15823811 -13375479 17673846 5459839 12332454 -8170301 6101557 -128247 116468 -103605 -31113 19663 -7199 -1892 -13030 -3701 8250 -3795 -1242 -1003 -156 -99 -842 -45 -6 -34 -16 -5 0 0 0 1 -7 0 -20 -3 -2 -2 12 2 0 0 -6 0 2 0 1 -2 1 0 1 0 0 0 0 0 0 0 0 0 1583836345
-14827265 -11959862 14760746 4330286 7896156 -7613467 3608700 -132098 109790 -110275 -34756 48637 -5998 17794 -3556 -11970 35775 -4954 -1394 -1408 -36 -150 -1994 350 -16 -38 -25 -4 1 1 0 -1 -15 2 -28 8 -1 -1 4 0 0 2 -9 0 5 0 3 -2 0 2 -1 1 3 -2 0 -2 0 0 0 0 1583836345
12928950 9013881 -30129193 -19864504 83214786 22729253 31887976 -69435 -112235 -17770 12781 27627 -17267 298668 605 -10394 17554 -7767 -1734 -2644 -183 -1288 -2303 -750 2 -209 6 5 1 4 0 -3 -8 12 10 -3 2 2 -18 2 -2 12 0 0 -1 -2 0 -2 0 0 -1 -2 -1 -4 0 0 0 0 2 0 1583836345
-15891393 -13870806 18619800 6400087 36542353 -7533885 15199017 -112159 116379 -77591 -17106 15082 -10997 68350 -11631 -3040 47422 -4540 -1706 -1452 23 -122 -2208 -553 -11 -35 -11 -3 0 0 0 0 -30 0 -19 -6 -3 -2 17 11 3 0 -5 0 0 -1 -11 -3 3 4 -3 3 -7 1 1 2 0 0 -1 -2 1583836345
-15970821 -14570804 20100080 4892418 -7887544 -8004406 -1822389 -142225 118971 -126304 -43333 -5754 -3953 -66062 -12405 -3942 -3467 -3354 -1002 -773 -203 -141 -268 -365 -4 -29 -9 -6 1 0 0 1 2 0 5 0 0 0 1 4 1 0 -1 -2 -1 0 0 0 0 -1 -4 0 3 0 2 3 0 0 0 0 1583836345
-6313692 -4447349 -1078177 -4509065 -7776892 330867 -1828009 -137933 47458 -122371 -42046 43358 -3717 -66324 -32693 7254 -7099 -4104 -936 -1353 -218 -675 -71 -311 -2 -98 -9 -5 0 0 0 2 -1 0 3 0 0 0 0 1 0 0 0 0 0 -1 0 0 0 0 -1 0 1 0 0 1 0 0 0 0 1583836345
-15565506 -11365288 13692612 4464399 -7826905 -9389067 -1842117 -142210 113692 -126256 -43351 66051 -3810 -65155 -16781 -4679 4966 -4013 -1057 -1068 -162 -137 -571 -363 -6 -38 -10 -6 0 0 0 1 4 0 2 -2 0 0 1 1 0 0 0 0 1 0 0 1 -1 0 0 0 0 0 -2 0 0 -1 0 0 1583836345
-15966963 -15373170 21694414 4897296 -7622920 -7441479 -1742226 -142014 150684 -126097 -43207 -11420 -3994 -63922 -12252 -3718 -7753 -3207 -972 -730 -225 -137 -27 -206 -2 67 -18 -9 1 0 0 2 -2 0 0 1 0 0 0 0 0 0 0 0 0 0 0 0 0 0 0 -1 0 0 0 0 0 0 0 0 1583838187
-15926752 -15326897 21508600 6545043 39067521 -6632665 17012072 -109070 118414 -72455 -14340 -21282 -11879 58210 -9672 -2431 -839 -3434 -1398 -849 -202 -17 -2288 636 -5 20 -47 -7 1 0 0 1 -12 0 -9 -4 0 0 -3 0 0 0 0 -2 0 0 1 -1 1 0 1 1 3 0 -2 0 0 0 0 0 1583838187
-15823811 -13375479 17673846 5459839 12332454 -8170301 6101557 -128247 116468 -103605 -31113 19663 -7199 -1892 -13030 -3701 8250 -3795 -1242 -1003 -156 -99 -842 -45 -6 -34 -16 -5 0 0 0 1 -7 0 -20 -3 -2 -2 12 2 0 0 -6 0 2 0 1 -2 1 0 1 0 0 0 0 0 0 0 0 0 1583838187
-14827265 -11959862 14760746 4330286 7896156 -7613467 3608700 -132098 109790 -110275 -34756 48637 -5998 17794 -3556 -11970 35775 -4954 -1394 -1408 -36 -150 -1994 350 -16 -38 -25 -4 1 1 0 -1 -15 2 -28 8 -1 -1 4 0 0 2 -9 0 5 0 3 -2 0 2 -1 1 3 -2 0 -2 0 0 0 0 1583838187
12928950 9013881 -30129193 -19864504 83214786 22729253 31887976 -69435 -112235 -17770 12781 27627 -17267 298668 605 -10394 17554 -7767 -1734 -2644 -183 -1288 -2303 -750 2 -209 6 5 1 4 0 -3 -8 12 10 -3 2 2 -18 2 -2 12 0 0 -1 -2 0 -2 0 0 -1 -2 -1 -4 0 0 0 0 2 0 1583838187
-15891393 -13870806 18619800 6400087 36542353 -7533885 15199017 -112159 116379 -77591 -17106 15082 -10997 68350 -11631 -3040 47422 -4540 -1706 -1452 23 -122 -2208 -553 -11 -35 -11 -3 0 0 0 0 -30 0 -19 -6 -3 -2 17 11 3 0 -5 0 0 -1 -11 -3 3 4 -3 3 -7 1 1 2 0 0 -1 -2 1583838187
-15970821 -14570804 20100080 4892418 -7887544 -8004406 -1822389 -142225 118971 -126304 -43333 -5754 -3953 -66062 -12405 -3942 -3467 -3354 -1002 -773 -203 -141 -268 -365 -4 -29 -9 -6 1 0 0 1 2 0 5 0 0 0 1 4 1 0 -1 -2 -1 0 0 0 0 -1 -4 0 3 0 2 3 0 0 0 0 1583838187
-6313692 -4447349 -1078177 -4509065 -7776892 330867 -1828009 -137933 47458 -122371 -42046 43358 -3717 -66324 -32693 7254 -7099 -4104 -936 -1353 -218 -675 -71 -311 -2 -98 -9 -5 0 0 0 2 -1 0 3 0 0 0 0 1 0 0 0 0 0 -1 0 0 0 0 -1 0 1 0 0 1 0 0 0 0 1583838187
-15565506 -11365288 13692612 4464399 -7826905 -9389067 -1842117 -142210 113692 -126256 -43351 66051 -3810 -65155 -16781 -4679 4966 -4013 -1057 -1068 -162 -137 -571 -363 -6 -38 -10 -6 0 0 0 1 4 0 2 -2 0 0 1 1 0 0 0 0 1 0 0 1 -1 0 0 0 0 0 -2 0 0 -1 0 0 1583838187
