-278560 -2188262 -6247987 -10222385 -6567437 8067427 -1221411 -134253 -37863 -118126 -40297 32370 -3917 -68933 30218 -35552 -9444 -6082 -901 -1520 -220 -706 2185 -262 -3 -135 -10 -2 1 1 0 0 -1 3 2 0 0 0 0 0 0 0 0 0 0 2 0 0 0 0 0 0 0 0 0 0 0 0 0 0 1583838658
-6159631 -7132510 4195261 -4182246 -7749332 1876837 -1833334 -139206 -309877 -122207 -42063 133637 -3544 -65009 -35598 5193 1465 -2178 -953 -1495 -171 -788 -305 -364 -20 334 -10 -9 6 4 0 -3 11 8 2 -3 0 -1 1 -3 1 -4 -3 0 0 0 0 0 -2 0 0 0 0 0 0 0 0 0 0 0 1583838658
-15960248 -15391751 21727424 4924124 -7599039 -7453164 -1864996 -142306 120789 -126421 -43383 -9616 -3911 -57378 -9789 -4587 20208 80 -1149 50 -81 -405 -787 -339 -9 -3 -5 0 9 -1 0 2 16 -1 0 6 0 -1 0 -6 -1 0 1 -3 2 0 -4 0 0 -1 0 -1 0 0 3 -1 0 0 0 0 1583838658
-12118283 -12187836 14933882 1172058 -7669608 -3706348 -1668086 -140154 58917 -124185 -42522 -84877 -4103 -68723 -12278 213 -7687 -2036 -962 -347 -218 -439 -67 -298 -3 25 -12 -8 1 -1 0 2 0 -1 0 -1 0 0 0 1 0 0 0 0 0 -1 0 0 0 0 0 0 0 0 0 0 0 0 0 0 1583838658
-15904829 -13868126 18646595 7454514 -6739842 -6601948 -1191013 4109205 111839 -119932 -41392 -29597 -4186 -68154 -10624 -3588 -717 -3233 2786 -571 -173 -152 1532 -377 -3 -30 -5 -5 1 0 0 1 6 0 5 0 -1 0 0 1 0 0 0 -1 0 0 0 0 0 0 0 0 0 0 0 0 0 0 0 0 1583838658
-16020947 -15442993 21832612 5057281 -5188581 -7461895 -1351829 -141313 129559 -124933 -42548 -1426 -4068 -29485 -12004 -4071 -2018 -2430 -1015 -538 -210 -189 1480 -299 -3 20 -13 -8 0 0 0 1 0 0 -3 -2 0 -1 2 0 0 0 0 0 0 0 0 0 0 0 0 0 0 0 0 0 0 0 0 0 1583838658
-15918660 -15347226 21615651 5252710 3138138 -7221089 2116466 -135179 129122 -114994 -37224 -5916 -5566 -20488 -10539 -4315 -7602 -1815 -1046 -308 -232 -181 -894 -179 -2 9 -16 -5 1 3 0 -4 -3 -3 -5 0 0 0 -1 0 0 0 0 0 3 0 -2 6 7 3 0 5 0 0 -2 1 0 0 0 0 1583838658
-15831427 -15282625 21451010 5558104 11815289 -7126353 5201268 -129884 19334 -105998 -32380 -18096 -6807 28693 -10710 -3168 -1656 -2369 -1134 -628 -219 -160 5323 -377 -4 -28 -11 -7 0 0 0 1 5 0 -7 -2 0 -1 4 3 0 0 4 -2 0 0 1 0 0 0 0 1 0 0 1 0 0 0 0 0 1583838658
-16082159 -15442724 21839652 5141577 -7214049 -7546684 -1260140 34584 120244 -124565 -42461 -30245 -4264 -77518 -10859 -3686 -8202 -3121 -269 -629 -217 -137 -80 -299 -2 -27 -12 -6 1 0 0 1 0 0 3 0 0 0 0 0 0 0 0 0 0 0 1 0 0 0 0 0 0 0 0 0 0 0 0 0 1583838658
-16088422 -15486009 21887657 5831108 14669045 -7210349 7216324 -126370 119061 -100509 -29425 -23977 -7772 -3507 -8417 -3190 -9786 -1750 -1030 -2454 -240 4 5324 -397 1 -24 -15 -1 7 0 0 2 8 0 10 4 0 0 2 -3 6 1 0 0 0 0 0 0 0 0 0 0 0 0 0 0 0 0 0 0 1583838658
-16043915 -15461110 21867502 5138786 -3340156 -7460047 146777 -138796 129199 -120726 -40326 -11181 -4805 -59945 -10482 -4325 -8308 -873 -982 215 -216 -284 6899 -182 0 -59 -16 -8 0 0 0 1 -4 0 2 5 0 0 -2 0 0 0 0 0 0 0 0 0 0 0 0 0 0 0 0 0 0 0 0 0 1583838658
-16089448 -15508737 21974826 5021519 -7893396 -7596867 -1818565 -140689 120624 -126323 -43328 -30227 -4000 -65998 -10917 -3694 -8023 -3138 1585 -558 -219 -136 -13 -298 -2 -26 -11 -6 1 0 0 1 0 0 3 0 0 0 0 1 0 0 0 0 0 0 0 0 0 0 -1 0 0 0 0 1 0 0 0 0 1583838658
-14872109 -14413455 19669100 3850530 -7882586 -6306757 -1818852 -141779 172676 -125966 -43226 43696 -3855 -66439 -14554 -4100 -8112 1669 -948 1076 -211 -499 -21 -290 -1 179 -17 -16 -3 -1 0 2 0 -2 2 0 0 -1 0 1 0 0 0 0 0 0 0 0 0 0 -1 0 1 0 0 1 0 0 0 0 1583838658
-16039519 -15461870 21876955 4973655 -7886094 -7531926 -1819908 -142233 129144 -126332 -43337 -9690 -3963 -65905 -11605 -4105 -7527 -2184 -971 -311 -220 -200 10 -306 -2 -25 -12 -7 0 0 0 1 0 0 2 -1 0 0 0 0 0 0 0 0 0 0 0 0 0 0 0 0 0 0 0 0 0 0 0 0 1583838658
186621691 158086625 -345394967 -191043492 -5558627 191827682 -1900336 -53044 -1555089 -43532 -16120 594591 308 -56560 -149096 63535 29975 -8787 -341 -8429 72 -2392 -1564 -629 -2 99 5 13 9 20 -1 -3 47 41 6 -12 0 1 5 -2 -4 10 -2 0 10 -5 0 0 -7 0 0 1 1 -8 -2 0 0 -5 8 -2 1583838658
305015597 252560165 -546472846 -305929392 -4355895 306637134 -1857597 3635 -5371278 12512 3811 -4473000 -6545 -25468 127313 150911 -4428 48871 435 3905 33 -2224 -564 -47 -58 1862 -15 24 88 15 0 18 -1 22 1 -1 0 4 0 0 0 2 0 0 0 -12 2 -1 -1 0 0 0 0 3 0 0 0 0 2 -1 1583838658
25853044 19570971 -52402889 -35540143 -5554182 33522190 -2127569 -123532 -552918 -109078 -37603 -529001 -3861 -4238 66699 -21489 182999 -795 -2337 3016 727 15146 -3338 -1802 -45 -101 95 2 2 -5 -3 6 154 4 7 13 0 0 5 -47 -13 9 8 -11 7 -1 -5 3 0 0 0 -7 -4 0 4 5 -1 1 0 -1 1583838658
54037316 43569953 -103175348 -62837985 -6649483 62029112 -1940887 -111261 -428245 -97927 -34054 198931 -2395 -50339 29974 -43819 87195 -10089 -1345 -4777 281 -3777 -4518 3388 -42 211 -87 4 13 11 -1 -1 17 24 -10 45 0 0 -2 1 -5 19 18 -28 -27 0 20 3 0 -1 0 7 -7 -5 -5 2 -1 0 0 0 1583838658
317361935 263438131 -569435006 -317850147 -2321027 319071293 -487368 11357 -5227827 20959 7308 -4197407 -6536 -50248 126107 173192 2834 50944 -835 36863 152 87291 -754 12 -41 119 15 14 38 -34 0 -4 3 33 -7 0 0 19 3 11 -12 9 -2 -3 -2 0 0 -9 -10 0 -1 0 -1 -6 0 -1 0 2 -3 0 1583838658
16105284 11386691 -35065011 -26009141 -2461143 23955221 2404286 -120439 -431877 -100501 -32330 -504315 -6333 -151389 -26601 39967 -3985 -1296 -1126 2864 -130 16063 -1119 232 -8 -277 -22 4 7 -4 0 -1 -2 8 -4 0 0 2 4 9 3 -3 -2 -1 -2 0 0 3 -1 -3 -1 1 -3 -1 -1 -1 0 1 0 0 1583838658
15845723 13751224 -39711284 -25296174 3720829 23097194 -2505689 -129309 -78445 -115110 -39677 286368 -1968 212345 -51750 11126 142794 2549 -1743 -1176 427 -2839 37224 -1393 -20 478 61 -13 0 10 0 2 68 10 -1 -23 0 -1 6 -20 -2 0 0 -2 0 -5 0 0 -2 3 0 -1 -1 -1 -1 2 0 0 0 0 1583838658
34221816 26541141 -67189183 -43639644 -5447398 41658483 -246689 -116741 -727907 -100167 -33622 -702727 -5115 -93293 -26950 60733 -6908 4458 -1090 7488 -153 12234 -462 -240 -9 12 -9 -6 8 -14 0 -3 0 15 0 0 0 8 3 2 4 -3 1 -2 -1 -2 0 0 0 0 0 0 0 0 0 0 0 0 0 0 1583838658
-16020460 -15443240 21823233 5225798 -312363 -7397439 820770 -137501 120464 -118720 -39222 -26952 -5051 -29660 -10264 -3673 9943 -2416 -1134 -451 -143 -243 6303 -41 -5 -40 -17 -6 0 0 0 1 1 0 -4 6 0 0 -4 0 0 0 0 0 5 0 0 -1 0 0 0 1 -3 0 0 2 0 0 0 -1 1583838658
-2723018 -4259331 -2003360 -5277816 65720102 6745764 27052274 -85376 -105759 -38015 3110 -176410 -16071 162416 -7467 14449 -11327 337 -1606 3618 -261 17408 -1175 -589 5 -157 3 -2 0 -4 0 0 32 8 -8 -10 -1 0 5 -13 -5 -1 0 -4 -4 0 -3 1 -2 0 0 -1 0 -1 -1 0 0 0 0 0 1583838658
-15895306 -15311607 21503951 5948501 22886004 -6866477 12653027 -117150 122312 -85147 -21307 -6810 -10274 -84528 -11096 -3041 4991 -3591 -1321 -940 -112 -106 3544 174 -4 100 -27 -10 1 -1 0 2 2 -1 -19 4 0 -1 4 11 2 0 -1 -2 8 2 5 0 0 -1 0 -1 0 0 2 -3 0 1 0 0 1583838658
5096954 2333795 -15847748 -15029114 5180330 13629416 2702103 -124745 -63118 -104614 -33418 10261 -5401 -697 -47964 20495 17279 -3882 -1109 -2253 -109 -1444 10940 -40 -5 106 -17 -7 3 0 0 0 4 2 2 10 0 0 -3 -7 0 -1 0 1 -1 -1 2 0 0 -1 0 3 0 0 0 0 0 0 0 0 1583838658
-15519189 -14848501 20315559 10036828 147391200 -4339695 57568875 -37136 136945 43827 48395 29117 -28493 469684 -5547 -1117 -13256 715 -2099 381 -354 97 -3300 -962 14 64 3 -7 -2 0 0 7 97 -5 10 23 -6 -6 37 -27 -4 0 -1 0 10 -1 -12 5 -5 10 -1 14 -2 1 -2 6 0 0 0 0 1583838658
-16093709 -15413969 21602214 8618351 92668624 -5886503 35264114 -76446 117756 -20077 13959 -25079 -19308 290331 -6807 -1288 43645 -4125 -2026 -1256 -45 -31 21307 98 -2 -88 -14 -4 0 0 1 1 7 -1 -2 28 5 5 -36 16 2 2 12 -8 43 -3 -33 5 -4 28 -8 41 -3 2 -9 14 0 0 0 -1 1583838658
10704010 14243200 -40081889 -20703970 -7589365 15047158 -1855393 -132035 60920 -116415 -40314 747644 -2247 -69219 111098 -113085 25556 -270 -1239 6761 2 25876 -1861 -752 -10 980 1 -35 0 -8 0 0 29 0 24 0 0 5 8 32 3 23 -8 -21 -12 0 -3 7 -3 -10 -26 -2 19 -4 16 21 0 0 0 0 1583838658
-16089536 -15511221 21979813 5018060 -7886152 -7598145 -1819886 -142231 120436 -126325 -43329 -29219 -3997 -65786 -10777 -3702 -7954 -2950 -962 -842 -225 -130 38 -302 -2 -25 -12 -4 3 0 0 1 0 0 2 -1 0 0 0 -1 1 0 0 0 0 0 0 0 0 0 0 0 0 0 0 0 0 0 0 0 1583838658
20856466 4783290 -22485283 -30048218 -7523841 35874607 -1798015 -127228 -344973 -111230 -38315 -32119 -3431 -62781 15077 14434 -5814 4261 -1352 15287 -149 49624 161 -290 -5 841 -18 -36 7 -29 0 -7 5 -5 1 -1 0 15 2 -3 4 0 0 0 0 3 0 -1 -2 0 0 0 0 3 0 0 0 0 1 0 1583838658
188564 -2023513 -6631268 -10735392 -7599897 8493548 -1838295 -134906 -110975 -119442 -41017 -175530 -3971 -60920 -12579 5811 5291 1667 -996 607 -142 -1406 -572 -417 -6 13 -3 0 9 -2 0 2 0 -1 1 3 0 0 0 0 0 2 8 0 -1 0 5 0 1 0 0 0 0 0 1 0 0 -1 1 0 1583838658
-5508593 -6465512 2836385 -4977731 -5557594 3167856 -936756 -136706 129418 -119924 -40786 317824 -3613 -61772 -29717 10517 -8127 857 -1170 6997 -196 35280 -147 -269 1 46 -13 0 14 -8 0 -9 -2 4 0 0 0 6 -1 -1 9 -3 0 0 0 0 0 2 2 0 0 -1 0 1 -1 0 0 0 0 0 1583838658
93381056 76179196 -172421928 -100379818 5095124 100019108 2124423 -86288 -1585423 -68271 -21429 -1146647 -5786 9614 192651 -57716 3895 13408 -1213 17350 -59 47780 -1425 147 -20 345 -12 -14 7 -18 0 -3 -14 13 -6 4 0 10 -3 4 -3 15 -3 3 1 10 -1 -4 -6 0 -1 1 -2 0 1 0 0 0 -3 0 1583838658
66860098 53826287 -125038021 -75361315 -6962950 73512270 -1830602 -104344 -1280591 -90387 -31087 -1279393 -4823 -54512 -14949 68594 -7036 579 -835 1460 -182 6178 -39 -248 -13 -224 -2 14 20 -3 0 2 0 9 2 -1 0 0 0 0 -2 0 0 0 0 0 0 0 -1 0 0 0 0 4 0 0 0 0 1 0 1583838658
41282889 32540725 -79880098 -50587772 -7248040 48727331 -1827713 -116123 -703268 -101812 -35051 -616367 -4093 -59690 -43390 50803 -6874 10692 -757 2879 -164 -4374 -174 -248 -8 289 -14 -11 4 0 0 3 -1 5 1 0 0 -1 0 0 -1 2 1 0 0 -6 2 -2 -1 0 0 0 0 -1 0 0 0 0 0 0 1583838658
-9549444 -10008013 10320956 -1322109 -7815728 -1118726 -1820894 -139286 64307 -123621 -42434 -26282 -3887 -65541 -20182 2381 -6096 -3409 -960 -956 -213 -526 -117 -316 -2 -66 -12 -3 2 1 0 0 -1 6 2 -1 0 0 0 1 0 0 0 0 1 -1 0 1 0 0 0 0 0 0 1 -1 0 0 0 0 1583838658
-15037161 -14630095 20111590 4006502 -7607054 -6560011 -1862402 -141795 105665 -125986 -43230 -40213 -3945 -57379 -12224 -2139 30734 -3685 -1247 -1065 -39 -300 -1496 -753 -10 -28 7 -1 5 0 0 0 -1 1 2 3 0 -1 2 -5 -1 0 7 1 -6 0 2 -1 0 3 0 0 0 0 0 0 0 -1 0 0 1583838658
-15026610 -14621721 20094147 3988662 -7840711 -6553092 -1830275 -141760 105515 -125900 -43191 -39137 -3983 -64351 -12305 -2223 5839 -3213 -1067 -788 -157 -244 -668 -365 -6 -24 -13 -3 3 1 0 0 0 6 1 3 0 0 0 0 0 -1 4 -1 -2 0 0 1 0 2 0 -2 0 0 0 0 0 0 0 0 1583838658
-16062576 -15485230 21925369 4997328 -7750881 -7561392 -1860265 -142279 124795 -126440 -43391 -20598 -3929 -60689 -11184 -3765 47394 -3781 -1372 -1139 44 -287 -2931 -318 -16 -21 -4 -3 2 1 0 0 -7 4 -1 22 0 0 -1 5 0 0 19 -7 -8 0 0 7 -2 6 -1 -3 1 0 6 -9 0 0 0 0 1583838658
-12042002 -12132194 14813825 1105808 -7350962 -3636545 -1866306 -140390 50806 -124665 -42768 -95561 -3995 -52362 -14840 2429 -3700 -2711 -991 -654 -209 -422 -148 -269 -4 -39 -10 -3 3 1 0 0 -4 5 0 2 0 -1 0 -2 0 -1 -1 0 -1 0 0 0 1 0 0 0 0 0 0 0 0 0 0 0 1583838658
-12042103 -12131096 14809354 1155079 -5948723 -3612327 -2007525 -140509 50760 -124999 -42908 -95306 -3840 -15677 -14561 2396 25766 -3199 -1207 -963 -81 -483 -1687 478 -15 -36 -25 -2 4 1 0 -1 -22 6 -5 19 0 0 -3 -1 0 -1 -1 4 0 1 5 1 0 0 0 2 1 0 0 0 0 0 0 0 1583838658
-56 -182 447 33 705 71 -105 515 104 32 284 430 44 385 -164 -53 -127 -28 541 -306 29 -140 41 241 -104 326 72 150 163 714 419 265 -144 -43 111 12 283 -529 -420 389 -82 86 -149 313 571 786 119 277 7 -87 -78 -144 238 252 337 -212 3 41 28 -51 -411 590 375 513 504 282 -601 98 121 335 -442 -263 -228 -619 -96 262 -293 137 17 341 -95 142 209 40 -401 -231 333 355 230 81 -264 119 345 -102 -172 -39 42 -354 -105 219 29 -226 -400 289 -149 518 -713 477 -579 -614 394 -493 -13 1 117 -188 586 205 87 -177 -249 264 356 200 179 -38 -381 -244 263 218 -193 47 -158 111 -143 148 93 323 -265 336 -55 -136 21 -250 -227 88 92 -370 279 -355 -191 -239 -94 -348 -586 -322 -70 -309 -170 -51 26 -83 44 521 183 524 -385 143 -236 69 151 14 -332 -331 -116 657 -59 -318 404 225 -454 -68 -76 -387 -59 402 -165 50 134 67 81 277 -47 -611 -208 -21 -543 -113 -79 196 -209 135 182 155 331 207 466 -111 546 -368 377 -49 -356 -227 397 -155 395 379 145 -424 -323 -3 -322 -358 -707 256 -202 132 444 -364 2 -66 94 -191 123 329 -445 4 -25 -74 -256 50 -138 -195 161 211 333 45 221 489 253 -89 732 285 336 17 565 415 -135 -300 436 88 -181 493 31 420 181 3 130 19 -112 -187 -136 -277 41 -5 -371 -356 -4 -399 -394 -176 -46 201 220 -515 -254 195 -428 338 -313 35 74 -172 315 -8 145 24 -310 -90 334 -225 347 -120 105 -339 561 -60 213 23 -295 -194 -37 37 -190 -340 -234 -502 -419 -390 -451 -147 429 208 216 405 -109 -318 428 149 97 -91 130 -202 -25 119 -376 282 -241 -208 -46 235 -440 293 74 227 -59 221 -114 456 528 225 362 -66 76 257 405 253 -197 -25 -263 46 431 360 -68 -22 -24 405 -11 15 231 -9 -383 -21 -177 360 63 139 73 -190 -208 -113 241 -403 -225 89 57 -1 153 292 150 -308 66 -429 -67 -310 66 130 289 -238 309 17 -2 650 -332 -8 115 -57 -492 -61 67 -237 62 340 -168 312 61 -541 154 96 -228 -64 134 -671 470 29 1583863281
114 103 -143 -50 106 72 -15 480 174 51 112 -58 -184 -396 982 295 278 793 -389 -358 2 21 -228 -388 131 -128 -158 -94 -193 64 -97 195 -188 2 -692 -151 -559 -458 364 204 -363 233 -4 -185 -534 -514 577 435 185 564 -400 -243 -89 29 88 65 177 21 -105 139 -920 58 -860 153 -292 -187 40 18 328 -7 -337 104 301 94 -168 407 -147 -117 58 -138 457 -469 196 324 31 -226 79 -360 39 23 179 -408 176 226 -56 -93 85 43 89 426 -276 -115 -401 89 -211 -118 32 -213 242 243 299 -443 -464 -8 377 -302 140 -171 -417 307 4 -570 661 -50 115 -231 -427 -182 -618 200 -213 -358 83 -41 -10 -81 404 -211 -184 426 47 200 371 265 251 -138 -206 89 -96 273 17 495 -138 11 327 417 35 -227 87 -90 347 -193 -397 209 335 -238 -34 506 -514 -310 343 -275 293 44 247 -237 196 155 -144 309 108 -4 -544 -224 -77 731 279 -149 -120 371 603 75 330 181 -21 -68 6 -233 -121 -208 -300 -395 24 24 -326 -11 58 123 328 29 -70 -491 311 -19 254 -499 587 -119 397 347 467 -163 -17 232 255 288 -300 -252 257 -455 -473 226 -204 -149 -287 78 -125 55 27 -9 309 234 -496 300 462 178 119 357 727 -35 252 39 349 286 269 84 260 -593 104 -401 598 470 -28 109 143 292 483 -305 -4 380 373 -155 223 472 567 218 287 4 -481 89 -509 -115 118 426 118 -107 -6 153 195 -549 -290 -155 168 77 219 524 -9 -10 551 67 -250 -232 -399 -55 236 -90 68 -441 -130 54 -163 216 -78 127 -260 373 -176 -87 435 30 523 -118 145 -31 -256 49 30 145 -26 -458 105 139 93 -85 15 212 80 -233 -266 -110 249 -27 -234 -130 -14 -43 26 73 -196 51 336 602 -305 -117 -91 87 -281 54 246 -259 -100 -12 291 241 -434 -18 266 460 166 -219 549 -341 153 -556 307 -302 74 -85 -454 251 -335 110 199 -133 -264 -245 -234 254 -130 77 -36 14 42 150 -208 118 171 -139 -346 -531 79 -223 -44 90 13 268 14 -266 -225 -233 -31 -108 -31 -109 -56 287 -320 134 -192 -149 450 206 68 -20 -192 211 1583863281
-489 358 -192 -10 205 303 -221 -328 188 66 -432 -276 487 -441 496 77 242 39 -364 -207 220 -511 -251 246 -200 -498 170 -261 193 -251 -259 556 249 -358 67 -231 419 -77 -85 -203 490 -453 354 254 152 245 -260 -352 -68 242 472 272 49 223 257 137 263 565 284 630 240 163 -60 180 154 31 -1006 287 47 -240 -182 -54 289 440 78 -136 -117 367 340 -146 188 -181 345 176 113 -122 -203 -108 -554 -249 -86 -356 -311 -264 -360 -87 20 -388 -313 -138 -1 -123 -351 64 141 -222 43 -30 54 100 327 3 -441 -294 -271 0 -154 -186 376 64 -158 104 -64 421 -49 -64 -124 -3 -307 301 -87 135 -250 -196 -194 54 104 94 -677 -71 -183 6 -265 -412 -12 -129 -494 -245 362 -315 -203 -19 -577 -177 -43 -274 210 329 -42 15 140 -135 334 -631 -38 283 352 123 -534 -4 373 -438 77 46 -111 -123 -2 -235 296 -23 40 111 -69 -570 -45 -237 473 232 -256 -618 539 -304 293 463 343 -386 325 517 526 -119 170 -45 -199 -188 135 -384 -476 548 14 -379 -346 243 136 -109 -106 -30 96 -52 -258 358 -173 547 142 122 97 -198 -573 178 25 146 85 219 -108 -517 398 95 -85 305 143 698 -589 -550 -33 -572 -174 -257 -30 174 -111 -140 467 -266 -173 -311 11 129 159 111 15 11 -123 27 -206 222 183 567 225 -185 138 80 -381 432 75 -172 -63 -238 -59 -17 -476 476 442 267 -104 147 525 -465 -227 126 -185 -69 -10 3 -333 -218 34 -94 36 130 -451 183 237 101 70 171 408 -71 -16 83 347 139 170 55 -82 86 -118 -283 349 -258 105 156 394 257 -474 159 -355 -428 247 226 -230 -433 120 -95 411 163 280 83 485 -227 -27 -39 58 -74 296 -369 -342 -271 -273 143 381 -185 -203 -338 296 100 -145 64 -204 113 -37 -402 -89 -276 -124 234 -502 -457 175 -458 -65 137 86 323 -302 -169 181 42 -335 -131 420 83 332 -87 164 -63 245 430 -26 -24 -84 138 -364 -34 118 73 -319 -228 395 -50 335 -231 179 -6 -145 -341 123 -176 -154 547 -36 -221 -6 139 -297 -350 472 345 189 -166 230 181 -144 -22 195 539 268 310 1583863281
106 487 -293 145 305 50 -518 236 -201 -149 -94 143 130 -503 -105 -176 148 130 431 27 64 136 -334 -55 -298 -409 217 170 1174 -60 178 577 641 -381 92 330 14 -300 -495 130 2 286 345 370 -29 -509 231 -102 137 -4 -506 139 236 -272 77 444 -52 -186 229 400 -336 -364 105 96 216 192 229 -274 -218 146 237 -27 130 -377 -129 -74 -88 323 126 -24 -626 -657 -99 292 -76 -209 313 -303 -193 -359 6 -756 -673 504 -53 -414 -68 -637 -525 -236 -13 359 -122 -452 -314 -117 -216 82 64 257 -126 -111 105 787 450 214 489 -37 -234 15 -360 -140 425 20 225 24 -293 -529 561 53 -22 411 35 550 169 221 206 296 -226 -385 192 208 -247 -330 -59 177 -195 464 266 205 326 -74 190 341 -284 -426 404 228 214 114 298 -418 -61 400 -291 -273 -351 -19 265 109 -284 -146 -229 631 -165 8 -234 -129 -393 33 -282 277 -199 -211 54 -209 391 -564 -256 530 -247 -141 -21 500 129 -398 -857 -123 -38 -66 -360 -301 618 -124 -278 -54 53 -684 68 327 367 221 -309 305 151 -64 -299 -179 195 -312 38 -297 -29 37 446 -248 179 296 23 359 47 -292 -153 460 -218 -86 29 570 200 405 -337 -340 248 81 124 206 -215 131 319 -48 -283 10 -517 -275 465 -371 -88 -57 -47 527 -75 494 -144 163 42 50 -190 -7 -259 -64 93 253 79 -90 -197 -201 79 595 27 -137 -60 -96 -212 65 293 72 -130 -20 -19 -403 -84 152 -121 -226 191 -91 -168 244 348 5 -261 -36 233 201 -247 119 0 30 -439 -9 275 -342 96 206 25 549 -164 130 -114 100 -402 20 399 199 308 -279 93 -313 8 450 204 -160 -88 -70 123 -50 -177 223 303 165 222 297 -194 26 -138 201 -479 -230 175 -167 496 199 363 -77 -216 163 -168 -143 -39 -174 89 13 -300 142 77 256 33 289 339 623 406 -255 82 23 -142 -154 336 -93 87 8 -119 199 24 -49 -185 182 9 -306 -80 142 -2 36 -181 -249 105 -97 -331 49 51 -11 70 -124 403 -150 37 320 109 90 41 -327 -12 329 29 -269 518 501 -78 245 334 -256 -339 -113 42 254 -423 77 1583863281
-329 -9 -444 296 160 -664 313 -720 -198 321 -203 528 288 364 -634 -209 298 195 -208 221 -353 -148 149 647 166 822 106 -283 89 96 345 -376 -60 45 -13 -533 439 31 478 -538 233 314 6 88 42 320 408 18 757 -215 -123 -474 -154 -233 -692 -56 -464 195 -170 -249 734 -359 135 123 -25 -161 198 259 -98 390 718 -70 -406 -26 512 -417 -144 -36 -113 57 204 106 458 -770 -220 167 661 84 263 71 259 423 -297 239 -212 -345 332 30 -65 -307 -174 234 -384 -443 172 -154 302 408 578 -287 36 201 -656 41 64 -314 464 -167 -149 -570 354 -109 375 246 119 -75 313 428 546 677 -94 -134 292 -9 733 701 18 14 165 119 93 -236 -27 257 -4 -100 188 -249 501 500 16 391 -42 -160 -222 -435 134 -140 518 -235 -233 107 155 -97 -268 -476 319 -350 -17 -22 -70 -239 -326 87 -277 -186 319 223 81 -27 368 -90 -238 -393 -266 21 -38 396 494 -78 -300 -265 -46 73 288 542 -299 -403 -253 83 -256 -477 114 -177 163 -82 321 -272 -650 -142 -91 -193 -418 479 -144 -332 -666 105 167 -149 93 -56 -153 -71 -189 239 430 -88 472 434 36 454 -158 -375 -548 112 -57 303 -283 49 245 -10 48 -180 -59 372 345 133 -72 -248 -119 -180 -314 -448 -345 -256 107 300 -44 -199 -112 -234 100 -433 372 247 -557 -182 -116 -270 -60 297 -50 -457 -47 -208 -133 38 0 425 325 299 -169 130 -615 -60 420 -14 85 88 92 80 -421 -137 -1 286 -59 -311 -163 -325 -270 299 -43 -129 -401 230 -229 295 -554 -17 92 -168 -19 -215 256 -324 -14 -299 458 335 -205 333 -199 -433 -309 -202 -44 -307 -2 -157 -103 193 -74 -58 -168 67 -112 148 427 154 385 82 227 -224 192 194 17 542 -62 -360 362 -56 -81 -45 233 -429 -93 146 11 120 70 344 278 17 224 -157 8 -196 11 -143 79 479 -601 -96 29 142 256 -332 -201 179 197 -256 -216 -138 -95 316 93 264 -385 13 223 104 -198 -227 -288 -200 -43 -88 54 32 -258 -209 36 171 78 148 -295 -32 141 -213 -398 -87 10 -324 568 52 135 -430 13 9 -415 -73 196 76 287 93 1583863281
315 309 -163 104 150 -679 -177 229 455 -88 10 -85 142 202 292 340 -628 278 131 -155 -243 426 -289 162 298 -421 -249 397 -633 -95 -81 90 -273 -638 -856 -189 -26 -331 -11 -645 -237 -11 98 144 -206 -438 194 325 53 -523 143 185 -117 -251 -192 -120 36 136 85 758 50 122 -426 -347 -242 -454 -251 47 -153 265 81 5 627 -344 -9 425 -19 -121 45 -118 -345 333 363 -112 -736 518 63 -36 -525 138 590 -152 -149 381 180 -70 132 171 -67 20 602 -287 347 -364 53 -116 105 315 418 -82 138 214 -248 258 -110 96 -117 484 -227 62 -443 -262 8 641 200 70 -34 -23 344 386 -150 403 400 -231 -133 -404 227 357 -93 -56 143 -127 241 -452 -169 -816 351 -164 27 -221 492 533 333 38 143 200 4 237 186 -267 -209 -236 91 640 72 277 123 304 358 -142 -560 -23 -108 429 79 321 188 -188 -346 292 -197 -88 317 -24 324 -113 -479 -421 224 -177 110 -366 -85 113 -388 428 338 -40 674 129 -4 -777 -420 -327 -659 124 -513 -169 401 138 -252 130 415 103 -43 -207 -52 -53 231 251 425 255 -121 308 11 166 730 -84 160 -92 -11 -149 -125 -224 -90 -50 -114 -156 92 -266 65 128 112 -197 -167 4 313 -470 91 -52 406 325 -142 203 -302 -48 -330 -315 -113 -356 29 78 331 148 48 -248 -149 -114 -49 -139 261 222 2 214 360 109 -269 -755 -108 509 -225 -17 154 200 28 -156 -181 -276 227 -61 310 520 -92 343 104 -24 -24 530 181 -111 -17 -2 -165 -61 -175 -266 -74 -31 -384 316 -289 -405 263 -184 -235 204 -7 -163 -112 -32 396 125 223 -154 -278 -179 -264 305 75 547 474 325 77 442 252 49 140 187 -365 54 126 -1 -450 -100 -269 387 572 -48 32 -421 -149 -74 118 -257 -12 54 558 -266 414 264 -27 -45 280 -475 -368 -160 234 -216 272 99 -234 125 48 196 274 194 34 206 151 70 -63 299 16 -22 -17 435 -262 -329 -64 -211 -379 -26 265 -70 -486 -164 233 -201 -114 40 -151 -224 -308 50 -29 116 157 182 -201 98 127 455 -211 -130 -96 -180 -18 296 -260 55 -257 102 -164 -303 -105 195 1583863281
-70 0 60 347 244 8 -512 238 222 -176 -236 946 375 -313 138 169 72 -131 -257 235 -233 19 0 -309 86 114 -359 508 -284 363 20 -131 187 -104 -520 433 -783 253 443 -89 -132 -125 -161 -35 611 -383 112 -148 122 214 -580 313 330 226 285 188 -493 258 0 -331 330 -428 74 105 -416 578 -433 871 -610 29 -241 1019 -499 -233 -34 342 -476 -237 -63 -193 179 -398 370 -268 -82 600 468 281 180 -38 360 -207 23 -300 166 454 -175 1 -129 -23 -113 108 -545 356 226 -379 -80 188 -23 166 -347 186 -676 -215 206 -331 464 61 -191 247 -520 -480 109 -55 237 462 -682 -380 382 -361 -853 205 362 -625 -490 -13 206 151 140 34 117 -264 150 -100 -462 502 372 -16 -262 -186 -278 -53 -64 -35 154 -175 -288 -170 560 -35 -394 -246 363 583 47 39 -93 -193 190 -103 -4 -182 92 93 -488 273 500 138 44 33 -190 54 123 -143 40 -75 292 -134 233 144 -446 -270 113 229 -56 74 219 116 -193 278 -399 -519 42 -147 -720 117 27 -111 -328 442 100 -450 140 24 34 30 -203 -220 146 -290 -39 -99 411 -464 233 -496 68 104 106 -792 -114 84 23 -169 411 -76 -94 -305 -250 -210 -94 154 -240 -591 -68 -23 83 -9 -455 329 -146 -20 -188 594 626 620 -173 -283 457 160 -256 592 -21 66 509 500 -316 -306 39 135 121 -86 548 -313 -482 83 235 -123 86 -96 22 -55 199 -563 -15 -320 107 -30 -100 -514 -76 -158 -302 116 -39 -128 -256 237 9 -39 -55 -371 -86 90 157 -251 288 -232 -453 -114 -149 0 -224 255 198 10 87 -120 15 299 87 251 -233 26 404 69 -87 278 -63 -34 -23 -107 -115 -159 -582 -216 8 -4 -23 73 41 574 80 -108 217 149 -293 198 -416 -78 -559 49 259 -53 -116 67 -190 223 39 292 -108 249 247 21 -161 311 216 -190 -245 31 -98 -29 176 -209 28 69 325 -22 -376 79 -105 -30 52 172 219 -8 -48 -355 -133 -228 -252 1 318 -27 -27 -105 406 263 -146 151 159 -556 9 -6 -88 317 238 270 -239 72 270 64 -82 151 -286 131 -151 339 15 207 -132 114 168 101 21 -196 1583863281
347 75 -70 37 216 140 363 444 -484 217 -112 -956 -94 -184 73 -753 14 175 -527 331 298 10 -500 -203 -114 -229 -106 322 194 202 22 261 510 -392 231 196 493 440 -325 107 -314 -93 -253 366 -176 -241 -251 205 -345 -121 165 289 -184 44 529 -248 160 252 -75 -313 53 -51 182 -80 290 -39 176 -194 193 -300 -507 -835 400 366 114 405 44 593 10 396 479 -119 -265 -492 -332 86 -303 374 263 194 91 68 -8 -544 142 222 39 -301 14 -363 -280 -294 -300 -49 -175 -287 -203 167 -547 557 203 -73 155 119 -234 278 513 238 -186 -258 298 -324 -55 120 358 -190 143 210 -337 -92 683 248 -549 258 41 -3 -276 27 344 184 34 165 246 37 -2 76 -17 206 148 -204 -22 130 -501 163 142 393 394 275 -60 37 47 -214 -334 166 2 -212 -294 110 -78 177 237 -72 -60 305 -156 230 -37 297 -233 74 -181 -70 -108 -989 -101 32 -33 -617 -150 325 164 346 -12 -277 311 627 464 85 50 184 72 -181 -217 -6 356 -33 -257 -32 64 -85 -219 -140 -130 334 146 106 -68 -97 36 209 -176 -314 614 -432 -276 -290 226 -403 -32 -463 160 172 -176 47 258 181 -18 -113 -183 196 -57 -318 243 -128 -160 11 -21 378 -285 -1 323 -166 -180 -207 -397 -216 -134 24 -43 147 -282 403 413 191 -296 101 76 -348 -173 327 76 -347 454 -377 -447 -449 -245 -146 99 -54 -100 554 -652 -167 98 142 274 -329 -64 -299 125 -66 117 461 -476 164 21 261 -160 476 -61 -128 25 723 -87 130 547 107 115 547 -64 574 167 -120 398 330 156 80 30 193 303 -92 -135 -2 299 -377 -223 201 -181 218 300 -195 180 -504 140 446 230 -308 -42 273 282 129 -211 134 -197 11 103 -336 -46 187 -45 152 329 -298 -589 -242 -83 207 12 -82 -28 355 -177 -106 229 269 286 319 -39 -275 2 -84 -205 22 19 156 -228 220 -341 170 202 -186 -142 -260 99 -345 -288 -100 -44 -183 -260 -196 314 -28 316 49 -560 -254 -31 -456 235 -66 197 -111 -285 72 197 96 -406 -184 -442 -106 368 235 579 -453 31 156 183 -77 254 -28 421 121 210 -274 1583863281
172 -255 -144 34 218 -322 475 -832 -88 49 448 -46 -31 -719 -163 -12 33 -311 -249 -441 -503 -345 -179 -138 -174 -220 -780 -396 -443 -317 245 156 -178 -293 385 17 -158 -493 53 -247 257 606 -273 395 -104 354 -378 -466 -206 -510 609 -43 -494 -51 67 -217 85 6 106 221 566 24 53 704 -233 11 329 371 -518 -426 201 -300 -232 27 -113 523 -67 410 488 250 -80 263 240 -41 -17 414 492 222 -7 -379 -424 -177 137 -429 446 355 -36 -562 -325 278 220 265 -106 55 -87 212 126 -345 -41 462 153 50 -163 -456 -60 107 -65 59 137 -141 739 125 215 50 29 342 -46 -466 167 -639 173 -140 -211 -335 83 -221 57 -473 -346 -131 -497 269 -392 29 905 347 615 -114 42 -685 -266 -87 -64 -193 83 476 666 396 617 221 230 -246 566 211 -86 447 -366 -387 -285 -777 -185 200 239 -361 278 -414 -562 338 13 -418 -268 56 58 173 -541 22 -221 -95 447 -355 -137 22 -272 -212 -95 189 97 -442 -54 -123 -68 290 -406 292 134 374 105 208 -454 405 -161 -111 39 249 -467 28 116 98 -302 119 -146 116 39 65 29 -210 80 -514 380 89 40 -150 -302 -157 -125 -101 106 -132 210 28 297 39 278 -474 138 -167 262 -183 72 172 51 15 267 -5 78 -332 -74 799 544 -158 -89 238 90 51 -168 -83 92 -64 -9 -67 -504 -59 -333 56 3 183 -80 4 100 -285 331 -173 507 78 194 -126 394 -207 469 32 242 273 -295 -386 185 96 -504 42 -183 12 -77 -334 -125 -68 310 257 196 26 594 181 406 35 83 -96 128 -242 183 214 75 301 -364 447 -206 -74 224 -70 37 -784 120 30 -87 -41 389 314 92 302 -336 -179 194 -66 56 310 -101 59 -101 406 39 17 -173 241 33 306 -54 -169 212 -354 -137 -87 133 -110 138 106 77 168 273 -78 -414 472 -287 -385 238 -35 -154 -484 240 300 -66 -457 77 -173 -314 186 -179 -93 194 22 63 269 288 -177 -342 -174 -10 -275 -310 -61 106 121 -108 101 302 17 -44 -196 -211 71 -571 372 -455 618 -25 -374 -276 499 592 -144 24 143 -278 24 35 261 -304 -192 200 -101 1583863281
358 -31 -140 52 176 -114 -200 -983 36 97 521 172 -881 206 391 -82 228 -391 -63 381 -388 -196 332 342 -62 15 -299 -556 -32 -17 237 -60 16 30 -84 163 111 637 -52 -14 671 371 486 531 394 749 277 -398 -509 -409 -381 -50 336 -119 279 -70 92 153 603 63 347 -414 -291 460 275 67 759 -179 633 740 -439 243 -342 -106 65 -381 218 -37 -541 82 189 -330 371 412 77 381 -307 -306 114 205 365 -333 -203 77 563 -694 -139 148 171 -426 -249 -196 110 149 189 -126 21 -302 -427 -224 -189 -389 72 -258 15 -45 161 73 37 456 -76 50 -249 -28 793 607 -284 55 -7 383 -298 8 285 -86 -321 -238 -334 270 -39 323 -44 -231 -64 -561 -39 -141 310 209 234 -57 -286 300 -125 41 -197 -401 335 41 -309 -270 -124 122 -10 -2 184 -99 0 52 -122 -43 -145 0 -141 -154 -115 309 -272 -9 -144 528 83 -120 324 -24 -540 88 401 -417 -776 -267 -48 -107 -104 -11 177 -107 -195 -112 -108 -174 98 -102 30 444 23 275 261 -276 -152 9 158 292 -200 551 43 223 -74 161 33 -71 -105 -168 25 299 247 362 212 -192 651 417 379 -340 -76 -1 207 510 124 56 450 -193 125 -403 129 -361 -139 -105 -114 41 314 205 32 70 -559 572 -122 -136 -103 -200 133 289 14 -52 281 24 100 -509 -27 144 -263 -50 -604 -266 548 194 -47 80 466 -6 255 -261 268 74 -374 -292 -439 227 142 -309 -689 -49 -34 -281 31 -57 -319 -87 -257 -203 274 263 298 -584 344 -366 -79 -109 264 364 593 101 185 -43 389 -374 69 40 187 15 80 -317 -267 -187 -219 57 148 -343 -279 171 -101 -66 -429 -94 201 55 61 -43 416 476 1 -163 -161 -145 280 -76 -131 -77 10 92 -223 2 -71 671 -153 99 67 -200 -279 -1 145 84 371 177 195 22 47 -119 58 401 -263 -183 -94 417 251 -104 -148 8 -115 317 230 126 441 227 -184 19 68 180 107 -344 328 101 -19 -109 -261 -346 -46 97 -10 281 289 54 77 275 58 71 591 336 179 -402 -26 -259 -346 -126 58 -346 -44 -130 -120 112 -321 127 46 281 -205 262 -188 260 1583863281
-409 440 188 116 186 352 -201 -224 310 344 12 -142 356 -307 38 -227 566 137 7 165 -143 -824 197 110 -239 0 4 -512 677 427 -277 -128 -601 280 -421 40 334 58 -145 -439 391 75 143 236 -116 135 367 335 -200 -537 162 309 -475 246 -549 420 312 168 -241 -111 107 -84 72 43 -130 237 121 450 -1 129 -119 -130 191 -409 -398 -349 -219 411 -516 13 -1 71 203 -408 630 5 271 -77 139 98 240 274 77 240 434 67 -34 -314 577 -80 -479 -143 91 -375 134 1 -55 -63 -168 -348 -44 -319 -145 397 252 -141 422 546 -201 -113 -282 141 -162 -220 529 76 -571 312 568 -8 343 -135 244 -326 -50 67 521 94 -734 177 303 -730 -290 -502 -19 338 456 25 -257 222 150 -179 231 260 619 351 -409 -246 491 -152 403 124 -91 -130 -205 206 14 145 -377 111 203 98 -144 -239 -154 254 444 -639 674 391 -287 -139 -92 146 301 -9 -316 -161 37 160 -547 107 -689 -38 187 257 753 87 806 417 600 236 -86 -361 -66 552 27 164 -396 304 -153 -229 -107 -220 72 -20 264 261 38 18 168 231 229 68 80 328 237 -151 -372 -427 235 444 -285 -382 -67 -211 47 -108 -223 -270 375 -25 -206 17 22 294 361 -293 -138 -239 306 -520 70 -311 -145 97 182 162 43 -206 168 -331 237 475 -49 162 -17 -257 -216 135 258 -78 -421 106 -40 -128 342 314 3 448 2 -536 -341 -46 460 39 373 22 244 -152 231 442 -291 -281 -27 160 -437 84 -370 331 -211 -305 130 -409 -196 -323 -437 -10 160 422 44 -96 157 -231 -171 94 223 -26 245 153 -261 65 -25 -680 276 118 -98 2 208 272 -234 -426 189 48 86 -177 -304 395 -327 425 113 -241 171 68 -134 47 0 -74 310 68 -53 82 -273 427 -71 0 30 639 481 -219 118 -293 602 -291 -69 -35 34 96 -155 -178 -67 125 -41 -252 84 172 -124 -150 -111 -118 -126 215 -234 84 2 16 329 -43 -14 -43 -42 -174 105 -157 273 -178 -50 -285 -213 137 46 -406 19 -55 -283 254 196 58 39 132 242 20 435 263 597 -142 -528 -34 205 -498 -175 -96 -61 -114 -132 -28 1583863281
-742 197 241 -212 546 416 -65 246 -174 153 476 20 -612 196 -471 -215 -213 59 496 46 218 -39 388 -270 -510 248 -104 -344 -222 68 39 -53 108 352 78 -79 -303 424 333 -298 -421 -148 -311 535 414 51 -36 -216 650 325 -150 18 -290 -318 -98 -241 537 83 -303 -390 -229 170 -439 452 -210 106 -347 361 475 538 301 190 104 356 82 -365 -376 103 288 -39 -103 -6 280 -13 388 -248 -292 -297 741 -303 -11 278 -145 549 -585 -390 -155 325 323 -5 22 -90 -49 129 82 -254 304 36 -573 -56 -246 -158 275 226 282 423 -12 587 -100 -320 -53 -187 137 218 -23 274 395 286 123 -491 163 410 -65 -56 205 -203 622 -154 80 -24 -118 -335 -43 134 -66 2 -468 339 243 -586 -536 -29 -224 207 493 290 -403 -21 -100 692 -574 235 -67 65 -469 -306 286 713 28 -31 -266 -203 18 -574 -362 -89 -361 -333 -384 -468 -382 -342 170 146 -17 195 67 -108 32 -255 -706 -524 -189 -314 -474 -554 -297 -257 -219 -83 462 208 240 -38 -164 372 72 482 -436 236 -164 533 249 -273 250 298 427 -361 2 113 421 26 -22 -136 -10 85 264 33 37 -162 482 111 -177 39 326 -199 214 -383 167 -479 -133 -59 137 97 69 -121 -30 103 114 321 -442 -211 308 -122 -78 -118 -56 -38 -356 -295 3 139 14 -60 176 -176 -64 -172 -57 -669 558 -62 57 -138 -156 241 167 -108 157 -126 52 392 -335 456 -354 701 -88 101 635 224 65 219 53 16 165 -84 -136 -22 419 72 126 67 238 37 108 68 231 -70 -130 17 310 -227 151 -506 240 325 137 -42 -456 -109 -20 515 -314 -71 -129 206 17 -219 -136 -350 324 -84 4 -186 -63 -259 66 -5 -78 354 236 -184 149 214 -49 235 92 -529 289 68 -404 172 -26 -398 -190 -303 111 -258 -332 -167 -59 -95 120 268 -328 266 350 5 175 176 81 -295 62 -191 -291 174 37 36 -436 -179 15 -287 -321 0 -263 180 71 511 -268 -245 -278 577 -85 82 127 -104 -302 -245 406 -190 237 -549 137 -170 386 108 232 -32 -178 -78 -244 -122 80 -84 632 4 -164 1 -25 -219 -192 -175 -42 -73 2 307 1583863281
18 -32 842 152 -85 -725 137 -391 1 857 -378 -6 -38 767 -331 -88 -277 255 164 -136 252 186 -99 303 45 -23 261 87 90 -82 413 -339 298 -951 227 -262 210 -75 -511 135 -86 715 -34 255 -205 -399 568 14 -232 -512 389 455 124 -50 154 402 80 -251 3 316 6 -404 424 226 -395 -292 182 -28 -114 379 -188 372 119 -253 215 82 90 199 605 -77 243 -263 -13 -391 475 -183 -415 375 -53 317 365 -27 -12 376 -52 -313 48 -170 89 -66 308 -86 364 -161 42 5 -50 -45 347 53 -211 778 -213 -321 35 79 438 -22 -258 227 -246 -170 476 -508 315 32 -104 -708 -198 -68 527 -808 -96 72 264 -120 -224 52 112 -160 177 218 -93 39 -147 -76 111 -143 -290 -11 369 111 -253 69 -230 -103 -75 50 -169 61 317 -59 -386 -275 8 308 -61 200 -276 -285 382 77 -395 -78 -11 151 164 -398 309 -74 233 -668 -258 554 39 -284 -152 -513 -199 247 -59 -220 215 0 12 -107 -524 -206 123 343 140 271 -261 462 -135 491 -224 -285 -74 22 -77 27 129 -126 417 28 39 -531 -355 356 69 -248 326 156 -216 -135 -138 -524 -68 216 173 -144 -385 -102 -139 -43 -32 -142 -231 87 -45 -358 -62 15 -414 -288 -164 292 434 174 -130 -182 -325 -15 -104 -211 237 138 -179 -76 64 152 -137 12 203 -50 -540 317 -657 -69 -257 -396 -78 177 -283 278 -280 -331 -57 -51 -119 -144 -126 -331 28 271 184 -126 271 175 30 -21 143 -411 -46 273 -266 236 78 -261 -353 161 375 -31 -441 256 -402 389 244 214 0 434 -687 33 -199 -125 363 520 7 271 -40 298 214 -277 -365 -208 47 212 -90 -129 -104 68 -382 -47 75 315 -79 -224 19 105 202 -384 246 -29 -252 190 -183 184 -486 164 -141 -210 -52 2 19 -79 225 471 -89 21 -613 422 -232 149 245 -205 108 -40 54 237 -354 222 298 -56 -70 -526 -590 118 149 -248 246 -295 96 -301 -167 -116 119 38 -31 -24 -236 -314 202 -158 184 149 -119 -11 -39 -428 -342 67 -15 320 128 -125 274 -168 153 -201 -128 110 62 -122 -398 -182 214 -74 -15 206 -51 -127 -310 -462 -26 187 1583863281
-32 -634 -59 -317 269 623 29 216 102 -36 -179 224 -722 82 53 -396 380 -562 393 -253 -28 -335 198 551 276 -273 251 -510 270 -118 353 -448 81 396 296 169 87 -763 -11 -26 -583 -247 -99 -212 -140 -31 -281 -93 -131 71 62 -266 -8 514 436 147 538 261 172 -417 -566 -280 -10 -491 49 283 -578 74 808 -220 -371 -475 -275 -229 428 190 22 241 -56 448 122 229 349 -95 -387 -498 -591 -130 217 -36 493 -816 -11 -352 -389 624 107 253 521 199 -127 -356 -10 -212 45 545 -200 -113 114 236 665 95 136 -186 213 -180 -364 91 369 -116 -200 128 -132 313 -131 -110 296 -171 -222 -135 -271 -92 -114 -137 -94 174 -105 199 273 -195 75 -725 182 459 -238 -179 144 575 -147 494 213 70 138 518 -757 -280 -269 151 185 -620 352 -10 -280 -178 748 363 7 108 231 425 -316 218 -43 -139 -163 -31 -110 164 284 228 -131 508 -78 27 485 92 574 -170 -162 -270 79 276 108 136 -67 -303 77 466 490 -113 -410 152 0 56 122 129 -43 552 251 177 101 -413 -433 53 -150 342 44 249 -232 -204 379 -52 294 198 -257 -39 400 -400 -265 548 -143 287 409 440 84 277 -177 -54 296 238 212 -301 65 -659 254 147 -384 -179 158 -12 -572 328 -162 -594 -224 249 -179 -43 -80 -265 -521 22 -267 -460 -130 169 187 -423 -159 148 -228 -342 5 23 -77 195 -67 54 104 95 -411 -261 -299 -311 -52 202 -84 -215 -51 358 -164 -190 -143 485 27 224 162 110 67 -61 -228 -155 400 -400 -392 -54 -55 191 45 -52 124 -556 268 -250 -396 -408 306 565 33 -44 401 103 270 22 -397 237 197 -241 179 165 218 -397 216 -198 34 -151 407 -363 126 490 543 63 24 156 -393 -200 -143 154 49 0 44 283 112 231 -33 72 2 142 -96 -151 -368 -153 234 -132 619 264 41 -46 3 -258 -414 393 -211 -371 -2 -269 -155 40 127 79 -65 539 563 -30 -176 242 -329 132 -275 -519 -255 173 667 -139 -440 446 -185 166 12 -63 -250 197 81 38 335 152 -4 85 74 -205 -297 -139 -19 -390 -248 -40 -205 -387 -186 190 -177 -114 79 78 112 102 1583863281
-322 275 3 194 202 -197 -324 197 182 114 205 -338 -105 384 336 -137 272 -250 124 404 -192 181 87 -214 -157 -448 23 -295 214 -724 64 -320 -829 402 -502 -221 152 507 -153 -98 174 -508 189 -86 67 -64 99 -65 -612 -562 -205 217 -223 0 10 494 156 66 157 37 100 170 11 318 -462 -778 489 -716 -215 381 478 -274 -566 321 -195 -171 -206 112 -65 -106 44 -13 -434 289 139 97 62 119 94 141 639 400 -110 -318 -442 224 -123 -177 368 222 -462 503 323 -213 -22 -542 0 -778 270 286 -10 -51 447 518 -20 -257 113 -386 -175 -213 -318 -53 -198 254 -23 -146 -164 -183 -218 -94 136 -149 187 353 -20 -648 428 -322 8 -279 136 524 26 455 -141 133 -239 -30 -177 -16 12 230 -29 -483 -231 135 148 256 805 -216 92 91 198 425 289 -164 -178 -268 181 -154 -104 -305 411 -237 -115 199 -97 33 96 407 -363 -31 321 91 433 43 278 282 317 125 272 -370 121 412 -280 381 185 -167 -366 -498 -177 314 -48 10 38 -503 256 -332 705 403 198 -241 543 46 45 112 -128 104 -27 -146 207 125 -37 111 -145 -47 -180 34 26 121 18 -761 -168 359 693 403 -340 -9 -8 -318 -326 46 137 265 27 8 459 615 230 -365 -94 -206 165 -208 -368 -67 -422 498 398 46 -277 188 -6 -465 398 -174 -74 42 -67 -161 257 -305 -1 -64 407 -174 -53 92 -96 -54 -162 -147 -364 -60 268 -86 435 -60 -51 45 191 -502 44 77 -221 -414 -238 123 561 -47 -488 206 7 13 179 251 -382 9 102 -519 600 386 261 -34 -399 -38 -246 -19 416 -226 -318 73 171 -194 -69 -21 -289 -18 623 94 147 -185 -11 -50 -274 250 -28 -210 566 -294 -368 -338 288 5 180 103 -346 -159 -133 -198 -150 -136 -262 -384 -5 -60 314 224 69 345 173 79 114 -293 -54 -103 -17 -145 207 -387 -242 205 -89 147 -415 -95 579 336 -64 93 -156 76 157 192 -33 -282 75 212 43 -208 360 -394 215 -54 -309 -414 -256 -36 -31 -298 -239 137 13 271 383 83 6 464 -55 -59 -99 -101 -238 676 304 266 -173 152 94 20 -180 318 194 310 233 172 1583863281
620 289 -55 266 422 108 18 -522 378 -40 601 -202 -149 -238 -428 -359 104 362 -476 468 322 -820 706 391 260 -323 -253 513 -363 451 242 -174 18 -95 -284 606 124 76 -205 -14 -44 -315 214 -82 353 -214 157 325 -271 169 -529 390 -490 -139 575 685 101 -533 172 325 349 -390 950 -411 -468 326 18 -72 -341 -102 51 -109 -264 122 -390 312 217 417 -167 518 -200 424 -348 -358 214 192 -403 508 -38 -6 105 -29 -303 -12 35 44 -500 -276 0 -141 234 202 49 -120 840 -259 -454 -133 -120 121 95 437 -287 -372 218 409 404 -445 -68 -306 286 -544 111 -81 160 -80 -326 49 -15 -272 339 -350 -252 -114 -655 49 -455 -165 247 -228 -256 -251 155 317 -611 309 109 267 -357 -142 154 -91 -138 365 224 115 4 101 406 115 22 -297 49 -365 -165 198 -17 158 -178 -248 60 -42 -77 214 -340 -366 325 -357 -189 -33 304 157 -359 -301 80 -146 -84 -62 -365 409 155 532 -42 63 135 -92 24 253 45 65 -97 -12 -32 101 382 -255 -151 220 -92 -77 -235 107 191 386 -464 440 282 -359 246 -208 324 -361 -40 141 74 154 -153 148 413 265 -5 -225 149 -264 -135 -72 15 -488 -84 49 -107 -54 -244 347 49 113 211 -115 195 328 -8 -38 106 339 -152 512 237 249 527 67 -156 -169 93 -319 -439 96 3 564 222 68 368 -12 -257 128 49 197 147 104 -367 -64 147 14 262 381 -149 294 -353 417 -79 27 225 -366 -143 -143 -403 -408 -171 25 314 -362 543 422 541 -183 145 185 152 179 95 40 172 71 -547 461 16 -105 -416 377 465 -201 -712 317 268 143 291 -111 -9 44 395 237 157 190 82 339 -311 435 -187 561 285 -216 71 102 11 -350 -59 -208 78 -356 230 348 -761 -20 -601 242 -63 -143 93 9 -121 -274 122 -202 92 182 374 229 -171 -270 57 -48 122 386 30 -126 327 -1 -21 82 118 477 261 171 161 136 -384 19 -297 -34 -162 28 -176 -401 -162 40 266 -493 -292 -20 233 238 100 299 -328 -170 19 -529 -218 -59 -315 -650 -169 341 -13 272 345 111 66 -80 8 -263 -459 170 -84 -125 379 190 1583863281
221 -547 -218 251 580 -273 -165 184 224 110 -35 286 571 -64 -350 -769 232 -579 -236 -7 482 367 -825 1195 -46 -269 -246 -62 228 365 -48 485 -93 -441 -123 104 -361 222 370 324 -273 58 91 -175 235 556 -182 -373 328 -126 -125 -12 451 -110 -83 -203 0 300 25 110 414 179 291 -80 113 90 737 -4 -36 -152 -311 41 222 174 -315 144 -436 -154 415 309 -38 33 -82 614 206 116 -227 378 -240 402 -579 839 -213 298 242 -445 59 -109 149 -193 79 306 -212 187 174 175 -299 176 12 -47 -118 115 -81 165 175 55 23 -724 3 -400 -138 -168 207 -213 -259 213 171 304 596 -333 356 -139 122 259 313 -259 -82 -267 219 38 -83 149 -7 271 36 532 688 99 -12 -588 -499 287 -22 -425 -186 -22 250 584 293 286 73 264 615 -120 -31 -169 -82 -273 594 3 -306 -328 373 -123 61 -322 459 259 90 -152 -254 21 -103 -251 68 -257 -105 303 705 -16 -691 -331 -114 300 164 41 55 312 -5 -170 -616 297 0 234 144 256 113 -90 480 182 9 156 -558 -68 -287 176 -76 -89 32 76 -112 -298 315 -94 340 261 142 346 378 -88 135 153 33 290 -189 255 -4 120 160 -368 123 -644 252 245 148 153 65 601 -329 -298 -315 -35 -185 250 -81 200 528 -464 -225 327 261 174 -57 -211 -238 0 163 -380 -2 337 -83 57 45 -147 216 -282 209 -119 8 223 -50 -226 -9 -443 484 125 -172 -282 174 481 -142 -297 495 -82 -356 33 498 -291 -146 -47 -182 390 642 -497 60 -84 -207 -123 -348 206 -270 -438 291 337 -392 113 129 365 -26 67 -327 397 -288 -117 -193 506 92 112 -276 192 -127 100 -130 4 -129 -102 240 -224 529 316 -57 -380 -81 162 56 -265 188 211 -78 364 -100 145 -181 328 140 144 223 -166 144 -157 -122 355 -600 292 -528 -193 365 -163 -348 -546 -510 -179 -223 -98 -240 -14 -121 38 -46 469 227 248 153 76 -45 -151 138 49 127 96 284 405 90 56 485 -34 113 -122 77 377 253 -508 -142 181 315 -174 183 30 112 116 430 102 114 542 98 -116 -19 277 -506 -142 43 52 58 181 296 -67 1583863281
225 -850 218 -860 -62 -347 64 -565 823 -272 356 -585 215 443 -376 802 -124 104 -61 -261 481 -791 -122 -193 -162 -25 278 218 220 -252 -372 25 -240 451 -228 -178 -380 -8 290 348 -267 -297 464 342 -56 329 95 -245 -485 53 -363 100 261 -170 -102 199 -337 -721 -21 -66 -133 -250 53 -316 -130 -138 108 256 205 -309 -127 -606 -43 -136 163 493 -295 287 -68 233 90 559 119 -539 -54 -228 737 325 325 58 149 -326 -151 233 91 16 471 -106 -324 -87 104 -234 -159 -527 144 605 -162 -5 587 -114 -212 -60 212 34 4 61 149 -224 167 -343 -83 113 -79 -145 233 -88 -194 -245 -55 270 -197 -128 174 -79 -234 277 222 -383 -123 -42 511 -189 -748 -321 -490 336 336 78 -306 198 -409 13 -602 -358 231 164 21 -592 153 134 308 788 -141 -386 154 124 178 99 -243 -23 -272 -205 -116 13 252 -185 16 -473 776 -549 -55 421 57 74 29 -24 -15 -111 715 146 -83 371 -38 -118 -29 146 90 100 190 62 658 -364 -227 -539 110 -12 -580 -263 264 -333 274 -171 447 -253 -4 -392 325 446 456 -41 -78 39 65 105 -154 -3 -642 284 -78 230 656 -146 -77 63 274 183 97 -5 102 133 -56 -435 -498 252 429 291 11 185 203 -229 -107 -574 345 75 -240 -101 -551 210 -71 -43 77 -539 158 162 -36 59 -176 -28 -90 404 -684 3 571 -116 -609 556 376 -124 108 -383 -334 310 463 331 128 -77 264 72 -590 -311 120 213 632 -38 292 237 -395 232 372 199 89 -258 -337 50 97 -14 111 157 -171 -76 -221 -12 41 81 -356 -448 -368 -54 -5 -496 -179 -96 261 -236 -108 392 567 -253 35 284 71 -167 -8 40 -569 357 -99 114 -77 -124 177 -67 140 274 136 60 475 1 -65 -546 -203 -558 199 -199 558 -162 -129 -30 174 -45 650 -277 -75 -214 290 102 60 297 -4 -136 153 -22 149 -136 -296 -53 -77 -17 -179 -16 -136 -126 -200 -165 26 684 -181 429 -431 -320 -34 356 -138 14 209 81 150 -65 -111 -68 127 151 -448 -393 40 433 262 -374 -470 142 -396 -40 -180 158 -431 78 64 206 1 -166 98 160 8 -252 415 -80 1583863281
-94 571 -322 -106 206 -768 -155 244 -220 -483 36 -34 98 -310 -476 336 75 -94 -505 -421 97 -108 -71 290 -156 296 303 49 98 -1 -819 -535 -767 567 -20 -324 -87 757 -42 115 -17 -90 212 -164 324 -240 461 -415 -64 -337 -62 102 268 605 430 279 -94 -155 -269 -235 -110 -54 -662 -337 83 229 -118 -271 1 -164 181 -10 111 244 583 129 270 390 -379 -464 420 -297 -50 -193 443 -561 -365 96 354 -196 107 102 103 -236 112 230 340 363 264 188 -536 79 415 -379 -216 85 -247 -234 71 140 89 447 63 -475 -130 493 -1009 264 267 56 -171 -477 -65 816 37 548 -17 -205 191 268 195 -422 116 -85 -551 -441 -52 -273 -128 199 334 -204 -431 175 154 403 285 -81 96 335 -175 -225 180 -337 42 -293 39 176 858 -571 -175 277 -64 -445 -3 -80 43 61 -102 -184 -53 -165 145 386 -136 400 -294 -394 -148 429 307 6 284 2 -227 -236 -242 139 -226 32 -199 548 40 -209 53 169 -318 -333 -237 -141 98 188 -51 41 355 27 265 -269 -111 -182 209 -107 5 148 87 -127 -624 -160 161 263 0 -90 522 20 466 -14 1 -250 -339 264 -53 83 20 322 -8 329 94 -19 14 -310 -242 98 -501 105 -2 -247 -94 -51 -11 -397 -467 -177 475 194 -546 -30 -219 -15 14 344 -7 252 -188 3 73 -95 191 -188 -63 -378 39 -437 123 -438 -247 -38 104 -30 426 -112 191 77 -101 209 309 -123 165 274 -131 294 -440 115 246 17 170 -122 -54 -186 -28 -104 483 22 -62 66 329 -190 -226 132 -100 -212 -79 -236 669 -41 26 228 -96 -436 98 -70 128 -417 17 -398 -248 299 110 -120 -253 14 77 34 -533 -25 486 -288 650 263 -42 -162 57 -197 56 281 67 -443 -3 -91 257 -15 352 -187 269 -134 -40 -182 -143 459 -95 -230 343 10 423 -323 339 -111 426 -227 -294 117 9 -167 -44 -118 -32 -261 106 83 -548 249 -381 -99 242 -103 -488 0 16 -147 307 332 337 126 244 -316 168 -401 471 362 590 -441 46 268 34 -56 -245 192 215 221 -58 -121 -102 544 -70 -6 12 165 -93 -39 28 202 91 285 -104 140 -38 -205 1583863281
-212 4 -448 -54 458 251 -153 -259 -325 -735 348 -136 -233 -169 275 320 -32 -314 183 -142 238 8 -289 -127 -51 -26 95 442 343 199 -152 -531 -289 -379 -198 701 67 577 -686 295 209 -9 217 -139 77 103 -279 151 -101 93 -89 -147 258 142 124 -297 -322 -256 739 -185 406 -532 117 -189 -1 317 146 238 -511 -328 -394 707 -41 86 -111 -117 551 -105 202 80 437 -290 83 46 -333 179 -313 6 58 -265 -68 -155 -283 -575 -31 134 -61 -415 299 -193 -225 603 -322 -287 -597 38 -677 -209 362 37 -16 -425 588 296 -377 225 -9 667 -381 -154 -62 -58 519 148 -264 -517 -285 358 136 -63 -219 5 -77 -444 -220 3 -399 -10 76 -115 395 205 45 -117 -385 579 164 -204 -56 313 423 344 -148 570 158 434 417 -30 63 -123 172 165 -142 200 600 459 -107 330 -335 -245 -272 -314 -244 -194 -77 124 -427 -49 56 -361 -350 -272 193 47 207 -268 -22 139 70 430 -326 -224 -112 234 -227 -96 -332 45 448 -529 -190 82 11 463 -337 88 205 -109 -121 -219 -369 -167 -328 -210 -97 295 -241 47 -340 140 -140 235 155 125 344 46 248 -375 453 648 -65 -167 -395 -661 446 -57 -251 -35 238 -614 -247 227 -244 89 49 -488 111 288 -232 158 140 234 -256 -287 79 -251 -49 -244 30 377 -471 -4 -308 -115 -45 -147 374 116 592 351 -451 -248 -19 -101 66 52 -137 326 -41 403 549 -166 227 -10 328 109 -51 500 -173 301 281 127 -44 266 -35 312 126 367 -164 -151 -181 483 655 270 83 -492 286 -300 -179 313 -247 -281 385 607 110 38 -261 -135 -118 -368 -30 99 324 16 225 -54 278 366 280 514 57 -28 375 150 327 -33 -272 234 -379 154 -18 -205 -211 -196 125 120 -353 40 -252 -541 489 289 -68 -21 -58 -144 -321 587 -141 -39 85 -129 80 238 -159 -494 -264 383 -244 -98 222 377 -216 -33 -129 65 51 -360 -91 10 -134 -399 339 37 21 -107 298 68 30 -38 32 -187 -202 561 86 321 -66 70 49 -136 12 79 259 -126 318 322 291 -335 -197 -175 116 -355 75 -51 108 -36 -190 -147 -378 -86 -44 115 349 -28 9 -153 1583863281
103 -188 -74 -480 -113 518 121 -252 -284 89 99 -406 2 -337 414 -104 -106 -792 -470 29 1008 225 669 -355 347 118 -334 -526 213 -350 306 299 55 613 348 -232 97 -509 791 -478 195 -189 -370 496 -340 -22 181 327 -180 -142 85 -319 116 95 -202 263 -84 -635 702 -92 -163 -90 158 -123 -386 -461 498 209 -546 -215 322 -335 -446 29 35 -92 552 369 237 -258 -83 392 189 -400 -28 -501 -217 38 -185 152 -155 -181 -724 112 -421 -892 32 -429 -380 82 255 373 -275 -134 -397 -205 -67 -341 95 210 -84 -116 25 234 27 239 -77 632 -9 -39 205 -114 361 -4 -319 343 -284 -395 493 1 31 -110 -512 150 241 -338 -419 -398 -358 120 70 512 -107 52 267 -292 -99 32 138 245 27 50 390 30 -836 290 14 263 212 125 -195 -187 575 63 362 114 432 -9 -460 148 -303 256 -110 -432 108 146 -332 -866 -268 -399 -312 511 278 -385 -169 -67 125 234 179 -56 60 95 757 -431 -158 -164 182 270 -271 -115 349 22 -46 319 -245 230 289 -192 108 -265 164 199 269 -40 -239 -258 155 -119 130 347 -2 -290 -172 85 -227 532 389 -76 -199 506 40 77 125 110 510 119 -229 515 -305 -56 -142 -312 -58 119 -127 -246 264 -285 -386 -32 240 20 77 -365 -583 -17 71 210 -488 110 56 -98 48 75 -536 -36 -20 -324 280 141 -201 163 -11 -103 -55 144 34 157 178 -253 -194 203 -64 24 602 -54 -627 -9 -232 214 -126 -59 133 189 152 -190 25 289 37 268 165 -338 -184 93 -5 -92 186 246 177 413 -440 334 -84 -114 38 -27 -374 1 -602 177 -14 108 -227 586 68 25 -152 -284 99 -302 -185 139 -10 -593 4 548 185 -154 -230 -37 -456 309 -279 -198 19 200 -49 253 114 235 -471 110 -63 -450 163 125 249 -458 -401 -152 -178 599 -330 250 -132 -138 55 -278 -119 274 216 521 -76 41 -89 248 -47 -158 81 -13 -489 32 -134 14 211 234 -171 222 128 197 -141 -139 172 91 123 -298 125 -118 -98 3 -211 0 -217 -119 -42 67 53 -140 172 178 391 -477 105 173 -139 52 79 -194 146 41 51 -244 61 -338 -14 -296 1583863281
279 30 245 131 -214 -414 272 -293 106 297 508 -337 -110 -72 -171 -162 269 -308 4 798 100 39 302 150 138 -450 509 141 -221 70 -357 -70 -287 -205 -122 -314 -280 -157 126 994 -268 -86 -447 224 -637 1 -388 184 211 -519 -322 213 83 -93 -348 649 -164 -356 -311 72 -118 -556 266 18 503 -419 -394 288 40 -129 413 -352 -166 -261 84 -525 196 -593 110 -291 170 32 144 -654 293 -166 74 -275 410 376 -4 112 20 -1 209 222 149 -301 370 269 139 -62 -30 247 -104 457 -465 -483 -400 269 146 221 -179 143 135 -106 179 220 170 -349 -500 -388 -538 568 112 -323 -137 21 -3 -506 97 164 49 -309 -158 433 50 -94 68 -404 -305 120 -50 -20 -110 -419 232 -135 -483 151 612 241 -446 84 -268 10 -500 -326 -103 -119 -219 -89 -80 -12 -113 -330 -198 -344 93 200 -199 -187 -391 -277 -394 365 -332 176 -158 -77 -290 55 214 299 177 -270 -241 -127 254 -525 218 -573 131 143 79 -269 -35 -77 72 -768 206 44 -23 305 124 -215 250 21 -196 455 137 -488 -8 -88 149 -347 -165 -197 -291 -348 -48 -186 -116 91 350 -166 788 -85 -475 -346 -320 -115 517 334 -86 263 -559 -111 -488 291 42 -148 -281 452 74 -182 26 -85 -59 177 -35 -160 -149 65 -139 114 -205 -118 666 -154 75 -138 18 393 245 58 29 -224 325 -22 -143 -101 104 67 -832 -200 142 517 -257 10 340 1 337 -282 -12 544 295 61 117 -160 -12 441 -352 14 372 306 270 -26 543 -338 157 -64 -337 -172 -444 47 67 -17 262 -528 -53 -41 -122 -120 -244 -296 -351 177 -183 349 -26 -519 326 -162 -27 73 291 -167 35 -204 -188 -187 -86 -236 -244 -57 124 147 -36 -261 -36 -151 -315 80 39 -144 74 -370 24 -342 -65 -49 140 -85 -64 58 145 89 10 -209 406 187 -558 -295 129 244 68 50 -383 -399 35 -305 -370 -201 -411 6 -129 -539 22 534 -313 -20 78 6 -13 -302 359 -214 -457 -591 -40 253 198 -202 -362 228 234 -206 -292 -335 -339 59 320 76 165 410 625 330 367 172 -272 240 149 -279 69 96 211 23 -199 394 -293 71 -31 0 -184 -67 1583863281
-116 193 280 -137 -191 -209 514 562 90 36 -469 189 -121 438 306 -239 105 98 169 -351 71 -76 -236 115 143 -76 435 76 -395 62 25 37 -51 512 -628 402 383 646 -86 506 -525 589 -148 217 -629 -208 -388 828 59 780 587 -58 77 -50 -238 -96 -107 75 -250 65 -293 -545 -441 -530 -57 -88 270 88 -56 -227 95 377 372 -145 -28 93 0 -455 101 -501 257 289 -30 -330 393 345 17 78 356 79 20 -410 46 173 66 -366 288 -78 392 708 -290 733 370 87 179 -34 11 -191 -57 59 -200 188 -162 113 -474 -316 86 11 -69 140 52 -13 245 444 -467 -69 -298 -604 -439 142 65 -33 -32 -181 214 81 -8 -12 -244 288 -342 -505 -119 16 191 46 -35 314 243 -24 794 1159 -171 96 665 516 183 117 -329 47 -270 200 -142 212 273 308 -43 5 81 244 425 136 219 106 44 258 77 642 351 -302 473 11 150 310 -434 -130 218 55 394 -155 143 292 291 97 11 -248 -9 295 74 82 -594 -51 0 19 -161 551 236 -419 116 520 -47 -660 327 544 -543 70 -168 -190 -182 185 -5 -366 137 -542 -50 -259 171 203 -373 -58 -452 115 213 27 -111 -54 173 230 -11 -510 -105 -307 -186 -35 156 186 -175 194 155 353 211 590 -176 95 -446 -363 652 346 -160 353 -329 -344 -235 47 -474 -179 -3 -358 382 289 -180 601 146 -101 32 86 39 204 -271 -291 -92 -378 -234 -297 182 -187 -374 121 410 -53 234 -39 139 -339 428 224 193 44 -153 318 342 -491 -47 374 149 -21 215 -170 -220 -59 233 -113 -286 303 -255 -582 -484 521 -154 71 69 -61 -33 -292 -73 -139 -19 183 -122 81 95 147 -103 -82 65 17 -229 41 -93 -41 -134 -196 126 588 170 245 193 -228 -192 434 91 -418 41 26 134 22 417 218 115 -195 407 -440 -300 -265 118 -51 -70 54 -525 277 19 285 -446 -39 23 -10 350 -64 55 -59 -210 -97 -56 302 86 -284 -222 114 21 328 -90 120 211 -227 436 -454 179 -181 92 222 -6 184 225 -150 -18 -5 639 -55 150 454 -53 -23 15 226 -73 -338 -67 -104 250 -234 156 268 15 -485 216 -207 1583863281
699 81 132 22 359 -56 307 -116 223 131 227 65 299 -326 252 -115 620 335 -171 5 -145 -190 96 480 383 35 44 -858 119 198 -92 370 41 458 -173 349 713 -595 116 -104 524 171 -207 -406 295 8 -371 73 71 -55 -123 70 -541 72 -213 -60 -177 265 -488 -40 143 29 256 24 391 279 -124 -150 -57 128 604 286 25 -81 175 -143 100 -219 -274 -721 -8 615 25 -554 -373 317 -342 -338 -647 -120 -26 707 -393 -63 370 186 427 612 -162 -466 55 -575 385 104 157 -128 115 13 -453 -340 299 -1003 106 108 317 -440 229 -534 -133 -243 -311 -192 -252 -109 -237 -32 50 -75 255 225 410 -258 407 160 -57 -113 -248 -150 -352 39 -147 -307 232 284 236 -73 232 113 -81 -410 232 -160 -669 106 -317 -244 127 -164 69 -59 -116 145 -305 294 -443 33 320 -147 -224 -241 550 105 130 72 151 -290 -440 202 -56 268 -101 392 -340 -536 314 -126 -288 83 -43 -355 -51 -82 -112 39 365 -165 152 422 -413 290 -453 -674 -466 -140 407 302 -198 168 69 208 301 231 82 -44 -151 231 -177 -225 -12 48 -192 -258 -566 -135 -396 -33 -176 14 163 -80 -51 260 -275 -153 -258 -153 -359 -388 336 18 205 -172 333 391 0 -211 214 130 15 155 -311 429 51 0 -138 225 -425 -525 -83 141 64 164 -215 196 -120 56 -49 -178 -401 321 202 250 129 -151 122 192 -389 78 -536 781 -166 -20 86 -29 995 -18 -461 110 -278 -136 341 -199 -108 236 195 112 233 -252 -176 -223 -162 -29 235 -21 399 -22 341 -345 -300 252 -126 165 25 211 174 242 -78 -106 -261 43 444 -58 -240 -426 -133 67 130 -194 -205 55 342 -480 -59 -116 -197 272 -168 -90 262 -28 542 -351 -295 392 -285 293 332 -338 89 123 23 -189 -187 -335 -336 -151 -159 -223 67 224 -19 269 104 168 -1 -138 252 -34 32 -240 193 393 27 82 186 -203 50 299 -219 160 90 -8 442 394 151 179 -315 -293 -87 135 86 -535 70 -207 243 -542 -196 400 -1 257 280 -111 -50 89 -124 -74 127 -104 -176 -64 67 319 -18 -76 -320 -316 378 336 21 -148 -200 -247 16 -96 -365 -392 1583863281
-430 31 567 144 632 70 -184 -384 99 97 -392 480 -103 439 290 375 -285 -498 152 -2 366 -73 254 139 327 -810 256 602 -9 -510 -483 53 203 -256 -304 -528 309 -128 -415 -396 -185 -184 268 325 -187 -60 -168 -299 -86 6 -72 63 -169 -27 249 -60 90 27 69 214 -502 188 -434 264 -700 180 341 323 401 25 -555 239 -252 -146 13 37 -8 16 -215 -444 -49 537 -302 243 -109 43 -357 281 -198 -28 531 -350 -604 -512 102 -288 -143 64 -62 -344 67 -626 434 -96 149 -69 80 -182 -160 295 -174 252 -93 1 599 -368 491 444 -465 385 -36 57 28 -181 354 -503 -373 400 -387 -491 -397 112 -116 -498 845 149 -337 183 -45 -62 -327 368 -95 -734 -67 -415 -127 -209 -90 -168 -193 238 -186 10 417 26 207 -10 18 114 -152 35 47 220 81 437 -216 21 -161 -138 259 -345 -38 390 62 -70 -29 111 -365 -180 -67 370 595 -238 180 114 171 100 -219 -158 249 30 50 -515 -302 205 510 -103 289 227 -353 174 344 -139 -483 88 400 -241 442 -48 -540 -67 203 151 351 -85 59 -426 -224 -39 18 -29 -104 -34 -243 207 443 94 -98 -77 328 129 44 392 -90 248 72 -259 -473 338 -271 172 235 305 -140 179 182 -185 -384 -324 -394 -71 181 9 202 -117 -52 392 17 -134 -164 333 -312 -1081 -30 408 -217 485 -39 -108 198 -115 160 116 -286 -217 37 -145 -391 -83 224 -176 -107 -26 86 244 -65 -105 -157 -170 437 176 354 -315 342 214 172 172 341 -8 -358 89 -321 366 -21 -96 -424 -15 -464 -101 -594 59 81 84 -90 -435 -98 -182 41 421 -306 -167 41 -309 114 209 25 -271 301 -350 -120 -332 -227 -146 -508 -131 -82 249 706 -121 -296 170 200 -72 -97 217 -43 -564 -63 59 -243 -79 -218 291 -181 292 302 -218 -303 148 398 409 381 55 -150 -270 -8 143 157 340 60 302 -307 336 352 266 -160 185 -73 207 24 205 -129 -248 235 -254 137 -287 -159 -37 -68 -406 619 321 315 -420 208 -200 70 -49 -8 -109 -8 -17 75 -35 -100 -269 -304 68 -302 95 -358 -81 -29 424 171 287 -61 48 334 -114 -457 220 508 265 1583863281
241 -704 -93 -396 50 -235 571 -108 -560 -62 -198 292 147 -250 80 -513 -285 -209 493 105 27 156 273 -526 228 -44 -305 -294 1037 317 -342 -251 -134 565 -752 -247 130 -275 634 245 -658 161 -624 21 -44 536 -86 -548 171 -10 -233 -227 3 459 -302 463 526 287 -21 -139 -54 -40 -287 -40 -382 24 340 483 -28 -167 -75 -390 168 -37 172 -443 -515 461 87 117 489 273 596 295 -115 -280 -262 59 159 150 562 -10 346 70 -597 -556 -284 415 79 179 -597 -297 403 200 473 251 608 64 224 -855 132 176 148 -116 26 -68 -696 469 513 -270 91 712 -264 644 -264 -406 -117 226 179 -100 258 97 57 111 -462 -316 104 -142 115 -420 464 398 -527 120 502 -344 -239 307 165 17 151 -335 716 -35 0 -77 -794 -410 144 115 -110 -135 -443 -134 96 -77 -324 -314 216 -267 568 92 8 -16 176 122 408 -42 -258 -179 -65 -203 916 -249 -229 -160 -100 -474 22 -327 228 -281 -175 134 235 500 -178 -421 115 112 -283 244 364 -316 81 -244 80 -32 -579 -314 -273 69 198 -86 201 -320 -394 238 -117 -386 -12 124 15 -443 110 -375 -22 205 186 215 67 248 526 -135 114 -150 100 35 -17 132 87 53 174 290 144 390 -168 2 -118 206 229 -37 302 -180 -380 -108 -389 145 326 201 61 165 -242 125 -348 207 358 29 -502 -152 -77 49 -455 153 55 365 -233 -347 -326 257 145 254 206 -365 262 280 -468 14 -220 230 133 81 24 -40 -196 143 -62 -283 18 -37 44 -453 297 -41 -196 -235 201 -58 245 -11 144 456 79 686 181 37 -162 -166 100 28 117 132 -160 -213 -109 -140 -469 -83 340 41 -68 51 -208 239 -348 257 213 -13 -35 43 355 78 100 -35 -36 -142 -140 -237 97 -287 41 27 74 434 113 307 39 -116 227 -282 325 130 -224 379 330 -331 375 -106 52 20 164 110 154 -135 -142 499 -130 183 111 -113 121 196 -191 156 -88 204 -246 -246 -24 263 150 -514 -287 -236 198 -278 -162 -252 97 18 172 67 32 100 -37 4 464 399 92 -20 -159 395 160 -615 71 -157 178 101 -88 126 -326 -299 180 -24 316 -42 1583863281
9 -140 -342 453 -209 -235 467 -272 -326 138 -193 -217 82 356 53 -358 427 -122 -363 217 -364 -11 -173 -390 -233 352 -12 262 -163 -565 -353 85 -289 -274 498 886 -151 71 318 77 66 418 -68 -347 -608 -147 -122 -97 -236 899 -299 313 -66 102 -53 26 -325 -318 -570 -85 -80 400 52 -198 -274 -560 -2 507 136 103 65 -269 248 34 -295 -251 25 157 -84 -87 237 145 -105 336 274 -603 251 -151 209 -239 -298 14 -426 -268 186 -76 528 222 17 -642 -397 -398 394 572 -107 28 -221 -270 -422 362 244 88 -49 -260 625 -101 368 392 200 -133 183 -131 -308 -199 -292 -370 -130 186 295 71 352 407 390 -173 188 -158 41 405 108 751 327 -33 337 10 -376 572 -389 -326 705 -308 -187 -367 -272 -97 254 -194 -413 -215 13 386 -63 -55 122 -622 272 110 91 85 782 -427 -27 -392 25 -20 335 -194 32 210 102 150 1 -213 329 314 -73 -2 88 19 0 -86 -508 204 128 -221 326 -55 412 -292 -864 -83 66 -621 498 -115 -392 -140 133 -659 21 -389 516 -139 -428 -267 -355 494 -49 -44 -385 73 356 212 -191 -123 164 -22 -98 -1 -266 275 152 -19 -231 99 391 188 106 -78 -214 -276 -180 136 103 28 437 15 -23 75 179 242 168 -200 63 170 -449 158 22 -174 17 92 325 -74 -364 430 -356 -153 86 -70 -85 -323 -122 116 115 146 -9 368 -89 -145 326 88 -469 95 -265 416 19 -241 -24 -162 -109 120 -85 176 -171 -318 182 154 354 -30 453 371 63 -853 152 -675 -314 192 49 -34 25 478 -91 82 -424 -90 -301 -52 -141 -129 317 77 -141 -309 6 330 -329 -10 -60 119 -343 -40 338 27 -119 -200 -235 -119 33 179 -10 532 -507 437 -198 26 26 271 -47 -188 -91 453 -363 373 100 -35 -363 636 -496 -123 42 249 181 -186 28 50 86 153 -197 186 -21 -325 72 373 -298 299 97 0 -258 -14 -6 -273 457 -433 -152 95 176 -176 -282 14 -380 85 233 159 -33 -163 736 173 -126 71 54 333 -24 -19 231 -333 -255 -178 -171 130 161 317 -113 -123 -405 48 -198 345 -218 -106 92 161 -111 -437 121 -62 58 197 1583863281
-116 -265 -245 -187 -12 83 -319 212 -63 78 260 -48 357 -743 761 360 -377 363 543 -1 386 83 -321 491 484 -14 578 155 -175 -160 309 -118 -29 359 -281 -42 -302 -417 -876 728 -168 -23 347 185 -126 0 220 -20 212 -494 -320 16 -32 -338 488 474 160 -152 -122 -407 61 343 166 605 -316 -38 145 -399 50 118 -158 318 193 -217 39 -256 4 352 180 -183 20 97 -164 246 -397 -113 405 -302 -73 -270 -92 128 39 -7 -225 169 79 -100 465 55 -1 433 137 128 -482 -284 -352 86 -80 -809 96 -325 697 107 295 698 459 -448 -154 364 -431 -23 229 525 -82 380 228 325 -32 273 82 -128 44 -708 187 287 -64 211 -388 199 459 240 -70 -427 308 217 -121 -354 -323 -119 216 -64 86 -85 -349 348 -640 -258 -294 -313 -112 -252 -216 5 285 -564 137 -70 455 75 -152 241 -355 -114 84 -127 -466 -333 -100 -411 57 3 -143 339 -22 4 3 178 -310 344 577 -98 571 279 -354 -404 181 -646 -287 -118 375 526 -74 -238 477 178 -34 -291 69 -3 74 -218 -158 -130 -71 -102 -94 -61 160 -137 14 179 71 101 208 -158 -264 271 -3 34 -316 -119 199 488 -90 -432 -511 89 182 401 -283 -703 108 203 127 189 283 -148 116 -159 -121 -554 -167 -40 -231 -126 211 240 261 52 255 -211 -366 42 605 393 53 30 -332 -35 -713 -313 175 157 504 -37 263 -578 96 -88 26 130 -539 -328 100 108 -622 -62 343 453 -96 -102 329 -424 -284 357 -155 77 366 201 -222 61 -92 -313 -438 321 324 -218 -440 -153 172 -680 -240 -186 69 153 180 -372 -117 73 -173 14 -18 -183 308 -36 188 330 -227 258 350 100 91 38 108 -41 211 -74 -6 39 -120 123 -71 27 87 10 22 101 440 -363 -23 105 26 126 -108 -238 -517 -37 126 230 226 139 -131 496 -47 195 103 253 351 239 -85 -368 -128 41 179 -26 -127 173 17 289 -274 -328 216 485 -396 -338 36 -312 -330 126 483 -11 -150 251 -98 72 110 -190 -256 -148 -452 3 -524 -37 -481 228 -223 32 -233 71 -298 331 -327 140 -70 -274 -138 -396 33 -52 -218 -250 -203 271 -89 -94 1583863281
-487 -338 -274 715 -85 355 161 211 -41 101 571 364 -118 -606 293 339 -584 69 440 126 744 -700 616 80 -349 -617 -268 338 -550 -655 103 245 -367 -44 -27 -524 336 152 -878 -38 -591 -34 50 23 152 826 258 291 473 35 -523 484 164 175 -17 103 158 79 -564 46 -26 -355 22 400 109 -226 -238 -162 374 308 -337 -354 300 51 33 -330 7 475 23 -486 596 -108 -172 -548 22 599 -46 -558 135 251 125 -93 -100 -187 221 -126 39 406 382 -411 -72 -60 233 -79 192 268 -84 5 -124 446 -79 50 8 -29 -16 -201 260 -40 -118 -96 254 -139 -100 -547 81 309 211 -78 118 -23 -443 -511 -568 -342 -200 -163 -169 367 -522 -25 -164 621 -132 334 -365 -54 -271 96 -447 -192 156 -380 -210 -34 -194 129 586 -185 311 38 169 -304 -141 60 -316 605 288 -52 -10 -276 76 181 -90 218 -512 -26 582 173 -1 38 -629 -167 572 10 225 78 682 -30 -166 57 -17 141 93 -133 387 -519 502 167 -348 -252 -23 575 67 -135 135 39 -76 7 -81 -146 175 -318 -206 259 -284 -110 71 -265 -515 456 -399 208 -133 176 61 146 -229 -114 283 202 213 49 -300 32 -238 -284 -224 84 120 -26 386 -156 69 -307 5 -208 188 -562 -345 279 124 136 137 94 144 -257 -65 -116 -324 -328 -118 206 113 -275 -121 -100 -182 -66 -80 52 -26 159 89 400 -589 606 71 34 206 -94 -692 73 361 -19 135 406 64 -63 341 242 186 36 -390 -316 -363 197 -35 67 477 -147 -151 42 -351 -103 -87 18 349 23 0 -524 296 -6 249 639 59 -1 181 255 366 58 -35 12 -71 -31 658 -173 108 361 -23 423 -70 -353 -242 143 -90 109 -248 457 -189 -262 87 5 -290 390 108 -168 255 30 -281 -229 -179 149 172 -398 463 683 365 164 -617 25 -322 105 214 -508 -167 -151 -25 379 116 -99 143 256 164 35 331 110 137 12 -321 -207 25 -474 9 -265 -126 -13 -228 350 -264 -69 -359 -167 -749 240 158 -291 810 -176 463 125 -43 -195 -203 -443 132 145 -77 -238 310 90 180 90 156 -191 343 -155 -189 360 -200 -93 6 208 117 -62 7 -176 1583863281
-320 229 -73 -197 -596 199 167 -259 199 -213 121 41 -138 -44 -262 588 -106 48 -15 545 -165 671 -454 46 -260 509 138 541 -686 95 379 251 -159 -344 169 -176 64 207 -161 -526 101 -391 459 -65 1313 -557 496 -3 247 -193 -111 -657 246 266 -103 -66 230 -97 -593 -606 63 -71 67 50 597 57 -108 -126 88 92 470 -467 161 74 168 -404 224 471 -128 -249 -719 -204 582 -323 196 134 93 245 561 -233 -435 -312 -72 259 -173 23 -425 -556 -319 514 -161 233 229 596 192 778 -126 164 87 319 46 190 -269 98 254 180 -488 162 -84 -399 -125 114 0 -139 -6 27 -591 5 -133 0 80 -14 34 502 283 -154 -411 -388 232 6 492 86 -258 -567 -85 -308 269 9 333 375 -321 -103 114 249 -144 249 162 80 -268 -429 -25 9 -3 -116 44 217 -424 -592 -172 321 -204 275 -309 -513 288 511 -240 -152 466 269 -376 -32 -10 124 506 411 311 322 375 170 -429 580 82 539 -41 88 278 61 -75 175 275 172 190 225 -220 163 118 187 40 -417 320 -27 118 -7 196 249 -135 197 -153 -219 116 -293 48 -21 96 253 57 -75 716 -188 139 -29 -499 -13 -457 134 -349 151 -46 -384 -112 494 330 40 -101 -72 -630 251 196 -146 135 -252 -236 267 145 -83 125 -340 227 -496 152 -38 48 50 185 26 -77 201 186 123 155 -230 -100 -187 -358 -327 -233 -224 116 -181 146 99 -180 -448 -5 244 -293 116 -206 67 67 -211 400 417 -88 160 409 -323 -344 247 114 -153 472 22 -391 -250 33 -185 199 178 227 141 174 -49 18 104 -291 53 -143 -344 353 -240 -346 -135 -55 290 -192 -359 -150 -83 -404 153 135 -119 -20 359 233 -23 508 203 184 -78 81 -20 136 203 237 13 -418 81 564 -147 -145 -62 40 273 207 -124 117 20 -42 173 71 -112 220 -297 -100 272 -142 538 -80 169 2 165 443 101 218 210 -301 -314 -127 -327 -337 -120 223 450 -310 -336 273 274 22 -242 -178 327 -166 -521 -384 56 -119 172 -53 195 403 347 175 -285 -29 58 103 -160 -193 -182 -211 -253 250 66 183 327 -654 182 211 -20 257 509 306 90 1583863281
-312 259 160 -216 157 942 -449 -428 206 108 -37 -114 326 458 105 -375 279 589 441 -153 167 -22 -237 -538 159 -98 -196 161 214 206 352 180 -99 313 321 79 -400 44 4 -274 76 402 -42 -157 534 -68 126 -842 121 -32 456 69 -284 -411 271 386 48 556 -307 494 277 602 -89 90 181 -516 -123 -326 465 -154 23 43 -687 -572 404 -348 -97 -69 26 100 147 -184 -136 156 -298 159 -592 206 -211 -499 263 -67 -23 -392 305 -107 -120 173 -551 -249 -98 645 85 400 -70 -251 -184 -188 -32 -214 -178 -33 323 -272 193 408 241 -510 -276 -567 -89 35 -166 340 -499 -573 -271 155 22 -5 4 -139 -297 -122 574 374 -215 -672 645 -297 233 490 643 476 156 -439 -579 335 130 -153 -203 -47 486 257 18 15 -30 -216 -213 -529 256 -328 -465 607 -265 -232 229 416 214 -390 -210 19 -219 -105 116 -21 57 -470 230 -153 -480 -273 353 -398 -196 53 41 -306 -445 159 290 51 32 98 4 90 69 -283 -554 276 -91 222 107 161 -345 497 -185 -13 59 643 81 -207 -365 -200 -418 201 -91 180 -538 525 278 292 40 125 -286 -83 94 -13 -202 -388 -1 327 -189 -273 157 103 -431 62 604 -194 66 37 504 219 -312 -64 -499 -602 -223 -13 -51 -127 -424 -99 161 -45 -96 56 87 103 429 180 106 71 -706 -529 -217 84 284 32 -158 -405 82 -364 28 -267 105 231 192 167 -504 -400 350 -185 -311 -753 -193 -513 278 -80 41 52 -21 284 -74 -314 142 -136 134 -114 -123 21 -244 -175 247 -167 -35 239 777 -326 -217 -14 499 -333 -347 171 -803 43 544 210 -228 74 -357 -235 -249 180 119 -229 -116 241 361 621 21 73 -560 -520 -230 110 515 -77 -38 101 78 -19 159 460 -424 425 -199 -181 139 106 184 -83 -253 -177 328 5 -53 135 66 -62 -147 68 -33 -16 -326 -51 108 535 -294 -461 -12 -62 -36 144 -340 -107 -146 138 99 -413 18 418 -268 -216 -154 351 108 -328 -513 119 256 -193 -315 -27 -147 61 -246 -31 77 175 88 -160 253 -343 -82 -254 12 -208 -191 -290 35 21 -89 351 130 105 -187 -216 -133 -98 -62 -380 16 16 1583863281
38 186 -426 379 68 -233 340 114 147 44 -38 673 610 200 -305 -104 -69 -22 -119 -484 -95 358 462 165 -50 314 676 -427 725 198 1066 511 43 -332 -193 -88 -61 -250 317 -614 -3 179 194 -47 110 -282 206 -195 183 -112 34 75 -422 722 444 598 -147 -40 -64 -458 203 417 446 501 68 -107 88 -319 -47 -109 -22 451 -348 -283 428 327 -369 222 66 352 187 145 444 132 137 301 -194 51 167 -200 301 -224 -74 -92 194 125 -105 -460 -143 243 288 -80 65 534 -117 275 483 -137 -373 198 440 -56 -319 -331 -304 264 250 239 -20 276 94 -337 225 67 65 260 -553 245 -299 472 -222 561 -408 -17 -144 232 131 61 216 -143 -321 6 137 50 213 -101 51 501 -231 192 -325 -68 170 -151 -4 -522 121 -570 263 404 -152 -119 30 266 488 -87 402 -355 -238 88 -327 -161 96 -264 -170 89 -294 283 -295 -261 201 -193 253 -502 -65 -110 -90 -24 -60 184 -290 241 -5 422 28 30 -59 299 -48 93 101 139 -6 -7 -445 -15 -412 240 74 0 240 -168 -74 252 -90 658 317 59 -255 542 -86 -72 72 392 -134 512 -325 -47 298 230 5 -106 372 -45 195 -215 87 142 -452 -33 200 201 -302 106 -121 -87 146 46 46 -361 563 128 -80 280 41 -152 -238 224 218 -194 -104 335 118 -232 -228 163 192 432 -83 -36 -241 -277 -103 66 368 122 533 19 161 -8 99 169 -159 -100 -108 -43 344 74 -38 -176 -53 288 54 -6 135 -68 -263 145 133 268 -65 61 12 -193 75 -499 233 0 367 63 221 -5 762 -686 120 482 -105 -115 -192 264 314 -456 -114 -287 90 239 -57 119 -42 -1 -287 130 -86 415 863 2 -248 -250 206 -262 -169 360 116 35 349 435 21 388 295 -286 80 491 155 -31 42 -483 133 -384 -10 219 -250 115 -54 356 -410 643 -314 229 287 18 -268 -130 77 76 305 -65 -132 -225 103 293 66 10 178 39 -35 -63 321 -353 394 212 315 -447 677 146 200 -142 -258 -139 9 -411 124 -24 -482 400 -107 145 -210 -315 221 425 -347 -267 -125 415 -58 -5 -324 -38 -138 -10 115 539 61 8 429 61 1583863281
554 431 90 -104 -257 461 114 228 159 -50 -445 -144 567 217 47 -287 265 254 -94 -291 49 474 788 91 -366 -307 135 -263 -86 -216 -100 -170 416 67 -188 26 -354 -181 28 -253 -117 166 349 510 -464 272 289 76 -743 354 -132 462 189 143 165 -142 160 -504 392 -343 -99 41 -452 -229 120 -304 -33 300 -67 269 346 -234 546 -6 -230 -559 174 -27 216 86 -53 466 -22 35 30 152 279 -195 196 -208 125 -514 -251 365 -70 -33 -483 -165 -45 132 -154 -132 515 552 585 -670 394 44 294 202 -325 -296 -631 -288 201 -8 -94 161 105 136 178 -379 -409 -406 690 -327 245 53 517 648 416 395 -585 318 -164 56 -244 267 1 -811 109 473 392 -213 -217 -63 -369 20 153 95 371 -577 -227 -598 43 153 -204 -396 310 -280 -493 224 285 660 337 -474 -89 -359 154 82 140 -498 -212 -831 -6 -318 -136 -198 -143 -360 -658 -98 118 198 131 -58 230 322 -12 -100 528 204 -26 40 49 45 270 -300 30 262 -208 -282 -194 -121 -101 355 259 -40 -14 -161 -425 -63 -213 50 -129 112 -312 -294 2 252 -12 -493 -56 -156 -110 221 318 -155 -447 -23 394 228 525 467 -181 190 -427 26 -29 156 105 121 626 -309 -280 -122 175 -425 242 344 -639 -360 -166 -427 -311 -356 -152 -38 41 6 -134 0 633 -65 351 39 121 -87 0 3 -108 27 22 192 114 -146 277 -180 -259 -276 -59 32 94 55 290 -37 315 115 155 -181 -258 56 80 -215 -314 -52 56 -54 -536 192 91 -462 -233 -87 340 48 -27 40 -239 379 -196 205 -10 231 285 81 -466 138 -188 -394 -136 -69 -184 112 140 -232 -79 -112 61 -171 114 -152 545 -27 134 -93 -171 250 142 283 -287 4 182 139 160 101 231 100 452 16 221 -307 490 -233 -608 7 -25 -212 -299 -164 147 -178 237 -224 -314 397 27 144 184 77 -148 -87 48 -87 -281 235 271 -112 -78 -99 -127 190 71 -329 -170 -215 231 -57 -127 102 1 -187 178 -262 -58 525 -19 97 14 244 152 -66 349 -214 367 471 520 -35 -93 109 -308 532 -109 -199 124 -13 174 -270 16 82 301 149 -117 -239 675 108 1583863281
246 -203 126 39 198 121 280 -203 -64 -55 -136 510 -162 -711 108 311 426 13 216 329 -213 -322 5 301 426 -156 74 -191 506 226 -274 416 -73 234 -163 -171 642 212 -253 531 -507 437 83 776 265 -79 -284 -140 -578 -52 -336 143 -348 159 675 74 -74 25 551 -122 -66 67 222 -18 -106 84 -100 260 -89 -200 -316 81 -479 9 -59 240 -111 334 -219 -428 273 -274 -71 -89 -116 574 469 -130 57 35 -459 411 -2 1 245 229 -445 -611 164 99 -216 -309 -318 214 507 635 410 -183 -123 -203 -192 -108 256 -537 38 -261 33 51 89 -224 384 29 630 -35 280 391 176 20 -43 129 -325 499 -160 -65 -559 480 -225 -76 -225 236 37 140 210 -106 15 143 155 -107 -158 -105 -707 521 230 -225 -222 499 -2 -225 251 55 454 -502 5 -61 621 -93 284 -599 210 -373 -214 230 -220 -58 -433 -528 222 -126 -123 228 -169 -234 242 -150 -437 -173 341 -70 -182 820 55 -267 171 486 400 209 -276 -289 -209 587 -209 -466 -164 384 435 -63 266 -257 65 -388 -137 -420 -14 71 -147 39 128 76 478 179 41 430 -323 -70 -224 -605 -327 -236 -71 -282 -225 -119 -38 106 75 -239 191 20 -355 285 -651 -13 -305 230 -29 -50 -153 0 -78 777 473 492 -62 -366 -218 185 68 338 603 190 -2 -242 -147 160 -235 110 -485 -1 71 214 70 221 -122 -347 12 420 326 6 273 113 -310 -37 224 21 -10 164 227 -338 424 -727 382 -35 549 364 -144 88 -95 -35 -81 175 77 210 -557 325 -312 84 359 -262 269 544 -8 506 51 97 -207 198 -185 -588 -142 106 170 297 -170 110 -50 186 117 -281 75 -215 -44 -159 229 -173 429 147 165 -593 325 -59 -158 275 0 -172 319 211 -326 -395 -269 -504 -146 -186 55 225 182 -441 54 0 -86 -283 -58 532 83 250 167 153 52 -86 228 -119 -72 127 -98 225 -90 178 -325 -299 -114 406 380 -466 -58 -367 -111 191 -95 -196 -264 163 -108 -493 -123 348 605 312 -155 -107 -80 148 -37 146 120 -16 240 -177 93 404 -149 -15 0 -234 161 -248 -46 112 37 231 -228 98 -30 -194 -33 164 284 406 1583863281
-499 -86 -272 -49 88 37 75 178 -63 -99 -388 871 -308 -405 -366 -838 303 369 149 -129 -103 157 -436 163 -249 131 218 443 66 348 -153 -112 296 213 274 -2 -10 292 259 16 97 -150 174 419 375 -94 -649 280 -123 71 -307 527 73 -94 -122 -453 -221 -26 -167 26 59 138 98 8 -344 253 -154 -140 -222 -114 -60 106 -321 329 -406 -405 254 -149 -206 377 -135 50 -357 743 -259 -168 169 77 -410 -82 506 -284 -756 -194 78 207 -318 277 -65 193 527 -219 45 -426 477 94 -138 310 18 165 -76 -405 -291 -47 -463 -947 -101 -552 229 189 -111 -317 -450 -45 142 -94 -296 -141 -747 257 31 -102 66 -294 -226 146 351 80 571 -244 -720 72 -1 8 16 81 226 -227 -42 -190 319 -482 635 -151 -198 38 -142 -394 -400 -157 -266 390 -38 -260 -243 369 390 398 356 263 -253 -485 269 -350 474 -273 218 106 -456 -277 -143 75 517 -126 -165 59 157 83 222 555 628 39 -32 271 381 -363 -255 -341 -409 94 -183 -109 -165 429 -124 -24 8 404 38 102 -12 -854 -174 198 120 253 187 324 220 -289 23 -459 270 40 -274 -2 14 -227 87 -40 -74 246 -75 81 -128 -76 -193 -482 -562 121 358 -656 -197 206 188 71 393 378 -344 546 -381 -69 -158 -162 -214 3 149 518 -150 -424 360 -66 -26 0 361 482 594 503 -328 123 186 -45 96 -566 -35 -262 -100 -197 64 -105 -17 -158 -120 -148 73 277 132 169 -124 38 458 -220 -103 -295 -190 -40 250 -84 291 79 -238 249 41 5 -157 51 -289 -89 -320 -104 195 260 -188 -358 -232 315 74 104 -75 41 175 223 192 -636 -538 370 -278 178 53 -252 58 -169 -2 -104 -248 57 -70 -53 -445 109 -361 -227 34 8 -250 251 1 -160 -74 -9 260 -276 -165 -24 -71 169 -46 249 14 -392 -342 44 -150 45 -218 73 -210 220 -342 -168 139 -57 -228 215 28 -91 170 351 -16 -98 313 117 196 327 461 308 -681 4 167 289 228 58 75 157 -239 353 71 90 -158 236 280 226 -249 -464 -149 73 574 -92 -50 -24 172 -26 -364 118 -99 -97 125 -85 14 -133 53 297 -184 309 -211 -279 1583863281
-232 445 20 182 -252 -94 98 116 -62 -105 309 -21 56 664 -225 32 -125 172 497 152 311 -14 -160 -668 303 -231 -61 198 -345 21 120 364 -28 -263 -295 -15 -383 3 5 -607 -5 -23 -64 -345 -645 -64 -319 -415 244 -282 245 -351 -527 526 192 -200 161 -35 553 622 65 1000 -319 15 341 -136 -279 -637 -9 32 181 -20 78 358 42 407 97 443 -198 -517 -424 130 -116 66 413 -326 650 54 438 231 172 100 -291 -238 160 -56 406 -74 -223 82 312 -20 -186 -386 -99 -110 63 -401 -77 177 118 -443 -19 -197 -385 -10 -1 59 281 -188 158 550 23 -110 117 111 497 -584 420 135 159 -677 -358 -588 -540 -155 98 -182 150 240 408 70 -484 188 533 -286 -15 391 230 -287 482 -720 -220 -44 138 -130 339 -341 -137 273 -50 -434 -244 395 -13 -201 261 232 -27 281 -413 107 123 -8 619 -96 -62 -1 -207 249 -143 -249 -133 213 140 -226 309 314 -112 133 42 20 -440 -213 120 307 27 -86 48 -177 -92 -20 -108 -90 26 201 261 269 -113 234 -622 559 282 187 -109 -288 321 165 172 497 -274 29 599 26 -461 111 -653 177 -64 64 270 -287 18 333 467 -34 71 128 395 307 -362 454 251 -287 -129 -299 -113 -51 29 -5 -702 171 -447 272 -171 104 95 -379 71 146 220 -135 -492 18 -308 137 297 -23 269 -367 -375 330 -37 -89 -257 -44 -251 84 362 380 -104 270 -782 -317 88 -78 -223 -482 299 86 -276 -304 122 211 145 -125 -228 24 -100 -10 -192 -194 -138 579 325 -224 -583 -304 140 -121 372 -40 680 0 177 208 -71 -46 473 219 33 79 -39 132 -92 -112 -27 -139 123 -478 24 48 6 463 136 -190 93 47 220 -82 -10 -216 -101 24 -216 -315 -176 94 -326 -15 390 -16 -86 377 -75 361 -135 146 -11 -165 86 100 599 -16 190 309 32 -373 -36 -157 -373 134 -123 -437 206 -14 -19 -174 107 -45 -157 231 -23 36 -13 215 -326 -141 -301 164 160 -115 -605 -44 308 -169 44 74 26 200 88 327 -20 133 351 -203 210 90 -376 259 -111 -423 -131 573 258 352 -480 10 -137 279 -162 -42 372 350 208 354 1583863281
41 -215 465 -4 -386 -12 -9 850 641 1011 155 -292 -74 -343 -524 53 -397 -411 -146 110 446 -76 -257 -40 -315 -198 -332 -415 -407 -335 103 -284 -209 -66 -75 -454 349 -24 331 -477 167 -39 -433 622 98 57 46 -331 123 221 -818 -412 71 250 553 138 47 43 -150 -162 510 -224 563 -43 -213 389 333 191 441 24 -227 -227 13 -123 -330 -147 102 -404 274 219 191 -204 -56 -75 -228 280 -98 342 -57 -53 54 -320 364 59 355 -231 -160 -434 -190 146 -223 -71 61 45 -202 138 -34 376 487 -213 -356 -441 3 -203 233 379 93 -521 -492 -306 -53 288 -2 -1 456 -420 -291 -263 -382 538 599 -8 -183 65 -414 -488 -278 598 -37 -717 -506 -233 465 -13 -196 219 -276 280 -212 -275 -236 -141 -197 -105 437 -624 56 -125 -257 113 90 190 756 278 135 -299 230 179 338 -1 153 381 434 138 181 -451 -266 265 -123 -173 -127 -612 -11 -3 -326 -4 117 28 240 -125 294 -21 604 51 -463 -180 112 -384 154 487 -178 8 295 -498 -551 -241 118 487 -266 73 527 -158 -257 -592 409 -227 245 -279 426 -171 399 200 207 366 280 295 188 -390 77 500 -583 -249 142 -128 178 34 -45 293 173 398 98 507 -186 276 1 162 493 -169 30 143 -172 -29 -192 315 236 -200 -87 -191 48 142 -718 -68 406 110 -507 280 -244 341 -25 277 407 -192 -15 273 192 -264 573 -70 123 -490 -260 -15 -319 -280 63 179 274 -122 173 152 337 19 45 -246 284 181 64 -339 170 -35 124 320 -163 -333 -280 100 -247 287 223 -217 267 -421 -229 -700 108 20 -545 432 11 -200 2 -257 -66 -15 -161 557 -341 -322 -132 -476 -93 -266 476 231 567 -138 10 67 -20 199 -302 -222 370 314 -501 -134 -244 136 179 70 -72 -142 -200 399 157 -11 32 474 231 -267 -90 -162 236 122 59 265 257 -331 -133 124 8 -21 -24 18 -154 -514 -158 325 -186 -48 -252 -35 250 -256 -227 175 220 -242 454 -113 -85 131 175 407 -240 61 98 -14 -58 -192 -136 -33 248 -213 33 24 -192 370 16 101 -641 -277 -160 449 -116 268 12 57 -348 35 88 174 211 125 -35 430 1583863281
187 142 -103 692 -44 -191 -65 -116 -71 -240 651 -727 -323 -435 -222 -177 -567 -165 7 -98 532 509 -45 81 -145 15 30 289 61 113 -471 601 -643 210 -48 -220 110 -225 110 -727 -180 -320 104 27 -206 740 212 -27 -122 453 276 101 240 -112 -149 282 -97 -579 -29 -108 -165 347 541 114 65 -203 -414 190 66 -22 188 -70 -122 -239 458 374 -100 -405 176 516 247 467 -456 -566 230 455 275 -409 -55 -195 173 -16 -74 -37 -340 -206 -56 -359 -97 3 -41 218 475 -365 -237 -392 -430 638 -35 253 100 289 115 590 -293 21 -515 37 -279 -256 -83 91 286 -7 98 406 -243 464 83 108 23 -131 -270 255 682 158 -201 -175 11 -247 -7 341 -26 -542 -369 -415 518 52 100 -27 312 -247 208 202 90 -16 189 -190 -40 340 665 -355 121 427 -37 62 55 46 -204 239 207 -212 -172 244 92 -77 11 -78 -109 348 365 -68 -228 181 -27 140 318 299 -65 -388 -294 239 1 53 45 249 -65 -541 184 484 209 -22 -227 -10 284 251 148 153 -320 176 -72 336 117 -214 130 231 -10 202 -167 387 -248 -489 73 17 -117 -144 -196 182 -346 20 263 231 -438 155 87 51 -401 129 108 114 -25 -369 -22 523 114 1224 168 129 124 -170 423 317 320 533 -507 -127 -179 445 -323 -239 -207 406 221 381 -143 198 -102 -86 -29 372 366 105 -138 -107 -270 116 25 235 -94 -256 418 -158 -9 494 -227 260 6 587 -20 -134 -2 26 323 -587 -87 277 218 -144 238 30 -426 117 155 -87 -288 -85 239 -135 -844 134 -327 -70 382 317 -123 155 -11 -171 159 -36 282 308 173 59 151 60 -304 58 -17 -80 59 173 234 13 84 -113 -372 169 -224 -226 -362 -162 372 -10 -79 -238 -453 35 -749 130 183 -88 -139 -92 468 686 314 -742 -57 45 -106 66 222 206 -100 -206 -317 -194 -527 -196 275 94 -460 103 152 29 100 -339 191 294 -63 184 -156 267 497 -157 -6 0 -131 340 -228 -92 -137 176 410 -187 58 -147 -123 -7 -471 -198 523 145 174 -344 113 451 176 -103 -108 22 8 295 40 4 -113 -104 -248 295 146 112 -291 164 -249 -141 1583863281
-197 -311 10 -422 -185 238 148 -49 -164 -280 -287 3 19 -122 -542 146 -294 -259 -473 826 222 -116 782 -327 -418 -1002 4 -432 -25 158 -16 507 -409 275 -306 207 -134 -93 505 -189 174 499 -212 -530 217 553 202 -226 254 -45 208 330 -5 -52 249 -39 -673 -123 -32 -309 -264 376 66 -50 251 -326 180 -194 -290 346 -208 -336 -505 497 -243 -1 -716 -80 45 -183 202 141 375 -51 -121 33 187 -690 487 -802 319 184 -98 482 -9 438 243 -374 94 -144 -327 -308 12 -253 -118 139 -308 289 139 -167 30 64 50 -292 254 -253 53 30 -97 -335 195 -292 180 146 -165 -103 -412 254 -98 -360 -34 208 217 -56 129 -183 489 289 410 36 -335 -267 -575 170 43 627 -216 173 45 231 357 186 -333 130 -320 -310 150 -306 -39 800 -743 90 -339 500 522 -225 -84 -26 233 5 67 73 308 -305 148 -534 319 -508 -111 -118 10 415 -317 -384 63 -539 -315 -508 65 -80 69 -874 598 452 215 68 -193 26 204 -411 -27 -87 -69 -364 328 421 184 19 208 -109 270 -251 -155 -181 -222 38 0 27 -52 117 -549 34 558 2 462 145 -44 621 59 -98 -321 -69 -77 79 -74 -259 -227 399 -107 -334 -60 -37 -136 35 367 -40 -163 -445 382 -314 -11 423 100 -550 107 -574 18 -122 139 70 246 381 263 -7 -28 216 -97 50 145 68 -115 528 193 168 255 -165 211 66 236 -304 115 479 438 126 2 -373 -358 -81 125 236 -86 372 -58 124 -196 42 382 615 9 59 150 261 -379 474 -156 130 41 -49 454 146 34 -298 -82 -16 109 56 257 -224 -91 283 270 241 386 59 28 137 530 502 -203 149 155 -535 60 21 28 379 160 418 -182 -462 -328 -114 -177 -285 -104 -275 -135 -16 -324 -228 258 91 119 227 167 -331 -92 -127 -513 -236 -252 269 238 179 4 112 -176 -252 -263 -62 133 168 35 -352 442 168 64 -287 -223 -338 18 186 -240 -145 227 202 706 490 -303 492 56 194 -151 -73 264 -151 -323 -7 216 -214 -116 25 -120 -865 -54 -8 -87 188 92 -161 -75 -121 180 166 -180 89 94 195 20 518 -67 268 226 206 -452 247 1583863281
-106 -211 380 -35 533 -53 772 275 165 -167 200 41 439 -666 -358 390 66 -398 396 303 345 -358 48 -350 146 -693 -192 -18 108 -128 -382 -285 -1 33 416 -266 567 752 3 284 91 -63 339 167 151 -244 282 -352 662 224 302 418 186 -145 228 -231 -293 -170 207 -268 118 -194 331 -101 122 835 153 129 149 479 258 58 -109 -356 115 -269 -456 111 267 777 -93 14 41 -82 167 -193 -445 -197 -487 -82 -400 60 451 186 -208 301 566 434 0 -278 209 247 -118 -438 156 472 -82 -53 241 210 -198 176 376 -71 -47 360 -132 188 312 327 581 4 482 753 -186 -62 -63 207 -63 11 66 311 -174 147 -209 12 -356 213 153 464 118 -659 8 -19 76 -53 -475 -352 -293 91 -127 762 -18 -202 -106 -533 -360 -90 239 -377 477 307 135 15 -607 26 -147 313 -275 -243 387 17 -327 339 -36 -20 -75 -154 -190 183 -341 -69 60 130 171 187 -35 -433 15 337 565 -229 -70 75 196 -38 -387 -99 352 -157 680 -393 -195 511 -110 303 -20 -90 -103 3 434 -313 -259 -55 -172 -325 -129 298 282 162 228 40 -377 365 191 620 237 126 12 332 37 87 -67 389 549 -29 -294 -258 -685 158 371 -204 -256 -71 149 314 -498 393 99 -113 64 -106 4 -204 -300 -186 -188 -222 39 -203 358 -91 -173 148 151 415 -327 -326 119 311 -319 37 -476 378 278 91 -92 -160 532 -203 -67 311 291 37 206 -223 -48 -151 466 54 313 29 -404 -279 -187 98 -131 -399 -9 -406 47 216 32 -28 39 162 -393 563 -41 -146 321 -164 392 345 -15 421 295 246 -54 15 143 -291 90 -338 21 -302 44 -546 -239 218 297 -130 210 -8 526 -100 92 360 -137 86 -82 -177 188 -118 -204 221 182 -25 12 157 -167 11 27 -167 -366 -494 -208 -256 130 -155 -25 227 82 24 -47 -422 198 143 365 73 -99 -65 -268 -76 126 148 134 -119 29 14 103 117 100 61 -498 -238 -516 -865 -108 163 87 107 -24 97 -38 -108 244 31 -7 154 -15 231 243 130 -380 -419 -108 110 105 166 -69 -131 94 -60 362 353 204 185 426 19 15 345 -45 96 72 235 1583863281
-275 550 -406 -175 -31 -530 319 -427 356 -410 254 153 -169 -119 380 248 -423 288 256 -51 206 155 -82 579 657 974 218 -85 601 -514 -277 -1 -622 -174 -35 116 -396 -107 5 -360 137 58 406 -394 364 725 211 -331 -329 131 -473 -514 -212 -233 -27 -89 -641 328 194 36 40 205 -198 -238 718 167 -101 412 -78 -75 184 387 77 -225 415 -365 -388 30 -26 -126 301 271 112 -340 -208 -388 212 206 363 439 256 -75 -257 415 -201 -502 208 96 -99 56 56 235 70 -561 -17 -122 -575 23 -206 120 131 49 -257 185 53 -127 -102 -659 155 -289 644 255 -138 220 -670 5 211 -251 156 235 -315 218 147 2 -273 10 8 -186 138 -114 326 13 70 -409 -260 418 479 475 361 -162 638 140 327 -55 210 94 -206 -469 -99 343 -683 -358 -191 55 132 132 28 -225 -374 -8 -99 -186 201 1 -11 -264 173 613 -185 -170 122 -215 -60 -176 357 -95 -459 58 -163 346 873 -555 79 -19 -393 -249 2 -376 -391 356 -467 100 87 -804 -223 -79 -117 -349 57 343 320 70 -409 -312 -76 -160 329 371 134 -476 -119 164 130 125 111 -70 61 183 -161 -59 493 -541 -580 -179 232 332 63 -489 171 -75 -25 170 163 -44 -309 -107 187 262 75 164 -15 82 -253 276 204 1 41 204 -43 426 131 150 -121 246 -589 86 -234 -145 -59 -263 -179 64 630 -234 8 -287 -118 243 -3 392 -85 -208 41 -163 471 303 -99 13 -32 -187 128 302 -188 -17 -374 76 -11 243 577 -125 -2 -203 158 -73 223 84 -234 -341 188 -282 310 388 -262 -255 397 -8 -82 -114 -68 52 672 22 -77 67 -91 490 208 -441 206 -138 32 -590 -198 -402 37 49 -63 174 -541 101 383 -193 341 169 -78 377 87 75 -237 -200 310 0 -430 -274 -88 -317 -68 -11 278 -420 -253 -42 -201 109 -221 87 82 90 249 266 161 113 -302 110 -39 -99 -292 -11 -488 -129 -348 346 202 -98 -247 154 0 259 117 -381 288 -85 -107 342 179 -92 -536 177 117 17 -58 -41 112 -330 69 -189 282 229 396 -243 219 207 -72 -27 272 71 206 471 16 -63 347 -198 -580 -258 292 75 1583863281
-204 154 177 -104 74 282 -383 -245 -139 -28 -765 -359 -310 312 -14 -346 -264 -381 652 -97 263 -425 42 -333 69 -79 -443 -97 -171 -252 108 30 -33 160 812 -375 -105 203 481 478 -434 38 104 -95 38 -579 27 -178 142 78 -267 -335 -363 371 -362 -5 444 80 195 -244 450 -66 -8 92 44 -54 -73 132 432 488 280 -12 -39 58 68 334 515 421 211 75 243 -181 -261 -29 -103 -113 -238 169 -146 -103 469 -522 -21 -307 -678 219 245 59 549 -70 50 -156 556 170 -343 97 10 -307 32 -259 -21 115 343 -527 198 -110 521 96 -316 272 324 -51 -41 -334 281 -116 -68 414 297 -476 -163 211 103 143 399 84 -185 389 -142 363 288 -352 32 -177 413 115 -211 575 -592 386 41 -52 -356 -306 223 138 515 -130 -15 457 199 -180 328 -13 -43 -197 -13 -163 -380 -357 -182 103 332 385 -76 399 52 431 -789 -97 -755 -168 -255 -266 -77 153 31 71 -334 -32 -97 -97 252 -336 119 -716 140 -13 54 -70 -13 152 -151 263 348 238 587 -501 -244 -86 -234 185 41 444 545 58 0 -108 101 -46 -672 575 -346 -175 98 -42 -341 -31 193 -279 -219 -139 312 123 821 -550 52 109 -318 -127 382 230 -6 49 -235 36 231 -397 -133 -210 413 158 63 -258 -88 -70 -306 644 -334 -118 -165 -424 -275 -372 -241 223 169 95 63 -440 -213 -266 58 -497 170 173 -82 86 225 12 469 -372 418 386 -59 -208 -33 122 122 181 -137 -124 -366 -116 -533 259 -203 -169 -62 124 -3 -335 31 98 20 128 -245 -40 -326 319 -458 448 87 -196 141 -59 661 132 -87 -35 122 -296 73 -493 454 322 100 -316 -47 163 367 412 38 231 -40 452 27 264 257 -95 -183 175 -403 13 195 -267 -50 -181 -274 -322 -148 534 -268 317 69 -231 368 -128 -73 -236 -63 374 -127 512 -316 152 442 -307 -371 -521 -131 -7 80 194 -102 -175 -138 334 99 -370 -110 -133 -48 -23 126 178 -20 -72 41 215 -175 56 64 -73 338 32 -87 88 94 -186 556 -507 -18 -392 -44 -7 -201 -107 258 160 -86 144 22 389 280 -51 305 0 -454 -61 -3 -80 284 -151 -120 -126 1583863281
