-16088605 -15511163 21979534 5017225 -7892178 -7598100 -1819030 -142231 119668 -126322 -43329 -28985 -3999 -66246 -10268 -2698 -9653 -3389 -980 -212 -232 16 84 -111 -3 -24 393 -5 2 0 0 1 0 0 2 0 0 -1 0 0 0 0 0 0 0 0 0 0 0 0 0 0 0 0 0 0 0 0 0 0 1583838658
-16089595 -15510025 21977414 5020220 -7876184 -7597333 -1830601 -142254 120627 -126357 -43347 -30232 -3997 -66408 -10920 -3697 -9614 -3069 -960 -637 -231 -135 81 668 -8 0 1867 -2 4 0 0 2 39 0 3 3 1 0 -4 8 2 0 3 -2 -3 0 -4 -3 2 0 -1 -1 -1 0 0 -1 0 -5 0 2 1583838658
-16087026 -15509233 21975591 5017167 -7890534 -7593771 -1820198 -142238 120738 -126328 -43332 -26981 -3995 -66215 -11120 -3727 -9649 -3085 -959 -649 -233 -134 83 -67 -4 -17 449 -2 4 3 0 3 4 0 1 1 0 0 -1 1 0 0 -1 0 0 0 0 0 0 0 0 0 0 0 0 0 0 0 0 0 1583838658
-16086498 -15509122 21975038 5019184 -7892222 -7596343 -1819044 -142244 118032 -126324 -43331 -26268 -3995 -66304 -8635 -686 -9663 -3807 -1003 283 -232 -231 81 35 -4 -22 262 -6 2 0 0 1 0 0 2 0 0 0 0 0 0 0 0 1 0 0 0 0 0 0 0 0 0 0 0 0 0 0 0 0 1583838658
-16088465 -15508497 21969645 5115016 -5131509 -7549934 -2072613 -142432 119322 -126902 -43556 -27752 -3726 5988 -10343 -3587 -10288 -2487 -922 -1280 -273 -88 1026 -252 -2 -27 1 -4 2 1 0 2 9 0 -5 -2 0 -1 2 -2 0 0 2 -1 0 0 1 0 0 0 0 0 0 0 0 0 0 0 0 0 1583838658
-16089474 -15503212 21957149 5166879 -3855108 -7525759 -2186994 -142541 120506 -127171 -43658 -29600 -3605 39343 -10884 -3526 -10611 -2945 -955 -612 -291 -113 1053 -308 -1 -26 -3 -1 0 0 0 1 1 0 2 0 0 0 0 0 0 0 0 0 0 0 0 0 0 0 0 0 0 0 0 0 0 0 0 0 1583838658
-16088565 -15488078 21888288 5984849 19603340 -7121987 -4330948 -144182 117202 -132062 -45574 -21612 -1306 650795 -6805 686 -16354 -1951 -913 -901 -630 -89 3478 -444 2 -27 40 -6 1 0 0 2 20 0 -9 0 0 -1 3 -4 0 0 3 -4 1 0 3 0 0 -1 0 0 0 0 0 0 0 0 0 0 1583838658
-16089984 -15502053 21948418 5303945 125709 -7458197 -2551784 -142813 120385 -128001 -43984 -28981 -3216 143074 -10850 -3359 -11590 -2827 -952 -590 -349 -89 1290 -303 -1 -26 7 -2 1 0 0 1 8 0 -4 -1 0 -1 3 -1 0 0 2 -1 0 0 1 0 0 0 0 0 0 0 0 0 0 0 0 0 1583838658
-16089643 -15484985 21882603 5983075 19413610 -7123991 -4316682 -144183 118099 -132095 -45716 -12009 -1489 580286 -4093 7147 -15646 -5222 -1155 4107 -588 -3368 -336 -14 -2 21 15 -16 -2 -12 0 -3 13 0 -9 -1 0 8 0 2 0 0 8 -4 8 0 -2 0 0 1 0 6 2 0 -4 1 0 0 1 2 1583838658
-16089962 -15506219 21961757 5194078 -2926944 -7511944 -2273085 -142586 120476 -127371 -43760 -29532 -3547 51708 -10883 -3508 -10735 -2933 -957 -614 -299 -106 18 -215 -2 -25 -1 -4 1 0 0 1 2 0 -2 1 0 0 -2 0 0 0 0 0 2 0 -1 0 0 1 0 0 0 0 1 0 0 0 1 1 1583838658
-16088333 -15508983 21971601 5093263 -5746763 -7560585 -2014827 -142385 119267 -126775 -43517 -27831 -3805 -16280 -9074 -2048 -10114 -2906 -949 -771 -261 -170 57 -270 -2 -26 -9 -6 1 0 0 1 0 0 0 0 0 0 0 0 0 0 0 0 1 0 0 0 0 0 0 0 0 0 0 0 0 0 0 0 1583838658
-16089994 -15505664 21960195 5187743 -3204422 -7518057 -85137 -139163 120484 -121354 -40642 -30024 -4710 -46228 -10735 -3586 -13389 -3003 -967 -602 -257 -112 356 -119 -2 -26 27 -4 1 0 0 2 24 0 -15 -3 0 -1 4 -4 -1 0 6 -4 2 0 2 0 0 -1 0 0 0 0 1 0 0 0 0 0 1583838658
-16087241 -15505957 21963502 5122770 -4976229 -7544119 -115437 -139341 120943 -121514 -40771 -26413 -4772 -83188 -11001 -3689 -12745 -3071 -967 -624 -235 -120 -28 -247 -1 -24 -8 -3 3 3 0 3 2 0 0 0 0 0 1 -1 0 0 1 0 0 0 0 0 0 0 0 0 0 0 0 0 0 0 0 0 1583838658
-16088233 -15509697 21974814 5054754 -6848213 -7579517 -1914167 -142309 119295 -126540 -43414 -27843 -3895 -38903 -9507 -1986 -9919 -3343 -975 -263 -248 -234 147 -222 -2 -25 -8 -6 1 0 0 1 1 0 -1 0 0 0 0 -1 0 0 0 0 0 0 0 0 0 0 0 0 0 0 0 0 0 0 0 0 1583838658
-16090692 -15495112 21919484 5629215 9393444 -7298397 -3398455 -143465 120105 -129935 -44740 -27541 -2311 384523 -10769 -2970 -13902 -2552 -948 -542 -484 -32 1360 -338 0 -24 18 -2 1 0 0 2 14 0 -10 0 0 -1 4 -3 0 0 0 -3 2 0 2 0 0 0 0 0 0 0 0 0 0 0 0 0 1583838658
-16088450 -15507489 21965722 5155848 -3970107 -7529859 -2176472 -142511 119210 -127139 -43648 -27388 -3614 36159 -9486 -1862 -10633 -3265 -974 -234 -290 -224 304 -318 -2 -25 -8 -6 1 0 0 1 2 0 2 0 0 0 0 -1 0 0 0 0 0 0 0 0 0 0 0 0 0 0 0 0 0 0 0 0 1583838658
-16086830 -15506151 21962544 5160818 -3854851 -7526762 -2186987 -142527 117918 -127164 -43658 -25460 -3600 39267 -8182 -408 -10654 -3462 -984 7 -291 -247 598 -303 -2 -25 -6 -6 1 0 0 1 1 0 0 0 0 0 1 0 0 0 1 0 0 0 0 0 0 0 0 0 0 0 0 0 0 0 0 0 1583838658
-16089400 -15504414 21961681 5120735 -5160570 -7548402 -2068032 -142449 120545 -126899 -43552 -29804 -3733 5196 -10895 -3581 -10326 -2985 -957 -622 -273 -119 288 -242 -2 -24 -5 -1 0 0 0 1 1 0 0 0 0 0 0 -1 0 0 0 1 0 0 0 0 0 0 0 0 0 0 0 0 0 0 0 0 1583838658
-27 2 -185 860 -538 -274 550 47 293 -32 20 -329 -329 -467 -237 151 408 517 -281 -209 -236 34 138 536 336 343 144 7 -609 -396 18 -204 -51 45 -465 2 -40 279 453 -233 -464 -296 213 -151 103 281 -202 -31 18 -214 -162 -21 473 322 60 148 -93 -629 160 395 -302 -243 70 72 162 -379 -233 119 865 -187 537 16 -330 -434 -161 -882 -232 78 187 243 -108 -743 65 145 72 -198 69 192 -306 -162 -19 -249 358 85 -207 482 163 -7 183 74 21 184 -484 -214 -99 32 226 -208 -52 -36 -180 247 -19 -25 60 109 -547 438 265 244 -9 -204 309 161 153 577 -291 -253 188 411 181 3 -61 527 613 235 -251 615 225 272 342 27 -401 -93 308 158 192 334 -413 307 148 107 249 162 379 -4 523 -97 91 -635 -370 -330 810 -267 -197 -201 -406 1 106 -34 -407 133 -727 237 -36 -358 -324 -366 177 -234 296 405 -498 -27 374 488 76 -299 127 48 107 297 -71 -110 465 21 249 30 414 213 15 515 381 -129 120 79 -14 -313 7 140 261 563 -112 160 111 -38 -310 -9 48 241 -120 662 398 -158 15 -120 359 435 -530 448 274 -126 -290 -177 51 391 353 286 775 -169 -352 -440 -247 95 77 445 -408 144 -518 231 243 -682 319 -367 129 239 107 -174 -687 -533 -102 40 380 -195 24 290 107 54 173 669 -253 508 8 360 -130 285 -256 -253 300 -43 383 420 -270 -63 -285 750 -180 320 116 154 -297 155 -256 -116 -320 -107 -191 313 299 -138 -228 -740 208 17 528 51 -207 251 -112 -161 -215 -272 15 39 -375 -97 180 146 -222 -184 -33 -520 29 269 -116 306 -30 1 -120 -10 -63 250 458 297 -7 275 -406 -173 190 -273 -40 -150 -178 37 -179 9 263 -51 -147 -228 15 -81 -131 -168 -278 -259 -330 -11 49 -5 16 -34 128 -178 214 330 -438 -399 -174 381 26 -66 296 -280 47 -176 -344 88 33 -201 -147 -280 -91 -481 577 171 -56 -79 253 -415 -52 296 406 -1 58 -250 131 -322 365 -143 127 -54 -368 -386 139 -59 -272 195 42 282 199 41 87 302 29 473 -22 86 -54 104 375 272 208 487 -64 118 1583863281
77 -338 -160 -79 -674 -248 316 557 -139 -477 -115 -462 -195 144 -579 309 13 264 -212 200 285 302 -160 -28 241 -109 -124 -334 -112 -669 -15 189 677 486 653 42 -349 190 535 12 37 251 43 -112 66 513 -371 605 444 126 -331 -147 165 -28 -60 47 -81 -175 -308 -305 -63 -217 -297 -52 -164 -267 -731 160 271 323 -243 -357 792 281 -181 -165 -535 -63 -162 -382 11 428 81 340 56 33 49 27 -659 258 693 102 283 -223 368 -144 -328 307 45 14 -227 144 381 -217 138 -88 208 -83 73 -304 -122 221 37 357 641 394 357 42 -173 -625 -138 -311 629 -217 -217 161 9 474 -239 -370 -771 31 212 562 -486 -242 102 187 612 250 -284 -358 -189 44 -24 290 -148 -143 388 116 178 75 -194 -439 563 122 144 -38 -83 -359 -18 -145 212 -298 217 249 47 -314 317 327 -259 117 -354 -85 34 -76 -241 320 -176 308 24 103 14 -443 108 223 -201 -338 50 -62 409 -155 -72 -424 101 -236 -32 -269 59 -220 257 465 -310 270 98 434 297 118 -253 -195 -21 514 -36 177 116 148 219 120 487 -55 -107 -54 -68 168 -137 190 -52 -167 -324 174 -15 357 -260 107 -413 275 244 -254 162 102 -347 -101 63 527 -142 -105 152 50 614 -7 93 -542 -51 73 13 197 95 -333 437 268 -236 168 86 111 406 204 389 -62 -314 196 361 225 448 -67 -290 92 231 259 66 -17 -435 -212 -423 -182 288 -439 -172 -350 288 -105 -166 -144 -59 -171 417 -122 141 -141 139 -201 214 -522 39 135 14 -220 170 169 -173 -215 208 -50 472 95 471 50 -276 -334 49 195 483 432 -89 -157 -310 341 -66 -129 166 -178 -207 155 121 -325 176 -403 -192 184 129 -46 -223 20 180 -210 -281 -69 46 -230 298 314 37 7 308 -482 320 101 -539 345 76 -82 -229 44 180 387 75 -153 -20 353 167 101 -104 153 -248 -423 -88 -358 -279 -299 -28 -330 -31 -136 -307 466 -123 7 143 -146 146 -334 489 195 -357 -62 -127 54 -321 78 2 -270 26 215 -156 -228 -127 -198 -137 219 -133 226 87 11 -238 334 402 1 -289 230 -79 -349 -216 -307 104 -2 -17 55 1583863281
-29 -123 -134 -251 -48 -338 297 198 -18 301 289 535 -555 59 -230 -139 -574 489 446 472 117 258 113 -121 187 276 40 -99 -455 160 40 161 -363 -877 733 55 99 -362 510 -267 -324 125 298 293 446 546 127 376 96 -171 -152 478 -256 -239 -302 105 65 178 35 310 -274 -214 373 183 90 146 -364 152 -13 -412 88 -685 222 718 -133 49 -368 -219 -345 -124 107 401 219 -18 126 -48 27 122 -83 -253 -339 -160 456 17 -179 130 40 427 410 332 147 -612 199 295 -228 -100 -76 -116 -83 -168 -124 92 -422 131 -20 -308 186 111 -293 310 118 -171 -402 -351 184 -401 -246 -381 125 -40 -121 263 -323 -199 -153 274 -56 35 713 -229 -151 -26 -163 -447 55 -53 -157 -77 20 -38 -396 47 -177 -203 39 -218 -435 -175 91 104 -166 639 -267 405 -101 -211 150 22 50 -81 -29 541 -211 -574 24 211 363 422 163 162 -342 -137 -204 -209 -561 640 -621 58 -47 103 -186 286 -70 -197 8 -227 290 293 -105 -150 52 233 -421 -269 -228 522 326 479 301 -69 -378 324 -733 173 -10 245 -135 -208 -130 -24 152 416 230 217 -266 193 -602 14 -193 -152 174 153 -457 468 181 345 189 162 -86 -104 695 80 -315 -68 155 -164 -34 327 141 -282 41 216 -151 -102 52 -294 164 324 -98 177 -348 -419 -478 527 44 110 -171 245 -29 263 330 -251 350 -156 411 397 204 91 -137 101 -215 7 9 -108 39 410 157 -686 -137 326 -26 -340 124 83 -263 -5 -583 265 255 103 77 262 77 -605 140 243 147 -27 -196 26 -100 -161 372 306 -242 60 -39 -184 271 -118 355 319 -440 -545 -424 -178 481 443 113 0 -78 -66 -565 -309 11 -63 321 206 -40 -125 -23 -7 -29 357 -50 335 379 106 -281 22 -276 147 -192 16 141 -50 148 -306 -223 507 257 177 -51 76 -374 173 12 376 451 180 -96 303 -299 -107 -178 37 219 83 107 46 240 -115 -232 67 -135 258 -221 -61 633 -93 -280 -169 22 -133 40 364 -346 308 24 -21 -213 -212 516 143 -93 -53 273 19 -115 -308 -81 -86 17 15 -38 219 57 103 0 -233 -135 -201 -421 -597 -223 380 1583863281
344 -200 562 -129 548 -406 -301 -142 -482 466 -536 -429 -211 326 -133 -473 -163 257 -191 -191 -364 -38 245 -766 202 498 288 66 -32 -93 -293 -390 -139 41 24 156 279 -224 -472 170 22 -358 -244 -82 -400 -777 314 168 -322 -126 -307 0 -10 -126 204 -690 145 -140 -291 -194 516 -340 20 -165 -548 28 -89 -350 -21 -109 6 -347 127 158 -504 476 -203 107 4 251 -196 -178 294 602 -149 -87 38 470 501 456 -30 -454 -436 157 370 346 62 280 -437 -347 398 269 -94 -177 -370 -449 177 172 -345 -109 438 79 172 114 406 -190 18 -92 -61 557 -536 123 0 -120 127 -810 255 180 -305 326 498 -82 841 398 -136 61 439 -304 -231 75 -355 88 416 -166 -126 157 58 -218 -164 -319 54 618 -464 161 -387 -124 133 2 -610 -211 385 -49 56 -48 -101 -599 54 198 -95 -384 393 -187 18 172 6 -297 -44 100 366 77 -294 36 305 11 558 124 395 -578 -730 183 -217 -477 -363 25 204 382 -188 -387 -262 -100 432 187 126 -118 -45 64 -340 299 -224 218 130 -229 277 -127 -168 561 -129 -279 -261 -328 219 -96 -66 150 8 33 -8 94 -277 -74 -82 171 70 17 142 22 -322 -221 -108 564 260 2 87 203 -280 -498 148 150 615 -739 -157 -95 430 -118 60 -379 247 321 -394 -329 -90 271 -595 137 -11 -92 231 -56 264 376 11 -209 19 -294 -280 -261 -129 248 673 28 -87 -77 -334 220 -258 255 133 -53 219 -139 29 66 190 241 181 51 -304 261 255 1 -283 -99 214 -126 294 -115 -141 -318 -303 126 -313 444 198 470 128 -649 -138 497 50 0 -6 -269 146 662 -4 -101 -260 -406 16 358 -259 -160 -35 -224 154 261 -232 54 -24 -311 100 186 430 -72 56 -441 -101 502 78 -246 354 -490 -87 284 -502 169 175 -641 -445 -361 -543 -267 256 148 -78 341 79 -189 -391 -41 -127 384 -266 -68 -328 412 -67 -191 -193 -22 0 -32 115 222 -112 22 -18 -161 51 480 396 299 -338 32 53 135 -56 8 34 -277 -47 242 249 207 -420 132 -29 -23 -59 269 93 39 321 259 -201 -209 -75 -145 263 175 218 -354 134 51 168 -305 1583863281
-102 -310 55 10 238 -173 167 291 -190 677 -145 418 143 50 -343 -179 -129 -36 -81 355 -120 -523 -330 -188 317 163 351 271 165 -136 -6 -179 -80 404 4 -49 -246 452 810 -20 -464 16 458 -236 -585 -487 -311 -368 94 -392 -411 22 -104 -141 94 428 -122 391 330 227 259 -125 -178 -439 247 38 -561 -215 639 216 -499 184 -454 -146 -338 173 9 113 259 356 -422 -268 82 338 72 -313 -386 367 -501 344 322 308 -317 56 234 -184 82 312 -243 596 -245 -27 -221 -66 96 174 -550 -186 156 -243 -122 -78 -270 234 258 210 -21 148 -95 -53 125 -291 89 -390 -304 705 58 -139 -71 -66 152 410 158 -628 120 -202 45 -23 -329 -142 589 -417 51 177 -343 -64 328 -192 -41 472 476 211 12 104 10 -463 247 -14 -186 -105 -171 -282 -201 488 9 103 157 -419 192 197 18 -153 -125 161 409 70 -125 247 -18 -25 -257 163 -533 -115 -99 616 -439 309 261 176 -110 101 -246 2 494 -447 707 -289 -458 -165 66 -163 10 61 642 -594 57 358 49 241 -303 -437 -195 -57 544 -23 390 0 -333 155 -255 90 -30 146 -355 41 212 -524 277 114 -260 -184 75 114 388 -287 -203 311 -343 97 41 337 -41 -6 -190 182 -127 -309 382 107 429 278 170 -329 83 228 334 372 -136 92 -80 -157 -579 305 144 125 -29 -219 -89 361 184 291 30 11 -143 44 56 -134 -106 85 100 536 133 301 17 -37 302 -296 540 376 -322 334 24 -233 236 347 11 -383 66 230 -257 -69 -90 58 -131 118 70 -179 131 5 21 -237 382 -45 427 -172 20 -321 -379 400 -1 101 155 743 -347 324 -60 -132 196 414 -428 -2 -150 405 51 -262 -133 284 243 137 -702 159 -215 279 289 -240 -60 -238 0 120 -265 545 -99 -68 130 390 611 -100 -576 -168 173 -370 133 64 -151 216 -252 -139 270 9 86 -245 331 341 -27 496 85 -187 -90 74 -204 -205 -97 64 423 171 -388 -50 -225 -269 -299 209 -164 -257 179 68 -225 164 -120 -97 278 -16 145 44 -64 12 -82 -356 -89 434 224 97 -74 311 238 -79 60 -114 349 288 -63 298 144 310 54 159 1583863281
148 -641 -163 554 159 -638 -206 -122 -175 -198 -578 -456 49 -206 489 -307 -106 625 921 519 -282 -265 439 98 178 -467 -489 253 -67 205 -297 345 -147 -142 112 -130 -27 84 -156 366 16 134 348 241 -9 349 111 65 30 316 -66 -130 -26 -142 -607 160 239 197 307 -627 3 520 236 -60 -202 146 -398 -416 -176 -1 -9 -96 -89 -54 31 -87 -40 578 -10 -45 -525 60 -70 92 -146 -95 -460 -163 41 254 -289 136 -82 -227 -2 287 325 -149 34 -164 -253 -319 -285 -380 6 -65 76 -72 -1 -181 265 184 -653 627 -119 -215 174 24 -161 -252 -93 -246 -173 -86 23 391 -316 60 94 -146 336 -185 67 391 -192 -6 -351 292 80 -468 -294 203 -17 691 -445 -115 206 -345 312 240 274 -395 -490 24 300 125 -471 -410 66 -258 323 249 -11 -35 245 -435 232 -14 435 -330 -217 -170 118 -192 -137 -217 67 709 59 -25 101 -119 367 -115 -238 -423 -56 -127 -63 86 -182 569 -6 -609 -78 319 597 409 199 56 -213 -700 286 -247 -359 208 188 490 255 -51 290 -405 15 -114 -149 -17 179 -43 -359 -270 -263 441 164 -470 158 196 147 -135 -87 -520 -241 -359 -86 394 31 -213 -101 -78 -95 -54 -660 -7 -47 293 -382 -160 -322 197 718 -480 28 110 -86 311 -52 -306 34 343 327 141 234 -125 49 -782 125 -333 31 -175 -566 -124 75 205 -45 61 -344 358 291 182 -54 99 -49 -109 183 -145 -347 103 -53 481 -337 181 -2 -373 57 -52 150 -453 -301 132 18 -289 -120 2 -38 -449 -3 -96 -283 143 994 -137 384 -43 230 -304 -147 176 -314 -207 -101 407 33 -662 -363 -364 -149 38 -357 -340 252 135 -208 387 239 -43 -354 -506 121 -465 -73 -84 138 167 400 99 100 -111 115 -163 -506 -170 169 -57 160 13 264 32 -421 -446 -23 45 -393 8 -261 228 295 639 163 -181 317 235 -176 243 188 77 -240 -87 361 -31 -445 -127 -544 745 59 -408 -346 122 -265 -143 -556 233 206 -167 -464 -196 -106 -21 176 361 237 -68 -157 -161 -226 -7 -19 114 -60 -74 -203 -17 113 267 48 445 110 268 -444 315 89 -43 13 86 -35 55 -317 -299 1583863281
-126 105 336 -356 -88 -595 174 -648 335 -142 -30 36 -89 -377 99 299 -268 -117 254 -354 -134 -60 -456 -405 745 -62 -49 -368 252 356 -193 7 -200 87 150 -235 557 274 57 -445 -458 -722 501 469 -396 -24 -717 -483 331 -49 -137 -335 -242 107 515 149 -302 -291 327 42 159 -55 -14 40 -534 192 157 -569 225 -45 186 198 351 -115 436 266 580 191 -276 -3 238 -353 188 207 11 131 401 -29 -8 -232 230 -287 188 -29 280 684 182 -19 355 439 -68 268 141 200 527 448 -78 -116 -412 -330 -418 -24 -501 98 -77 -267 -287 29 255 -415 68 627 -177 394 65 -326 141 103 -374 257 -512 -200 -263 12 10 395 -147 -101 24 -52 -216 -69 -658 315 84 -291 -163 175 958 -207 193 190 -79 -351 309 -235 -447 -51 400 295 10 588 597 78 -286 33 -7 193 273 241 -355 -338 363 -265 186 88 -453 315 102 571 125 -303 167 57 -318 328 -98 177 -277 109 250 329 293 29 -917 134 67 -407 31 234 136 130 -290 0 192 -70 10 -243 -67 21 69 1 -523 -186 467 284 -10 -274 -73 -115 -373 279 -105 -7 -636 -214 11 -205 219 258 -60 -57 -222 293 -13 -160 -76 47 89 -29 -359 0 41 -530 107 -406 -118 -91 -113 384 253 -410 -644 -123 76 -349 -534 -148 323 62 156 261 -145 186 -91 115 -82 -220 163 43 -162 582 -369 -269 408 5 490 457 -219 116 309 549 -32 -451 -406 -427 -359 -67 18 367 -66 -341 73 60 124 257 -66 -186 -12 -35 -462 -131 537 399 126 -160 35 -109 -233 113 -7 202 -150 42 123 -295 219 -27 -135 59 175 -252 -227 440 -87 718 -79 -214 314 -37 -29 -189 -46 273 -74 -52 417 -37 128 91 178 -54 -494 287 133 288 -16 -225 -102 57 -296 156 -25 191 123 -170 394 -168 -169 -133 463 -134 7 -271 -365 163 143 199 149 -111 -204 -62 -222 -76 44 -245 -109 -249 -495 -81 -95 60 302 452 128 -20 5 137 210 82 -15 -107 93 172 -247 263 77 143 -231 -127 454 14 -70 629 114 -482 479 -58 227 395 -17 14 -39 -491 -664 -75 -5 180 -18 -487 -457 231 112 56 -57 287 1583863281
-27 -384 -239 10 -528 422 37 33 -177 241 -35 -181 -76 495 -568 -402 -636 285 -132 -803 -46 249 -91 -566 -266 -16 -117 19 157 60 398 474 388 -421 -309 270 -479 31 -32 268 70 545 -408 226 -273 145 -286 349 -286 95 -79 -178 197 -442 -211 361 -19 279 -154 -344 -327 -8 561 211 -576 458 -521 -249 232 -136 -63 -139 257 144 -288 206 672 189 -251 -742 91 -38 103 51 -334 1 -377 -195 -456 -40 -73 236 325 -458 -247 340 -287 260 61 -287 149 483 69 -23 241 -294 181 -14 -587 -454 -338 -298 -246 -123 167 -79 -5 155 52 -21 -215 -226 147 -234 -257 85 -443 177 31 0 41 315 667 377 -672 72 294 -315 113 -480 373 567 -763 -82 162 -63 333 147 -404 -528 416 117 221 -215 88 489 263 525 -564 -443 -413 -87 -6 -263 -63 -130 366 -428 -238 -872 -365 20 439 247 -146 23 116 263 -41 177 -533 -14 98 -284 -31 -357 295 289 128 249 -334 -123 231 44 -85 1 -307 -180 420 94 -315 40 191 70 -739 24 -131 349 -86 -53 -4 -255 126 -104 291 5 259 82 -75 -360 -457 90 -60 56 -236 315 -388 21 -110 189 -238 -156 170 251 303 194 473 311 55 209 -38 -230 -235 180 -87 326 -129 75 -219 528 34 -207 608 -302 -174 -216 125 -30 169 92 132 -64 370 -515 542 141 -345 36 214 -171 233 502 114 292 69 267 -137 255 -94 393 -267 -106 364 37 -173 -108 227 230 233 -230 571 378 -176 -82 -511 224 -36 -76 -391 121 93 126 -223 74 278 -321 -76 580 122 121 -128 211 -134 -99 77 -252 -61 371 -264 135 -56 -314 -648 -774 -124 -30 -69 -116 409 143 -36 -282 38 -39 47 290 133 300 270 -238 -33 202 -103 84 153 59 36 -259 143 -118 13 407 547 435 63 -247 -17 -116 113 211 -173 -518 -171 28 -281 -160 -22 54 -231 -118 -119 31 286 -279 135 -387 173 31 157 120 243 159 642 -336 359 -24 -79 -132 -92 -219 -187 -155 -64 -85 73 -707 -148 54 -76 249 -99 -47 -301 184 170 -487 -108 113 43 -246 278 -205 458 10 140 157 1 -188 431 272 -311 -26 487 -149 82 -7 1583863281
118 -701 403 67 359 96 102 394 -885 -176 149 -174 681 626 246 -434 -231 -266 -499 -185 439 -302 183 340 662 -62 -593 383 109 -710 -106 -18 -199 459 -541 -320 608 76 -139 178 -28 -164 -59 510 -414 93 23 86 1011 339 -86 -463 32 -122 -366 415 -47 -574 -403 -315 -19 -313 218 232 -654 636 -338 -32 132 757 -314 -197 -449 289 87 -84 216 -234 34 -140 3 70 293 323 228 -356 566 294 -128 -141 207 123 -288 337 -709 56 -132 122 -239 489 434 115 181 -360 -339 -86 -745 -410 -328 -307 -244 400 652 208 -49 -468 -53 77 -166 209 32 132 -354 -218 105 -52 -247 -194 235 442 -434 -227 -162 -50 268 225 295 276 87 -208 -238 -542 -48 -292 -434 195 70 428 323 -253 -114 -502 -245 515 186 326 816 358 -177 288 -441 426 150 444 -296 17 -96 -123 477 13 -95 22 -368 128 43 -608 -366 350 187 -554 -161 -96 -167 -83 127 -587 38 168 -351 -330 -160 -14 54 -100 12 -238 -297 215 -98 -110 -164 117 -146 217 229 -189 -416 -264 119 61 -161 239 -66 100 -427 342 -211 158 18 -344 546 2 -67 431 205 30 -487 -327 126 246 260 123 260 58 -167 -51 -183 190 -448 -276 214 -244 84 87 -147 -438 -222 76 -144 -48 -103 241 -123 -415 -172 -51 -148 454 -39 -101 341 448 -138 274 -255 10 471 -134 -68 -95 -436 182 -13 164 -145 -1 235 61 205 -68 -9 -466 52 -195 -31 272 15 -91 -503 -458 -280 -24 157 43 -303 -173 -173 -235 -657 -163 98 161 -486 105 -84 220 242 20 -567 -36 -564 23 -167 -22 -409 281 187 -24 69 -121 48 -72 266 78 -277 511 -447 -10 199 -310 309 3 324 -96 -528 -4 382 -531 485 -111 -278 373 -471 -548 -101 -26 561 305 262 -26 294 -149 -48 332 175 213 -357 -149 -1 290 -186 -327 -229 126 146 -196 306 -169 -251 -134 -17 194 -129 -251 -13 343 -34 -208 -301 25 -286 -209 97 126 341 -234 -401 -355 275 -73 151 112 105 -31 173 -19 -203 153 -394 180 27 161 -184 -74 40 323 101 312 -412 431 -148 19 -155 54 105 -91 69 -245 346 35 -235 55 -115 -184 100 32 1583863281
-254 192 -361 292 375 -449 -31 602 288 339 59 835 -392 -119 -331 290 259 -825 496 224 229 9 294 -608 111 -288 -163 350 127 -352 101 -129 366 -125 -27 -389 338 -26 620 -349 -19 239 -221 -276 -239 294 -239 3 -15 558 23 -30 202 471 -186 85 276 -414 51 473 -175 331 193 5 517 -560 -28 301 19 72 240 -580 -459 -281 481 45 133 372 -48 131 -220 239 636 117 -220 96 -303 101 11 -473 347 64 -57 -405 -358 -281 190 -406 -166 60 -224 -564 9 47 67 -406 -321 1 477 120 -427 -58 -299 -180 52 -165 -70 246 293 -292 690 369 -192 34 132 -46 -371 -419 -340 131 701 173 -127 -105 6 -408 43 197 -79 -201 598 203 -141 -275 -204 300 -62 572 -178 55 -81 -32 -412 80 -286 159 -367 -488 533 -231 -280 -191 168 26 382 30 -283 43 434 -397 -52 350 -261 -42 -284 65 69 323 -4 -701 284 181 52 104 -646 396 44 297 3 1124 212 152 -306 147 180 -404 -339 106 -207 14 -253 44 9 171 -271 -63 -316 5 156 347 -585 -166 -611 -168 -374 47 -382 151 -210 8 104 618 384 -163 -75 -189 -190 74 -3 -195 306 158 -378 113 -199 69 640 -326 -535 218 -358 -350 300 94 354 -52 396 -6 246 -119 -196 -37 196 -33 -252 155 -125 -202 134 383 111 -392 -253 -238 -88 267 202 -132 158 -334 75 133 -10 -21 -176 481 107 -5 296 -363 -203 167 386 -395 -220 -484 85 -87 -192 269 -711 -97 -109 -236 294 83 -26 -199 -164 -100 -287 -51 286 -257 -228 -45 132 577 331 -493 -120 240 -613 105 41 -307 -265 -247 -234 322 -189 91 460 298 156 -211 -89 374 141 4 -37 -87 -153 112 -38 15 -67 193 41 -117 -66 -337 33 -31 162 -605 22 24 362 -349 -55 128 -179 -85 212 343 288 -231 -530 -238 -218 185 196 5 -62 -74 136 467 -157 -7 192 300 340 92 -44 -784 -39 128 -221 -85 -170 99 189 -205 142 139 -157 163 46 38 -73 106 -324 136 -107 158 -140 -78 30 -346 -221 62 -169 -439 370 58 -273 193 519 -113 53 500 -309 222 120 265 -1 -108 -81 -212 -6 25 -41 3 238 73 1583863281
188 214 -15 -706 -471 -638 320 -87 -635 108 480 -169 -235 59 -116 112 -295 -181 458 182 186 -498 -201 305 -293 322 -366 -687 142 255 102 105 -841 105 -51 594 -259 347 -275 -98 43 -175 -41 -392 140 -316 -145 -483 50 -87 310 332 59 648 -18 -510 637 158 79 -146 163 414 697 -81 157 162 118 1 193 -450 -844 252 106 5 -392 366 219 -420 465 -219 -237 -516 -234 102 215 124 -139 134 -262 -38 -97 -35 198 80 303 105 133 -29 -142 -26 320 206 -133 494 547 -11 146 -729 -46 -465 181 -27 695 307 -645 -37 71 -44 64 -242 -261 -240 -76 -30 252 156 -711 118 500 -236 266 475 -800 -212 -223 -411 149 -74 55 501 5 29 -331 -173 448 130 -542 38 117 174 -422 -17 363 -8 189 -34 -51 506 125 -619 153 -971 69 202 -20 243 -104 -643 -103 122 -14 286 100 -432 -3 -280 169 -73 132 353 -3 -232 255 76 -763 -466 280 -225 20 -344 -416 71 529 366 604 223 -110 61 -1 -43 -81 -73 -336 -169 462 215 -121 -59 612 -281 -465 -110 226 -241 -109 237 -369 43 143 -159 -141 -91 483 335 -230 -52 227 -223 -59 -73 -92 -196 -372 38 253 -38 407 -121 241 -140 81 107 -71 -207 144 2 -397 31 -244 69 577 28 49 -322 161 -342 60 170 -201 -431 479 -588 -82 306 -243 -121 145 80 246 520 213 37 -301 -138 -45 398 -129 246 -15 231 35 -207 347 243 -8 -324 -54 -339 -4 68 136 480 582 -25 326 -77 90 113 -187 -444 -251 305 69 -159 87 194 -244 -45 238 -208 8 -348 -202 3 388 -377 161 67 -67 906 -243 6 43 288 117 143 278 -73 -143 180 -151 23 474 126 -168 290 59 -177 219 256 247 33 290 236 -138 -172 418 -188 324 65 182 67 315 613 -147 337 -177 -215 -286 148 111 -65 -124 20 45 158 232 -3 103 -216 110 90 79 97 -268 242 450 33 59 308 213 116 -362 -25 -1 114 -188 304 -158 77 266 -197 -33 -471 310 -297 -85 -285 -91 -2 -262 -185 -242 17 145 185 -174 70 45 381 126 278 -525 318 -354 18 309 425 -36 -110 214 -48 -164 108 350 -39 1583863281
651 -201 193 -644 -717 -124 -91 480 443 -241 133 47 450 -310 135 262 -276 147 249 76 -328 372 285 -500 260 130 -82 424 47 312 120 855 180 -284 1117 37 116 275 -37 -517 -1 99 636 -96 -77 -128 492 -46 -65 166 86 440 66 134 -30 195 -31 255 340 252 -508 353 -220 381 473 -51 -49 265 -530 167 301 -105 -30 -657 438 200 -57 -77 -114 -199 221 334 -81 -226 -625 249 -10 97 -20 -42 -143 30 -357 31 477 57 -516 -304 -250 425 -74 289 211 -94 -257 191 -73 62 -351 -284 -137 200 17 -69 201 281 -333 -103 -386 -416 -232 -90 26 -458 316 -57 -234 304 -2 239 8 -124 0 51 -255 232 568 218 468 289 -88 418 180 -106 20 87 -184 300 18 -42 174 -380 466 212 -201 -88 149 36 874 -682 -274 -361 -294 -386 354 -114 179 -409 160 -258 265 56 61 206 -661 -428 261 91 -286 -416 230 -295 -228 48 -177 116 -208 210 244 32 -426 -64 103 270 695 -184 -335 422 -86 255 -464 -121 -677 -467 -161 254 22 -150 317 259 34 199 156 -277 219 449 -41 -310 -76 -394 -26 -370 13 222 -226 -100 39 -19 130 -409 326 -343 75 162 -342 -58 846 104 154 -25 -208 100 3 -123 71 312 -151 542 698 -80 161 -428 41 19 -6 288 -352 604 291 168 82 -374 96 -165 315 111 -305 123 -288 -296 136 306 -18 129 -47 29 -300 -101 -189 146 -6 -277 77 291 -90 154 -265 83 -247 224 530 -22 223 -234 414 280 -72 146 335 -116 -42 -337 -165 132 -26 -93 153 103 99 379 -51 -338 -153 -78 -206 -430 334 -295 236 -28 538 -399 -8 -30 -356 -294 -262 -3 -50 303 137 -113 -66 172 26 -178 -440 468 -10 234 488 69 -315 51 -203 73 -49 -400 215 61 85 -409 -15 -99 -441 -11 268 -157 451 19 -174 -59 -124 -17 220 246 -294 -66 -91 208 183 6 342 98 -658 -35 -201 248 46 -116 -41 -628 -534 335 84 -6 -272 63 -75 -516 410 267 -329 229 -138 -184 18 -306 -291 70 43 91 97 99 211 0 96 -111 43 372 135 6 -248 -70 65 271 100 -138 -18 -266 537 156 -367 -47 -70 118 1583863281
-232 259 118 113 478 91 53 -21 -132 -209 240 -574 598 -97 193 611 521 131 169 -773 7 274 -68 -472 -388 -486 -303 -194 218 -177 151 138 -206 -119 -260 -222 -210 -242 938 -324 -708 -235 -68 -133 -214 -355 -719 -138 -55 -460 -177 280 -103 -822 244 -155 469 -477 131 -245 25 505 -374 97 191 125 237 -103 309 -157 277 80 -104 232 67 -2 -83 536 -490 -70 -616 -130 -334 -252 244 63 -258 -332 -359 -486 22 91 -251 137 351 375 -264 69 467 103 -495 184 -77 320 -227 -36 375 299 -43 35 -313 540 -338 -732 220 748 -26 219 220 578 67 -80 -388 194 1077 44 258 312 -443 -181 -556 -6 341 250 123 227 5 377 -143 61 203 190 -302 248 -214 -419 227 391 654 -200 86 -349 -59 -68 -6 -100 134 -156 158 -76 10 85 -257 -1 97 188 -99 52 242 -265 40 39 503 348 554 305 188 235 208 -213 -311 -323 -448 -91 -149 -139 115 282 -136 -482 -610 -78 -130 167 -135 -126 -200 389 -64 254 -288 -37 565 -106 -14 190 306 -360 421 128 297 -357 -370 -59 8 -147 -66 116 93 108 230 -77 160 139 166 36 -116 204 25 49 328 80 130 441 316 -251 -43 -338 313 102 -535 -164 288 347 7 -529 -55 -239 -502 141 82 197 374 89 -223 -47 69 -335 29 94 -420 3 -10 203 53 108 170 191 160 139 96 174 -254 116 -705 108 318 19 -572 -166 -524 503 125 662 204 219 -205 17 124 -21 263 -142 21 -160 216 -98 200 171 172 173 -289 -476 -628 275 -396 -12 -367 -147 35 -261 -56 524 -33 -5 244 -346 -77 11 -330 201 116 -90 11 -340 -33 -69 252 -427 -40 617 587 70 107 291 -449 26 44 -169 -426 -632 114 593 -250 -172 -209 58 -75 176 373 -114 -160 -180 109 6 -222 87 40 41 492 233 -129 155 -82 -195 -552 -130 21 36 -171 -196 -231 -54 -2 -88 -190 177 -10 -168 293 225 36 -358 170 -373 -138 -408 -695 151 -383 297 -469 280 88 86 41 236 15 -399 -25 -118 203 -342 -263 290 407 -172 488 66 -22 314 82 -247 185 -119 -58 36 168 109 -228 137 626 -356 -129 114 38 143 1583863281
-133 69 0 -280 114 246 -374 -227 -279 160 354 93 -204 166 235 90 -152 260 -94 661 326 296 205 -15 130 -410 -199 -492 -149 -195 527 95 -602 455 -707 -147 -48 -80 88 -424 668 -312 58 60 203 -181 50 -27 -247 -854 59 65 681 591 164 -188 59 -82 308 479 39 -761 86 -218 -265 -214 -134 65 360 -393 -185 5 471 684 344 -2 -673 107 -68 -82 -23 570 -63 -120 301 -11 151 54 0 -601 76 366 204 -24 121 -90 -145 -251 24 -152 -424 98 -130 337 -263 20 240 -259 -389 433 -185 -303 273 -445 -150 -785 -111 181 198 -45 98 -47 -29 237 -279 8 111 -363 -63 -327 -171 -69 160 -382 40 -178 -419 -74 -63 189 -112 -442 -458 -134 38 162 14 43 -12 485 200 -224 -135 -311 684 174 -17 -532 -354 174 692 -7 -69 6 -723 -269 77 53 787 184 -138 -382 -182 555 64 -140 112 471 156 -457 92 -13 489 137 -137 69 167 281 32 171 63 -259 -203 -50 -227 -105 182 92 79 -36 889 484 -342 632 368 90 -53 -243 8 -282 352 -590 111 75 99 148 167 -212 -125 -78 -331 -219 -214 -299 74 -353 -22 36 239 66 -136 416 -217 410 103 508 -21 65 -175 32 -158 -241 -251 -5 -190 170 -73 -213 -60 -64 -39 155 182 509 187 -365 463 -12 -376 -165 47 -134 413 73 -287 407 168 114 365 -77 315 -175 -270 -28 61 216 43 -101 -29 -537 -182 -212 -163 -306 -42 229 -292 179 547 -54 -379 303 268 -15 -230 -376 93 -239 56 87 -105 362 -399 -186 204 400 -234 127 194 -272 350 -4 404 303 -62 180 -83 -314 444 -208 70 65 -288 340 -233 -229 -521 510 -8 148 -126 190 395 130 30 396 -537 -197 84 -219 246 -174 207 185 54 -372 -160 -128 157 -265 -296 -173 -286 -442 -121 -231 68 -108 -89 -3 -67 -215 517 300 48 393 -226 558 -147 -90 -355 310 88 -157 45 53 119 -482 159 63 325 232 21 92 137 55 -120 -259 9 -171 -107 -79 288 -437 -80 66 111 -172 -137 135 182 363 111 -58 -75 -329 -117 95 -126 -402 -49 -76 -274 -257 -2 201 -333 59 142 150 64 -375 -299 97 64 -97 1583863281
-210 -132 148 119 -329 -373 128 295 217 118 -307 286 -81 -341 731 283 216 -62 -289 72 468 -59 -115 81 -38 -529 -380 167 211 -116 -845 126 -684 -570 -84 -154 144 586 168 26 229 195 287 -230 -214 344 -47 -385 394 -102 88 -300 -147 -164 -201 248 -80 -93 -78 99 -6 167 -210 11 57 217 284 86 -615 24 24 51 329 -140 212 344 -6 58 246 -232 -104 -289 746 -128 411 -465 29 -387 -206 -205 -17 -495 167 -2 -335 304 316 507 85 -108 -58 -636 282 -140 -155 349 -481 -132 250 428 -102 -69 92 -91 -81 407 156 435 -322 -34 -197 292 -139 -4 -151 -87 8 478 -379 242 -85 202 42 56 347 204 589 -190 -298 325 332 357 -537 -30 50 -171 -114 237 -131 -506 -542 151 -8 -138 -217 -165 400 -31 -142 150 386 41 59 -234 61 -123 -353 -153 -196 252 91 -275 -382 -317 -75 -102 -370 317 -39 256 -203 589 308 -394 -613 25 -116 100 -622 -58 360 -94 202 366 398 -325 432 311 -280 83 268 72 466 -364 -236 -126 20 20 207 108 206 -323 59 -5 1 -116 45 -458 -166 358 -168 4 -66 402 1 -378 -136 304 -359 30 -95 -68 -61 543 360 358 496 445 233 -404 23 246 386 -134 -952 -82 -75 193 231 432 21 240 189 -147 92 -106 -191 -361 -560 144 -56 5 136 19 -39 111 70 409 -278 211 707 537 113 495 -194 126 118 -300 106 356 391 35 157 128 -75 -511 -112 509 -115 -282 200 13 30 545 95 -162 -86 -52 -251 -186 208 -377 -147 -28 -347 -115 81 18 56 272 13 -298 47 -173 -697 -89 -203 -87 -32 -395 -197 322 -383 47 369 50 -428 313 -382 -266 -352 -260 20 -251 52 -567 -295 -200 156 -283 49 -244 -87 -224 -62 55 340 106 -607 110 224 -7 -39 -171 -35 -24 -13 5 -295 150 10 66 -162 6 182 -253 32 -163 -527 -172 309 -79 -359 -90 238 -126 146 -178 59 80 -582 43 -97 70 -346 164 -148 17 86 278 -110 211 175 19 101 178 0 26 116 -52 180 -44 132 -28 -193 -178 -165 71 -261 306 -130 302 903 -42 22 321 -200 -378 -201 256 115 381 59 47 369 -62 1583863281
-355 67 109 155 -385 161 56 -179 123 42 -781 -252 393 128 88 -23 -567 -181 421 -146 -139 130 56 210 357 -508 -415 -16 -526 340 13 780 -197 -59 333 122 314 -140 208 -146 185 -215 725 145 -320 -65 265 -20 -406 -92 61 354 -454 -138 121 -7 64 -187 -124 -226 -241 -155 25 -198 42 -89 -320 63 649 -59 -368 -567 -454 179 -132 61 -448 -390 66 -354 -57 77 -341 -214 119 -457 -242 47 -264 536 279 -136 -321 -32 -251 -417 -321 102 267 -86 536 -305 34 -259 75 66 432 -165 -60 189 -208 -239 -70 224 -348 84 -50 -315 594 390 512 264 340 -205 -522 -434 39 -16 -112 212 -83 -178 -177 10 -169 -295 -26 735 -203 -740 45 254 -501 -394 250 277 116 -247 -68 -59 -77 -46 351 -281 -169 -236 -186 13 380 -13 -660 197 -110 -251 188 -306 54 -10 -72 336 202 322 -346 45 58 -209 295 24 134 -22 6 -290 -131 -350 512 196 43 -363 -136 -68 -55 441 101 271 273 -243 90 25 48 -311 45 -68 -57 30 238 -42 -170 321 212 -226 324 251 13 72 -588 -576 41 320 -116 -8 37 294 186 96 -441 559 -14 47 -596 -58 -98 252 104 -242 231 -163 56 64 28 2 727 -8 -104 -183 75 318 349 -90 -192 143 -419 179 91 -194 100 107 25 -318 -243 -210 -222 154 -744 -235 -445 155 -139 30 -484 543 -59 200 49 147 -282 128 -326 758 356 247 102 83 548 250 267 393 -333 -114 -29 45 399 -218 -215 -83 142 -167 -143 27 168 -480 541 212 152 269 19 -93 390 289 -239 -41 -147 -241 24 -9 -336 195 27 -425 -261 -247 85 50 34 -220 -33 59 357 -463 293 329 -66 152 -149 154 -558 -201 -13 414 53 430 124 -238 -307 -297 -13 -13 18 -506 102 55 323 -174 -3 198 196 -458 6 239 359 80 -256 479 -144 -10 -192 -105 397 -173 174 398 -346 394 -390 212 -183 -165 419 234 139 672 -551 -124 157 306 -180 195 513 -214 121 -147 102 10 -56 264 51 61 44 8 -88 -192 -127 -163 383 261 514 -111 -74 278 525 -100 94 -47 -118 222 103 207 220 60 -336 17 -128 -58 11 105 -44 -255 1583863281
189 -674 -98 131 -227 271 -97 136 260 366 -153 -149 71 431 -52 -86 -117 -116 2 -752 9 -254 -534 7 -610 -325 127 -197 -81 -102 276 267 131 75 -736 595 -116 -470 -19 -278 455 95 -98 -88 -99 -811 144 -353 86 10 -10 -301 -486 -563 -18 406 336 302 580 65 453 617 -118 298 -532 -296 106 -285 -312 -334 -129 154 -13 -373 90 188 401 -473 -284 91 232 -414 509 -218 65 -192 -137 -388 9 -409 -122 270 2 -419 -90 167 -92 303 -58 46 35 83 27 360 -472 256 -332 -1 -279 -369 -405 -330 358 -738 81 -161 157 -37 -160 -199 76 169 95 1 -104 802 442 426 82 189 -208 59 98 -19 -119 -598 -77 -311 -157 -158 37 272 -95 -304 234 31 173 -197 -77 220 -256 295 801 71 92 379 -245 -164 333 154 319 -79 202 -44 97 501 -329 -587 -312 -78 120 -178 59 -257 146 -374 -99 -58 -88 311 -153 -125 27 325 -432 -416 -45 83 186 70 -23 162 -174 136 259 65 281 322 92 352 22 336 29 -395 -238 428 -282 -202 -73 -384 -448 -286 54 -251 -355 -183 -4 -169 227 -1 -213 310 -368 124 -243 -268 304 16 120 -417 82 353 -152 -309 578 201 310 -92 584 -202 130 355 1 69 14 -274 403 -106 79 210 391 0 -426 -535 -453 -280 -558 168 379 -170 -480 321 373 -463 -355 -7 158 -168 332 352 227 -200 477 -55 -229 239 885 -129 262 -204 -410 19 -183 275 250 -72 210 252 -310 67 -236 -93 -79 360 -231 306 -350 66 56 0 47 490 -51 306 338 94 45 35 -213 -110 131 75 26 135 -348 121 107 363 -328 -243 -86 425 230 696 -86 95 148 73 -111 475 -374 253 152 -87 -21 123 -253 181 69 15 -142 65 386 -2 187 -152 214 162 207 454 335 -17 -80 -171 -57 314 90 296 -497 -136 -401 188 -46 288 -42 -34 -21 -42 83 -317 -275 188 404 -375 -133 357 421 -41 -133 -59 -9 382 413 440 -38 -41 227 -196 -213 187 -18 393 30 14 -264 31 164 94 376 -201 558 184 -255 401 339 114 -173 100 -213 -111 -160 -283 -156 30 -25 45 -249 131 -284 -285 3 281 -247 729 121 133 1583863281
91 294 -179 -106 9 -229 -25 284 1034 -405 534 430 -84 -607 -211 226 884 -164 97 122 -288 -58 205 212 -477 66 -208 -297 -571 -476 128 161 -447 -113 -214 -79 484 -498 376 499 367 -344 441 196 -415 219 140 -29 -141 111 -249 -222 -260 230 -115 -383 188 -233 266 -10 475 40 262 -182 -547 646 567 143 -49 -244 280 270 229 -302 -368 -17 -318 -341 199 125 -323 -347 -94 28 -162 -36 324 721 61 -264 -463 265 -469 197 -419 -348 85 281 -413 -119 99 271 285 284 137 16 12 -299 326 -34 346 167 -208 18 -138 584 155 412 304 -387 77 745 -656 -125 -437 211 -85 -177 432 56 185 -107 118 146 429 346 94 26 76 143 -354 145 36 -304 -126 -298 167 137 -19 -67 41 -395 567 -374 544 -170 67 23 308 -300 2 292 -226 6 217 -81 -366 -169 174 -32 -314 206 60 151 422 -111 370 340 107 157 -212 187 178 -218 68 153 -450 -495 -176 232 283 407 176 -56 -456 97 331 -238 -646 -287 2 -276 61 -552 379 -554 474 -284 -666 140 273 -66 193 304 63 -199 492 374 359 75 -356 113 120 -354 337 -614 194 22 -201 -215 183 -540 56 467 98 17 262 -30 -306 -60 -11 113 101 397 265 -345 30 109 -450 -394 293 553 -213 -267 -510 -270 448 -640 278 -120 99 -154 28 33 -145 371 221 215 153 307 259 176 194 -221 163 26 -84 277 -95 58 415 264 -281 -370 -110 536 -135 437 -262 259 110 -255 -49 101 75 236 154 254 296 347 394 231 -25 42 58 -31 45 325 184 406 -603 -77 -575 -473 5 -220 -331 345 -123 162 294 -61 5 -321 245 -80 -20 -312 199 186 -176 -180 -16 57 -178 -17 343 -97 0 135 35 -46 14 -241 -294 -206 -56 -169 108 -80 266 -599 -365 -15 -155 412 -219 -22 -110 70 -317 -632 422 136 415 2 230 200 -326 -178 186 4 156 235 -374 263 -445 158 136 131 -212 -27 215 252 421 28 -205 -216 -129 42 451 242 -55 -167 -120 -34 -434 -505 -132 101 277 -27 -146 -13 -220 -339 29 11 169 -180 243 -42 71 57 90 -414 -38 -175 -4 -198 56 112 221 -476 354 99 1583863281
