-16076906 -15497697 21948118 5076938 -5917356 -7550368 -1474070 -141542 120926 -125288 -42745 -28643 -4089 -40191 -10799 -3700 -8241 -2809 -979 -551 -237 -146 -119 -162 -3 -24 -16 -6 1 0 0 1 -3 0 2 0 0 0 -1 0 0 0 1 1 0 0 0 1 -1 0 0 0 0 0 0 0 0 0 0 0 1583836345
-15862268 -15321156 21542957 5282833 1464844 -7414312 1897756 -136061 -46630 -115498 -37558 -28825 -5534 -37980 -7153 -4302 12004 -1642 -1080 -2845 -129 -83 -9 -2 -14 -10 -16 -7 1 -1 0 1 -6 0 -16 -8 -1 -2 9 1 0 0 -2 4 0 0 0 1 -1 -2 0 0 -1 0 0 0 0 0 0 0 1583836345
-16076209 -15391070 21736076 5197426 -7765291 -7524730 -1841018 137394 120046 -126096 -43297 -30152 -3969 -62331 -10870 -3661 8007 -3439 2136 -707 -139 -172 -792 453 -10 -25 -28 -5 1 0 0 1 -6 0 2 5 -1 0 0 1 0 0 3 -2 -4 0 0 0 0 -1 1 1 -1 0 1 0 0 0 0 0 1583836345
-15968224 -15400075 21745189 4932639 -7157811 -7444060 -1892712 -142274 130184 -126484 -43405 -2648 -3871 -46847 -5387 -6905 7086 7345 -1055 3273 -131 -819 -444 171 -8 -77 -24 -12 -8 0 0 1 -7 0 -5 -4 0 -1 4 2 -1 0 1 0 1 0 -1 0 -1 0 1 0 0 -1 0 0 0 0 0 0 1583836345
-13996234 -13723691 18188624 3193992 -2884825 -5390617 -302496 -138658 123238 -121163 -40703 31384 -4446 -32537 -14443 -889 -4531 101 -1062 1765 -206 3980 -636 1146 -9 16 -50 -10 -2 1 0 2 -7 -1 10 -4 0 -1 -1 0 -1 0 -1 0 3 0 0 3 -2 0 2 0 2 0 -1 0 0 0 0 0 1583836345
-15957448 -15389947 21711243 5150163 -822294 -7339415 889867 -137416 121124 -118531 -39135 -20391 -5091 -40134 -11412 -3425 8209 -3427 -1134 -848 -150 -170 1924 -426 -5 12 -8 -7 1 0 0 1 0 0 1 -1 0 -1 3 1 0 0 -3 0 0 0 0 0 0 0 0 0 0 0 0 0 0 0 0 0 1583836345
-16015723 -15449339 21848668 4952593 -7873825 -7518018 -1821082 -142223 120951 -126310 -43328 -18977 -3976 -65604 -11745 -3705 -5642 -3214 -987 -717 -213 -144 -146 -159 -4 49 -18 -8 2 0 0 1 -4 0 2 0 0 0 0 1 0 0 0 0 -1 0 0 0 0 0 0 0 0 0 0 0 0 0 0 0 1583836345
-15593746 -15075116 21055081 4638727 -5549360 -7036272 -1015678 -140651 130426 -123867 -42040 5632 -4253 -54823 -12062 -4096 -3286 -333 -1012 357 -196 -346 -485 377 -6 0 -32 -9 -1 0 0 1 -8 0 0 -6 0 0 -1 2 0 0 1 -1 1 0 0 0 0 -1 2 0 0 0 1 0 0 0 0 0 1583836345
-16050847 -15474540 21903020 4983060 -7847687 -7550611 -1830181 -142236 125266 -126351 -43346 -20072 -3967 -64472 -11550 -3732 5481 -3362 -1068 -824 -159 -171 -724 -267 -6 -23 -8 -6 1 0 0 1 0 0 -1 4 0 0 0 2 0 0 0 -3 2 0 -3 -1 0 -2 0 0 -1 0 0 0 0 0 0 0 1583836345
-15613773 -15091108 21093350 4582038 -7758548 -7087695 -1840503 -142135 133584 -126252 -43326 14073 -3888 -62250 -13013 -3887 16531 -1869 -1119 -862 -102 -286 -1322 -299 -8 10 -4 -6 1 0 0 1 -12 0 0 9 0 0 0 1 2 0 4 0 -1 0 -3 0 0 0 0 1 1 0 0 -2 0 0 0 0 1583836345
-15756177 -15213363 21351230 4727874 -7824167 -7238001 -1832388 -142221 126574 -126281 -43329 1663 -3924 -64274 -13300 -3570 4583 -3276 -1053 -944 -163 -181 -676 154 -8 53 -20 -9 1 0 0 1 -3 0 0 3 0 0 0 0 0 0 3 -1 0 0 -1 0 0 0 0 2 3 0 -2 0 0 0 0 0 1583836345
-15196242 -14753666 20373124 4223363 -6322348 -6668836 -1831197 -141800 116638 -125960 -43173 -1924 -3842 -31458 -13157 -1808 20581 -3442 -1177 -855 -100 1995 -404 -269 -9 89 -9 -8 1 0 0 2 -6 -1 -10 -4 0 -2 4 2 0 0 -1 0 0 0 -1 0 0 2 0 -1 1 0 0 -1 0 0 0 0 1583836345
-16076991 -15491938 21929520 5240785 -1189631 -7462215 -2431466 -142702 124801 -127730 -43883 -19939 -3331 107353 -10657 -3807 -6676 -1774 -986 -201 -304 -177 -180 -415 -2 -33 -11 -6 0 0 0 1 0 0 3 -3 0 0 -2 -1 0 0 0 0 0 0 0 0 0 0 0 0 0 0 0 0 0 0 0 0 1583836345
-16087908 -15491418 21935610 5133827 -5332790 -7543565 -2052793 -111074 120486 -126832 -43533 -29827 -3749 353 -10894 -3587 -7676 -3133 4859 -432 -243 -120 -52 -335 -2 -25 -9 -5 1 0 0 1 -1 0 2 -2 -1 0 -1 0 0 0 0 0 0 0 0 0 0 0 0 0 0 0 0 0 0 0 0 0 1583836345
-16063025 -15487182 21925704 5043279 -7139247 -7577950 -1487129 -141722 101529 -125366 -42823 -21657 -4128 -65502 -6451 -4473 -8267 2235 -819 -2419 -218 -178 -60 -258 -3 -29 -13 -9 -1 -1 0 1 0 0 1 0 0 0 0 0 0 0 -1 0 1 0 0 0 0 0 0 -1 0 0 0 0 0 0 0 0 1583836345
-15275145 -14799077 20436771 4976486 12848598 -6424261 6421853 -127392 119532 -102455 -30545 -11726 -7405 -8745 -12337 -2501 -4295 -3084 -1163 -710 -210 -140 -2173 1798 -12 5 -73 -8 1 0 0 0 -22 0 3 -7 0 0 -2 0 0 0 0 -2 0 0 0 2 -1 0 0 -2 0 0 0 0 0 0 0 0 1583836345
41454880 35799038 -86166941 -48897389 19391282 54122668 7381659 -105693 2352777 -83491 -24766 4561097 971 49835 140109 -271134 17573 337459 521 116493 866 -20121 -3479 2495 46 7026 -185 -452 -339 -1 0 39 -27 -118 0 2 0 -16 -5 -4 -18 -73 3 3 -6 33 -5 -2 -12 0 4 0 -1 4 0 4 0 0 -1 0 1583836345
-15861172 -15306307 21534088 5064872 -470590 -7233977 1393477 -136539 124914 -117097 -38396 -15448 -5332 -56821 -11752 -3364 21070 -3572 -1243 -964 -77 -205 -1888 -14 -10 -15 -15 -5 1 0 0 0 -11 0 -27 0 0 -1 3 7 1 -1 -13 1 10 2 7 -5 3 0 0 0 1 0 0 0 0 1 0 0 1583836345
-15757347 -15129922 21073675 6922154 54493533 -6162990 22110106 -99823 152310 -57778 -6405 7506 -13873 135721 4562 -12752 11767 -3403 -1603 -712 -163 32 -6636 1048 -9 95 -50 -9 0 0 0 0 -35 0 -26 1 1 0 -16 5 0 1 -7 0 5 -1 0 -1 0 0 0 4 0 1 -3 4 0 0 0 0 1583836345
-14801154 -14370505 19572739 3858884 -6480390 -6182345 -1380177 -141067 169852 -124727 -42571 112048 -3911 -57243 11359 -23420 -8113 9349 -894 3220 -192 -810 -134 -87 -2 2 -18 -12 -5 0 0 2 -2 -1 0 0 0 0 0 0 1 1 0 1 0 1 1 0 0 -1 0 0 0 0 0 0 0 0 1 0 1583836345
-16071135 -15449662 21777113 6527931 34800391 -6844840 14588138 -113256 123618 -79371 -18006 -19235 -10761 82311 -9118 -2916 22103 -2933 -1523 -749 -106 -119 -4786 114 -9 -25 -17 -5 0 0 0 0 -12 0 -28 2 -1 -2 6 -6 -1 0 -8 -1 -1 0 -2 0 0 1 -1 -2 0 0 0 0 0 0 0 0 1583836345
-13666669 -13465820 17648132 2665352 -7867254 -5189916 -1818851 -141131 107181 -125331 -43001 -21865 -3947 -65962 -13928 -2007 -7697 -2770 -963 -586 -221 -307 -31 -304 -2 -45 -11 -6 1 0 0 1 0 0 3 0 0 0 0 1 0 0 0 0 0 -1 0 0 0 0 -1 0 1 0 0 1 0 0 0 0 1583836345
93115302 77140054 -174144487 -100869809 -6717821 101495508 -1838848 -93655 -119496 -82908 -29363 1153183 -402 -68393 951453 -713484 -651 57096 -436 34984 180 -7065 -550 -65 9 -1636 14 -46 -118 1 0 11 -3 -10 -2 1 0 1 1 14 -29 61 -7 1 4 -50 7 0 -1 -2 0 0 -2 -4 0 -1 0 0 -4 1 1583836345
-16088177 -15503483 21964535 5023645 -7867473 -7587304 -1822962 -142263 124628 -126354 -43345 -12068 -3964 -65321 -10490 -4302 -4412 -1255 -970 -537 -203 -221 -100 -292 -3 -37 -14 -3 5 0 0 1 -1 0 1 1 0 0 0 -1 1 0 0 0 0 0 -1 0 0 0 0 0 0 0 0 0 0 0 0 0 1583836345
-15244520 -14711707 20301270 4224883 -7880283 -6707410 -1820188 -141999 157966 -126128 -43297 70916 -3819 -66356 39675 -39040 -4071 6519 -741 -2394 -183 -189 -229 -331 -2 215 -14 -15 0 -2 0 2 -5 -3 2 0 0 0 0 0 4 4 1 1 0 1 -1 0 0 0 0 0 1 2 -1 0 0 0 0 0 1583836345
-16085463 -15471962 21898809 5101794 -7121971 -7562587 -1328762 -123621 120568 -124973 -42606 -30243 -4227 -72585 -10890 -3692 -5231 -3753 35769 695 -117 -113 -365 246 -5 -30 -23 -22 5 0 0 1 -4 0 1 0 11 0 3 1 0 0 1 -1 0 0 0 0 0 0 0 0 0 0 0 0 0 0 0 0 1583836345
31442696 24676780 -63121477 -40881631 -6027559 39921909 -685229 -119643 -73853 -104215 -35561 514442 -2912 -91901 224116 -186149 -8706 32562 -671 15245 -50 -4227 -331 14 0 -125 -16 -37 -49 3 0 3 -2 7 0 0 0 -1 1 4 -9 1 0 1 -1 6 0 2 0 0 0 0 0 6 0 0 0 0 -1 0 1583836345
-6776288 -7656445 5336571 -3875933 -4083364 1721199 -1582039 -137418 57932 -121715 -41573 9862 -3707 4115 -11351 -5263 51074 -5032 -1369 -1683 35 -737 -646 -670 -13 -93 12 -1 1 1 0 0 -10 7 -34 -20 -2 -3 16 5 1 1 -3 0 -3 0 -3 0 2 0 -1 0 0 -1 -1 0 0 0 1 0 1583836345
-14436488 -14117845 19027910 3424522 -7571682 -5953572 -1848308 -141505 108379 -125709 -43130 -28350 -3938 -57925 -12912 -2320 -4735 -2691 -987 -557 -211 -273 -78 -288 -3 -37 -9 -5 1 0 0 0 -2 4 -3 0 0 -1 0 0 0 -1 -2 0 0 0 0 0 1 0 0 0 0 0 0 0 0 0 0 0 1583836345
157226399 122894180 -272221563 -163099571 -3220457 168886054 -2076265 -63042 -1209573 -55187 -19937 -268632 -1750 16634 2591143 -1785082 -11614 -54996 -574 14603 8 1072 712 -267 -20 -1447 43 23 -9 -22 0 28 -1 -25 -1 0 0 1 -1 2 -6 -13 0 0 1 9 0 0 0 0 0 0 0 -2 0 0 0 0 2 -1 1583836345
-15054710 -14627322 20106857 4081170 -6027223 -6519323 -1203660 -140675 125888 -124161 -42247 -2384 -4180 -54956 17387 -24331 -4021 -2750 -1008 -146 -203 -138 -256 -68 -4 -47 -16 -6 0 0 0 0 -3 0 -2 1 0 0 0 1 0 4 -1 2 1 4 2 0 1 -1 0 0 0 0 0 0 0 0 0 0 1583836345
-16092879 -15476257 21842703 6327285 28509928 -6982005 14200531 -113819 119507 -80701 -18851 -29229 -10877 -35314 -9218 -2873 9070 -3630 -630 -900 -113 -66 -4207 -13 -6 -21 -12 -4 1 0 0 0 -21 0 -13 2 -1 -1 3 0 0 0 -10 2 0 0 0 -2 1 0 -1 -1 0 0 0 0 0 0 0 0 1583836345
-14159395 -13877860 18506439 3432109 1544 -5544766 818328 -136648 105901 -117945 -38950 -18911 -4992 -20156 -13808 -1820 -6343 -3096 -1029 -807 -231 -229 -656 58 -4 1 -21 -7 1 0 0 1 -1 0 0 3 0 -1 1 -2 0 0 -5 2 1 0 1 0 0 0 0 0 0 0 0 0 0 0 0 0 1583836345
-16062633 -15481204 21913841 5070401 -5844742 -7524304 -981300 -140774 126123 -123942 -42049 -14744 -4323 -61020 -11490 -3879 -3719 -2801 -1012 -603 -203 -167 655 -338 -3 -11 -8 -7 1 0 0 1 0 0 0 -2 0 -1 2 0 0 0 0 0 0 0 0 0 0 0 0 0 0 0 0 0 0 0 0 0 1583836345
-15345859 -14827929 20463377 5810179 34032939 -6124683 13845204 -114215 123466 -81183 -19020 5801 -10360 97637 -12231 -2258 3230 -3054 -1369 -758 -210 -92 -3686 -392 -2 89 -3 -8 0 0 0 1 -6 -1 -15 4 0 0 -2 0 0 0 -7 0 3 0 1 -1 0 2 0 -4 1 0 -1 0 0 0 0 0 1583836345
-16088717 -15468301 21817374 6505956 33675222 -6888646 15183415 -112404 119668 -77775 -17205 -27457 -11146 32273 -8910 -2798 16918 -3351 -1483 -866 -106 -96 -1095 -202 -5 -28 -14 -5 1 0 0 0 -6 0 -35 1 -3 -3 16 -1 0 0 -9 0 0 0 0 -1 0 1 0 -1 0 0 0 0 0 0 0 0 1583836345
-15843958 -15284048 21502533 4806858 -7891910 -7308671 -1819331 -142243 138117 -126309 -43341 27303 -3898 -66291 -7184 -7010 -5357 8595 -951 3592 -180 -853 -202 -318 -2 -63 -10 -13 -10 0 0 2 1 0 4 0 0 -1 1 3 -1 -1 0 -1 -1 0 0 0 0 -1 -2 0 1 0 1 2 0 0 0 0 1583836345
32082646 25793000 -65402304 -41493464 -7333603 40334747 -1835310 -121583 -23271 -107397 -37285 746209 -1900 -68282 -119081 29769 -250 -9202 -772 -4927 -165 -2735 -513 884 -5 359 -49 -11 -3 15 0 -16 -11 33 6 1 0 -2 1 0 0 -7 0 -1 -1 -4 0 -2 -3 -1 -1 0 -1 0 0 0 0 0 0 0 1583836345
-15282056 -14823521 20522966 4274044 -7020428 -6765416 -1416755 -141208 121966 -124878 -42623 -6857 -4120 -66549 -13616 -2946 -2971 -3011 -1010 -670 -197 -211 -377 -4 -5 10 -20 -7 1 0 0 1 -4 0 0 2 0 0 0 2 0 0 1 2 -1 0 0 3 -3 -1 0 0 -1 0 0 0 0 0 0 0 1583836345
-13745004 -13534284 17791379 2771496 -7244918 -5255132 -1881573 -141249 104434 -125518 -43079 -15717 -3872 -49710 -840 -11266 2306 -3152 -1037 -591 -179 -267 -541 153 -7 -13 -22 -7 1 0 0 1 -6 2 0 7 0 0 -1 0 0 3 2 3 0 -1 2 2 -2 -2 0 3 1 0 0 -1 0 0 0 0 1583836345
-15874308 -15316976 21556298 5083525 -339660 -7243851 2001483 -135580 125496 -115425 -37529 -13635 -5657 -83368 -11679 -3470 10090 -3352 -1165 -953 -116 -177 -583 144 -8 -8 -19 -6 1 0 0 1 -5 0 -12 -1 0 0 1 5 1 0 -3 0 8 1 0 0 0 0 1 -1 1 0 1 -1 0 1 0 0 1583836345
-1890032 -3440400 -3578390 -8432444 -807174 6840868 642191 -131837 136171 -113820 -37799 290174 -4223 -33651 44585 -58468 14401 -7756 -1120 -1656 -112 -511 -1514 332 -9 141 -28 5 7 19 0 -18 -9 53 -11 13 0 -1 0 2 0 -5 -2 4 3 4 9 8 13 -1 0 0 -1 0 -1 2 0 0 0 0 1583836345
5836503 3011631 -17246376 -16223713 -7660475 14225553 -1821363 -132465 1730 -117425 -40407 81909 -3461 -65941 -48720 16238 -7232 -4042 -884 -1635 -211 -1434 -81 -303 0 -11 -12 -1 2 7 0 -5 0 23 3 0 0 -1 0 1 0 -2 0 0 0 -1 0 4 5 0 -1 0 0 -1 0 0 0 0 0 0 1583836345
-16062837 -15485441 21925995 4994032 -7854638 -7563012 -1824284 -142231 125035 -126338 -43338 -20023 -3975 -64963 -11474 -3799 -3693 -3071 -1001 -664 -204 -157 -250 -239 -4 -20 -19 -6 1 0 0 1 -4 0 0 4 0 0 0 0 0 0 0 0 1 0 -1 -1 0 -1 0 0 0 0 0 0 0 0 0 0 1583836345
-16007476 -15438996 21827520 4941462 -7823094 -7507806 -1837574 -142225 124400 -126353 -43350 -20119 -3956 -63366 -11540 -3686 16234 -3435 -1145 -881 -107 -207 -1075 -570 -7 -19 3 -5 1 0 0 1 2 0 6 -3 0 0 1 0 0 0 -1 2 3 0 -1 0 0 0 0 0 0 0 0 0 0 0 0 0 1583836345
-13135038 -12995755 16657121 2166555 -7522366 -4611909 -1873386 -140994 130642 -125329 -43038 32096 -3775 -56010 -15534 -3549 51228 -4335 -1385 -1411 62 -441 -2881 -264 -16 -47 -8 -4 0 0 0 0 -25 0 2 16 0 0 -1 6 0 0 4 0 -3 -2 -4 0 0 2 0 -2 1 0 -1 -1 0 0 0 0 1583836345
-12338425 -12320644 15228537 1382839 -7804935 -3819404 -1832865 -140595 130068 -124906 -42885 41316 -3800 -64506 -19987 -1145 10676 -3796 -1087 -1102 -132 -395 -985 -286 -6 -60 -13 -6 0 0 0 1 -5 0 -1 6 0 0 0 1 0 0 -1 -2 0 -1 -3 -1 1 -1 0 0 -1 0 0 0 0 0 0 0 1583836345
-14450012 -14115460 19022494 3499784 -5910191 -5915386 -181605 -138783 123645 -121095 -40706 -353 -4710 -100733 -13144 -3556 -7743 -2959 -992 -622 -200 -247 -362 -296 -2 -42 -12 -6 0 0 0 1 0 0 0 0 0 0 2 3 0 0 1 -1 -1 -1 0 0 0 0 0 0 0 0 0 0 0 0 0 0 1583836345
-16089748 -15501268 21947126 5298676 78788 -7453338 -1948838 -141852 124804 -126370 -43154 -20070 -3468 114738 -10431 -3557 115854 -4163 -1831 -1524 300 -508 14362 -702 -24 -78 45 0 3 0 0 1 4 0 -4 1 0 0 2 -2 -1 0 -5 0 -1 0 1 0 0 5 -3 -5 0 0 -2 1 0 0 0 0 1583836345
-16089724 -15511179 21979769 5018144 -7888221 -7598227 -1819627 -142209 120627 -126324 -43329 -30226 -3999 -65844 -10915 -3693 -7652 -3113 -377 -636 -222 -139 -26 -286 -3 -26 -12 -5 1 0 0 1 0 0 2 0 0 0 0 0 0 0 0 0 1 0 0 0 0 0 0 0 0 0 0 0 0 0 0 0 1583836345
-15028059 -14597967 20049013 4015094 -7588233 -6495206 -1847589 -141859 134855 -126029 -43252 27845 -3852 -58507 -15587 -3263 -4684 -2178 -982 -363 -209 -275 707 -319 -3 55 -12 -10 0 0 0 2 0 -1 0 -2 0 -1 1 0 0 0 0 0 0 0 0 0 0 0 0 0 0 0 0 0 0 0 0 0 1583836345
-15993431 -15405264 21736573 5421324 5898530 -7244985 -3080116 -143220 128158 -129209 -44472 439 -2606 290073 -11112 -3716 -2272 -910 -1001 -544 -374 -156 -580 -501 -2 -28 0 -5 1 0 0 1 -5 0 -2 -5 0 0 -4 -1 1 0 -2 0 0 0 -1 0 0 0 0 0 0 0 0 0 0 0 0 0 1583836345
450383 -1447996 -7787650 -10805624 -3066680 9165859 -2247236 -135455 153812 -120946 -41707 335194 -2659 52916 -46332 1744 -1908 -5395 -932 -2005 -248 -998 -258 -426 1 -26 -17 -10 -5 0 0 1 -7 3 0 -4 0 -1 1 1 0 0 0 0 -1 0 -1 -1 -1 0 0 0 0 -1 0 0 0 0 1 0 1583836345
-11748581 -11813004 14148569 954005 -4439704 -3151835 -445080 -137991 132043 -120750 -40699 76990 -4320 -57592 -24291 656 2529 -2410 -1023 -1253 -169 -438 -768 -63 -5 21 -22 -6 0 2 0 -2 -8 4 -5 0 0 -1 1 2 0 -2 -2 2 2 0 1 1 0 0 0 -2 0 0 -1 0 0 0 0 0 1583836345
-16012888 -15386484 21635905 6673061 40271081 -6675570 16391653 -110021 132511 -74183 -15196 2625 -11449 112175 -10536 -2892 3161 -2962 -1422 -701 -211 -40 -3954 -247 -2 -3 -8 -6 0 0 0 1 -9 0 -20 -5 -1 -2 7 0 0 0 -5 0 0 0 -2 -1 1 -1 0 0 0 0 0 0 0 0 0 1 1583836345
-16077621 -15485629 21904605 5462100 4844239 -7362690 2836723 -133964 123966 -112978 -36115 -21674 -5873 -9433 -10605 -3529 7488 -3016 -1178 -698 -164 -157 -1224 -393 -5 -26 -12 -5 1 0 0 1 -10 0 -5 0 -1 -1 7 -1 0 0 -3 1 -2 0 -1 -1 0 1 0 0 0 0 0 0 0 0 0 0 1583836345
-13366311 -13177195 17011101 3008133 9467675 -4550139 5451214 -128347 128509 -104549 -31857 38920 -6906 -33544 -17433 -1726 25794 -3936 -1336 -1229 -53 -331 60 53 -10 -9 -20 -4 1 1 0 -1 -4 5 -19 3 -2 -2 10 -2 0 -1 -3 -1 0 0 0 0 1 2 0 0 2 0 2 -1 0 0 0 0 1583836345
-16097362 -15423671 21637597 8317035 84048673 -6036879 32240515 -81322 117804 -28722 9369 -26290 -17972 296522 -7109 -1431 19745 -3787 -1085 -1095 -182 106 -9219 -691 -2 -13 6 -2 0 0 0 2 -11 0 17 -7 4 4 -38 0 -1 0 -3 0 3 0 -5 0 0 2 -1 4 0 0 2 -1 0 1 1 2 1583836345
-15759606 -15181001 21203981 6321286 37161554 -6485728 16974604 -109219 124369 -72610 -14505 -4441 -11933 7498 -10126 -2739 34171 -2934 -1607 -909 0 -212 6356 49 -8 21 -2 -7 0 0 0 0 -20 0 -24 10 0 0 0 2 0 0 1 -1 2 0 0 -5 4 0 -2 1 -4 0 0 3 0 0 1 3 1583836345
-15947372 -15382840 21709758 4885973 -7890567 -7439096 -1820634 -142200 129016 -126301 -43328 -8300 -3955 -65908 -11925 -3933 -709 -2594 -1016 -615 -188 -195 -428 -398 -4 -12 -5 -7 0 0 0 2 2 0 7 0 0 0 1 6 1 0 -1 -3 -2 0 0 1 0 -2 -5 0 4 0 3 4 0 0 0 0 1583836345
-15878462 -15328239 21593253 4819402 -7891420 -7377083 -1818592 -142163 124134 -126256 -43310 -15343 -3971 -66077 -12179 -3583 -7357 -3093 -974 -667 -222 -155 -46 -311 -3 12 -12 -7 1 0 0 1 0 0 3 0 0 0 0 1 0 0 0 0 0 0 0 0 0 0 -1 0 0 0 0 1 0 0 0 0 1583836345
-16089160 -15507749 21973262 5018093 -7878431 -7590446 -1822210 -142239 124987 -126342 -43338 -21451 -3980 -65492 -11272 -3846 -3254 -2977 -1004 -628 -201 -163 -204 -366 -3 -28 -9 -4 4 0 0 1 -1 0 4 -1 0 0 0 0 0 0 0 1 0 0 0 0 0 0 0 0 0 0 0 0 0 0 0 0 1583836345
-8696642 -9239647 8704995 -2125218 -7738902 -161155 -1831371 -139053 120794 -123479 -42429 109508 -3628 -64379 -27800 515 5656 -4711 -1033 -1521 -156 -544 -508 -159 -5 36 -19 -6 1 2 0 -1 -6 7 6 -2 0 -1 2 0 0 -1 -1 0 -2 -1 -1 0 0 0 1 0 0 0 0 0 0 0 0 0 1583836345
288147204 253531061 -546146415 -289793617 -4629933 288486131 -1893560 -8111 -1193966 -4409 -3817 2911567 5779 -74867 -47627 -136106 -10278 -36077 345 -13765 -55 -15188 -86 245 34 -1613 -5 27 -51 43 0 -40 1 89 4 0 0 -1 2 3 -8 4 0 0 0 -21 4 -1 -1 0 0 0 0 4 0 0 0 2 -8 3 1583836345
-6728247 -7633596 5283617 -3914739 -3640085 1740694 -2218350 -138321 36319 -123366 -42417 -32189 -3428 42883 -2776 -7946 29321 1594 -1196 980 -74 -1045 88 572 -14 -149 -24 -6 -4 0 0 1 -14 1 -5 23 0 0 -6 -2 -3 1 -2 0 2 5 10 -1 0 2 0 -2 0 0 0 0 0 0 0 0 1583836345
141973932 118114781 -260967174 -148149886 -6216820 150149041 -1839839 -71956 -487062 -62801 -22650 1369603 897 -69293 -340820 147626 -8843 -17744 -277 -10913 -170 -9128 -111 -242 27 -1181 -1 27 -20 27 0 -25 3 59 4 0 0 -1 0 1 -2 -4 0 0 2 -18 5 -7 -8 0 0 0 0 4 0 0 0 0 2 0 1583836345
-15738903 -15213251 21348412 4695129 -7600022 -7241040 -1847083 -142123 118201 -126254 -43312 -24471 -3954 -58716 -11443 -3456 -3944 -2345 -998 -397 -206 -218 -247 109 -6 6 -23 -8 1 0 0 1 -6 0 2 1 0 0 0 0 0 0 1 1 0 0 0 1 -1 0 1 2 1 0 -1 0 0 0 0 0 1583836345
-1354309 -2960221 -4603136 -8666138 8907691 7545341 -3349027 -136999 158969 -124155 -42918 278761 -1623 364728 57899 -65028 9091 913 -1035 1720 -325 -934 -883 352 -5 -219 -22 -6 -10 3 0 -2 -14 7 -3 8 0 0 -5 -9 -5 2 -5 0 -6 6 0 -1 -1 0 2 1 1 1 0 1 0 0 -1 0 1583836345
-8245469 -8796821 7758701 -2195872 3134104 498047 3171292 -130111 156954 -109105 -34752 108027 -5804 -65830 -28301 2321 -5886 40 -1021 305 -186 -814 4255 -326 2 54 -7 -11 -1 0 0 2 -6 2 6 0 0 0 -5 2 0 0 2 0 0 -1 0 0 0 0 0 -1 0 1 0 0 0 0 0 0 1583836345
-15866477 -15292138 21506506 5092121 354521 -7210753 1792101 -135836 140982 -115985 -37794 -7975 -5503 -57518 -12284 -3435 -2878 -3303 -1061 -752 -193 -153 4875 -308 -1 22 -7 -8 1 0 0 1 -6 0 1 2 0 0 1 1 0 0 -2 1 0 0 0 0 0 0 0 0 0 0 0 0 0 0 0 0 1583836345
-15903713 -15316512 21540922 5484429 10381127 -7082185 3968288 -131686 137025 -109578 -34232 -15384 -6219 53357 -11354 -3134 -5882 -3069 -1112 -694 -259 -91 -1608 -321 -1 34 -11 -7 1 0 0 1 -6 0 -5 -8 1 0 -8 5 1 0 5 -1 1 1 5 -2 1 -2 0 0 0 0 0 0 0 0 0 0 1583836345
45238039 36131481 -87423782 -54421740 -5344501 53171066 -982538 -112938 -383796 -98510 -33607 -60089 -3444 -62566 -92481 53150 -8562 -5339 -754 -3065 -202 -3742 -193 -273 3 -458 -6 1 -3 -2 0 4 -1 0 0 -1 0 0 1 0 -1 4 0 0 0 -3 0 0 0 0 0 0 0 -3 0 0 0 0 1 0 1583836345
82136830 67012497 -152850332 -90175854 -6847407 90249088 -1829901 -98273 -506158 -86256 -30186 414191 -1705 -65269 -13715 -26735 -8291 -13079 -586 -4830 -177 -5094 -65 -269 7 -711 0 35 10 24 0 -26 2 61 4 0 0 0 1 3 -4 11 0 0 0 -1 0 1 0 0 -1 0 0 -5 0 0 0 0 0 0 1583836345
-6347757 -7235551 4466276 -4410226 -7785154 2216148 -1821513 -137997 137068 -122560 -42136 169281 -3503 -66686 -34759 2315 -7150 -3711 -925 -1158 -214 -715 -16 -311 0 -120 -11 -2 0 4 0 -4 0 10 2 -1 0 -1 0 0 0 0 0 0 0 -1 0 0 0 0 0 0 0 -1 0 0 0 0 0 0 1583836345
8695109 -1010232 -9589008 -18942855 -7449581 20983890 -1860337 -130743 -49277 -116083 -39906 -154918 -3757 -56340 -29149 15246 54865 -4383 -1342 -1905 90 -1804 -3069 -404 -12 -175 3 10 11 5 0 -4 15 10 1 3 0 0 0 11 1 1 -13 -6 11 -2 -4 0 -1 -2 0 0 0 -2 -2 0 0 -2 0 0 1583836345
-16089245 -15510490 21978168 5022649 -7754275 -7594355 -1842806 -142259 121085 -126388 -43360 -28588 -3966 -61635 -10605 -3833 15736 -3092 -1142 -744 -110 -219 -1252 -416 -8 -26 -11 -1 7 -1 0 1 -7 0 -2 12 0 0 -1 0 -1 0 6 -1 0 0 -2 0 0 2 0 0 3 0 3 -4 0 0 0 0 1583836345
-16074709 -15495126 21946518 5006763 -7839613 -7574216 -1830082 -142247 125133 -126360 -43349 -19801 -3969 -64606 -11454 -3809 2098 -3198 -1044 -734 -175 -168 -589 239 -8 -16 -28 -2 7 0 0 0 -5 0 -1 5 0 0 0 1 0 0 1 -2 0 0 -2 0 1 -3 1 0 -2 0 0 0 0 0 0 0 1583836345
142527709 114669801 -254217160 -148586409 -5600368 152645528 -1885287 -71441 -755111 -62025 -22269 897024 156 -50195 -311485 152280 -8041 -14090 -311 -9442 -171 -9363 -218 163 18 -1005 -13 82 16 83 0 -91 2 159 7 1 0 -3 2 0 -2 -23 2 0 1 -12 3 11 14 0 1 -1 0 8 0 1 0 -1 4 -1 1583836345
3511767 1146304 -13281828 -13724958 -1226622 12260461 -2448632 -134225 153315 -120204 -41514 370091 -2322 102606 -72305 17822 62068 -7638 -1376 -3398 38 -1337 806 -608 -10 -202 14 2 -1 7 -1 -7 2 17 -50 -31 -3 -4 19 2 1 -4 5 0 -2 0 0 2 0 0 0 -1 -1 0 1 0 0 0 0 0 1583836345
31874286 24977520 -63769931 -41392859 -5790958 40207791 -1975954 -121011 -132741 -107256 -37123 304162 -2503 -24557 -115714 50258 3202 -7162 -850 -3799 -174 -2942 -99 -306 1 -343 -9 15 3 19 0 -20 -1 39 -6 -3 0 -1 3 1 0 -6 0 0 1 -5 1 3 4 0 0 -1 0 2 -1 0 0 0 2 -1 1583836345
3775819 1196684 -13424633 -14125641 -4332995 12115730 -2126698 -133493 -65126 -118766 -40864 -48016 -3393 21055 -26745 8128 -7673 -3120 -903 -1053 -257 -1298 -116 -333 -1 -151 -7 4 4 7 0 -7 -1 16 1 -2 0 0 0 0 0 0 0 0 0 0 0 1 1 0 0 0 0 -2 0 0 0 0 0 0 1583836345
-5866261 -6878438 3691241 -4790964 -4383747 2597434 -2130415 -137815 52387 -122826 -42219 -29822 -3520 22266 64872 -53722 -7579 7123 -922 4134 -226 -1100 -118 -301 -1 -125 -10 -7 -8 4 0 -2 -2 8 0 -1 0 0 0 0 -3 1 -1 0 0 1 0 0 0 0 0 0 0 0 0 0 0 0 0 0 1583836345
-6358144 -7320939 4616701 -4176108 -925963 2152226 -2448575 -138325 30905 -123721 -42555 -34981 -3186 111851 -21117 3940 -4380 -2684 -969 -773 -292 -715 -279 -330 -2 -86 -13 1 6 4 0 -4 -3 9 -3 -4 0 0 -3 -1 -1 0 -2 0 0 0 0 0 0 0 0 0 0 -1 0 0 0 0 0 0 1583836345
467717037 403375804 -863698785 -464415898 -27465 468177996 -2153556 74623 -1997601 68665 20289 3163629 9194 -537 516556 -532714 -11687 -16105 1055 568 146 -24939 -197 -101 72 -4272 49 4 -145 -12 0 26 0 -43 -2 -3 0 1 1 7 -24 34 -1 0 1 -39 7 -3 -5 0 0 0 -1 -16 0 -1 0 2 -9 3 1583836345
-2605595 -4107680 -2229816 -6902651 24928455 6332407 10967988 -113588 24574 -84245 -21842 4857 -9106 36073 423510 -304423 -1647 -19476 -1280 -886 -190 1498 -332 394 -10 -83 -21 0 7 -4 0 5 -5 -3 5 -5 0 0 -4 0 2 -11 -1 0 3 -2 4 -4 -1 -1 0 0 1 0 1 -1 0 0 0 0 1583836345
165110657 148374050 -323658437 -170585123 1933898 165942267 962036 -56369 -909706 -44854 -15093 1134522 -455 -30611 1029639 -782751 -9129 -35835 -382 1059 -53 -5066 229 -350 3 -1543 24 0 -40 -17 0 23 2 -36 0 -2 0 -1 2 -1 -2 -19 1 0 1 -30 5 1 1 0 0 0 0 -2 0 0 0 0 0 0 1583836345
-15250631 -14794872 20455022 4382777 -2880218 -6671639 4509 -138617 120158 -120763 -40395 -17837 -4700 -43263 -9597 -4837 7265 -2952 -1113 -647 -155 -229 -349 -442 -5 -37 -8 -5 1 0 0 0 -5 2 -7 -6 -1 -1 6 4 0 0 0 0 -1 0 0 -2 0 0 0 0 0 0 0 0 0 0 0 0 1583836345
53845225 43680086 -103365688 -62356603 6292311 62407449 3125994 -102062 -108045 -84026 -26547 533050 -4040 -21234 300327 -248614 -6196 -21294 -839 -3299 -176 -1970 -1288 -316 6 -569 -4 -1 -10 -5 0 6 -5 -9 -4 -5 0 1 -4 7 -1 18 4 0 3 1 0 -2 2 0 0 3 -2 -3 0 1 0 0 2 1 1583836345
14507864 10435349 -32992642 -23743770 18062638 23425671 8543486 -110347 56662 -84491 -23424 275625 -7347 -5772 -84600 32045 16485 -6425 -1219 -3070 -98 -1890 -2694 -502 1 -272 -9 -3 -6 0 0 2 -4 -1 -27 -12 -2 -2 10 3 0 -2 0 -1 1 -2 -1 -1 0 1 0 0 0 0 2 -1 0 0 1 1 1583836345
-6377627 -7321498 4633358 -4411557 -7772183 2032392 -1810922 -137794 52813 -122293 -41989 -25454 -3839 -65605 -8842 -5494 1908 -3971 -1008 -1056 -172 -666 -587 -436 -3 -95 -7 -4 0 -1 0 2 -1 0 7 -1 0 0 2 7 1 3 -2 -2 -2 0 -1 0 0 -1 -3 0 1 -1 0 0 0 0 1 0 1583836345
-11532225 -11651612 13808758 599476 -7814353 -3043538 -1827462 -140207 109467 -124522 -42746 13710 -3842 -65006 -19762 195 2204 -2970 -1024 -774 -172 -465 -543 -294 -4 -63 -7 -6 0 0 0 1 -3 0 0 2 0 0 0 1 0 0 0 -1 1 -1 -2 0 0 -1 0 0 0 0 0 0 0 0 0 0 1583836345
-1192530 -2886567 -4745182 -9430050 -7661487 7306170 -1836138 -135596 96812 -120429 -41422 131936 -3466 -64005 -48972 13861 9595 -4818 -1031 -1896 -135 -1044 -879 -396 -2 -148 -9 -5 -2 0 0 1 -3 0 0 6 0 0 0 1 0 0 8 -1 -1 -1 -1 0 0 1 0 1 2 0 -3 0 0 0 0 0 1583836345
2935931 661980 -12244984 -13426977 -7675402 11538808 -1826417 -133838 153950 -118927 -40968 301206 -3128 -66924 -36871 -3174 -496 -4919 -932 -1644 -175 -1188 -444 35 0 -216 -12 -7 -6 0 0 2 -5 0 4 0 0 0 1 2 -1 3 2 0 0 1 -1 0 0 0 1 0 0 1 1 0 0 0 0 0 1583836345
-15720427 -15158754 21241137 4673044 -7166319 -7177503 -1890715 -142107 156919 -126404 -43373 2092 -3861 -46904 -11631 -4260 1820 -390 -1027 317 -178 -358 1473 -396 -3 65 -10 -11 -1 0 0 2 2 -1 0 -4 0 -1 2 -1 0 0 0 0 0 0 0 0 0 0 0 0 0 0 0 0 0 0 0 0 1583836345
36709978 35314252 -84884566 -45261403 19535408 41338121 8081117 -101351 -276849 -76427 -20974 312730 -6641 41954 -104319 43143 -4401 -8036 -984 -3997 -217 -2979 -2517 13 0 -431 -17 0 -7 1 0 0 -5 3 -3 5 0 0 -7 -1 -1 2 -11 0 5 -2 1 0 0 3 0 1 0 -4 3 -1 0 0 0 -1 1583836345
-14980772 -14562935 19955933 4284071 1686767 -6326796 1617394 -135620 117717 -116017 -37849 -18562 -5353 -21423 -13006 -2309 -2915 -3150 -1072 -748 -212 -192 -154 -204 -3 -34 -15 -5 1 0 0 1 -7 2 -2 3 0 0 -2 0 0 0 -3 0 0 0 1 -1 1 0 0 0 0 0 0 0 0 0 0 0 1583836345
120851366 100168738 -222994263 -127831379 -4597486 128636252 -1222515 -79219 -582090 -68721 -23984 510275 -1144 -53877 -294817 161344 -6238 -11608 -441 -8395 -173 -8240 -215 -253 22 -1062 -2 7 -19 -2 0 6 -1 -2 -2 -1 0 -1 2 0 -1 0 -1 0 1 -14 2 0 0 0 0 0 0 0 0 0 0 0 -2 1 1583836345
-14504593 -14093622 18975714 3898888 2561688 -5691344 813307 -136860 191964 -118250 -39019 161689 -4567 33449 -18202 -6730 -5121 3628 -1019 1824 -233 -613 -889 -420 0 98 -11 -17 -8 0 0 2 -2 -1 2 -5 0 0 -2 0 -1 -1 0 0 -1 0 0 0 0 0 0 0 0 0 0 0 0 0 0 0 1583836345
-16076337 -15476088 21879319 5586492 8238785 -7294242 4955774 -130393 129191 -107019 -32952 -10090 -6828 -35602 -11114 -3589 12540 -3243 -1245 -791 -120 -165 686 -412 -5 -23 2 -6 1 0 0 1 -9 0 -12 -4 -1 -2 10 2 0 0 -4 1 0 0 0 -1 1 0 0 0 0 0 0 0 0 0 0 0 1583836345
-16089159 -15507762 21973298 5017799 -7886875 -7590606 -1819831 -142236 124978 -126336 -43335 -21470 -3983 -65844 -11247 -3863 -6835 -2858 -978 -569 -219 -158 -71 -303 -3 -29 -12 -4 4 0 0 1 -1 0 1 0 0 0 0 0 0 0 2 0 0 0 0 0 0 0 0 0 1 0 0 0 0 0 0 0 1583836345
-16088867 -15502762 21961783 5049970 -7311742 -7583558 -1876110 -141961 120609 -126469 -43386 -30129 -3937 -50582 -10901 -3660 -102 -3383 8590 -376 -171 -147 -112 -249 -4 -31 -15 -16 4 0 0 1 -1 0 -6 -3 9 -1 3 0 0 0 -1 0 1 0 0 0 0 0 0 -1 0 0 0 0 0 0 0 0 1583836345
-16076906 -15497697 21948118 5076938 -5917356 -7550368 -1474070 -141542 120926 -125288 -42745 -28643 -4089 -40191 -10799 -3700 -8241 -2809 -979 -551 -237 -146 -119 -162 -3 -24 -16 -6 1 0 0 1 -3 0 2 0 0 0 -1 0 0 0 1 1 0 0 0 1 -1 0 0 0 0 0 0 0 0 0 0 0 1583838187
-15862268 -15321156 21542957 5282833 1464844 -7414312 1897756 -136061 -46630 -115498 -37558 -28825 -5534 -37980 -7153 -4302 12004 -1642 -1080 -2845 -129 -83 -9 -2 -14 -10 -16 -7 1 -1 0 1 -6 0 -16 -8 -1 -2 9 1 0 0 -2 4 0 0 0 1 -1 -2 0 0 -1 0 0 0 0 0 0 0 1583838187
-16076209 -15391070 21736076 5197426 -7765291 -7524730 -1841018 137394 120046 -126096 -43297 -30152 -3969 -62331 -10870 -3661 8007 -3439 2136 -707 -139 -172 -792 453 -10 -25 -28 -5 1 0 0 1 -6 0 2 5 -1 0 0 1 0 0 3 -2 -4 0 0 0 0 -1 1 1 -1 0 1 0 0 0 0 0 1583838187
-15968224 -15400075 21745189 4932639 -7157811 -7444060 -1892712 -142274 130184 -126484 -43405 -2648 -3871 -46847 -5387 -6905 7086 7345 -1055 3273 -131 -819 -444 171 -8 -77 -24 -12 -8 0 0 1 -7 0 -5 -4 0 -1 4 2 -1 0 1 0 1 0 -1 0 -1 0 1 0 0 -1 0 0 0 0 0 0 1583838187
-13996234 -13723691 18188624 3193992 -2884825 -5390617 -302496 -138658 123238 -121163 -40703 31384 -4446 -32537 -14443 -889 -4531 101 -1062 1765 -206 3980 -636 1146 -9 16 -50 -10 -2 1 0 2 -7 -1 10 -4 0 -1 -1 0 -1 0 -1 0 3 0 0 3 -2 0 2 0 2 0 -1 0 0 0 0 0 1583838187
-15957448 -15389947 21711243 5150163 -822294 -7339415 889867 -137416 121124 -118531 -39135 -20391 -5091 -40134 -11412 -3425 8209 -3427 -1134 -848 -150 -170 1924 -426 -5 12 -8 -7 1 0 0 1 0 0 1 -1 0 -1 3 1 0 0 -3 0 0 0 0 0 0 0 0 0 0 0 0 0 0 0 0 0 1583838187
-16015723 -15449339 21848668 4952593 -7873825 -7518018 -1821082 -142223 120951 -126310 -43328 -18977 -3976 -65604 -11745 -3705 -5642 -3214 -987 -717 -213 -144 -146 -159 -4 49 -18 -8 2 0 0 1 -4 0 2 0 0 0 0 1 0 0 0 0 -1 0 0 0 0 0 0 0 0 0 0 0 0 0 0 0 1583838187
-15593746 -15075116 21055081 4638727 -5549360 -7036272 -1015678 -140651 130426 -123867 -42040 5632 -4253 -54823 -12062 -4096 -3286 -333 -1012 357 -196 -346 -485 377 -6 0 -32 -9 -1 0 0 1 -8 0 0 -6 0 0 -1 2 0 0 1 -1 1 0 0 0 0 -1 2 0 0 0 1 0 0 0 0 0 1583838187
-16050847 -15474540 21903020 4983060 -7847687 -7550611 -1830181 -142236 125266 -126351 -43346 -20072 -3967 -64472 -11550 -3732 5481 -3362 -1068 -824 -159 -171 -724 -267 -6 -23 -8 -6 1 0 0 1 0 0 -1 4 0 0 0 2 0 0 0 -3 2 0 -3 -1 0 -2 0 0 -1 0 0 0 0 0 0 0 1583838187
-15613773 -15091108 21093350 4582038 -7758548 -7087695 -1840503 -142135 133584 -126252 -43326 14073 -3888 -62250 -13013 -3887 16531 -1869 -1119 -862 -102 -286 -1322 -299 -8 10 -4 -6 1 0 0 1 -12 0 0 9 0 0 0 1 2 0 4 0 -1 0 -3 0 0 0 0 1 1 0 0 -2 0 0 0 0 1583838187
-15756177 -15213363 21351230 4727874 -7824167 -7238001 -1832388 -142221 126574 -126281 -43329 1663 -3924 -64274 -13300 -3570 4583 -3276 -1053 -944 -163 -181 -676 154 -8 53 -20 -9 1 0 0 1 -3 0 0 3 0 0 0 0 0 0 3 -1 0 0 -1 0 0 0 0 2 3 0 -2 0 0 0 0 0 1583838187
-15196242 -14753666 20373124 4223363 -6322348 -6668836 -1831197 -141800 116638 -125960 -43173 -1924 -3842 -31458 -13157 -1808 20581 -3442 -1177 -855 -100 1995 -404 -269 -9 89 -9 -8 1 0 0 2 -6 -1 -10 -4 0 -2 4 2 0 0 -1 0 0 0 -1 0 0 2 0 -1 1 0 0 -1 0 0 0 0 1583838187
-16076991 -15491938 21929520 5240785 -1189631 -7462215 -2431466 -142702 124801 -127730 -43883 -19939 -3331 107353 -10657 -3807 -6676 -1774 -986 -201 -304 -177 -180 -415 -2 -33 -11 -6 0 0 0 1 0 0 3 -3 0 0 -2 -1 0 0 0 0 0 0 0 0 0 0 0 0 0 0 0 0 0 0 0 0 1583838187
-16087908 -15491418 21935610 5133827 -5332790 -7543565 -2052793 -111074 120486 -126832 -43533 -29827 -3749 353 -10894 -3587 -7676 -3133 4859 -432 -243 -120 -52 -335 -2 -25 -9 -5 1 0 0 1 -1 0 2 -2 -1 0 -1 0 0 0 0 0 0 0 0 0 0 0 0 0 0 0 0 0 0 0 0 0 1583838187
-16063025 -15487182 21925704 5043279 -7139247 -7577950 -1487129 -141722 101529 -125366 -42823 -21657 -4128 -65502 -6451 -4473 -8267 2235 -819 -2419 -218 -178 -60 -258 -3 -29 -13 -9 -1 -1 0 1 0 0 1 0 0 0 0 0 0 0 -1 0 1 0 0 0 0 0 0 -1 0 0 0 0 0 0 0 0 1583838187
-15275145 -14799077 20436771 4976486 12848598 -6424261 6421853 -127392 119532 -102455 -30545 -11726 -7405 -8745 -12337 -2501 -4295 -3084 -1163 -710 -210 -140 -2173 1798 -12 5 -73 -8 1 0 0 0 -22 0 3 -7 0 0 -2 0 0 0 0 -2 0 0 0 2 -1 0 0 -2 0 0 0 0 0 0 0 0 1583838187
41454880 35799038 -86166941 -48897389 19391282 54122668 7381659 -105693 2352777 -83491 -24766 4561097 971 49835 140109 -271134 17573 337459 521 116493 866 -20121 -3479 2495 46 7026 -185 -452 -339 -1 0 39 -27 -118 0 2 0 -16 -5 -4 -18 -73 3 3 -6 33 -5 -2 -12 0 4 0 -1 4 0 4 0 0 -1 0 1583838187
-15861172 -15306307 21534088 5064872 -470590 -7233977 1393477 -136539 124914 -117097 -38396 -15448 -5332 -56821 -11752 -3364 21070 -3572 -1243 -964 -77 -205 -1888 -14 -10 -15 -15 -5 1 0 0 0 -11 0 -27 0 0 -1 3 7 1 -1 -13 1 10 2 7 -5 3 0 0 0 1 0 0 0 0 1 0 0 1583838187
-15757347 -15129922 21073675 6922154 54493533 -6162990 22110106 -99823 152310 -57778 -6405 7506 -13873 135721 4562 -12752 11767 -3403 -1603 -712 -163 32 -6636 1048 -9 95 -50 -9 0 0 0 0 -35 0 -26 1 1 0 -16 5 0 1 -7 0 5 -1 0 -1 0 0 0 4 0 1 -3 4 0 0 0 0 1583838187
-14801154 -14370505 19572739 3858884 -6480390 -6182345 -1380177 -141067 169852 -124727 -42571 112048 -3911 -57243 11359 -23420 -8113 9349 -894 3220 -192 -810 -134 -87 -2 2 -18 -12 -5 0 0 2 -2 -1 0 0 0 0 0 0 1 1 0 1 0 1 1 0 0 -1 0 0 0 0 0 0 0 0 1 0 1583838187
-16071135 -15449662 21777113 6527931 34800391 -6844840 14588138 -113256 123618 -79371 -18006 -19235 -10761 82311 -9118 -2916 22103 -2933 -1523 -749 -106 -119 -4786 114 -9 -25 -17 -5 0 0 0 0 -12 0 -28 2 -1 -2 6 -6 -1 0 -8 -1 -1 0 -2 0 0 1 -1 -2 0 0 0 0 0 0 0 0 1583838187
-13666669 -13465820 17648132 2665352 -7867254 -5189916 -1818851 -141131 107181 -125331 -43001 -21865 -3947 -65962 -13928 -2007 -7697 -2770 -963 -586 -221 -307 -31 -304 -2 -45 -11 -6 1 0 0 1 0 0 3 0 0 0 0 1 0 0 0 0 0 -1 0 0 0 0 -1 0 1 0 0 1 0 0 0 0 1583838187
93115302 77140054 -174144487 -100869809 -6717821 101495508 -1838848 -93655 -119496 -82908 -29363 1153183 -402 -68393 951453 -713484 -651 57096 -436 34984 180 -7065 -550 -65 9 -1636 14 -46 -118 1 0 11 -3 -10 -2 1 0 1 1 14 -29 61 -7 1 4 -50 7 0 -1 -2 0 0 -2 -4 0 -1 0 0 -4 1 1583838187
-16088177 -15503483 21964535 5023645 -7867473 -7587304 -1822962 -142263 124628 -126354 -43345 -12068 -3964 -65321 -10490 -4302 -4412 -1255 -970 -537 -203 -221 -100 -292 -3 -37 -14 -3 5 0 0 1 -1 0 1 1 0 0 0 -1 1 0 0 0 0 0 -1 0 0 0 0 0 0 0 0 0 0 0 0 0 1583838187
-15244520 -14711707 20301270 4224883 -7880283 -6707410 -1820188 -141999 157966 -126128 -43297 70916 -3819 -66356 39675 -39040 -4071 6519 -741 -2394 -183 -189 -229 -331 -2 215 -14 -15 0 -2 0 2 -5 -3 2 0 0 0 0 0 4 4 1 1 0 1 -1 0 0 0 0 0 1 2 -1 0 0 0 0 0 1583838187
-16085463 -15471962 21898809 5101794 -7121971 -7562587 -1328762 -123621 120568 -124973 -42606 -30243 -4227 -72585 -10890 -3692 -5231 -3753 35769 695 -117 -113 -365 246 -5 -30 -23 -22 5 0 0 1 -4 0 1 0 11 0 3 1 0 0 1 -1 0 0 0 0 0 0 0 0 0 0 0 0 0 0 0 0 1583838187
31442696 24676780 -63121477 -40881631 -6027559 39921909 -685229 -119643 -73853 -104215 -35561 514442 -2912 -91901 224116 -186149 -8706 32562 -671 15245 -50 -4227 -331 14 0 -125 -16 -37 -49 3 0 3 -2 7 0 0 0 -1 1 4 -9 1 0 1 -1 6 0 2 0 0 0 0 0 6 0 0 0 0 -1 0 1583838187
-6776288 -7656445 5336571 -3875933 -4083364 1721199 -1582039 -137418 57932 -121715 -41573 9862 -3707 4115 -11351 -5263 51074 -5032 -1369 -1683 35 -737 -646 -670 -13 -93 12 -1 1 1 0 0 -10 7 -34 -20 -2 -3 16 5 1 1 -3 0 -3 0 -3 0 2 0 -1 0 0 -1 -1 0 0 0 1 0 1583838187
-14436488 -14117845 19027910 3424522 -7571682 -5953572 -1848308 -141505 108379 -125709 -43130 -28350 -3938 -57925 -12912 -2320 -4735 -2691 -987 -557 -211 -273 -78 -288 -3 -37 -9 -5 1 0 0 0 -2 4 -3 0 0 -1 0 0 0 -1 -2 0 0 0 0 0 1 0 0 0 0 0 0 0 0 0 0 0 1583838187
157226399 122894180 -272221563 -163099571 -3220457 168886054 -2076265 -63042 -1209573 -55187 -19937 -268632 -1750 16634 2591143 -1785082 -11614 -54996 -574 14603 8 1072 712 -267 -20 -1447 43 23 -9 -22 0 28 -1 -25 -1 0 0 1 -1 2 -6 -13 0 0 1 9 0 0 0 0 0 0 0 -2 0 0 0 0 2 -1 1583838187
-15054710 -14627322 20106857 4081170 -6027223 -6519323 -1203660 -140675 125888 -124161 -42247 -2384 -4180 -54956 17387 -24331 -4021 -2750 -1008 -146 -203 -138 -256 -68 -4 -47 -16 -6 0 0 0 0 -3 0 -2 1 0 0 0 1 0 4 -1 2 1 4 2 0 1 -1 0 0 0 0 0 0 0 0 0 0 1583838187
-16092879 -15476257 21842703 6327285 28509928 -6982005 14200531 -113819 119507 -80701 -18851 -29229 -10877 -35314 -9218 -2873 9070 -3630 -630 -900 -113 -66 -4207 -13 -6 -21 -12 -4 1 0 0 0 -21 0 -13 2 -1 -1 3 0 0 0 -10 2 0 0 0 -2 1 0 -1 -1 0 0 0 0 0 0 0 0 1583838187
-14159395 -13877860 18506439 3432109 1544 -5544766 818328 -136648 105901 -117945 -38950 -18911 -4992 -20156 -13808 -1820 -6343 -3096 -1029 -807 -231 -229 -656 58 -4 1 -21 -7 1 0 0 1 -1 0 0 3 0 -1 1 -2 0 0 -5 2 1 0 1 0 0 0 0 0 0 0 0 0 0 0 0 0 1583838187
-16062633 -15481204 21913841 5070401 -5844742 -7524304 -981300 -140774 126123 -123942 -42049 -14744 -4323 -61020 -11490 -3879 -3719 -2801 -1012 -603 -203 -167 655 -338 -3 -11 -8 -7 1 0 0 1 0 0 0 -2 0 -1 2 0 0 0 0 0 0 0 0 0 0 0 0 0 0 0 0 0 0 0 0 0 1583838187
-15345859 -14827929 20463377 5810179 34032939 -6124683 13845204 -114215 123466 -81183 -19020 5801 -10360 97637 -12231 -2258 3230 -3054 -1369 -758 -210 -92 -3686 -392 -2 89 -3 -8 0 0 0 1 -6 -1 -15 4 0 0 -2 0 0 0 -7 0 3 0 1 -1 0 2 0 -4 1 0 -1 0 0 0 0 0 1583838187
-16088717 -15468301 21817374 6505956 33675222 -6888646 15183415 -112404 119668 -77775 -17205 -27457 -11146 32273 -8910 -2798 16918 -3351 -1483 -866 -106 -96 -1095 -202 -5 -28 -14 -5 1 0 0 0 -6 0 -35 1 -3 -3 16 -1 0 0 -9 0 0 0 0 -1 0 1 0 -1 0 0 0 0 0 0 0 0 1583838187
-15843958 -15284048 21502533 4806858 -7891910 -7308671 -1819331 -142243 138117 -126309 -43341 27303 -3898 -66291 -7184 -7010 -5357 8595 -951 3592 -180 -853 -202 -318 -2 -63 -10 -13 -10 0 0 2 1 0 4 0 0 -1 1 3 -1 -1 0 -1 -1 0 0 0 0 -1 -2 0 1 0 1 2 0 0 0 0 1583838187
32082646 25793000 -65402304 -41493464 -7333603 40334747 -1835310 -121583 -23271 -107397 -37285 746209 -1900 -68282 -119081 29769 -250 -9202 -772 -4927 -165 -2735 -513 884 -5 359 -49 -11 -3 15 0 -16 -11 33 6 1 0 -2 1 0 0 -7 0 -1 -1 -4 0 -2 -3 -1 -1 0 -1 0 0 0 0 0 0 0 1583838187
-15282056 -14823521 20522966 4274044 -7020428 -6765416 -1416755 -141208 121966 -124878 -42623 -6857 -4120 -66549 -13616 -2946 -2971 -3011 -1010 -670 -197 -211 -377 -4 -5 10 -20 -7 1 0 0 1 -4 0 0 2 0 0 0 2 0 0 1 2 -1 0 0 3 -3 -1 0 0 -1 0 0 0 0 0 0 0 1583838187
-13745004 -13534284 17791379 2771496 -7244918 -5255132 -1881573 -141249 104434 -125518 -43079 -15717 -3872 -49710 -840 -11266 2306 -3152 -1037 -591 -179 -267 -541 153 -7 -13 -22 -7 1 0 0 1 -6 2 0 7 0 0 -1 0 0 3 2 3 0 -1 2 2 -2 -2 0 3 1 0 0 -1 0 0 0 0 1583838187
-15874308 -15316976 21556298 5083525 -339660 -7243851 2001483 -135580 125496 -115425 -37529 -13635 -5657 -83368 -11679 -3470 10090 -3352 -1165 -953 -116 -177 -583 144 -8 -8 -19 -6 1 0 0 1 -5 0 -12 -1 0 0 1 5 1 0 -3 0 8 1 0 0 0 0 1 -1 1 0 1 -1 0 1 0 0 1583838187
-1890032 -3440400 -3578390 -8432444 -807174 6840868 642191 -131837 136171 -113820 -37799 290174 -4223 -33651 44585 -58468 14401 -7756 -1120 -1656 -112 -511 -1514 332 -9 141 -28 5 7 19 0 -18 -9 53 -11 13 0 -1 0 2 0 -5 -2 4 3 4 9 8 13 -1 0 0 -1 0 -1 2 0 0 0 0 1583838187
5836503 3011631 -17246376 -16223713 -7660475 14225553 -1821363 -132465 1730 -117425 -40407 81909 -3461 -65941 -48720 16238 -7232 -4042 -884 -1635 -211 -1434 -81 -303 0 -11 -12 -1 2 7 0 -5 0 23 3 0 0 -1 0 1 0 -2 0 0 0 -1 0 4 5 0 -1 0 0 -1 0 0 0 0 0 0 1583838187
-16062837 -15485441 21925995 4994032 -7854638 -7563012 -1824284 -142231 125035 -126338 -43338 -20023 -3975 -64963 -11474 -3799 -3693 -3071 -1001 -664 -204 -157 -250 -239 -4 -20 -19 -6 1 0 0 1 -4 0 0 4 0 0 0 0 0 0 0 0 1 0 -1 -1 0 -1 0 0 0 0 0 0 0 0 0 0 1583838187
-16007476 -15438996 21827520 4941462 -7823094 -7507806 -1837574 -142225 124400 -126353 -43350 -20119 -3956 -63366 -11540 -3686 16234 -3435 -1145 -881 -107 -207 -1075 -570 -7 -19 3 -5 1 0 0 1 2 0 6 -3 0 0 1 0 0 0 -1 2 3 0 -1 0 0 0 0 0 0 0 0 0 0 0 0 0 1583838187
-13135038 -12995755 16657121 2166555 -7522366 -4611909 -1873386 -140994 130642 -125329 -43038 32096 -3775 -56010 -15534 -3549 51228 -4335 -1385 -1411 62 -441 -2881 -264 -16 -47 -8 -4 0 0 0 0 -25 0 2 16 0 0 -1 6 0 0 4 0 -3 -2 -4 0 0 2 0 -2 1 0 -1 -1 0 0 0 0 1583838187
-12338425 -12320644 15228537 1382839 -7804935 -3819404 -1832865 -140595 130068 -124906 -42885 41316 -3800 -64506 -19987 -1145 10676 -3796 -1087 -1102 -132 -395 -985 -286 -6 -60 -13 -6 0 0 0 1 -5 0 -1 6 0 0 0 1 0 0 -1 -2 0 -1 -3 -1 1 -1 0 0 -1 0 0 0 0 0 0 0 1583838187
-14450012 -14115460 19022494 3499784 -5910191 -5915386 -181605 -138783 123645 -121095 -40706 -353 -4710 -100733 -13144 -3556 -7743 -2959 -992 -622 -200 -247 -362 -296 -2 -42 -12 -6 0 0 0 1 0 0 0 0 0 0 2 3 0 0 1 -1 -1 -1 0 0 0 0 0 0 0 0 0 0 0 0 0 0 1583838187
-16089748 -15501268 21947126 5298676 78788 -7453338 -1948838 -141852 124804 -126370 -43154 -20070 -3468 114738 -10431 -3557 115854 -4163 -1831 -1524 300 -508 14362 -702 -24 -78 45 0 3 0 0 1 4 0 -4 1 0 0 2 -2 -1 0 -5 0 -1 0 1 0 0 5 -3 -5 0 0 -2 1 0 0 0 0 1583838187
-16089724 -15511179 21979769 5018144 -7888221 -7598227 -1819627 -142209 120627 -126324 -43329 -30226 -3999 -65844 -10915 -3693 -7652 -3113 -377 -636 -222 -139 -26 -286 -3 -26 -12 -5 1 0 0 1 0 0 2 0 0 0 0 0 0 0 0 0 1 0 0 0 0 0 0 0 0 0 0 0 0 0 0 0 1583838187
-15028059 -14597967 20049013 4015094 -7588233 -6495206 -1847589 -141859 134855 -126029 -43252 27845 -3852 -58507 -15587 -3263 -4684 -2178 -982 -363 -209 -275 707 -319 -3 55 -12 -10 0 0 0 2 0 -1 0 -2 0 -1 1 0 0 0 0 0 0 0 0 0 0 0 0 0 0 0 0 0 0 0 0 0 1583838187
-15993431 -15405264 21736573 5421324 5898530 -7244985 -3080116 -143220 128158 -129209 -44472 439 -2606 290073 -11112 -3716 -2272 -910 -1001 -544 -374 -156 -580 -501 -2 -28 0 -5 1 0 0 1 -5 0 -2 -5 0 0 -4 -1 1 0 -2 0 0 0 -1 0 0 0 0 0 0 0 0 0 0 0 0 0 1583838187
450383 -1447996 -7787650 -10805624 -3066680 9165859 -2247236 -135455 153812 -120946 -41707 335194 -2659 52916 -46332 1744 -1908 -5395 -932 -2005 -248 -998 -258 -426 1 -26 -17 -10 -5 0 0 1 -7 3 0 -4 0 -1 1 1 0 0 0 0 -1 0 -1 -1 -1 0 0 0 0 -1 0 0 0 0 1 0 1583838187
-11748581 -11813004 14148569 954005 -4439704 -3151835 -445080 -137991 132043 -120750 -40699 76990 -4320 -57592 -24291 656 2529 -2410 -1023 -1253 -169 -438 -768 -63 -5 21 -22 -6 0 2 0 -2 -8 4 -5 0 0 -1 1 2 0 -2 -2 2 2 0 1 1 0 0 0 -2 0 0 -1 0 0 0 0 0 1583838187
-16012888 -15386484 21635905 6673061 40271081 -6675570 16391653 -110021 132511 -74183 -15196 2625 -11449 112175 -10536 -2892 3161 -2962 -1422 -701 -211 -40 -3954 -247 -2 -3 -8 -6 0 0 0 1 -9 0 -20 -5 -1 -2 7 0 0 0 -5 0 0 0 -2 -1 1 -1 0 0 0 0 0 0 0 0 0 1 1583838187
-16077621 -15485629 21904605 5462100 4844239 -7362690 2836723 -133964 123966 -112978 -36115 -21674 -5873 -9433 -10605 -3529 7488 -3016 -1178 -698 -164 -157 -1224 -393 -5 -26 -12 -5 1 0 0 1 -10 0 -5 0 -1 -1 7 -1 0 0 -3 1 -2 0 -1 -1 0 1 0 0 0 0 0 0 0 0 0 0 1583838187
-13366311 -13177195 17011101 3008133 9467675 -4550139 5451214 -128347 128509 -104549 -31857 38920 -6906 -33544 -17433 -1726 25794 -3936 -1336 -1229 -53 -331 60 53 -10 -9 -20 -4 1 1 0 -1 -4 5 -19 3 -2 -2 10 -2 0 -1 -3 -1 0 0 0 0 1 2 0 0 2 0 2 -1 0 0 0 0 1583838187
-16097362 -15423671 21637597 8317035 84048673 -6036879 32240515 -81322 117804 -28722 9369 -26290 -17972 296522 -7109 -1431 19745 -3787 -1085 -1095 -182 106 -9219 -691 -2 -13 6 -2 0 0 0 2 -11 0 17 -7 4 4 -38 0 -1 0 -3 0 3 0 -5 0 0 2 -1 4 0 0 2 -1 0 1 1 2 1583838187
-15759606 -15181001 21203981 6321286 37161554 -6485728 16974604 -109219 124369 -72610 -14505 -4441 -11933 7498 -10126 -2739 34171 -2934 -1607 -909 0 -212 6356 49 -8 21 -2 -7 0 0 0 0 -20 0 -24 10 0 0 0 2 0 0 1 -1 2 0 0 -5 4 0 -2 1 -4 0 0 3 0 0 1 3 1583838187
-15947372 -15382840 21709758 4885973 -7890567 -7439096 -1820634 -142200 129016 -126301 -43328 -8300 -3955 -65908 -11925 -3933 -709 -2594 -1016 -615 -188 -195 -428 -398 -4 -12 -5 -7 0 0 0 2 2 0 7 0 0 0 1 6 1 0 -1 -3 -2 0 0 1 0 -2 -5 0 4 0 3 4 0 0 0 0 1583838187
-15878462 -15328239 21593253 4819402 -7891420 -7377083 -1818592 -142163 124134 -126256 -43310 -15343 -3971 -66077 -12179 -3583 -7357 -3093 -974 -667 -222 -155 -46 -311 -3 12 -12 -7 1 0 0 1 0 0 3 0 0 0 0 1 0 0 0 0 0 0 0 0 0 0 -1 0 0 0 0 1 0 0 0 0 1583838187
-16089160 -15507749 21973262 5018093 -7878431 -7590446 -1822210 -142239 124987 -126342 -43338 -21451 -3980 -65492 -11272 -3846 -3254 -2977 -1004 -628 -201 -163 -204 -366 -3 -28 -9 -4 4 0 0 1 -1 0 4 -1 0 0 0 0 0 0 0 1 0 0 0 0 0 0 0 0 0 0 0 0 0 0 0 0 1583838187
-8696642 -9239647 8704995 -2125218 -7738902 -161155 -1831371 -139053 120794 -123479 -42429 109508 -3628 -64379 -27800 515 5656 -4711 -1033 -1521 -156 -544 -508 -159 -5 36 -19 -6 1 2 0 -1 -6 7 6 -2 0 -1 2 0 0 -1 -1 0 -2 -1 -1 0 0 0 1 0 0 0 0 0 0 0 0 0 1583838187
288147204 253531061 -546146415 -289793617 -4629933 288486131 -1893560 -8111 -1193966 -4409 -3817 2911567 5779 -74867 -47627 -136106 -10278 -36077 345 -13765 -55 -15188 -86 245 34 -1613 -5 27 -51 43 0 -40 1 89 4 0 0 -1 2 3 -8 4 0 0 0 -21 4 -1 -1 0 0 0 0 4 0 0 0 2 -8 3 1583838187
-6728247 -7633596 5283617 -3914739 -3640085 1740694 -2218350 -138321 36319 -123366 -42417 -32189 -3428 42883 -2776 -7946 29321 1594 -1196 980 -74 -1045 88 572 -14 -149 -24 -6 -4 0 0 1 -14 1 -5 23 0 0 -6 -2 -3 1 -2 0 2 5 10 -1 0 2 0 -2 0 0 0 0 0 0 0 0 1583838187
141973932 118114781 -260967174 -148149886 -6216820 150149041 -1839839 -71956 -487062 -62801 -22650 1369603 897 -69293 -340820 147626 -8843 -17744 -277 -10913 -170 -9128 -111 -242 27 -1181 -1 27 -20 27 0 -25 3 59 4 0 0 -1 0 1 -2 -4 0 0 2 -18 5 -7 -8 0 0 0 0 4 0 0 0 0 2 0 1583838187
-15738903 -15213251 21348412 4695129 -7600022 -7241040 -1847083 -142123 118201 -126254 -43312 -24471 -3954 -58716 -11443 -3456 -3944 -2345 -998 -397 -206 -218 -247 109 -6 6 -23 -8 1 0 0 1 -6 0 2 1 0 0 0 0 0 0 1 1 0 0 0 1 -1 0 1 2 1 0 -1 0 0 0 0 0 1583838187
-1354309 -2960221 -4603136 -8666138 8907691 7545341 -3349027 -136999 158969 -124155 -42918 278761 -1623 364728 57899 -65028 9091 913 -1035 1720 -325 -934 -883 352 -5 -219 -22 -6 -10 3 0 -2 -14 7 -3 8 0 0 -5 -9 -5 2 -5 0 -6 6 0 -1 -1 0 2 1 1 1 0 1 0 0 -1 0 1583838187
-8245469 -8796821 7758701 -2195872 3134104 498047 3171292 -130111 156954 -109105 -34752 108027 -5804 -65830 -28301 2321 -5886 40 -1021 305 -186 -814 4255 -326 2 54 -7 -11 -1 0 0 2 -6 2 6 0 0 0 -5 2 0 0 2 0 0 -1 0 0 0 0 0 -1 0 1 0 0 0 0 0 0 1583838187
-15866477 -15292138 21506506 5092121 354521 -7210753 1792101 -135836 140982 -115985 -37794 -7975 -5503 -57518 -12284 -3435 -2878 -3303 -1061 -752 -193 -153 4875 -308 -1 22 -7 -8 1 0 0 1 -6 0 1 2 0 0 1 1 0 0 -2 1 0 0 0 0 0 0 0 0 0 0 0 0 0 0 0 0 1583838187
-15903713 -15316512 21540922 5484429 10381127 -7082185 3968288 -131686 137025 -109578 -34232 -15384 -6219 53357 -11354 -3134 -5882 -3069 -1112 -694 -259 -91 -1608 -321 -1 34 -11 -7 1 0 0 1 -6 0 -5 -8 1 0 -8 5 1 0 5 -1 1 1 5 -2 1 -2 0 0 0 0 0 0 0 0 0 0 1583838187
45238039 36131481 -87423782 -54421740 -5344501 53171066 -982538 -112938 -383796 -98510 -33607 -60089 -3444 -62566 -92481 53150 -8562 -5339 -754 -3065 -202 -3742 -193 -273 3 -458 -6 1 -3 -2 0 4 -1 0 0 -1 0 0 1 0 -1 4 0 0 0 -3 0 0 0 0 0 0 0 -3 0 0 0 0 1 0 1583838187
82136830 67012497 -152850332 -90175854 -6847407 90249088 -1829901 -98273 -506158 -86256 -30186 414191 -1705 -65269 -13715 -26735 -8291 -13079 -586 -4830 -177 -5094 -65 -269 7 -711 0 35 10 24 0 -26 2 61 4 0 0 0 1 3 -4 11 0 0 0 -1 0 1 0 0 -1 0 0 -5 0 0 0 0 0 0 1583838187
-6347757 -7235551 4466276 -4410226 -7785154 2216148 -1821513 -137997 137068 -122560 -42136 169281 -3503 -66686 -34759 2315 -7150 -3711 -925 -1158 -214 -715 -16 -311 0 -120 -11 -2 0 4 0 -4 0 10 2 -1 0 -1 0 0 0 0 0 0 0 -1 0 0 0 0 0 0 0 -1 0 0 0 0 0 0 1583838187
8695109 -1010232 -9589008 -18942855 -7449581 20983890 -1860337 -130743 -49277 -116083 -39906 -154918 -3757 -56340 -29149 15246 54865 -4383 -1342 -1905 90 -1804 -3069 -404 -12 -175 3 10 11 5 0 -4 15 10 1 3 0 0 0 11 1 1 -13 -6 11 -2 -4 0 -1 -2 0 0 0 -2 -2 0 0 -2 0 0 1583838187
-16089245 -15510490 21978168 5022649 -7754275 -7594355 -1842806 -142259 121085 -126388 -43360 -28588 -3966 -61635 -10605 -3833 15736 -3092 -1142 -744 -110 -219 -1252 -416 -8 -26 -11 -1 7 -1 0 1 -7 0 -2 12 0 0 -1 0 -1 0 6 -1 0 0 -2 0 0 2 0 0 3 0 3 -4 0 0 0 0 1583838187
-16074709 -15495126 21946518 5006763 -7839613 -7574216 -1830082 -142247 125133 -126360 -43349 -19801 -3969 -64606 -11454 -3809 2098 -3198 -1044 -734 -175 -168 -589 239 -8 -16 -28 -2 7 0 0 0 -5 0 -1 5 0 0 0 1 0 0 1 -2 0 0 -2 0 1 -3 1 0 -2 0 0 0 0 0 0 0 1583838187
142527709 114669801 -254217160 -148586409 -5600368 152645528 -1885287 -71441 -755111 -62025 -22269 897024 156 -50195 -311485 152280 -8041 -14090 -311 -9442 -171 -9363 -218 163 18 -1005 -13 82 16 83 0 -91 2 159 7 1 0 -3 2 0 -2 -23 2 0 1 -12 3 11 14 0 1 -1 0 8 0 1 0 -1 4 -1 1583838187
3511767 1146304 -13281828 -13724958 -1226622 12260461 -2448632 -134225 153315 -120204 -41514 370091 -2322 102606 -72305 17822 62068 -7638 -1376 -3398 38 -1337 806 -608 -10 -202 14 2 -1 7 -1 -7 2 17 -50 -31 -3 -4 19 2 1 -4 5 0 -2 0 0 2 0 0 0 -1 -1 0 1 0 0 0 0 0 1583838187
31874286 24977520 -63769931 -41392859 -5790958 40207791 -1975954 -121011 -132741 -107256 -37123 304162 -2503 -24557 -115714 50258 3202 -7162 -850 -3799 -174 -2942 -99 -306 1 -343 -9 15 3 19 0 -20 -1 39 -6 -3 0 -1 3 1 0 -6 0 0 1 -5 1 3 4 0 0 -1 0 2 -1 0 0 0 2 -1 1583838187
3775819 1196684 -13424633 -14125641 -4332995 12115730 -2126698 -133493 -65126 -118766 -40864 -48016 -3393 21055 -26745 8128 -7673 -3120 -903 -1053 -257 -1298 -116 -333 -1 -151 -7 4 4 7 0 -7 -1 16 1 -2 0 0 0 0 0 0 0 0 0 0 0 1 1 0 0 0 0 -2 0 0 0 0 0 0 1583838187
-5866261 -6878438 3691241 -4790964 -4383747 2597434 -2130415 -137815 52387 -122826 -42219 -29822 -3520 22266 64872 -53722 -7579 7123 -922 4134 -226 -1100 -118 -301 -1 -125 -10 -7 -8 4 0 -2 -2 8 0 -1 0 0 0 0 -3 1 -1 0 0 1 0 0 0 0 0 0 0 0 0 0 0 0 0 0 1583838187
-6358144 -7320939 4616701 -4176108 -925963 2152226 -2448575 -138325 30905 -123721 -42555 -34981 -3186 111851 -21117 3940 -4380 -2684 -969 -773 -292 -715 -279 -330 -2 -86 -13 1 6 4 0 -4 -3 9 -3 -4 0 0 -3 -1 -1 0 -2 0 0 0 0 0 0 0 0 0 0 -1 0 0 0 0 0 0 1583838187
467717037 403375804 -863698785 -464415898 -27465 468177996 -2153556 74623 -1997601 68665 20289 3163629 9194 -537 516556 -532714 -11687 -16105 1055 568 146 -24939 -197 -101 72 -4272 49 4 -145 -12 0 26 0 -43 -2 -3 0 1 1 7 -24 34 -1 0 1 -39 7 -3 -5 0 0 0 -1 -16 0 -1 0 2 -9 3 1583838187
-2605595 -4107680 -2229816 -6902651 24928455 6332407 10967988 -113588 24574 -84245 -21842 4857 -9106 36073 423510 -304423 -1647 -19476 -1280 -886 -190 1498 -332 394 -10 -83 -21 0 7 -4 0 5 -5 -3 5 -5 0 0 -4 0 2 -11 -1 0 3 -2 4 -4 -1 -1 0 0 1 0 1 -1 0 0 0 0 1583838187
165110657 148374050 -323658437 -170585123 1933898 165942267 962036 -56369 -909706 -44854 -15093 1134522 -455 -30611 1029639 -782751 -9129 -35835 -382 1059 -53 -5066 229 -350 3 -1543 24 0 -40 -17 0 23 2 -36 0 -2 0 -1 2 -1 -2 -19 1 0 1 -30 5 1 1 0 0 0 0 -2 0 0 0 0 0 0 1583838187
-15250631 -14794872 20455022 4382777 -2880218 -6671639 4509 -138617 120158 -120763 -40395 -17837 -4700 -43263 -9597 -4837 7265 -2952 -1113 -647 -155 -229 -349 -442 -5 -37 -8 -5 1 0 0 0 -5 2 -7 -6 -1 -1 6 4 0 0 0 0 -1 0 0 -2 0 0 0 0 0 0 0 0 0 0 0 0 1583838187
53845225 43680086 -103365688 -62356603 6292311 62407449 3125994 -102062 -108045 -84026 -26547 533050 -4040 -21234 300327 -248614 -6196 -21294 -839 -3299 -176 -1970 -1288 -316 6 -569 -4 -1 -10 -5 0 6 -5 -9 -4 -5 0 1 -4 7 -1 18 4 0 3 1 0 -2 2 0 0 3 -2 -3 0 1 0 0 2 1 1583838187
14507864 10435349 -32992642 -23743770 18062638 23425671 8543486 -110347 56662 -84491 -23424 275625 -7347 -5772 -84600 32045 16485 -6425 -1219 -3070 -98 -1890 -2694 -502 1 -272 -9 -3 -6 0 0 2 -4 -1 -27 -12 -2 -2 10 3 0 -2 0 -1 1 -2 -1 -1 0 1 0 0 0 0 2 -1 0 0 1 1 1583838187
-6377627 -7321498 4633358 -4411557 -7772183 2032392 -1810922 -137794 52813 -122293 -41989 -25454 -3839 -65605 -8842 -5494 1908 -3971 -1008 -1056 -172 -666 -587 -436 -3 -95 -7 -4 0 -1 0 2 -1 0 7 -1 0 0 2 7 1 3 -2 -2 -2 0 -1 0 0 -1 -3 0 1 -1 0 0 0 0 1 0 1583838187
-11532225 -11651612 13808758 599476 -7814353 -3043538 -1827462 -140207 109467 -124522 -42746 13710 -3842 -65006 -19762 195 2204 -2970 -1024 -774 -172 -465 -543 -294 -4 -63 -7 -6 0 0 0 1 -3 0 0 2 0 0 0 1 0 0 0 -1 1 -1 -2 0 0 -1 0 0 0 0 0 0 0 0 0 0 1583838187
-1192530 -2886567 -4745182 -9430050 -7661487 7306170 -1836138 -135596 96812 -120429 -41422 131936 -3466 -64005 -48972 13861 9595 -4818 -1031 -1896 -135 -1044 -879 -396 -2 -148 -9 -5 -2 0 0 1 -3 0 0 6 0 0 0 1 0 0 8 -1 -1 -1 -1 0 0 1 0 1 2 0 -3 0 0 0 0 0 1583838187
2935931 661980 -12244984 -13426977 -7675402 11538808 -1826417 -133838 153950 -118927 -40968 301206 -3128 -66924 -36871 -3174 -496 -4919 -932 -1644 -175 -1188 -444 35 0 -216 -12 -7 -6 0 0 2 -5 0 4 0 0 0 1 2 -1 3 2 0 0 1 -1 0 0 0 1 0 0 1 1 0 0 0 0 0 1583838187
-15720427 -15158754 21241137 4673044 -7166319 -7177503 -1890715 -142107 156919 -126404 -43373 2092 -3861 -46904 -11631 -4260 1820 -390 -1027 317 -178 -358 1473 -396 -3 65 -10 -11 -1 0 0 2 2 -1 0 -4 0 -1 2 -1 0 0 0 0 0 0 0 0 0 0 0 0 0 0 0 0 0 0 0 0 1583838187
36709978 35314252 -84884566 -45261403 19535408 41338121 8081117 -101351 -276849 -76427 -20974 312730 -6641 41954 -104319 43143 -4401 -8036 -984 -3997 -217 -2979 -2517 13 0 -431 -17 0 -7 1 0 0 -5 3 -3 5 0 0 -7 -1 -1 2 -11 0 5 -2 1 0 0 3 0 1 0 -4 3 -1 0 0 0 -1 1583838187
-14980772 -14562935 19955933 4284071 1686767 -6326796 1617394 -135620 117717 -116017 -37849 -18562 -5353 -21423 -13006 -2309 -2915 -3150 -1072 -748 -212 -192 -154 -204 -3 -34 -15 -5 1 0 0 1 -7 2 -2 3 0 0 -2 0 0 0 -3 0 0 0 1 -1 1 0 0 0 0 0 0 0 0 0 0 0 1583838187
120851366 100168738 -222994263 -127831379 -4597486 128636252 -1222515 -79219 -582090 -68721 -23984 510275 -1144 -53877 -294817 161344 -6238 -11608 -441 -8395 -173 -8240 -215 -253 22 -1062 -2 7 -19 -2 0 6 -1 -2 -2 -1 0 -1 2 0 -1 0 -1 0 1 -14 2 0 0 0 0 0 0 0 0 0 0 0 -2 1 1583838187
-14504593 -14093622 18975714 3898888 2561688 -5691344 813307 -136860 191964 -118250 -39019 161689 -4567 33449 -18202 -6730 -5121 3628 -1019 1824 -233 -613 -889 -420 0 98 -11 -17 -8 0 0 2 -2 -1 2 -5 0 0 -2 0 -1 -1 0 0 -1 0 0 0 0 0 0 0 0 0 0 0 0 0 0 0 1583838187
-16076337 -15476088 21879319 5586492 8238785 -7294242 4955774 -130393 129191 -107019 -32952 -10090 -6828 -35602 -11114 -3589 12540 -3243 -1245 -791 -120 -165 686 -412 -5 -23 2 -6 1 0 0 1 -9 0 -12 -4 -1 -2 10 2 0 0 -4 1 0 0 0 -1 1 0 0 0 0 0 0 0 0 0 0 0 1583838187
-16089159 -15507762 21973298 5017799 -7886875 -7590606 -1819831 -142236 124978 -126336 -43335 -21470 -3983 -65844 -11247 -3863 -6835 -2858 -978 -569 -219 -158 -71 -303 -3 -29 -12 -4 4 0 0 1 -1 0 1 0 0 0 0 0 0 0 2 0 0 0 0 0 0 0 0 0 1 0 0 0 0 0 0 0 1583838187
-16088867 -15502762 21961783 5049970 -7311742 -7583558 -1876110 -141961 120609 -126469 -43386 -30129 -3937 -50582 -10901 -3660 -102 -3383 8590 -376 -171 -147 -112 -249 -4 -31 -15 -16 4 0 0 1 -1 0 -6 -3 9 -1 3 0 0 0 -1 0 1 0 0 0 0 0 0 -1 0 0 0 0 0 0 0 0 1583838187
