-15965460 -15323808 21303872 10459187 144045144 -5046664 56506499 -39231 115608 40616 46723 -23842 -28127 464319 -3667 -32 6136 -3064 -2218 -1904 -269 358 -8852 607 0 -14 -35 -3 0 0 0 1 -4 0 -43 -15 2 0 -28 -16 -4 0 -13 -5 -7 0 2 0 0 -8 -1 1 1 0 -1 0 0 0 0 1 1583836345
-16071580 -15501129 21948945 5164812 -3768711 -7531236 -362643 -139636 120028 -122140 -41064 -28712 -4584 -45403 -9845 -3583 -8309 -2360 -951 -1612 -233 -77 -223 -323 -2 -22 -13 -6 1 0 0 1 0 0 -1 -1 0 -1 3 0 0 0 1 0 0 0 0 0 0 0 0 0 0 0 0 0 0 0 0 0 1583836345
-16085362 -15508405 21970869 5067509 -6510368 -7575326 -1197852 -141153 120107 -124555 -42381 -28983 -4265 -65490 -10080 -3659 -6207 -2518 -955 -1487 -215 -99 -234 -27 -4 -22 -19 -6 1 0 0 1 -3 0 1 2 0 0 0 0 0 0 1 2 0 0 0 2 -2 0 0 0 -1 0 0 0 0 0 0 0 1583836345
-15992088 -15473235 21884324 5081735 -5560366 -7551842 -945855 -140642 138390 -123835 -41982 -28040 -4358 -57704 -10077 -3629 -9071 -2436 -938 -1500 -232 -86 -168 -309 -1 -17 -12 -6 1 0 0 1 -1 0 3 -1 0 0 -1 0 0 0 0 0 0 0 0 0 0 0 0 0 0 0 1 -1 0 0 0 0 1583836345
-16049137 -15418430 21635894 7960718 74192410 -6215047 30496786 -85319 117666 -33921 6458 -26150 -17474 179802 -7205 -1746 2011 -3327 -1685 -1186 -216 115 -6483 -655 1 -15 -9 -4 0 0 0 3 24 0 -14 -16 -1 -2 6 -1 0 0 6 -2 0 0 2 0 0 0 2 1 1 0 1 0 0 0 0 0 1583836345
-16083294 -15428149 21783910 5667394 7429149 -7297769 4071255 -132220 120159 -109576 -34267 -29609 -6437 -13394 -10265 -3320 -3425 -3218 -1124 -732 -214 -99 -1215 -310 -3 -15 -11 15 -2 -1 0 1 0 0 -6 -6 0 -1 2 2 0 0 4 0 0 0 2 0 0 -1 0 0 0 0 1 -1 0 0 0 0 1583836345
-15965460 -15323808 21303872 10459187 144045144 -5046664 56506499 -39231 115608 40616 46723 -23842 -28127 464319 -3667 -32 6136 -3064 -2218 -1904 -269 358 -8852 607 0 -14 -35 -3 0 0 0 1 -4 0 -43 -15 2 0 -28 -16 -4 0 -13 -5 -7 0 2 0 0 -8 -1 1 1 0 -1 0 0 0 0 1 1583838187
-16071580 -15501129 21948945 5164812 -3768711 -7531236 -362643 -139636 120028 -122140 -41064 -28712 -4584 -45403 -9845 -3583 -8309 -2360 -951 -1612 -233 -77 -223 -323 -2 -22 -13 -6 1 0 0 1 0 0 -1 -1 0 -1 3 0 0 0 1 0 0 0 0 0 0 0 0 0 0 0 0 0 0 0 0 0 1583838187
-16085362 -15508405 21970869 5067509 -6510368 -7575326 -1197852 -141153 120107 -124555 -42381 -28983 -4265 -65490 -10080 -3659 -6207 -2518 -955 -1487 -215 -99 -234 -27 -4 -22 -19 -6 1 0 0 1 -3 0 1 2 0 0 0 0 0 0 1 2 0 0 0 2 -2 0 0 0 -1 0 0 0 0 0 0 0 1583838187
-15992088 -15473235 21884324 5081735 -5560366 -7551842 -945855 -140642 138390 -123835 -41982 -28040 -4358 -57704 -10077 -3629 -9071 -2436 -938 -1500 -232 -86 -168 -309 -1 -17 -12 -6 1 0 0 1 -1 0 3 -1 0 0 -1 0 0 0 0 0 0 0 0 0 0 0 0 0 0 0 1 -1 0 0 0 0 1583838187
-16049137 -15418430 21635894 7960718 74192410 -6215047 30496786 -85319 117666 -33921 6458 -26150 -17474 179802 -7205 -1746 2011 -3327 -1685 -1186 -216 115 -6483 -655 1 -15 -9 -4 0 0 0 3 24 0 -14 -16 -1 -2 6 -1 0 0 6 -2 0 0 2 0 0 0 2 1 1 0 1 0 0 0 0 0 1583838187
-16083294 -15428149 21783910 5667394 7429149 -7297769 4071255 -132220 120159 -109576 -34267 -29609 -6437 -13394 -10265 -3320 -3425 -3218 -1124 -732 -214 -99 -1215 -310 -3 -15 -11 15 -2 -1 0 1 0 0 -6 -6 0 -1 2 2 0 0 4 0 0 0 2 0 0 -1 0 0 0 0 1 -1 0 0 0 0 1583838187
