-16086623 -15507694 21969507 5072039 -6420371 -7571330 -1275165 -141280 117991 -124765 -42489 -26206 -4219 -60428 -7533 -680 -10836 -2966 -952 -761 -239 -155 13 117 -4 -26 -19 -6 1 0 0 1 0 0 3 -1 0 0 -1 -1 0 0 0 0 0 0 0 0 0 0 1 0 0 0 1 0 0 0 0 0 1583836345
-16089559 -15505854 21964631 5118072 -5177018 -7549520 -2078166 -142457 120546 -126926 -43569 -29811 -3732 4117 -10897 -3584 -10267 -2991 -960 -623 -269 -119 207 1809 -12 -23 -19 -4 1 0 0 2 21 0 -7 5 0 0 -3 2 0 0 5 16 0 0 5 1 -1 2 -3 -8 -1 0 -4 3 0 0 0 0 1583836345
-16083224 -15505731 21967349 5030834 -7352078 -7581789 -1869772 -142269 120649 -126438 -43374 -28587 -3945 -52162 -11023 -3680 -9776 -3062 -959 -640 -240 -131 95 250 -5 -22 -16 -6 1 0 0 1 2 0 0 0 0 0 0 0 0 0 1 2 0 0 0 0 0 1 0 -1 0 0 0 0 0 0 0 0 1583836345
-16086983 -15505193 21967240 5025137 -7889379 -7594294 -1821371 -142271 118444 -126342 -43342 -15150 -3975 -66499 -10432 -3862 -9645 -2039 -893 -1905 -232 -76 82 259 -5 -17 685 -2 6 0 0 2 6 0 3 0 0 0 0 2 0 0 0 0 -2 0 0 0 0 1 0 0 0 0 0 0 0 -1 0 0 1583836345
-16078341 -15396608 21732233 5508545 1639336 -7370374 -2690870 -143512 120342 -128487 -44155 -28748 -3067 182599 -10835 -3295 -11997 -2783 -953 -584 -371 -78 839 -309 -1 -25 5 -2 1 0 0 1 8 0 -5 0 0 -1 2 -2 0 0 0 -1 1 0 1 0 0 0 0 0 0 0 0 0 0 0 0 0 1583836345
-16088238 -15509851 21975155 5053874 -6867721 -7579927 -1912501 -142306 119292 -126538 -43418 -28009 -3904 -41916 -9877 -2084 -9883 -3549 -989 4 -246 -218 71 -215 -3 -23 136 -6 2 0 0 1 0 0 0 -1 0 0 0 0 0 0 2 0 1 0 0 0 0 0 0 0 -1 0 0 0 0 0 0 0 1583836345
-16089718 -15509139 21973588 5058164 -6824609 -7579836 -1084211 -141000 120594 -124258 -42235 -30260 -4343 -77805 -10841 -3675 -4292 -3188 -1011 -700 -199 -145 -374 -181 -4 -25 -7 -4 1 0 0 1 -4 0 0 0 0 0 1 2 0 0 1 2 0 0 -2 -1 0 -1 0 -1 -1 0 0 0 0 0 0 0 1583836345
-16086623 -15507694 21969507 5072039 -6420371 -7571330 -1275165 -141280 117991 -124765 -42489 -26206 -4219 -60428 -7533 -680 -10836 -2966 -952 -761 -239 -155 13 117 -4 -26 -19 -6 1 0 0 1 0 0 3 -1 0 0 -1 -1 0 0 0 0 0 0 0 0 0 0 1 0 0 0 1 0 0 0 0 0 1583838187
-16089559 -15505854 21964631 5118072 -5177018 -7549520 -2078166 -142457 120546 -126926 -43569 -29811 -3732 4117 -10897 -3584 -10267 -2991 -960 -623 -269 -119 207 1809 -12 -23 -19 -4 1 0 0 2 21 0 -7 5 0 0 -3 2 0 0 5 16 0 0 5 1 -1 2 -3 -8 -1 0 -4 3 0 0 0 0 1583838187
-16083224 -15505731 21967349 5030834 -7352078 -7581789 -1869772 -142269 120649 -126438 -43374 -28587 -3945 -52162 -11023 -3680 -9776 -3062 -959 -640 -240 -131 95 250 -5 -22 -16 -6 1 0 0 1 2 0 0 0 0 0 0 0 0 0 1 2 0 0 0 0 0 1 0 -1 0 0 0 0 0 0 0 0 1583838187
-16086983 -15505193 21967240 5025137 -7889379 -7594294 -1821371 -142271 118444 -126342 -43342 -15150 -3975 -66499 -10432 -3862 -9645 -2039 -893 -1905 -232 -76 82 259 -5 -17 685 -2 6 0 0 2 6 0 3 0 0 0 0 2 0 0 0 0 -2 0 0 0 0 1 0 0 0 0 0 0 0 -1 0 0 1583838187
-16078341 -15396608 21732233 5508545 1639336 -7370374 -2690870 -143512 120342 -128487 -44155 -28748 -3067 182599 -10835 -3295 -11997 -2783 -953 -584 -371 -78 839 -309 -1 -25 5 -2 1 0 0 1 8 0 -5 0 0 -1 2 -2 0 0 0 -1 1 0 1 0 0 0 0 0 0 0 0 0 0 0 0 0 1583838187
-16088238 -15509851 21975155 5053874 -6867721 -7579927 -1912501 -142306 119292 -126538 -43418 -28009 -3904 -41916 -9877 -2084 -9883 -3549 -989 4 -246 -218 71 -215 -3 -23 136 -6 2 0 0 1 0 0 0 -1 0 0 0 0 0 0 2 0 1 0 0 0 0 0 0 0 -1 0 0 0 0 0 0 0 1583838187
-16089718 -15509139 21973588 5058164 -6824609 -7579836 -1084211 -141000 120594 -124258 -42235 -30260 -4343 -77805 -10841 -3675 -4292 -3188 -1011 -700 -199 -145 -374 -181 -4 -25 -7 -4 1 0 0 1 -4 0 0 0 0 0 1 2 0 0 1 2 0 0 -2 -1 0 -1 0 -1 -1 0 0 0 0 0 0 0 1583838187
