-15859111 -15312531 21559241 4811575 -7450022 -7353239 -1862096 -142173 123811 -126343 -43345 -19219 -3929 -54319 -10640 -4342 -1663 -2866 -1012 -586 -198 -186 755 -361 -3 -31 -10 -6 1 0 0 1 -1 0 0 -3 0 -1 2 0 0 0 0 0 0 0 0 0 0 0 0 0 0 0 0 0 0 0 0 0 1583836345
-15821204 -15261970 21428394 5284905 6624545 -7067690 4716031 -130785 127055 -107646 -33343 -8354 -6788 -63177 -11640 -3410 -4340 -2652 -1121 -517 -190 -158 -1702 -215 -3 -7 -14 -7 0 0 0 1 -10 0 -5 -2 0 0 -3 5 1 0 0 0 2 0 1 0 0 0 0 -3 0 0 0 0 0 0 0 0 1583836345
-15882786 -15326770 21587283 4895843 -6072761 -7346920 -904969 -140619 124538 -123675 -41930 -12274 -4371 -69865 -12126 -3640 -8496 -2874 -982 -584 -222 -159 -155 -249 -3 29 -15 -8 1 0 0 1 -2 0 0 0 0 -1 1 0 0 0 -1 0 0 0 0 0 0 0 0 0 0 0 0 0 0 0 0 0 1583836345
-16068158 -15493542 21938620 5075589 -5673116 -7529753 -951450 -140691 124578 -123841 -41992 -23736 -4350 -59013 -10567 -3957 -8707 -2034 -981 -248 -227 -195 -156 -283 -2 -33 -13 -7 0 0 0 1 -2 0 0 -1 0 0 -1 0 0 0 -1 0 0 0 0 0 0 0 0 0 0 0 0 0 0 0 0 0 1583836345
-14593744 -13921895 18649592 4151161 -4577220 -5751581 -251843 -140814 181338 -122280 -41395 854815 -3214 -74613 149303 -95122 -730 327101 159 114733 686 -19326 -1938 466 8 -2739 5 -56 -220 42 0 -3 -4 6 0 -1 0 -3 0 -7 37 9 2 -1 0 3 0 -2 -4 1 0 -1 0 -9 -1 1 0 0 1 0 1583836345
-15998381 -15421956 21793397 4938944 -7885977 -7481869 -1820029 -142239 133192 -126334 -43342 3133 -3942 -65988 -7097 -6100 -7271 5716 -925 1950 -199 -622 -64 -292 -2 -65 -12 -3 1 0 0 1 -1 0 1 0 0 0 0 -1 6 0 2 0 0 0 0 0 0 0 0 -1 0 0 0 0 0 0 0 0 1583836345
-16080886 -15494022 21944771 5022552 -7874786 -7579089 -1821013 -142282 123704 -126354 -43348 -3196 -3951 -65725 -11300 -4352 -6325 -1539 -963 -452 -213 -212 -111 -181 -3 -36 -16 -3 4 0 0 1 -3 0 1 0 0 0 0 0 4 0 0 0 -1 0 0 0 0 0 0 0 0 0 0 0 0 0 0 0 1583836345
-16089133 -15507449 21972605 5019785 -7834793 -7589299 -1830837 -142250 125175 -126366 -43350 -21058 -3969 -64062 -11154 -3888 3761 -2908 -1055 -628 -167 -191 -526 -426 -5 -30 -7 -4 4 0 0 1 1 0 2 -2 0 0 1 1 0 0 2 0 2 0 -1 1 -1 0 0 1 2 0 0 -1 0 -1 0 0 1583836345
-15025083 -14310318 19499292 4186549 -7734893 -5979747 -1848940 -142830 415374 -126989 -43775 706225 -2708 -65587 11193 -35557 23198 96225 -660 30359 190 -5829 -1749 -217 1 -631 -2 38 18 5 0 0 -5 0 1 8 0 -1 -2 -6 40 -1 7 -1 -2 0 5 -2 1 -2 0 2 0 1 1 -1 0 0 -1 1 1583836345
-16076480 -15496927 21950334 5006663 -7859866 -7577198 -1830833 -142246 125017 -126363 -43351 -20951 -3968 -64680 -11090 -3900 8609 -2858 -1090 -628 -143 -211 -910 -278 -7 -27 -10 -6 1 0 0 1 -3 0 0 9 0 0 -1 3 0 0 3 -2 -2 0 0 0 0 0 0 3 3 0 -3 -1 0 0 0 0 1583836345
-16076501 -15496821 21949834 5011656 -7720774 -7574865 -1673870 -141989 125074 -125923 -43119 -20837 -4053 -69135 -10685 -4100 -7213 -1886 -976 -196 -216 -216 -88 -312 -2 -35 -12 -7 0 0 0 1 0 0 3 0 0 0 0 1 0 0 0 0 0 0 0 0 0 0 0 0 0 0 0 0 0 0 0 0 1583836345
-15811693 -15274552 21478334 4766061 -7414483 -7308322 -1864037 -142148 121701 -126322 -43338 -21753 -3932 -53640 -10149 -4545 -4225 -2760 -997 -532 -211 -182 -171 -215 -4 -19 -14 -6 1 0 0 1 -3 0 0 0 0 -1 1 0 0 0 1 1 0 0 0 1 -1 0 0 0 0 0 1 -1 0 0 0 0 1583836345
-16005713 -15411309 21772929 4984013 -6993731 -7443698 -1577973 -141837 151103 -125688 -42987 38815 -3970 -58151 5748 -12510 -1912 29075 -908 10890 -113 -2050 2591 -297 0 -304 -7 -4 -10 1 0 1 -1 0 4 -1 0 0 0 0 0 0 0 1 0 2 0 0 0 0 0 0 0 -2 0 0 0 0 0 0 1583836345
-15924944 -15361929 21652278 5114769 -753590 -7304576 797454 -137522 123934 -118767 -39258 -18732 -5040 -34736 -11164 -3573 762 -2600 -1086 -515 -189 -186 -822 -266 -4 -21 -10 -6 1 0 0 1 -7 0 -6 -2 0 -1 4 2 0 0 -2 2 0 0 0 0 0 0 0 0 0 0 0 0 0 0 0 0 1583836345
-16052680 -15466563 21885133 5047332 -6222097 -7508408 -1294306 -141299 134217 -124836 -42522 -95 -4149 -55215 -10876 -4580 -1944 -601 -1010 33 -191 -290 -484 476 -7 -35 -35 -2 6 0 0 1 -9 0 3 2 0 -1 1 0 0 0 2 2 0 0 0 2 -2 0 0 0 0 0 -2 1 0 0 0 0 1583836345
-16076078 -15482410 21903905 5354292 1768623 -7404432 2152446 -135284 129157 -115009 -37244 -9323 -5641 -43855 4525 -10191 -2002 22290 -1029 8863 -129 -1644 -904 -380 -1 -257 -5 -12 -18 2 0 1 -5 0 1 0 0 -1 5 1 -3 -1 -2 2 0 3 -2 0 0 0 0 0 0 -1 0 0 0 0 0 0 1583836345
-15270783 -14580310 20031070 4783115 161453 -6347369 1186451 -137746 232645 -118143 -39028 577579 -4225 -36670 117067 -72968 3935 249889 -156 86927 489 -14764 1493 -8 10 -2077 9 -26 -145 30 0 -1 -4 3 -1 -2 0 -3 3 -7 37 3 1 0 0 4 -1 -3 -1 0 0 0 0 1 0 0 0 -1 4 -1 1583836345
-16066845 -15488453 21932441 4997929 -7874094 -7567130 -1821085 -142232 125028 -126332 -43335 -19451 -3979 -65577 -10349 -4222 -7024 -1310 -966 -165 -216 -237 -70 -212 -3 -33 -15 -5 2 0 0 1 -2 0 1 1 0 0 0 0 1 0 0 0 0 0 0 0 0 0 0 0 0 0 0 0 0 0 0 0 1583836345
-15770783 -15205827 21340445 4742228 -7885999 -7207063 -1819971 -142252 154833 -126333 -43362 67335 -3832 -66422 126 -10500 -6755 22351 -814 6382 -154 -1498 -138 -273 -1 -108 -12 4 5 3 0 1 0 0 2 0 0 0 0 -5 25 3 0 0 1 -2 1 0 0 0 0 0 0 4 0 0 0 0 1 0 1583836345
-16066862 -15488618 21932775 4997501 -7885864 -7567643 -1820214 -142231 124850 -126330 -43334 -19810 -3980 -65813 -10419 -4180 -6735 -1455 -968 -222 -215 -230 -60 -317 -2 -32 -12 -5 2 0 0 1 -1 0 3 0 0 0 0 0 2 0 0 1 0 0 1 0 0 0 0 0 0 0 0 0 0 0 0 0 1583836345
-16018263 -15425837 21802764 4981481 -7807329 -7494559 -1844376 -142363 131964 -126444 -43402 37451 -3854 -63066 -9551 -6181 19175 4125 -1107 995 -74 -601 -1231 -490 -8 -61 -4 1 6 0 0 1 5 0 1 -1 0 0 1 -1 9 0 -3 -1 4 0 -3 1 0 0 0 -2 0 0 0 0 0 -1 0 0 1583836345
-15896174 -15338613 21615677 4850291 -7551468 -7380323 -1873433 -142244 129063 -126422 -43390 -3153 -3883 -55707 -9249 -4812 40081 1025 -1275 -54 17 -505 -2075 -637 -12 -28 2 0 5 0 0 1 0 0 3 8 0 0 0 -3 7 1 9 0 0 0 1 -1 1 1 0 -4 -1 0 0 1 0 0 0 0 1583836345
-16062990 -15485120 21925418 4994174 -7888805 -7563048 -1819778 -142231 125118 -126329 -43334 -19186 -3979 -65904 -9966 -4447 -6738 -538 -974 319 -212 -299 -82 -308 -2 -43 -12 -7 0 0 0 1 -1 0 1 0 0 0 0 0 0 0 2 0 0 0 0 0 0 0 0 0 1 0 0 0 0 0 0 0 1583836345
-15702708 -15051171 21030374 4755301 -7878718 -7004099 -1825598 -142614 221489 -126629 -43544 312577 -3421 -67525 40816 -35432 3630 108628 -668 39042 127 -6712 -1061 -96 1 -946 -6 -32 -84 14 0 0 -3 3 -1 6 0 -1 0 1 4 6 1 -2 -1 -9 0 -1 0 0 0 1 0 0 -1 0 0 0 -1 0 1583836345
-16050644 -15462272 21876564 5043303 -6497275 -7510054 -1221505 -141233 132658 -124657 -42440 10127 -4182 -64626 -9078 -5429 4216 2540 -1021 502 -148 -450 -869 734 -10 -43 -39 1 9 0 0 0 -12 0 2 0 0 -1 2 0 10 1 3 -1 0 0 -2 0 0 -1 3 0 0 0 0 0 0 0 0 0 1583836345
-7629837 -8225959 6571420 -2939157 -4299080 1093772 -2140953 -139276 178093 -124085 -42761 354846 -2903 23251 104461 -70148 -3670 160315 -324 55283 185 -9837 -692 -109 7 -1283 2 -13 -86 22 0 -2 -2 8 0 -1 0 -1 1 -7 35 16 0 0 0 -3 0 -1 0 0 0 0 0 -5 0 0 0 0 -2 0 1583836345
-16089489 -15507895 21967958 5131071 -4686006 -7541683 -2111617 -142459 120706 -126994 -43592 -27660 -3684 16932 -10299 -3803 -7061 -2047 -973 -469 -260 -168 -113 -250 -3 -31 -14 -2 6 0 0 1 -4 0 1 0 0 0 -1 -1 1 0 0 0 0 0 0 0 0 0 0 0 0 0 0 0 0 0 0 0 1583836345
-16068419 -15478971 21892833 5413849 3797013 -7369772 1288721 -136474 124553 -117280 -38364 -20177 -5092 39672 -10156 -3792 4427 -1838 -1131 -251 -205 -210 -1602 -17 -6 -34 -16 -6 0 0 0 1 -12 0 -3 0 0 0 -1 4 0 0 -2 -4 -5 0 -1 0 0 0 0 0 0 0 -1 0 0 0 0 0 1583836345
-16054895 -15195895 21333577 5626053 -3497993 -7337505 -2238333 168866 119853 -127266 -43737 -29499 -3549 48066 -10919 -3518 27204 -6567 181207 5842 336 -45 -1646 1832 -16 6 -56 12 -2 0 0 -1 -25 0 -1 -6 -53 -1 0 1 0 0 5 -1 -2 0 1 3 -2 2 4 -3 0 0 1 0 0 0 0 0 1583836345
-15845650 -15297747 21529078 4792480 -7744837 -7337648 -1832656 -142162 127009 -126283 -43323 -10344 -3948 -62265 -7723 -5632 -7436 3989 -957 2052 -205 -581 208 -289 -2 -74 -14 -10 -5 0 0 1 0 0 0 -1 0 -1 1 0 -1 0 0 0 0 0 0 0 0 0 0 0 0 0 0 0 0 0 0 0 1583836345
-16067374 -15487820 21927722 5072070 -5748107 -7531986 -2014788 -142378 124484 -126773 -43508 -20629 -3776 -10381 -5797 -5980 -7307 5925 -958 2787 -226 -670 -57 -311 -2 -106 -11 -10 -7 0 0 1 -2 0 0 -2 0 0 0 0 -2 0 0 0 0 0 0 0 0 0 0 0 0 -1 0 0 0 0 0 0 1583836345
-13509346 -13536130 17579160 4242177 -345895 -7112451 943016 -140672 -1669773 -116013 -38477 -12504 -5023 -33071 -13014 -3292 16207 -2721 -1171 -1074 -111 -348 -1422 3 -83 8 -21 -6 1 0 0 1 -13 2 -13 6 0 -1 2 0 0 0 -7 2 1 0 3 -2 1 0 0 0 0 0 0 0 0 0 0 0 1583836345
-15959360 -14333584 19570657 7150330 4112858 -6700972 3151571 2899580 114013 -108835 -34992 -29387 -6037 -40324 -10227 -3363 -4951 -3149 -1523 -721 -208 -105 -1309 -319 -2 -25 -13 -5 1 0 0 1 -6 0 -3 -4 0 0 0 3 0 0 2 0 0 0 1 -1 0 0 0 0 0 0 0 0 0 0 0 0 1583836345
-16063075 -15484776 21919150 5096803 -5070585 -7521518 -852483 -140504 120421 -123538 -41821 -27487 -4380 -50897 -10988 -3609 -6077 -3129 -1004 -710 -221 -134 -105 -326 -3 -16 -10 -4 4 -1 0 1 -2 0 0 -3 0 0 0 1 0 0 1 0 0 0 1 0 0 0 0 0 0 0 0 0 0 0 0 0 1583836345
-16088868 -15508578 21971405 5079390 -6178011 -7566769 -1248660 -141210 120945 -124684 -42440 -28020 -4220 -56569 -10950 -3666 -2209 -3206 -1024 -739 -200 -145 -384 -322 -4 -23 -12 -2 7 -1 0 1 -3 0 -3 -3 0 0 0 0 0 0 0 0 0 0 -1 0 0 0 0 0 1 0 -1 0 0 0 0 0 1583836345
-15717707 -15156836 21213644 5109045 4815445 -6977429 3041762 -133488 145447 -112311 -35795 2881 -5945 -20281 -12621 -3410 -6461 -2609 -1076 -508 -226 -157 -989 -362 -1 92 -5 -10 0 0 0 2 0 -1 -5 -1 -1 -2 7 0 0 0 0 0 0 0 0 0 0 0 0 0 0 0 0 0 0 0 0 0 1583836345
-15971605 -15407792 21731260 5401714 4283118 -7366980 2944703 -133974 44162 -112606 -35989 -28553 -6006 -40425 -10349 -3369 5983 -2930 -1159 -832 -156 -157 -1474 -230 -9 -20 -15 -6 1 0 0 1 -13 0 -9 -2 0 0 0 3 0 0 -4 1 0 0 0 0 0 0 0 0 0 0 -1 0 0 0 0 0 1583836345
-16084073 -15461038 21878125 5091082 -7893841 -7568487 -1822387 -13997 120362 -126196 -43305 -30195 -3989 -65595 -10884 -3672 4592 -3341 -291 -763 -162 -167 -732 -475 -5 -26 -7 -5 1 0 0 2 3 0 10 0 0 0 2 10 2 0 -2 -6 -4 0 -1 1 -1 -3 -8 -1 6 0 4 6 0 0 0 0 1583836345
-14579633 -14247797 19301023 3565947 -7858189 -6112156 -1821267 -141585 96107 -125692 -43118 -39083 -3989 -65400 -10797 -3170 -7255 -2210 -969 -343 -218 -280 -56 -212 -4 81 -16 -10 1 -1 0 2 -2 -1 0 1 0 0 0 0 0 0 0 0 0 0 0 0 0 0 0 0 0 0 0 0 0 0 0 0 1583836345
-15750639 -15222472 21368404 4701747 -7871172 -7254296 -1821140 -142125 118395 -126205 -43293 -20275 -3975 -65569 -11631 -3561 -7248 -2266 -973 -353 -219 -212 -55 -203 -3 39 -16 -9 1 0 0 1 -2 0 0 1 0 0 0 0 0 0 0 0 0 0 0 0 0 0 0 0 0 0 0 0 0 0 0 0 1583836345
-15932920 -15375343 21692781 4871786 -7853436 -7432208 -1824305 -142187 123874 -126289 -43323 -17165 -3968 -65080 -11373 -3815 -3675 -2365 -993 -561 -202 -195 -261 -66 -5 2 -17 -7 1 0 0 1 -5 0 1 2 0 0 0 0 0 0 0 0 -1 0 0 0 0 -1 0 0 -1 0 0 0 0 0 0 0 1583836345
4230002 1371637 -13840837 -14700975 -7616124 12079946 -1830300 -132736 -339913 -117225 -40177 -558704 -4571 -60602 1104 16137 1674 3391 -989 1417 -157 -1737 -610 207 -13 52 -20 -2 7 1 0 0 -6 8 1 4 0 -1 0 3 0 1 0 -2 -4 -5 1 1 -1 0 0 0 0 0 0 -1 0 1 -1 0 1583836345
-14784086 -14419273 19664743 3752445 -7859973 -6320034 -1821215 -141633 99721 -125764 -43139 -48427 -4008 -65288 -9237 -3569 -6751 -1195 -971 38 -214 -330 28 -314 -3 -30 -12 -5 1 1 0 0 0 3 2 -1 0 -1 0 0 0 -1 0 0 0 0 0 1 1 0 0 0 0 0 0 0 0 0 0 0 1583836345
-16089121 -15507415 21972616 5018086 -7886155 -7590139 -1820205 -142238 125183 -126338 -43336 -21055 -3982 -65874 -11029 -3966 -6465 -2487 -980 -428 -216 -181 -100 -197 -3 -32 -13 -4 4 0 0 1 -2 0 1 -1 0 0 0 2 0 0 -1 0 0 0 0 1 -1 -1 0 0 0 0 0 0 0 0 0 0 1583836345
952924205 784194661 -1674283590 -933648780 2474141 964124716 -1903062 292432 -7403391 272244 88183 1461486 13601 -36587 940953 -751580 1175 -94138 2641 -31414 371 -46505 -986 189 39 -1312 34 0 -32 -52 0 60 -7 -108 -2 2 0 0 0 0 14 39 4 0 -4 19 0 2 3 2 0 0 -2 -23 0 0 0 -4 13 -5 1583836345
-16066101 -15483604 21922598 5003853 -7889365 -7564657 -1819790 -142259 124566 -126340 -43340 -9854 -3963 -65977 -11750 -3927 -7472 -2791 -958 -937 -222 -133 -22 -310 -2 -19 -14 -3 5 0 0 1 0 0 2 0 0 0 0 0 4 0 0 0 0 0 0 0 0 0 0 -1 0 0 0 0 0 0 0 0 1583836345
-16012971 -15428635 21807734 4976417 -7120937 -7468950 -1174620 -141164 144032 -124549 -42400 9585 -4244 -79901 1920 -10213 -5342 20883 -945 8526 -139 -1595 -381 -241 -1 -221 -10 -15 -19 1 0 1 0 0 0 0 0 -1 0 4 -5 0 -1 -1 0 -1 0 0 0 0 0 0 0 -1 0 0 0 0 0 0 1583836345
61881064 50846323 -118451930 -70583509 -6779075 70312556 -1858030 -107499 38708 -95329 -33185 582071 -1691 -59583 -157811 65734 -4411 -4214 -618 -4126 -167 -4818 -153 -150 15 1429 -34 -41 6 0 0 -1 -3 3 0 0 0 -2 0 0 0 -4 1 1 0 -8 1 -1 -4 0 0 0 0 0 1 -1 0 1 -4 2 1583836345
-15792826 -15239732 21369029 5483433 13079356 -6943185 5809335 -128558 117969 -104332 -31463 -24260 -7056 30114 -10405 -2931 46849 -3505 -1488 -1021 21 -290 9663 -542 -9 -30 12 -5 1 0 0 1 -3 0 -3 -8 -1 -1 11 0 0 0 -7 4 0 0 -3 0 0 1 0 0 0 0 1 -1 0 0 0 0 1583836345
-14020041 -13761817 18272030 3082410 -6139117 -5499605 -1124060 -140118 110743 -123515 -41996 -4020 -4213 -62318 -16485 -1135 -2565 -3335 -1015 -855 -196 -269 -321 767 -9 32 -41 -9 1 0 0 1 -11 0 2 -1 0 -1 0 -1 0 0 0 -1 0 0 -1 -1 0 -1 1 0 0 0 0 0 0 0 0 0 1583836345
-11960472 -12010434 14557038 1247737 -1783672 -3363533 641642 -136128 105958 -117656 -39015 20362 -4879 -50452 -19757 117 -3915 -3149 -1027 -822 -203 -392 460 -254 -2 4 -13 -6 1 0 0 0 -3 3 -4 0 0 -1 3 -1 0 -1 -1 0 0 0 0 0 2 0 0 0 0 0 0 0 0 0 0 0 1583836345
165836480 146586849 -320174536 -171232920 -5189872 168478948 -1941627 -62204 -795672 -53473 -19779 1654691 1734 -51498 542109 -477528 5284 -49938 -355 -11724 -62 -5682 -672 1311 -4 -894 -35 40 1 30 0 -32 -13 73 6 5 0 2 4 2 0 78 0 2 -1 2 -4 -10 -15 -4 4 1 0 1 0 1 0 1 -3 1 1583836345
-16083308 -15503916 21962795 5048548 -6911906 -7574236 -1388730 -141484 120772 -125097 -42671 -29272 -4182 -65199 -10892 -3687 -5370 -3092 -998 -663 -211 -146 -193 -211 -3 -22 -12 -6 1 0 0 1 -2 0 0 0 0 0 0 0 0 0 -2 0 2 0 0 0 0 0 0 0 1 0 -1 0 0 0 0 0 1583836345
15805823 11418851 -35064032 -25656295 -4254081 24213482 -499721 -126081 -93942 -109671 -37092 187671 -3676 -58739 -68209 29638 3847 -1582 -977 -130 -140 6877 75 1111 -9 182 -47 -10 5 -5 0 2 -15 -3 3 0 0 0 -1 -3 6 1 1 0 0 -2 -1 1 -1 0 2 1 2 0 0 0 0 0 1 0 1583836345
-11279756 -11465213 13407410 362942 -7822765 -2835986 -1821670 -140089 74628 -124337 -42670 -31392 -3922 -65276 -19453 2193 -6869 -3137 -960 -830 -218 -439 -41 -310 -3 -5 -12 1 6 7 0 -8 0 14 1 0 0 -1 0 -1 0 -3 1 0 -1 0 0 -2 -2 0 0 0 0 0 0 0 0 0 0 0 1583836345
-16056345 -15480012 21914022 4995256 -7849171 -7558809 -1824896 -142253 121247 -126337 -43337 -23575 -3981 -64934 -10815 -3942 -4419 -2325 -995 -374 -205 -199 -218 -12 -5 6 -18 -3 7 -1 0 1 -4 0 1 2 0 0 0 0 0 0 0 -1 0 0 0 0 0 0 1 0 0 0 0 0 0 0 0 0 1583836345
-16048119 -15471783 21888020 5150210 -3084178 -7474694 -31484 -139046 119943 -121186 -40559 -28925 -4723 -46686 -10368 -3645 8007 -2765 -1118 -743 -149 -189 -1217 585 -10 -15 -38 -6 1 0 0 0 -15 0 -7 -2 0 -1 4 5 1 0 -4 1 5 0 -1 1 -1 0 1 -3 0 0 -1 0 0 1 0 0 1583836345
313653994 315185889 -671415101 -314264806 758658 288909473 -107656 2394 -1596992 9775 1424 4519944 8209 -69634 -480253 80819 -11928 -30827 579 -17095 -51 -15521 -538 205 16 -991 -22 -43 -92 5 0 1 -2 -8 0 -3 0 -3 0 2 -6 -10 0 2 0 18 -2 -4 -5 -1 1 0 0 2 0 0 0 0 -1 0 1583836345
-15822529 -15215638 21369208 4723358 -7883458 -7279737 -1820000 -142021 182433 -126293 -43318 -6482 -3954 -65914 -12746 -3612 -6986 -3107 -975 -690 -220 -157 -17 -315 0 44 -13 -8 1 0 0 2 0 0 2 -1 0 0 0 0 0 0 0 0 0 0 0 0 0 0 0 0 0 0 0 0 0 0 0 0 1583836345
-16066213 -15485876 21925439 5034277 -6780426 -7547586 -1571290 -141752 126147 -125597 -42927 -20604 -4062 -53552 -11489 -3734 -7515 -3131 -980 -675 -228 -136 0 -257 -3 -19 -14 -6 1 0 0 1 -2 0 0 1 0 0 0 -1 0 0 0 0 0 0 0 0 0 0 0 0 0 0 0 0 0 0 0 0 1583836345
-16081702 -15484533 21899640 5531641 6553350 -7335634 3615455 -132630 124406 -110771 -34934 -20587 -6216 -11061 -8332 -4430 4791 581 -1167 689 -164 -358 -1766 499 -8 -57 -25 -7 -2 0 0 0 -15 0 -6 3 0 -1 0 1 0 0 -2 3 0 0 2 2 -1 -1 0 -1 -1 0 0 0 0 0 0 0 1583836345
-14969705 -14550877 19948799 3960550 -7876599 -6442596 -1820026 -141853 129255 -125948 -43223 29840 -3880 -66175 -7149 -7224 -6403 8735 -946 3805 -184 -916 -145 -227 -3 83 -16 -18 -10 0 0 2 -3 -2 1 1 0 -1 0 1 -2 0 0 0 -1 0 0 0 0 0 0 0 0 -1 0 0 0 0 0 0 1583836345
-16040444 -15467181 21886186 4987217 -7595438 -7541462 -1569799 -141817 120191 -125612 -42957 -26093 -4111 -71299 -10844 -3699 -7595 -2757 -962 -909 -219 -135 -83 -309 -3 -3 -12 -5 3 0 0 1 0 0 2 0 0 0 0 0 2 0 0 0 0 0 0 0 0 0 0 0 0 0 0 0 0 0 0 0 1583836345
12688411 8937089 -29776437 -22520396 -4790106 21404566 -744721 -128535 75149 -112160 -38140 504159 -3081 -59867 -81773 18804 -9055 3646 -814 944 -192 -2324 -291 -294 0 1008 -28 -43 -8 -2 0 3 -1 -8 3 0 0 -2 0 1 -1 -3 1 0 0 0 0 -1 -2 1 0 0 0 0 1 0 0 0 0 -1 1583836345
-16077104 -15499015 21952091 5048242 -6741276 -7565067 -1405063 -141494 120670 -125132 -42685 -28673 -4164 -60598 -10061 -4037 -7281 -1659 -982 -108 -219 -224 -106 -321 -2 -31 -12 -7 0 0 0 1 -1 0 2 0 0 0 1 0 0 0 0 0 0 0 0 0 0 0 0 0 0 0 0 0 0 0 0 0 1583836345
-15262401 -14799908 20475565 4239085 -7885801 -6747509 -1818707 -141956 125555 -126040 -43244 7516 -3921 -66200 -14652 -3045 -7008 -3030 -972 -675 -219 -199 -67 -316 -3 85 -14 -10 1 -1 0 2 -1 -1 3 0 0 0 0 1 0 0 0 0 0 0 0 0 0 0 -1 0 0 0 0 1 0 0 0 0 1583836345
-16066911 -15489038 21933566 4997722 -7874126 -7568136 -1820978 -142231 124489 -126330 -43334 -20586 -3980 -65523 -11289 -3796 -7256 -2908 -967 -795 -221 -139 -24 -305 -3 -18 -12 -4 3 0 0 1 -1 0 1 0 0 0 0 0 2 0 1 0 0 0 1 0 0 0 0 0 0 0 0 0 0 0 0 0 1583836345
-15088846 -14624828 20104402 4160459 -7868077 -6585432 -1821382 -142208 94286 -126050 -43273 65125 -3829 -66185 8111 27736 -7207 -8868 -1695 16424 -198 27731 -6 -186 -2 -452 -7 -28 -19 -41 0 -18 0 0 0 1 0 30 3 -1 -1 -2 1 0 0 0 0 0 0 -1 0 0 -1 0 0 0 0 0 0 0 1583836345
-14719294 -14325977 19474885 3720200 -7866076 -6186066 -1822163 -141755 135492 -125865 -43193 30335 -3871 -65820 -16220 -2910 -4753 -1896 -980 -290 -205 -307 -127 -343 -3 158 -11 -9 5 -2 0 2 0 -2 3 -1 0 0 0 0 0 0 0 1 0 0 1 0 0 0 0 0 0 0 0 0 0 0 0 0 1583836345
-15234611 -14671178 20213520 4400986 -7874997 -6654263 -1821662 -142645 127153 -126250 -43315 34773 -3873 -65894 -13408 -916 -6763 -2178 -1047 1600 -212 8818 -60 -241 -2 38 -14 -12 -1 -3 0 1 -2 -2 0 1 0 0 0 0 0 -1 0 0 0 0 0 0 0 0 0 0 0 0 0 0 0 0 0 0 1583836345
2055383 -242105 -10369739 -12546269 -7120447 10388760 -1877833 -134124 -37111 -118954 -40900 -18887 -3630 -50045 -39963 15678 950 -2822 -962 -1114 -179 -1306 245 -370 -3 -129 -5 7 9 7 0 -6 0 24 -1 -4 0 -1 3 0 0 -5 1 0 0 0 0 0 1 0 0 0 0 0 0 0 0 0 0 0 1583836345
16995139 12308069 -36982502 -26684794 2965533 25292186 2278163 -120047 -205219 -100820 -32443 -83011 -5292 -32591 72614 -58913 -7650 -9033 -954 -1998 -213 -1378 -1017 -401 -2 -198 -8 24 19 19 0 -23 0 26 9 -2 1 0 -6 3 0 -1 2 1 0 6 1 -2 0 0 0 0 0 1 0 0 0 0 0 0 1583836345
22020123 16598481 -46037544 -31984826 -7444116 30138875 -1832698 -124862 -179785 -110546 -38090 -74617 -3465 -62921 -20851 4835 5027 -5698 -929 -2112 -145 -2229 -664 -435 -1 -281 -3 3 2 2 0 -1 0 9 2 0 0 0 1 1 -1 3 2 0 0 5 -1 2 0 1 0 0 1 0 1 -2 0 0 0 0 1583836345
57951865 47083690 -110595149 -66276712 -7103107 66048528 -1831346 -110816 -454321 -96562 -33649 533765 -1893 -66634 -23013 81819 -5726 1858 -2299 41223 -87 205924 329 -266 22 -2506 38 36 -30 -24 0 -36 5 14 -1 2 0 31 3 1 -3 7 1 0 0 -10 5 -1 0 0 0 0 0 1 0 0 0 -1 3 -1 1583836345
-15975911 -15409955 21763634 4969142 -6231520 -7448661 -1984323 -142333 123749 -126678 -43479 -20288 -3798 -21740 -10679 -3919 20394 -2069 -1167 -380 -104 -301 1281 -524 -7 -33 0 -6 0 0 0 1 1 0 -13 -13 -1 -2 7 0 0 0 1 0 -1 0 0 -1 0 0 0 0 0 0 0 0 0 0 0 0 1583836345
163486125 135421709 -297921930 -167330115 41928970 170614516 18987990 -24791 -1754258 8074 13535 -549255 -10958 -3520 -251716 188708 5533 -8378 -818 -7635 -64 -10758 815 -426 3 -444 7 40 27 19 0 -26 -10 27 -8 -6 0 -1 1 6 -1 -3 0 0 0 -3 2 -7 0 -1 0 1 0 -12 0 -1 0 -1 2 -1 1583836345
113788200 93869221 -209752966 -120407890 6907587 121441901 3534688 -74383 -901047 -57497 -17417 205576 -3799 -27349 -142213 72172 -4626 -15373 -615 -7840 -168 -7140 -1400 -406 8 -884 3 23 -2 10 0 -11 1 8 4 -3 0 0 0 0 0 -6 1 0 0 0 -1 0 -1 1 0 -3 0 0 -1 0 0 0 -1 0 1583836345
-15937867 -15318481 21564613 5247253 -134147 -7272689 934258 -137627 124859 -118478 -39070 -9671 -5070 -28190 -12018 -3549 -1504 -3255 -1074 -760 -205 -134 -915 -361 -3 67 -9 -8 1 -1 0 1 -6 0 1 -4 0 0 0 0 0 0 -2 1 -1 0 -2 0 0 0 0 0 0 0 0 0 0 0 0 0 1583836345
-14857563 -14150139 19166662 3632198 -7825428 -6185102 -1833168 -141151 387473 -126124 -43248 9770 -3900 -64244 -9364 5700 7363 -5340 -1263 3347 -146 7095 -589 -466 5 66 -7 -17 -3 -12 0 -2 7 -2 4 -3 0 6 2 -1 0 -1 -2 1 2 0 -1 0 0 0 0 0 0 0 0 0 0 0 0 0 1583836345
-16085434 -15504542 21966416 5016180 -7833424 -7585583 -1829964 -142247 125101 -126362 -43349 -20756 -3970 -64142 -10118 -4317 2953 -1207 -1045 26 -167 -290 -486 -324 -5 -42 -11 -7 0 0 0 1 0 0 2 2 0 0 0 1 0 0 2 0 0 0 0 0 0 0 0 1 1 0 0 -1 0 0 0 0 1583836345
-15950955 -15395125 21733760 4886555 -7866451 -7457637 -1821611 -142179 119681 -126277 -43315 -25022 -3985 -65412 -11520 -3547 -6698 -3155 -980 -687 -219 -148 -84 -144 -4 10 -17 -7 1 0 0 1 -3 0 1 0 0 0 0 0 0 0 1 1 0 0 0 0 0 -1 0 0 -1 0 0 0 0 0 0 0 1583836345
-15548734 -15015965 20937140 4552597 -7745527 -6991158 -1832623 -142235 142538 -126279 -43350 79769 -3792 -62878 -6876 2829 -7099 551 -1129 5362 -202 6257 346 -302 -2 48 -13 -10 2 -9 0 -8 0 -4 2 -1 0 7 1 -2 6 0 0 0 0 0 0 5 6 0 0 0 0 0 0 0 0 0 1 0 1583836345
-15457128 -14915758 20721152 4610226 -5455374 -6871409 -2061666 -142601 122017 -126787 -43534 12095 -3649 -1318 -14191 -3291 32931 -3395 -1247 -956 -53 -301 4387 -471 -10 173 0 -12 1 -1 0 2 1 -2 -10 -14 -1 -1 7 0 0 0 0 1 0 0 -1 1 -1 0 0 -1 0 0 0 0 0 0 0 0 1583836345
-16081025 -15498602 21949584 5099815 -5389116 -7540440 -996941 -140756 124252 -123963 -42048 -21673 -4312 -51212 -5761 4527 -8826 -5726 -1184 3605 -231 7232 -159 -303 -1 -173 -10 -10 -2 -11 0 -3 -1 0 0 -1 0 7 0 0 0 0 1 0 0 0 1 0 0 0 0 0 0 0 0 0 0 0 0 0 1583836345
4158064 1588915 -14268670 -13982414 8822484 12786660 4945309 -121400 -29556 -98724 -30202 14208 -6459 -28676 -38247 15845 -2059 9405 -1039 3470 -153 -2115 -1850 -249 -1 -15 -10 -12 -8 1 0 0 -9 1 -4 -5 0 0 -3 3 -2 -2 -1 0 0 -1 0 -1 0 0 0 -1 0 -2 0 0 0 0 -1 0 1583836345
-16081450 -15490528 21927344 5231891 -1787466 -7470473 363989 -138365 129063 -120086 -39959 -9669 -4858 -37770 17732 -15753 -6119 43691 -927 17278 -100 -2935 -772 -60 -1 -452 -11 -25 -44 4 0 1 -2 0 0 -3 0 -1 -1 3 -10 -6 1 1 0 7 0 0 -1 0 0 0 0 0 0 0 0 0 -1 0 1583836345
-15380541 -14844829 20582540 4381796 -7890189 -6763063 -1818819 -142176 184252 -126280 -43370 128999 -3742 -67093 61418 -38175 -4539 128021 -695 49583 141 -8077 -682 -115 4 -1126 -1 -64 -129 14 0 1 0 -1 2 -1 0 -2 0 8 -29 -21 0 0 -1 16 -3 -1 -1 0 -1 0 0 -1 1 0 0 0 -2 1 1583836345
-15864273 -15310758 21545884 5017720 -1846997 -7261980 558776 -137953 124233 -119448 -39643 -17816 -4961 -47327 -11808 -3358 2012 -3314 -1091 -791 -178 -157 -947 43 -6 -20 -27 -6 1 0 0 1 -11 0 -4 2 0 -1 3 -1 0 0 -5 2 0 0 0 0 0 0 0 -1 0 0 0 0 0 0 0 0 1583836345
-16045666 -15471688 21896689 4977257 -7855164 -7547504 -1828182 -142228 123959 -126341 -43341 -21786 -3972 -64767 -11200 -3814 5945 -2946 -1071 -653 -156 -198 -750 -186 -6 -21 -11 -6 1 0 0 1 -2 0 5 -2 0 0 0 7 1 0 -2 2 1 0 1 1 -1 -2 0 0 -1 0 -1 0 0 0 0 0 1583836345
83488963 67127313 -153198465 -91015392 -6657172 93469022 -1863279 -99702 -46301 -87394 -30805 1233965 -292 -63530 335404 -305050 23826 -1417 -699 3569 67 -4740 -1551 -288 0 1860 -24 -68 -13 -2 0 1 -4 -10 -2 14 0 -1 -2 2 -10 17 10 0 0 16 -3 -1 2 0 0 -1 0 1 1 -1 0 0 -3 1 1583836345
-16065117 -15487299 21929865 4997029 -7852940 -7566165 -1827119 -142238 124377 -126347 -43342 -21558 -3975 -65014 -11436 -3749 851 -3255 -1035 -753 -181 -161 -446 197 -7 -18 -24 -6 1 0 0 1 -5 0 0 1 0 0 0 0 0 0 0 -1 0 0 -2 -1 0 -1 0 0 0 0 0 0 0 0 0 0 1583836345
72714409 59468921 -136832845 -80725110 -6135202 80693356 -1910938 -103635 -530071 -90516 -31637 496965 -1613 -44717 -96378 28503 3970 1293 -653 -872 -105 -5663 -567 73 -6 1316 -38 -31 11 4 0 -6 -7 5 -1 4 0 -2 0 1 -4 -3 2 2 0 -1 1 4 0 1 0 -3 -1 -1 -1 0 0 0 1 0 1583836345
-11006498 -11230531 12910674 108363 -7674587 -2557807 -1834813 -140004 73631 -124280 -42669 -10483 -3880 -61546 73262 -62329 -6435 -4428 -942 -733 -210 -41 104 -319 -4 -34 -11 1 9 3 0 2 -2 3 0 -1 0 0 1 0 -2 6 0 0 0 4 0 0 1 0 0 0 0 0 0 0 0 0 2 -1 1583836345
-16017445 -15428773 21781749 5529497 8509616 -7225257 -3319345 -143389 128208 -129756 -44685 -6783 -2363 357799 -11838 -3244 658 -2456 -1054 -563 -396 -97 -781 500 -8 -5 -32 -7 1 0 0 0 -17 0 2 0 0 0 -7 -6 -1 0 -2 -1 -4 0 0 0 0 -1 0 1 0 0 0 0 0 0 0 0 1583836345
-15635579 -15115595 21134654 4788512 -2184054 -7030646 -2340555 -142477 124816 -127363 -43754 -6098 -3398 80847 -12230 -3449 -5782 -1575 -988 -143 -285 -227 -240 -73 -4 2 -16 -8 0 0 0 1 -6 0 2 0 0 0 -3 -1 0 0 0 2 -2 0 0 1 -1 -2 0 1 -1 0 0 0 0 0 0 0 1583836345
-13021777 -12912437 16473376 2147562 -4962193 -4477559 -2083799 -141078 113551 -125708 -43172 8999 -3602 8729 -19129 45 -6817 -3266 -970 -853 -255 -308 -147 332 -5 -49 -29 -6 0 0 0 1 -8 0 4 -2 0 0 0 0 0 0 0 0 0 0 1 0 0 0 0 0 0 0 0 0 0 0 0 0 1583836345
-11600311 -11692717 13893128 789274 -7268071 -3085258 -1876732 -140647 86141 -124739 -42828 27952 -3766 -50713 -17291 -1625 326 353 -995 500 -179 -646 1980 -383 -4 230 -14 -17 -2 -1 0 3 0 -4 4 -2 0 -1 0 -1 0 0 0 1 0 0 0 0 0 0 0 0 0 0 0 0 0 0 0 0 1583836345
-13874175 -13370933 17482408 3226657 3042226 -4956109 3580001 -131967 334890 -110513 -35011 159255 -6029 -86140 -22665 -4106 -6911 -233 -1051 316 -184 -431 -1183 -275 4 329 -18 -21 -4 -1 0 3 -1 -4 -3 0 0 -1 2 1 0 -2 -1 0 1 1 1 -1 0 0 0 0 0 0 0 0 0 0 0 0 1583836345
-15992855 -15413969 21752695 5380290 4800672 -7280596 3083990 -133544 122324 -112264 -35756 -23387 -6016 -23293 -9206 -4006 3170 -616 -1147 238 -170 -293 -1646 686 -9 -46 -35 -7 0 0 0 0 -14 0 -8 -4 -1 -1 5 3 0 0 -4 7 1 0 0 5 -4 -4 0 0 -3 1 0 0 0 0 0 0 1583836345
-15259811 -14786072 20447687 4266961 -6980637 -6701797 -1339599 -141143 143380 -124723 -42544 42852 -4076 -69362 -16016 -3773 -7977 -2470 -965 -448 -219 -235 1571 -287 -2 55 -14 -10 0 0 0 2 -2 -1 2 0 0 0 0 0 0 0 0 0 0 0 0 0 0 0 0 0 0 0 0 0 0 0 0 0 1583836345
-15952194 -15388833 21711783 5076310 -2544322 -7366777 243987 -138531 121576 -120369 -40129 -24118 -4836 -46974 -7077 -6028 -2997 -1491 -1011 -7 -196 -270 11879 -251 0 -66 -9 -7 0 0 0 1 -12 0 7 4 0 0 -3 4 0 0 1 0 0 -1 0 0 0 0 0 0 0 0 0 0 0 0 0 0 1583836345
42880343 34146913 -83215672 -52178463 -7252172 50837792 -1827211 -115584 -356178 -101971 -35279 1099 -3030 -63796 56343 -52512 -7266 -7705 -765 -1826 -185 -3011 -60 -292 0 -406 -5 -1 -5 -3 0 5 0 -6 2 0 0 0 0 2 -3 16 0 1 0 -4 2 -1 0 0 0 0 0 4 0 0 0 0 1 0 1583836345
-9598666 -10048336 10406587 -1281025 -7816640 -1174565 -1820618 -139280 64152 -123627 -42432 -38940 -3910 -65564 -22741 4845 -6982 -3025 -954 -846 -217 -553 -79 -201 -3 -65 -12 -5 1 0 0 1 -2 0 1 1 0 0 0 0 0 0 0 0 0 0 0 0 0 0 0 0 0 0 0 0 0 0 0 0 1583836345
-13224089 -13105109 16872730 2391255 -3546240 -4705238 -98033 -137889 84270 -120187 -40272 -51249 -4714 -54742 -11990 -1629 -7859 -2910 -997 -639 -224 -307 -438 -341 -2 -42 -11 -5 1 0 0 1 -1 0 4 -1 0 0 -3 0 0 0 1 0 0 -1 0 0 0 0 0 -2 0 0 -1 0 0 0 0 0 1583836345
62497057 50830497 -118523664 -71191690 -4981098 70512861 -1070305 -105289 -338886 -91997 -31568 192293 -2715 -55756 98202 -92194 -9304 -14927 -697 -3963 -194 -3525 -128 -288 6 -576 -2 5 -4 0 0 0 0 -5 2 -1 0 0 -1 1 -3 21 0 1 0 5 0 2 3 0 0 0 0 0 0 0 0 1 -2 1 1583836345
-1102117 -2843562 -4844301 -9523816 -7680471 7327022 -1834088 -135497 53203 -120286 -41361 54635 -3608 -64059 26881 -34518 8031 -6583 -1034 -1547 -139 -710 -726 -352 -4 -123 -6 -3 0 0 0 0 3 0 3 0 0 0 0 2 0 1 -3 0 1 3 1 0 1 0 0 0 0 0 0 0 0 0 0 0 1583836345
-14027833 -13678776 18116247 3133648 -7701290 -5357705 -1849151 -141837 190954 -125918 -43280 230654 -3486 -62234 -25027 -2261 18094 -521 -1185 1595 -84 8559 -1210 -203 -8 273 -13 -12 5 -5 0 1 -2 -5 -1 11 0 0 -1 0 2 -1 8 -1 -1 1 0 0 0 -1 0 0 -1 0 2 -1 0 0 0 0 1583836345
-11313150 -11542789 13560158 378776 -7764747 -2970340 -1830633 -139987 14949 -124205 -42598 -152760 -4119 -62854 -12967 4103 2018 -2556 -1033 -634 -175 -495 -567 -234 -6 -38 -10 -3 4 0 0 0 -6 3 -1 7 0 0 -1 0 0 0 1 0 1 0 -2 0 2 -1 0 -2 -1 0 0 0 0 0 0 0 1583836345
-11615789 -12046177 14601339 841041 -7275416 -2731989 -1334669 -139975 151748 -123469 -42188 209465 -3756 -77554 12064 -31349 -5913 -2317 -942 -358 -196 -318 -226 -308 -4 605 -20 -20 5 0 0 1 0 -1 0 -1 0 -1 1 3 4 2 1 -1 -1 3 0 1 1 0 0 0 0 2 0 0 0 0 0 0 1583836345
-15737620 -15208324 21339137 4695335 -7600622 -7225527 -1846869 -142135 125831 -126275 -43324 -4901 -3919 -58493 -12803 -3639 -3312 -3029 -1002 -664 -205 -179 -206 -281 -4 52 -12 -9 1 0 0 1 -4 0 0 2 0 -1 0 -2 0 0 -2 0 -1 0 0 0 0 0 0 0 0 0 0 0 0 0 0 0 1583836345
44464843 35863783 -86792397 -53291588 -3012480 52928368 -2250185 -116518 -128670 -103283 -35981 696889 -1338 44522 -69721 4577 72867 6007 -989 -5136 179 -4000 -1568 -359 -17 1619 -22 -17 31 7 0 10 -21 -9 -37 -7 -2 -1 10 -7 31 14 -7 0 0 -16 3 1 4 4 -1 -5 0 0 -1 1 0 0 -4 1 1583836345
-15485516 -14986968 20872596 4451714 -7882998 -6957966 -1819769 -142053 134003 -126152 -43290 24861 -3900 -66164 4021 -12739 -6503 19521 -926 8059 -156 -1527 -136 -282 -2 -81 -12 -20 -21 1 0 1 0 0 2 -1 0 -1 0 0 -5 4 0 0 0 -6 1 0 0 0 0 0 0 0 0 0 0 1 -3 1 1583836345
47034646 37799364 -90926113 -55928354 -3402914 55381494 -2175838 -114705 -217088 -101682 -35363 497125 -1733 32432 -80204 20745 -8402 -7439 -738 -2522 -243 5610 46 -278 5 -260 -9 10 9 2 0 -6 -1 16 0 0 0 0 1 -2 8 -1 -1 0 0 1 0 2 3 0 0 0 0 -2 0 0 0 0 -1 0 1583836345
-16084072 -15501212 21954769 5113586 -5212709 -7543945 -2063518 -142445 119718 -126891 -43554 -17784 -3718 3776 -7037 -5356 -7514 3755 -939 1343 -241 -490 115 -320 -2 -72 -9 -1 7 -1 0 1 -1 0 0 -1 0 -1 1 0 -2 0 0 0 0 -1 0 0 0 0 0 0 0 0 0 0 0 0 0 0 1583836345
-15510400 -15000801 20870217 5078112 9358055 -6715379 5044801 -129918 122788 -106491 -32699 -9584 -6828 -18761 -12487 -2725 -3169 -3278 -1141 -783 -207 -129 -1732 -432 -2 6 -10 -6 1 0 0 1 -6 0 0 -3 0 0 -5 3 0 0 0 0 1 0 1 -1 0 0 0 0 0 0 0 0 0 0 0 0 1583836345
-15668383 -15145435 21195911 4837850 -1790925 -7057488 -271692 -139207 123730 -121667 -40803 -3519 -4488 -7705 -13008 -3260 -3968 -3036 -1033 -685 -230 -157 -587 -390 -3 87 -10 -9 1 -1 0 2 -4 -1 2 -2 0 0 -2 0 0 0 -1 1 0 0 0 0 0 0 0 0 0 0 0 0 0 0 0 0 1583836345
-14882490 -14453933 19740483 4024579 -4210289 -6268882 -201095 -139073 140651 -121358 -40769 71221 -4499 -63951 -15360 -4653 3884 536 -1047 64 -150 -424 -721 1060 -12 120 -49 -7 5 0 0 1 -16 -1 1 -6 -1 -1 6 0 6 0 1 -1 1 0 -1 0 0 0 2 0 1 0 0 0 0 0 0 0 1583836345
-15945506 -15385808 21710224 4969706 -5361498 -7407799 -855347 -140468 121623 -123511 -41824 -24078 -4385 -57021 -11397 -3523 -8735 -2999 -984 -632 -230 -143 -194 -285 -2 -15 -13 -6 1 0 0 1 -3 0 0 0 0 0 -1 0 0 0 0 0 0 0 1 0 0 0 0 0 0 0 0 0 0 0 0 0 1583836345
731650 -1204040 -8460991 -8211513 77690114 10661875 30300835 -77964 55524 -27587 8524 152382 -16620 263756 -26468 1988 27965 -5919 -1819 -2222 -124 -816 -7996 -909 0 -111 9 9 7 7 0 -6 -10 19 4 -12 0 -1 -1 -3 -2 -1 -5 5 -8 0 -3 0 4 -2 0 1 0 -1 0 -1 0 0 1 0 1583836345
65158891 52003144 -121262875 -73867316 -5188324 71131126 -1207067 -102792 -1675156 -88036 -29702 -2124369 -6536 -40408 -28926 117113 -6798 7737 -814 1241 -190 -5673 -377 -163 -22 -251 -3 41 41 15 0 -16 -3 46 1 0 0 -1 -1 0 0 -12 0 0 1 -4 2 10 14 0 0 0 0 1 0 0 0 0 2 -1 1583836345
-16068892 -15456386 21807930 6173573 24799133 -7012897 12286764 -117626 123510 -86130 -21747 -17480 -9990 -22630 -8947 -3437 20825 -2057 -1418 -533 -61 -230 6892 -487 -3 -56 -4 -4 1 0 0 0 -18 0 -13 -3 -1 -1 7 4 3 0 -5 1 0 0 -2 -2 1 1 0 -1 0 0 0 -1 0 0 0 0 1583836345
-1200660 -2974147 -4582299 -9386473 -6149454 7151087 -615300 -133395 -8169 -116728 -39469 -73079 -4411 -87729 -30924 12174 -8942 -3398 -930 -1166 -209 -1032 116 -284 0 -127 -11 -4 1 -1 0 2 0 -1 2 0 0 0 1 0 0 1 0 0 0 -1 0 0 0 0 0 0 0 -1 0 0 0 0 0 0 1583836345
-16047309 -15134877 21216954 5564659 -7916279 -7375508 -1822157 268269 119787 -126237 -43338 -30196 -3996 -65982 -11035 -3757 -5642 -6381 201085 6927 277 23 -620 229 0 -57 -12 -117 24 2 0 0 -4 0 0 0 91 0 16 0 0 0 0 -1 -1 0 0 0 0 0 1 0 0 0 0 0 0 0 0 0 1583836345
-16087191 -15499214 21955838 5028504 -7875056 -7584408 -1821006 -142285 124321 -126358 -43349 -2497 -3950 -65641 -9230 -5218 -6701 1787 -953 823 -206 -410 -62 -307 -2 -60 -12 -3 3 0 0 1 -1 0 1 0 0 0 0 0 2 0 1 0 0 0 1 0 0 0 0 0 0 0 0 0 0 0 0 0 1583836345
-16089470 -15501395 21947166 5275053 -827670 -7476171 927956 -137404 120061 -118477 -39106 -20590 -5123 -45478 -10854 -3654 11954 -3210 -1167 -971 -126 -165 -1728 2169 -19 -20 -74 -5 3 0 0 0 -26 0 -4 -10 0 -1 2 4 3 0 -1 -2 6 0 -4 1 -1 -1 6 -1 1 0 0 1 0 1 0 -1 1583836345
-16089150 -15507665 21973095 5018162 -7878594 -7590348 -1822628 -142240 125028 -126344 -43339 -21367 -3980 -65490 -11215 -3875 -3907 -2877 -999 -587 -204 -167 -192 -358 -3 -29 -11 -4 4 0 0 1 0 0 4 -1 0 0 0 1 0 0 0 1 1 0 2 -1 0 0 0 0 0 0 0 0 0 0 0 0 1583836345
-15859111 -15312531 21559241 4811575 -7450022 -7353239 -1862096 -142173 123811 -126343 -43345 -19219 -3929 -54319 -10640 -4342 -1663 -2866 -1012 -586 -198 -186 755 -361 -3 -31 -10 -6 1 0 0 1 -1 0 0 -3 0 -1 2 0 0 0 0 0 0 0 0 0 0 0 0 0 0 0 0 0 0 0 0 0 1583838187
-15821204 -15261970 21428394 5284905 6624545 -7067690 4716031 -130785 127055 -107646 -33343 -8354 -6788 -63177 -11640 -3410 -4340 -2652 -1121 -517 -190 -158 -1702 -215 -3 -7 -14 -7 0 0 0 1 -10 0 -5 -2 0 0 -3 5 1 0 0 0 2 0 1 0 0 0 0 -3 0 0 0 0 0 0 0 0 1583838187
-15882786 -15326770 21587283 4895843 -6072761 -7346920 -904969 -140619 124538 -123675 -41930 -12274 -4371 -69865 -12126 -3640 -8496 -2874 -982 -584 -222 -159 -155 -249 -3 29 -15 -8 1 0 0 1 -2 0 0 0 0 -1 1 0 0 0 -1 0 0 0 0 0 0 0 0 0 0 0 0 0 0 0 0 0 1583838187
-16068158 -15493542 21938620 5075589 -5673116 -7529753 -951450 -140691 124578 -123841 -41992 -23736 -4350 -59013 -10567 -3957 -8707 -2034 -981 -248 -227 -195 -156 -283 -2 -33 -13 -7 0 0 0 1 -2 0 0 -1 0 0 -1 0 0 0 -1 0 0 0 0 0 0 0 0 0 0 0 0 0 0 0 0 0 1583838187
-14593744 -13921895 18649592 4151161 -4577220 -5751581 -251843 -140814 181338 -122280 -41395 854815 -3214 -74613 149303 -95122 -730 327101 159 114733 686 -19326 -1938 466 8 -2739 5 -56 -220 42 0 -3 -4 6 0 -1 0 -3 0 -7 37 9 2 -1 0 3 0 -2 -4 1 0 -1 0 -9 -1 1 0 0 1 0 1583838187
-15998381 -15421956 21793397 4938944 -7885977 -7481869 -1820029 -142239 133192 -126334 -43342 3133 -3942 -65988 -7097 -6100 -7271 5716 -925 1950 -199 -622 -64 -292 -2 -65 -12 -3 1 0 0 1 -1 0 1 0 0 0 0 -1 6 0 2 0 0 0 0 0 0 0 0 -1 0 0 0 0 0 0 0 0 1583838187
-16080886 -15494022 21944771 5022552 -7874786 -7579089 -1821013 -142282 123704 -126354 -43348 -3196 -3951 -65725 -11300 -4352 -6325 -1539 -963 -452 -213 -212 -111 -181 -3 -36 -16 -3 4 0 0 1 -3 0 1 0 0 0 0 0 4 0 0 0 -1 0 0 0 0 0 0 0 0 0 0 0 0 0 0 0 1583838187
-16089133 -15507449 21972605 5019785 -7834793 -7589299 -1830837 -142250 125175 -126366 -43350 -21058 -3969 -64062 -11154 -3888 3761 -2908 -1055 -628 -167 -191 -526 -426 -5 -30 -7 -4 4 0 0 1 1 0 2 -2 0 0 1 1 0 0 2 0 2 0 -1 1 -1 0 0 1 2 0 0 -1 0 -1 0 0 1583838187
-15025083 -14310318 19499292 4186549 -7734893 -5979747 -1848940 -142830 415374 -126989 -43775 706225 -2708 -65587 11193 -35557 23198 96225 -660 30359 190 -5829 -1749 -217 1 -631 -2 38 18 5 0 0 -5 0 1 8 0 -1 -2 -6 40 -1 7 -1 -2 0 5 -2 1 -2 0 2 0 1 1 -1 0 0 -1 1 1583838187
-16076480 -15496927 21950334 5006663 -7859866 -7577198 -1830833 -142246 125017 -126363 -43351 -20951 -3968 -64680 -11090 -3900 8609 -2858 -1090 -628 -143 -211 -910 -278 -7 -27 -10 -6 1 0 0 1 -3 0 0 9 0 0 -1 3 0 0 3 -2 -2 0 0 0 0 0 0 3 3 0 -3 -1 0 0 0 0 1583838187
-16076501 -15496821 21949834 5011656 -7720774 -7574865 -1673870 -141989 125074 -125923 -43119 -20837 -4053 -69135 -10685 -4100 -7213 -1886 -976 -196 -216 -216 -88 -312 -2 -35 -12 -7 0 0 0 1 0 0 3 0 0 0 0 1 0 0 0 0 0 0 0 0 0 0 0 0 0 0 0 0 0 0 0 0 1583838187
-15811693 -15274552 21478334 4766061 -7414483 -7308322 -1864037 -142148 121701 -126322 -43338 -21753 -3932 -53640 -10149 -4545 -4225 -2760 -997 -532 -211 -182 -171 -215 -4 -19 -14 -6 1 0 0 1 -3 0 0 0 0 -1 1 0 0 0 1 1 0 0 0 1 -1 0 0 0 0 0 1 -1 0 0 0 0 1583838187
-16005713 -15411309 21772929 4984013 -6993731 -7443698 -1577973 -141837 151103 -125688 -42987 38815 -3970 -58151 5748 -12510 -1912 29075 -908 10890 -113 -2050 2591 -297 0 -304 -7 -4 -10 1 0 1 -1 0 4 -1 0 0 0 0 0 0 0 1 0 2 0 0 0 0 0 0 0 -2 0 0 0 0 0 0 1583838187
-15924944 -15361929 21652278 5114769 -753590 -7304576 797454 -137522 123934 -118767 -39258 -18732 -5040 -34736 -11164 -3573 762 -2600 -1086 -515 -189 -186 -822 -266 -4 -21 -10 -6 1 0 0 1 -7 0 -6 -2 0 -1 4 2 0 0 -2 2 0 0 0 0 0 0 0 0 0 0 0 0 0 0 0 0 1583838187
-16052680 -15466563 21885133 5047332 -6222097 -7508408 -1294306 -141299 134217 -124836 -42522 -95 -4149 -55215 -10876 -4580 -1944 -601 -1010 33 -191 -290 -484 476 -7 -35 -35 -2 6 0 0 1 -9 0 3 2 0 -1 1 0 0 0 2 2 0 0 0 2 -2 0 0 0 0 0 -2 1 0 0 0 0 1583838187
-16076078 -15482410 21903905 5354292 1768623 -7404432 2152446 -135284 129157 -115009 -37244 -9323 -5641 -43855 4525 -10191 -2002 22290 -1029 8863 -129 -1644 -904 -380 -1 -257 -5 -12 -18 2 0 1 -5 0 1 0 0 -1 5 1 -3 -1 -2 2 0 3 -2 0 0 0 0 0 0 -1 0 0 0 0 0 0 1583838187
-15270783 -14580310 20031070 4783115 161453 -6347369 1186451 -137746 232645 -118143 -39028 577579 -4225 -36670 117067 -72968 3935 249889 -156 86927 489 -14764 1493 -8 10 -2077 9 -26 -145 30 0 -1 -4 3 -1 -2 0 -3 3 -7 37 3 1 0 0 4 -1 -3 -1 0 0 0 0 1 0 0 0 -1 4 -1 1583838187
-16066845 -15488453 21932441 4997929 -7874094 -7567130 -1821085 -142232 125028 -126332 -43335 -19451 -3979 -65577 -10349 -4222 -7024 -1310 -966 -165 -216 -237 -70 -212 -3 -33 -15 -5 2 0 0 1 -2 0 1 1 0 0 0 0 1 0 0 0 0 0 0 0 0 0 0 0 0 0 0 0 0 0 0 0 1583838187
-15770783 -15205827 21340445 4742228 -7885999 -7207063 -1819971 -142252 154833 -126333 -43362 67335 -3832 -66422 126 -10500 -6755 22351 -814 6382 -154 -1498 -138 -273 -1 -108 -12 4 5 3 0 1 0 0 2 0 0 0 0 -5 25 3 0 0 1 -2 1 0 0 0 0 0 0 4 0 0 0 0 1 0 1583838187
-16066862 -15488618 21932775 4997501 -7885864 -7567643 -1820214 -142231 124850 -126330 -43334 -19810 -3980 -65813 -10419 -4180 -6735 -1455 -968 -222 -215 -230 -60 -317 -2 -32 -12 -5 2 0 0 1 -1 0 3 0 0 0 0 0 2 0 0 1 0 0 1 0 0 0 0 0 0 0 0 0 0 0 0 0 1583838187
-16018263 -15425837 21802764 4981481 -7807329 -7494559 -1844376 -142363 131964 -126444 -43402 37451 -3854 -63066 -9551 -6181 19175 4125 -1107 995 -74 -601 -1231 -490 -8 -61 -4 1 6 0 0 1 5 0 1 -1 0 0 1 -1 9 0 -3 -1 4 0 -3 1 0 0 0 -2 0 0 0 0 0 -1 0 0 1583838187
-15896174 -15338613 21615677 4850291 -7551468 -7380323 -1873433 -142244 129063 -126422 -43390 -3153 -3883 -55707 -9249 -4812 40081 1025 -1275 -54 17 -505 -2075 -637 -12 -28 2 0 5 0 0 1 0 0 3 8 0 0 0 -3 7 1 9 0 0 0 1 -1 1 1 0 -4 -1 0 0 1 0 0 0 0 1583838187
-16062990 -15485120 21925418 4994174 -7888805 -7563048 -1819778 -142231 125118 -126329 -43334 -19186 -3979 -65904 -9966 -4447 -6738 -538 -974 319 -212 -299 -82 -308 -2 -43 -12 -7 0 0 0 1 -1 0 1 0 0 0 0 0 0 0 2 0 0 0 0 0 0 0 0 0 1 0 0 0 0 0 0 0 1583838187
-15702708 -15051171 21030374 4755301 -7878718 -7004099 -1825598 -142614 221489 -126629 -43544 312577 -3421 -67525 40816 -35432 3630 108628 -668 39042 127 -6712 -1061 -96 1 -946 -6 -32 -84 14 0 0 -3 3 -1 6 0 -1 0 1 4 6 1 -2 -1 -9 0 -1 0 0 0 1 0 0 -1 0 0 0 -1 0 1583838187
-16050644 -15462272 21876564 5043303 -6497275 -7510054 -1221505 -141233 132658 -124657 -42440 10127 -4182 -64626 -9078 -5429 4216 2540 -1021 502 -148 -450 -869 734 -10 -43 -39 1 9 0 0 0 -12 0 2 0 0 -1 2 0 10 1 3 -1 0 0 -2 0 0 -1 3 0 0 0 0 0 0 0 0 0 1583838187
-7629837 -8225959 6571420 -2939157 -4299080 1093772 -2140953 -139276 178093 -124085 -42761 354846 -2903 23251 104461 -70148 -3670 160315 -324 55283 185 -9837 -692 -109 7 -1283 2 -13 -86 22 0 -2 -2 8 0 -1 0 -1 1 -7 35 16 0 0 0 -3 0 -1 0 0 0 0 0 -5 0 0 0 0 -2 0 1583838187
-16089489 -15507895 21967958 5131071 -4686006 -7541683 -2111617 -142459 120706 -126994 -43592 -27660 -3684 16932 -10299 -3803 -7061 -2047 -973 -469 -260 -168 -113 -250 -3 -31 -14 -2 6 0 0 1 -4 0 1 0 0 0 -1 -1 1 0 0 0 0 0 0 0 0 0 0 0 0 0 0 0 0 0 0 0 1583838187
-16068419 -15478971 21892833 5413849 3797013 -7369772 1288721 -136474 124553 -117280 -38364 -20177 -5092 39672 -10156 -3792 4427 -1838 -1131 -251 -205 -210 -1602 -17 -6 -34 -16 -6 0 0 0 1 -12 0 -3 0 0 0 -1 4 0 0 -2 -4 -5 0 -1 0 0 0 0 0 0 0 -1 0 0 0 0 0 1583838187
-16054895 -15195895 21333577 5626053 -3497993 -7337505 -2238333 168866 119853 -127266 -43737 -29499 -3549 48066 -10919 -3518 27204 -6567 181207 5842 336 -45 -1646 1832 -16 6 -56 12 -2 0 0 -1 -25 0 -1 -6 -53 -1 0 1 0 0 5 -1 -2 0 1 3 -2 2 4 -3 0 0 1 0 0 0 0 0 1583838187
-15845650 -15297747 21529078 4792480 -7744837 -7337648 -1832656 -142162 127009 -126283 -43323 -10344 -3948 -62265 -7723 -5632 -7436 3989 -957 2052 -205 -581 208 -289 -2 -74 -14 -10 -5 0 0 1 0 0 0 -1 0 -1 1 0 -1 0 0 0 0 0 0 0 0 0 0 0 0 0 0 0 0 0 0 0 1583838187
-16067374 -15487820 21927722 5072070 -5748107 -7531986 -2014788 -142378 124484 -126773 -43508 -20629 -3776 -10381 -5797 -5980 -7307 5925 -958 2787 -226 -670 -57 -311 -2 -106 -11 -10 -7 0 0 1 -2 0 0 -2 0 0 0 0 -2 0 0 0 0 0 0 0 0 0 0 0 0 -1 0 0 0 0 0 0 1583838187
-13509346 -13536130 17579160 4242177 -345895 -7112451 943016 -140672 -1669773 -116013 -38477 -12504 -5023 -33071 -13014 -3292 16207 -2721 -1171 -1074 -111 -348 -1422 3 -83 8 -21 -6 1 0 0 1 -13 2 -13 6 0 -1 2 0 0 0 -7 2 1 0 3 -2 1 0 0 0 0 0 0 0 0 0 0 0 1583838187
-15959360 -14333584 19570657 7150330 4112858 -6700972 3151571 2899580 114013 -108835 -34992 -29387 -6037 -40324 -10227 -3363 -4951 -3149 -1523 -721 -208 -105 -1309 -319 -2 -25 -13 -5 1 0 0 1 -6 0 -3 -4 0 0 0 3 0 0 2 0 0 0 1 -1 0 0 0 0 0 0 0 0 0 0 0 0 1583838187
-16063075 -15484776 21919150 5096803 -5070585 -7521518 -852483 -140504 120421 -123538 -41821 -27487 -4380 -50897 -10988 -3609 -6077 -3129 -1004 -710 -221 -134 -105 -326 -3 -16 -10 -4 4 -1 0 1 -2 0 0 -3 0 0 0 1 0 0 1 0 0 0 1 0 0 0 0 0 0 0 0 0 0 0 0 0 1583838187
-16088868 -15508578 21971405 5079390 -6178011 -7566769 -1248660 -141210 120945 -124684 -42440 -28020 -4220 -56569 -10950 -3666 -2209 -3206 -1024 -739 -200 -145 -384 -322 -4 -23 -12 -2 7 -1 0 1 -3 0 -3 -3 0 0 0 0 0 0 0 0 0 0 -1 0 0 0 0 0 1 0 -1 0 0 0 0 0 1583838187
-15717707 -15156836 21213644 5109045 4815445 -6977429 3041762 -133488 145447 -112311 -35795 2881 -5945 -20281 -12621 -3410 -6461 -2609 -1076 -508 -226 -157 -989 -362 -1 92 -5 -10 0 0 0 2 0 -1 -5 -1 -1 -2 7 0 0 0 0 0 0 0 0 0 0 0 0 0 0 0 0 0 0 0 0 0 1583838187
-15971605 -15407792 21731260 5401714 4283118 -7366980 2944703 -133974 44162 -112606 -35989 -28553 -6006 -40425 -10349 -3369 5983 -2930 -1159 -832 -156 -157 -1474 -230 -9 -20 -15 -6 1 0 0 1 -13 0 -9 -2 0 0 0 3 0 0 -4 1 0 0 0 0 0 0 0 0 0 0 -1 0 0 0 0 0 1583838187
-16084073 -15461038 21878125 5091082 -7893841 -7568487 -1822387 -13997 120362 -126196 -43305 -30195 -3989 -65595 -10884 -3672 4592 -3341 -291 -763 -162 -167 -732 -475 -5 -26 -7 -5 1 0 0 2 3 0 10 0 0 0 2 10 2 0 -2 -6 -4 0 -1 1 -1 -3 -8 -1 6 0 4 6 0 0 0 0 1583838187
-14579633 -14247797 19301023 3565947 -7858189 -6112156 -1821267 -141585 96107 -125692 -43118 -39083 -3989 -65400 -10797 -3170 -7255 -2210 -969 -343 -218 -280 -56 -212 -4 81 -16 -10 1 -1 0 2 -2 -1 0 1 0 0 0 0 0 0 0 0 0 0 0 0 0 0 0 0 0 0 0 0 0 0 0 0 1583838187
-15750639 -15222472 21368404 4701747 -7871172 -7254296 -1821140 -142125 118395 -126205 -43293 -20275 -3975 -65569 -11631 -3561 -7248 -2266 -973 -353 -219 -212 -55 -203 -3 39 -16 -9 1 0 0 1 -2 0 0 1 0 0 0 0 0 0 0 0 0 0 0 0 0 0 0 0 0 0 0 0 0 0 0 0 1583838187
-15932920 -15375343 21692781 4871786 -7853436 -7432208 -1824305 -142187 123874 -126289 -43323 -17165 -3968 -65080 -11373 -3815 -3675 -2365 -993 -561 -202 -195 -261 -66 -5 2 -17 -7 1 0 0 1 -5 0 1 2 0 0 0 0 0 0 0 0 -1 0 0 0 0 -1 0 0 -1 0 0 0 0 0 0 0 1583838187
4230002 1371637 -13840837 -14700975 -7616124 12079946 -1830300 -132736 -339913 -117225 -40177 -558704 -4571 -60602 1104 16137 1674 3391 -989 1417 -157 -1737 -610 207 -13 52 -20 -2 7 1 0 0 -6 8 1 4 0 -1 0 3 0 1 0 -2 -4 -5 1 1 -1 0 0 0 0 0 0 -1 0 1 -1 0 1583838187
-14784086 -14419273 19664743 3752445 -7859973 -6320034 -1821215 -141633 99721 -125764 -43139 -48427 -4008 -65288 -9237 -3569 -6751 -1195 -971 38 -214 -330 28 -314 -3 -30 -12 -5 1 1 0 0 0 3 2 -1 0 -1 0 0 0 -1 0 0 0 0 0 1 1 0 0 0 0 0 0 0 0 0 0 0 1583838187
-16089121 -15507415 21972616 5018086 -7886155 -7590139 -1820205 -142238 125183 -126338 -43336 -21055 -3982 -65874 -11029 -3966 -6465 -2487 -980 -428 -216 -181 -100 -197 -3 -32 -13 -4 4 0 0 1 -2 0 1 -1 0 0 0 2 0 0 -1 0 0 0 0 1 -1 -1 0 0 0 0 0 0 0 0 0 0 1583838187
952924205 784194661 -1674283590 -933648780 2474141 964124716 -1903062 292432 -7403391 272244 88183 1461486 13601 -36587 940953 -751580 1175 -94138 2641 -31414 371 -46505 -986 189 39 -1312 34 0 -32 -52 0 60 -7 -108 -2 2 0 0 0 0 14 39 4 0 -4 19 0 2 3 2 0 0 -2 -23 0 0 0 -4 13 -5 1583838187
-16066101 -15483604 21922598 5003853 -7889365 -7564657 -1819790 -142259 124566 -126340 -43340 -9854 -3963 -65977 -11750 -3927 -7472 -2791 -958 -937 -222 -133 -22 -310 -2 -19 -14 -3 5 0 0 1 0 0 2 0 0 0 0 0 4 0 0 0 0 0 0 0 0 0 0 -1 0 0 0 0 0 0 0 0 1583838187
-16012971 -15428635 21807734 4976417 -7120937 -7468950 -1174620 -141164 144032 -124549 -42400 9585 -4244 -79901 1920 -10213 -5342 20883 -945 8526 -139 -1595 -381 -241 -1 -221 -10 -15 -19 1 0 1 0 0 0 0 0 -1 0 4 -5 0 -1 -1 0 -1 0 0 0 0 0 0 0 -1 0 0 0 0 0 0 1583838187
61881064 50846323 -118451930 -70583509 -6779075 70312556 -1858030 -107499 38708 -95329 -33185 582071 -1691 -59583 -157811 65734 -4411 -4214 -618 -4126 -167 -4818 -153 -150 15 1429 -34 -41 6 0 0 -1 -3 3 0 0 0 -2 0 0 0 -4 1 1 0 -8 1 -1 -4 0 0 0 0 0 1 -1 0 1 -4 2 1583838187
-15792826 -15239732 21369029 5483433 13079356 -6943185 5809335 -128558 117969 -104332 -31463 -24260 -7056 30114 -10405 -2931 46849 -3505 -1488 -1021 21 -290 9663 -542 -9 -30 12 -5 1 0 0 1 -3 0 -3 -8 -1 -1 11 0 0 0 -7 4 0 0 -3 0 0 1 0 0 0 0 1 -1 0 0 0 0 1583838187
-14020041 -13761817 18272030 3082410 -6139117 -5499605 -1124060 -140118 110743 -123515 -41996 -4020 -4213 -62318 -16485 -1135 -2565 -3335 -1015 -855 -196 -269 -321 767 -9 32 -41 -9 1 0 0 1 -11 0 2 -1 0 -1 0 -1 0 0 0 -1 0 0 -1 -1 0 -1 1 0 0 0 0 0 0 0 0 0 1583838187
-11960472 -12010434 14557038 1247737 -1783672 -3363533 641642 -136128 105958 -117656 -39015 20362 -4879 -50452 -19757 117 -3915 -3149 -1027 -822 -203 -392 460 -254 -2 4 -13 -6 1 0 0 0 -3 3 -4 0 0 -1 3 -1 0 -1 -1 0 0 0 0 0 2 0 0 0 0 0 0 0 0 0 0 0 1583838187
165836480 146586849 -320174536 -171232920 -5189872 168478948 -1941627 -62204 -795672 -53473 -19779 1654691 1734 -51498 542109 -477528 5284 -49938 -355 -11724 -62 -5682 -672 1311 -4 -894 -35 40 1 30 0 -32 -13 73 6 5 0 2 4 2 0 78 0 2 -1 2 -4 -10 -15 -4 4 1 0 1 0 1 0 1 -3 1 1583838187
-16083308 -15503916 21962795 5048548 -6911906 -7574236 -1388730 -141484 120772 -125097 -42671 -29272 -4182 -65199 -10892 -3687 -5370 -3092 -998 -663 -211 -146 -193 -211 -3 -22 -12 -6 1 0 0 1 -2 0 0 0 0 0 0 0 0 0 -2 0 2 0 0 0 0 0 0 0 1 0 -1 0 0 0 0 0 1583838187
15805823 11418851 -35064032 -25656295 -4254081 24213482 -499721 -126081 -93942 -109671 -37092 187671 -3676 -58739 -68209 29638 3847 -1582 -977 -130 -140 6877 75 1111 -9 182 -47 -10 5 -5 0 2 -15 -3 3 0 0 0 -1 -3 6 1 1 0 0 -2 -1 1 -1 0 2 1 2 0 0 0 0 0 1 0 1583838187
-11279756 -11465213 13407410 362942 -7822765 -2835986 -1821670 -140089 74628 -124337 -42670 -31392 -3922 -65276 -19453 2193 -6869 -3137 -960 -830 -218 -439 -41 -310 -3 -5 -12 1 6 7 0 -8 0 14 1 0 0 -1 0 -1 0 -3 1 0 -1 0 0 -2 -2 0 0 0 0 0 0 0 0 0 0 0 1583838187
-16056345 -15480012 21914022 4995256 -7849171 -7558809 -1824896 -142253 121247 -126337 -43337 -23575 -3981 -64934 -10815 -3942 -4419 -2325 -995 -374 -205 -199 -218 -12 -5 6 -18 -3 7 -1 0 1 -4 0 1 2 0 0 0 0 0 0 0 -1 0 0 0 0 0 0 1 0 0 0 0 0 0 0 0 0 1583838187
-16048119 -15471783 21888020 5150210 -3084178 -7474694 -31484 -139046 119943 -121186 -40559 -28925 -4723 -46686 -10368 -3645 8007 -2765 -1118 -743 -149 -189 -1217 585 -10 -15 -38 -6 1 0 0 0 -15 0 -7 -2 0 -1 4 5 1 0 -4 1 5 0 -1 1 -1 0 1 -3 0 0 -1 0 0 1 0 0 1583838187
313653994 315185889 -671415101 -314264806 758658 288909473 -107656 2394 -1596992 9775 1424 4519944 8209 -69634 -480253 80819 -11928 -30827 579 -17095 -51 -15521 -538 205 16 -991 -22 -43 -92 5 0 1 -2 -8 0 -3 0 -3 0 2 -6 -10 0 2 0 18 -2 -4 -5 -1 1 0 0 2 0 0 0 0 -1 0 1583838187
-15822529 -15215638 21369208 4723358 -7883458 -7279737 -1820000 -142021 182433 -126293 -43318 -6482 -3954 -65914 -12746 -3612 -6986 -3107 -975 -690 -220 -157 -17 -315 0 44 -13 -8 1 0 0 2 0 0 2 -1 0 0 0 0 0 0 0 0 0 0 0 0 0 0 0 0 0 0 0 0 0 0 0 0 1583838187
-16066213 -15485876 21925439 5034277 -6780426 -7547586 -1571290 -141752 126147 -125597 -42927 -20604 -4062 -53552 -11489 -3734 -7515 -3131 -980 -675 -228 -136 0 -257 -3 -19 -14 -6 1 0 0 1 -2 0 0 1 0 0 0 -1 0 0 0 0 0 0 0 0 0 0 0 0 0 0 0 0 0 0 0 0 1583838187
-16081702 -15484533 21899640 5531641 6553350 -7335634 3615455 -132630 124406 -110771 -34934 -20587 -6216 -11061 -8332 -4430 4791 581 -1167 689 -164 -358 -1766 499 -8 -57 -25 -7 -2 0 0 0 -15 0 -6 3 0 -1 0 1 0 0 -2 3 0 0 2 2 -1 -1 0 -1 -1 0 0 0 0 0 0 0 1583838187
-14969705 -14550877 19948799 3960550 -7876599 -6442596 -1820026 -141853 129255 -125948 -43223 29840 -3880 -66175 -7149 -7224 -6403 8735 -946 3805 -184 -916 -145 -227 -3 83 -16 -18 -10 0 0 2 -3 -2 1 1 0 -1 0 1 -2 0 0 0 -1 0 0 0 0 0 0 0 0 -1 0 0 0 0 0 0 1583838187
-16040444 -15467181 21886186 4987217 -7595438 -7541462 -1569799 -141817 120191 -125612 -42957 -26093 -4111 -71299 -10844 -3699 -7595 -2757 -962 -909 -219 -135 -83 -309 -3 -3 -12 -5 3 0 0 1 0 0 2 0 0 0 0 0 2 0 0 0 0 0 0 0 0 0 0 0 0 0 0 0 0 0 0 0 1583838187
12688411 8937089 -29776437 -22520396 -4790106 21404566 -744721 -128535 75149 -112160 -38140 504159 -3081 -59867 -81773 18804 -9055 3646 -814 944 -192 -2324 -291 -294 0 1008 -28 -43 -8 -2 0 3 -1 -8 3 0 0 -2 0 1 -1 -3 1 0 0 0 0 -1 -2 1 0 0 0 0 1 0 0 0 0 -1 1583838187
-16077104 -15499015 21952091 5048242 -6741276 -7565067 -1405063 -141494 120670 -125132 -42685 -28673 -4164 -60598 -10061 -4037 -7281 -1659 -982 -108 -219 -224 -106 -321 -2 -31 -12 -7 0 0 0 1 -1 0 2 0 0 0 1 0 0 0 0 0 0 0 0 0 0 0 0 0 0 0 0 0 0 0 0 0 1583838187
-15262401 -14799908 20475565 4239085 -7885801 -6747509 -1818707 -141956 125555 -126040 -43244 7516 -3921 -66200 -14652 -3045 -7008 -3030 -972 -675 -219 -199 -67 -316 -3 85 -14 -10 1 -1 0 2 -1 -1 3 0 0 0 0 1 0 0 0 0 0 0 0 0 0 0 -1 0 0 0 0 1 0 0 0 0 1583838187
-16066911 -15489038 21933566 4997722 -7874126 -7568136 -1820978 -142231 124489 -126330 -43334 -20586 -3980 -65523 -11289 -3796 -7256 -2908 -967 -795 -221 -139 -24 -305 -3 -18 -12 -4 3 0 0 1 -1 0 1 0 0 0 0 0 2 0 1 0 0 0 1 0 0 0 0 0 0 0 0 0 0 0 0 0 1583838187
-15088846 -14624828 20104402 4160459 -7868077 -6585432 -1821382 -142208 94286 -126050 -43273 65125 -3829 -66185 8111 27736 -7207 -8868 -1695 16424 -198 27731 -6 -186 -2 -452 -7 -28 -19 -41 0 -18 0 0 0 1 0 30 3 -1 -1 -2 1 0 0 0 0 0 0 -1 0 0 -1 0 0 0 0 0 0 0 1583838187
-14719294 -14325977 19474885 3720200 -7866076 -6186066 -1822163 -141755 135492 -125865 -43193 30335 -3871 -65820 -16220 -2910 -4753 -1896 -980 -290 -205 -307 -127 -343 -3 158 -11 -9 5 -2 0 2 0 -2 3 -1 0 0 0 0 0 0 0 1 0 0 1 0 0 0 0 0 0 0 0 0 0 0 0 0 1583838187
-15234611 -14671178 20213520 4400986 -7874997 -6654263 -1821662 -142645 127153 -126250 -43315 34773 -3873 -65894 -13408 -916 -6763 -2178 -1047 1600 -212 8818 -60 -241 -2 38 -14 -12 -1 -3 0 1 -2 -2 0 1 0 0 0 0 0 -1 0 0 0 0 0 0 0 0 0 0 0 0 0 0 0 0 0 0 1583838187
2055383 -242105 -10369739 -12546269 -7120447 10388760 -1877833 -134124 -37111 -118954 -40900 -18887 -3630 -50045 -39963 15678 950 -2822 -962 -1114 -179 -1306 245 -370 -3 -129 -5 7 9 7 0 -6 0 24 -1 -4 0 -1 3 0 0 -5 1 0 0 0 0 0 1 0 0 0 0 0 0 0 0 0 0 0 1583838187
16995139 12308069 -36982502 -26684794 2965533 25292186 2278163 -120047 -205219 -100820 -32443 -83011 -5292 -32591 72614 -58913 -7650 -9033 -954 -1998 -213 -1378 -1017 -401 -2 -198 -8 24 19 19 0 -23 0 26 9 -2 1 0 -6 3 0 -1 2 1 0 6 1 -2 0 0 0 0 0 1 0 0 0 0 0 0 1583838187
22020123 16598481 -46037544 -31984826 -7444116 30138875 -1832698 -124862 -179785 -110546 -38090 -74617 -3465 -62921 -20851 4835 5027 -5698 -929 -2112 -145 -2229 -664 -435 -1 -281 -3 3 2 2 0 -1 0 9 2 0 0 0 1 1 -1 3 2 0 0 5 -1 2 0 1 0 0 1 0 1 -2 0 0 0 0 1583838187
57951865 47083690 -110595149 -66276712 -7103107 66048528 -1831346 -110816 -454321 -96562 -33649 533765 -1893 -66634 -23013 81819 -5726 1858 -2299 41223 -87 205924 329 -266 22 -2506 38 36 -30 -24 0 -36 5 14 -1 2 0 31 3 1 -3 7 1 0 0 -10 5 -1 0 0 0 0 0 1 0 0 0 -1 3 -1 1583838187
-15975911 -15409955 21763634 4969142 -6231520 -7448661 -1984323 -142333 123749 -126678 -43479 -20288 -3798 -21740 -10679 -3919 20394 -2069 -1167 -380 -104 -301 1281 -524 -7 -33 0 -6 0 0 0 1 1 0 -13 -13 -1 -2 7 0 0 0 1 0 -1 0 0 -1 0 0 0 0 0 0 0 0 0 0 0 0 1583838187
163486125 135421709 -297921930 -167330115 41928970 170614516 18987990 -24791 -1754258 8074 13535 -549255 -10958 -3520 -251716 188708 5533 -8378 -818 -7635 -64 -10758 815 -426 3 -444 7 40 27 19 0 -26 -10 27 -8 -6 0 -1 1 6 -1 -3 0 0 0 -3 2 -7 0 -1 0 1 0 -12 0 -1 0 -1 2 -1 1583838187
113788200 93869221 -209752966 -120407890 6907587 121441901 3534688 -74383 -901047 -57497 -17417 205576 -3799 -27349 -142213 72172 -4626 -15373 -615 -7840 -168 -7140 -1400 -406 8 -884 3 23 -2 10 0 -11 1 8 4 -3 0 0 0 0 0 -6 1 0 0 0 -1 0 -1 1 0 -3 0 0 -1 0 0 0 -1 0 1583838187
-15937867 -15318481 21564613 5247253 -134147 -7272689 934258 -137627 124859 -118478 -39070 -9671 -5070 -28190 -12018 -3549 -1504 -3255 -1074 -760 -205 -134 -915 -361 -3 67 -9 -8 1 -1 0 1 -6 0 1 -4 0 0 0 0 0 0 -2 1 -1 0 -2 0 0 0 0 0 0 0 0 0 0 0 0 0 1583838187
-14857563 -14150139 19166662 3632198 -7825428 -6185102 -1833168 -141151 387473 -126124 -43248 9770 -3900 -64244 -9364 5700 7363 -5340 -1263 3347 -146 7095 -589 -466 5 66 -7 -17 -3 -12 0 -2 7 -2 4 -3 0 6 2 -1 0 -1 -2 1 2 0 -1 0 0 0 0 0 0 0 0 0 0 0 0 0 1583838187
-16085434 -15504542 21966416 5016180 -7833424 -7585583 -1829964 -142247 125101 -126362 -43349 -20756 -3970 -64142 -10118 -4317 2953 -1207 -1045 26 -167 -290 -486 -324 -5 -42 -11 -7 0 0 0 1 0 0 2 2 0 0 0 1 0 0 2 0 0 0 0 0 0 0 0 1 1 0 0 -1 0 0 0 0 1583838187
-15950955 -15395125 21733760 4886555 -7866451 -7457637 -1821611 -142179 119681 -126277 -43315 -25022 -3985 -65412 -11520 -3547 -6698 -3155 -980 -687 -219 -148 -84 -144 -4 10 -17 -7 1 0 0 1 -3 0 1 0 0 0 0 0 0 0 1 1 0 0 0 0 0 -1 0 0 -1 0 0 0 0 0 0 0 1583838187
-15548734 -15015965 20937140 4552597 -7745527 -6991158 -1832623 -142235 142538 -126279 -43350 79769 -3792 -62878 -6876 2829 -7099 551 -1129 5362 -202 6257 346 -302 -2 48 -13 -10 2 -9 0 -8 0 -4 2 -1 0 7 1 -2 6 0 0 0 0 0 0 5 6 0 0 0 0 0 0 0 0 0 1 0 1583838187
-15457128 -14915758 20721152 4610226 -5455374 -6871409 -2061666 -142601 122017 -126787 -43534 12095 -3649 -1318 -14191 -3291 32931 -3395 -1247 -956 -53 -301 4387 -471 -10 173 0 -12 1 -1 0 2 1 -2 -10 -14 -1 -1 7 0 0 0 0 1 0 0 -1 1 -1 0 0 -1 0 0 0 0 0 0 0 0 1583838187
-16081025 -15498602 21949584 5099815 -5389116 -7540440 -996941 -140756 124252 -123963 -42048 -21673 -4312 -51212 -5761 4527 -8826 -5726 -1184 3605 -231 7232 -159 -303 -1 -173 -10 -10 -2 -11 0 -3 -1 0 0 -1 0 7 0 0 0 0 1 0 0 0 1 0 0 0 0 0 0 0 0 0 0 0 0 0 1583838187
4158064 1588915 -14268670 -13982414 8822484 12786660 4945309 -121400 -29556 -98724 -30202 14208 -6459 -28676 -38247 15845 -2059 9405 -1039 3470 -153 -2115 -1850 -249 -1 -15 -10 -12 -8 1 0 0 -9 1 -4 -5 0 0 -3 3 -2 -2 -1 0 0 -1 0 -1 0 0 0 -1 0 -2 0 0 0 0 -1 0 1583838187
-16081450 -15490528 21927344 5231891 -1787466 -7470473 363989 -138365 129063 -120086 -39959 -9669 -4858 -37770 17732 -15753 -6119 43691 -927 17278 -100 -2935 -772 -60 -1 -452 -11 -25 -44 4 0 1 -2 0 0 -3 0 -1 -1 3 -10 -6 1 1 0 7 0 0 -1 0 0 0 0 0 0 0 0 0 -1 0 1583838187
-15380541 -14844829 20582540 4381796 -7890189 -6763063 -1818819 -142176 184252 -126280 -43370 128999 -3742 -67093 61418 -38175 -4539 128021 -695 49583 141 -8077 -682 -115 4 -1126 -1 -64 -129 14 0 1 0 -1 2 -1 0 -2 0 8 -29 -21 0 0 -1 16 -3 -1 -1 0 -1 0 0 -1 1 0 0 0 -2 1 1583838187
-15864273 -15310758 21545884 5017720 -1846997 -7261980 558776 -137953 124233 -119448 -39643 -17816 -4961 -47327 -11808 -3358 2012 -3314 -1091 -791 -178 -157 -947 43 -6 -20 -27 -6 1 0 0 1 -11 0 -4 2 0 -1 3 -1 0 0 -5 2 0 0 0 0 0 0 0 -1 0 0 0 0 0 0 0 0 1583838187
-16045666 -15471688 21896689 4977257 -7855164 -7547504 -1828182 -142228 123959 -126341 -43341 -21786 -3972 -64767 -11200 -3814 5945 -2946 -1071 -653 -156 -198 -750 -186 -6 -21 -11 -6 1 0 0 1 -2 0 5 -2 0 0 0 7 1 0 -2 2 1 0 1 1 -1 -2 0 0 -1 0 -1 0 0 0 0 0 1583838187
83488963 67127313 -153198465 -91015392 -6657172 93469022 -1863279 -99702 -46301 -87394 -30805 1233965 -292 -63530 335404 -305050 23826 -1417 -699 3569 67 -4740 -1551 -288 0 1860 -24 -68 -13 -2 0 1 -4 -10 -2 14 0 -1 -2 2 -10 17 10 0 0 16 -3 -1 2 0 0 -1 0 1 1 -1 0 0 -3 1 1583838187
-16065117 -15487299 21929865 4997029 -7852940 -7566165 -1827119 -142238 124377 -126347 -43342 -21558 -3975 -65014 -11436 -3749 851 -3255 -1035 -753 -181 -161 -446 197 -7 -18 -24 -6 1 0 0 1 -5 0 0 1 0 0 0 0 0 0 0 -1 0 0 -2 -1 0 -1 0 0 0 0 0 0 0 0 0 0 1583838187
72714409 59468921 -136832845 -80725110 -6135202 80693356 -1910938 -103635 -530071 -90516 -31637 496965 -1613 -44717 -96378 28503 3970 1293 -653 -872 -105 -5663 -567 73 -6 1316 -38 -31 11 4 0 -6 -7 5 -1 4 0 -2 0 1 -4 -3 2 2 0 -1 1 4 0 1 0 -3 -1 -1 -1 0 0 0 1 0 1583838187
-11006498 -11230531 12910674 108363 -7674587 -2557807 -1834813 -140004 73631 -124280 -42669 -10483 -3880 -61546 73262 -62329 -6435 -4428 -942 -733 -210 -41 104 -319 -4 -34 -11 1 9 3 0 2 -2 3 0 -1 0 0 1 0 -2 6 0 0 0 4 0 0 1 0 0 0 0 0 0 0 0 0 2 -1 1583838187
-16017445 -15428773 21781749 5529497 8509616 -7225257 -3319345 -143389 128208 -129756 -44685 -6783 -2363 357799 -11838 -3244 658 -2456 -1054 -563 -396 -97 -781 500 -8 -5 -32 -7 1 0 0 0 -17 0 2 0 0 0 -7 -6 -1 0 -2 -1 -4 0 0 0 0 -1 0 1 0 0 0 0 0 0 0 0 1583838187
-15635579 -15115595 21134654 4788512 -2184054 -7030646 -2340555 -142477 124816 -127363 -43754 -6098 -3398 80847 -12230 -3449 -5782 -1575 -988 -143 -285 -227 -240 -73 -4 2 -16 -8 0 0 0 1 -6 0 2 0 0 0 -3 -1 0 0 0 2 -2 0 0 1 -1 -2 0 1 -1 0 0 0 0 0 0 0 1583838187
-13021777 -12912437 16473376 2147562 -4962193 -4477559 -2083799 -141078 113551 -125708 -43172 8999 -3602 8729 -19129 45 -6817 -3266 -970 -853 -255 -308 -147 332 -5 -49 -29 -6 0 0 0 1 -8 0 4 -2 0 0 0 0 0 0 0 0 0 0 1 0 0 0 0 0 0 0 0 0 0 0 0 0 1583838187
-11600311 -11692717 13893128 789274 -7268071 -3085258 -1876732 -140647 86141 -124739 -42828 27952 -3766 -50713 -17291 -1625 326 353 -995 500 -179 -646 1980 -383 -4 230 -14 -17 -2 -1 0 3 0 -4 4 -2 0 -1 0 -1 0 0 0 1 0 0 0 0 0 0 0 0 0 0 0 0 0 0 0 0 1583838187
-13874175 -13370933 17482408 3226657 3042226 -4956109 3580001 -131967 334890 -110513 -35011 159255 -6029 -86140 -22665 -4106 -6911 -233 -1051 316 -184 -431 -1183 -275 4 329 -18 -21 -4 -1 0 3 -1 -4 -3 0 0 -1 2 1 0 -2 -1 0 1 1 1 -1 0 0 0 0 0 0 0 0 0 0 0 0 1583838187
-15992855 -15413969 21752695 5380290 4800672 -7280596 3083990 -133544 122324 -112264 -35756 -23387 -6016 -23293 -9206 -4006 3170 -616 -1147 238 -170 -293 -1646 686 -9 -46 -35 -7 0 0 0 0 -14 0 -8 -4 -1 -1 5 3 0 0 -4 7 1 0 0 5 -4 -4 0 0 -3 1 0 0 0 0 0 0 1583838187
-15259811 -14786072 20447687 4266961 -6980637 -6701797 -1339599 -141143 143380 -124723 -42544 42852 -4076 -69362 -16016 -3773 -7977 -2470 -965 -448 -219 -235 1571 -287 -2 55 -14 -10 0 0 0 2 -2 -1 2 0 0 0 0 0 0 0 0 0 0 0 0 0 0 0 0 0 0 0 0 0 0 0 0 0 1583838187
-15952194 -15388833 21711783 5076310 -2544322 -7366777 243987 -138531 121576 -120369 -40129 -24118 -4836 -46974 -7077 -6028 -2997 -1491 -1011 -7 -196 -270 11879 -251 0 -66 -9 -7 0 0 0 1 -12 0 7 4 0 0 -3 4 0 0 1 0 0 -1 0 0 0 0 0 0 0 0 0 0 0 0 0 0 1583838187
42880343 34146913 -83215672 -52178463 -7252172 50837792 -1827211 -115584 -356178 -101971 -35279 1099 -3030 -63796 56343 -52512 -7266 -7705 -765 -1826 -185 -3011 -60 -292 0 -406 -5 -1 -5 -3 0 5 0 -6 2 0 0 0 0 2 -3 16 0 1 0 -4 2 -1 0 0 0 0 0 4 0 0 0 0 1 0 1583838187
-9598666 -10048336 10406587 -1281025 -7816640 -1174565 -1820618 -139280 64152 -123627 -42432 -38940 -3910 -65564 -22741 4845 -6982 -3025 -954 -846 -217 -553 -79 -201 -3 -65 -12 -5 1 0 0 1 -2 0 1 1 0 0 0 0 0 0 0 0 0 0 0 0 0 0 0 0 0 0 0 0 0 0 0 0 1583838187
-13224089 -13105109 16872730 2391255 -3546240 -4705238 -98033 -137889 84270 -120187 -40272 -51249 -4714 -54742 -11990 -1629 -7859 -2910 -997 -639 -224 -307 -438 -341 -2 -42 -11 -5 1 0 0 1 -1 0 4 -1 0 0 -3 0 0 0 1 0 0 -1 0 0 0 0 0 -2 0 0 -1 0 0 0 0 0 1583838187
62497057 50830497 -118523664 -71191690 -4981098 70512861 -1070305 -105289 -338886 -91997 -31568 192293 -2715 -55756 98202 -92194 -9304 -14927 -697 -3963 -194 -3525 -128 -288 6 -576 -2 5 -4 0 0 0 0 -5 2 -1 0 0 -1 1 -3 21 0 1 0 5 0 2 3 0 0 0 0 0 0 0 0 1 -2 1 1583838187
-1102117 -2843562 -4844301 -9523816 -7680471 7327022 -1834088 -135497 53203 -120286 -41361 54635 -3608 -64059 26881 -34518 8031 -6583 -1034 -1547 -139 -710 -726 -352 -4 -123 -6 -3 0 0 0 0 3 0 3 0 0 0 0 2 0 1 -3 0 1 3 1 0 1 0 0 0 0 0 0 0 0 0 0 0 1583838187
-14027833 -13678776 18116247 3133648 -7701290 -5357705 -1849151 -141837 190954 -125918 -43280 230654 -3486 -62234 -25027 -2261 18094 -521 -1185 1595 -84 8559 -1210 -203 -8 273 -13 -12 5 -5 0 1 -2 -5 -1 11 0 0 -1 0 2 -1 8 -1 -1 1 0 0 0 -1 0 0 -1 0 2 -1 0 0 0 0 1583838187
-11313150 -11542789 13560158 378776 -7764747 -2970340 -1830633 -139987 14949 -124205 -42598 -152760 -4119 -62854 -12967 4103 2018 -2556 -1033 -634 -175 -495 -567 -234 -6 -38 -10 -3 4 0 0 0 -6 3 -1 7 0 0 -1 0 0 0 1 0 1 0 -2 0 2 -1 0 -2 -1 0 0 0 0 0 0 0 1583838187
-11615789 -12046177 14601339 841041 -7275416 -2731989 -1334669 -139975 151748 -123469 -42188 209465 -3756 -77554 12064 -31349 -5913 -2317 -942 -358 -196 -318 -226 -308 -4 605 -20 -20 5 0 0 1 0 -1 0 -1 0 -1 1 3 4 2 1 -1 -1 3 0 1 1 0 0 0 0 2 0 0 0 0 0 0 1583838187
-15737620 -15208324 21339137 4695335 -7600622 -7225527 -1846869 -142135 125831 -126275 -43324 -4901 -3919 -58493 -12803 -3639 -3312 -3029 -1002 -664 -205 -179 -206 -281 -4 52 -12 -9 1 0 0 1 -4 0 0 2 0 -1 0 -2 0 0 -2 0 -1 0 0 0 0 0 0 0 0 0 0 0 0 0 0 0 1583838187
44464843 35863783 -86792397 -53291588 -3012480 52928368 -2250185 -116518 -128670 -103283 -35981 696889 -1338 44522 -69721 4577 72867 6007 -989 -5136 179 -4000 -1568 -359 -17 1619 -22 -17 31 7 0 10 -21 -9 -37 -7 -2 -1 10 -7 31 14 -7 0 0 -16 3 1 4 4 -1 -5 0 0 -1 1 0 0 -4 1 1583838187
-15485516 -14986968 20872596 4451714 -7882998 -6957966 -1819769 -142053 134003 -126152 -43290 24861 -3900 -66164 4021 -12739 -6503 19521 -926 8059 -156 -1527 -136 -282 -2 -81 -12 -20 -21 1 0 1 0 0 2 -1 0 -1 0 0 -5 4 0 0 0 -6 1 0 0 0 0 0 0 0 0 0 0 1 -3 1 1583838187
47034646 37799364 -90926113 -55928354 -3402914 55381494 -2175838 -114705 -217088 -101682 -35363 497125 -1733 32432 -80204 20745 -8402 -7439 -738 -2522 -243 5610 46 -278 5 -260 -9 10 9 2 0 -6 -1 16 0 0 0 0 1 -2 8 -1 -1 0 0 1 0 2 3 0 0 0 0 -2 0 0 0 0 -1 0 1583838187
-16084072 -15501212 21954769 5113586 -5212709 -7543945 -2063518 -142445 119718 -126891 -43554 -17784 -3718 3776 -7037 -5356 -7514 3755 -939 1343 -241 -490 115 -320 -2 -72 -9 -1 7 -1 0 1 -1 0 0 -1 0 -1 1 0 -2 0 0 0 0 -1 0 0 0 0 0 0 0 0 0 0 0 0 0 0 1583838187
-15510400 -15000801 20870217 5078112 9358055 -6715379 5044801 -129918 122788 -106491 -32699 -9584 -6828 -18761 -12487 -2725 -3169 -3278 -1141 -783 -207 -129 -1732 -432 -2 6 -10 -6 1 0 0 1 -6 0 0 -3 0 0 -5 3 0 0 0 0 1 0 1 -1 0 0 0 0 0 0 0 0 0 0 0 0 1583838187
-15668383 -15145435 21195911 4837850 -1790925 -7057488 -271692 -139207 123730 -121667 -40803 -3519 -4488 -7705 -13008 -3260 -3968 -3036 -1033 -685 -230 -157 -587 -390 -3 87 -10 -9 1 -1 0 2 -4 -1 2 -2 0 0 -2 0 0 0 -1 1 0 0 0 0 0 0 0 0 0 0 0 0 0 0 0 0 1583838187
-14882490 -14453933 19740483 4024579 -4210289 -6268882 -201095 -139073 140651 -121358 -40769 71221 -4499 -63951 -15360 -4653 3884 536 -1047 64 -150 -424 -721 1060 -12 120 -49 -7 5 0 0 1 -16 -1 1 -6 -1 -1 6 0 6 0 1 -1 1 0 -1 0 0 0 2 0 1 0 0 0 0 0 0 0 1583838187
-15945506 -15385808 21710224 4969706 -5361498 -7407799 -855347 -140468 121623 -123511 -41824 -24078 -4385 -57021 -11397 -3523 -8735 -2999 -984 -632 -230 -143 -194 -285 -2 -15 -13 -6 1 0 0 1 -3 0 0 0 0 0 -1 0 0 0 0 0 0 0 1 0 0 0 0 0 0 0 0 0 0 0 0 0 1583838187
731650 -1204040 -8460991 -8211513 77690114 10661875 30300835 -77964 55524 -27587 8524 152382 -16620 263756 -26468 1988 27965 -5919 -1819 -2222 -124 -816 -7996 -909 0 -111 9 9 7 7 0 -6 -10 19 4 -12 0 -1 -1 -3 -2 -1 -5 5 -8 0 -3 0 4 -2 0 1 0 -1 0 -1 0 0 1 0 1583838187
65158891 52003144 -121262875 -73867316 -5188324 71131126 -1207067 -102792 -1675156 -88036 -29702 -2124369 -6536 -40408 -28926 117113 -6798 7737 -814 1241 -190 -5673 -377 -163 -22 -251 -3 41 41 15 0 -16 -3 46 1 0 0 -1 -1 0 0 -12 0 0 1 -4 2 10 14 0 0 0 0 1 0 0 0 0 2 -1 1583838187
-16068892 -15456386 21807930 6173573 24799133 -7012897 12286764 -117626 123510 -86130 -21747 -17480 -9990 -22630 -8947 -3437 20825 -2057 -1418 -533 -61 -230 6892 -487 -3 -56 -4 -4 1 0 0 0 -18 0 -13 -3 -1 -1 7 4 3 0 -5 1 0 0 -2 -2 1 1 0 -1 0 0 0 -1 0 0 0 0 1583838187
-1200660 -2974147 -4582299 -9386473 -6149454 7151087 -615300 -133395 -8169 -116728 -39469 -73079 -4411 -87729 -30924 12174 -8942 -3398 -930 -1166 -209 -1032 116 -284 0 -127 -11 -4 1 -1 0 2 0 -1 2 0 0 0 1 0 0 1 0 0 0 -1 0 0 0 0 0 0 0 -1 0 0 0 0 0 0 1583838187
-16047309 -15134877 21216954 5564659 -7916279 -7375508 -1822157 268269 119787 -126237 -43338 -30196 -3996 -65982 -11035 -3757 -5642 -6381 201085 6927 277 23 -620 229 0 -57 -12 -117 24 2 0 0 -4 0 0 0 91 0 16 0 0 0 0 -1 -1 0 0 0 0 0 1 0 0 0 0 0 0 0 0 0 1583838187
-16087191 -15499214 21955838 5028504 -7875056 -7584408 -1821006 -142285 124321 -126358 -43349 -2497 -3950 -65641 -9230 -5218 -6701 1787 -953 823 -206 -410 -62 -307 -2 -60 -12 -3 3 0 0 1 -1 0 1 0 0 0 0 0 2 0 1 0 0 0 1 0 0 0 0 0 0 0 0 0 0 0 0 0 1583838187
-16089470 -15501395 21947166 5275053 -827670 -7476171 927956 -137404 120061 -118477 -39106 -20590 -5123 -45478 -10854 -3654 11954 -3210 -1167 -971 -126 -165 -1728 2169 -19 -20 -74 -5 3 0 0 0 -26 0 -4 -10 0 -1 2 4 3 0 -1 -2 6 0 -4 1 -1 -1 6 -1 1 0 0 1 0 1 0 -1 1583838187
-16089150 -15507665 21973095 5018162 -7878594 -7590348 -1822628 -142240 125028 -126344 -43339 -21367 -3980 -65490 -11215 -3875 -3907 -2877 -999 -587 -204 -167 -192 -358 -3 -29 -11 -4 4 0 0 1 0 0 4 -1 0 0 0 1 0 0 0 1 1 0 2 -1 0 0 0 0 0 0 0 0 0 0 0 0 1583838187
