-16088203 -15510352 21977226 5030845 -7523495 -7591245 -1854133 -142263 119323 -126403 -43361 -28058 -3961 -56444 -9253 -2099 -9744 -3092 -959 -606 -238 -191 152 -44 -3 -26 -10 -6 1 0 0 1 4 0 -1 -1 0 0 0 0 0 0 1 1 0 0 1 0 0 0 0 -1 0 0 0 0 0 0 0 0 1583838658
-16091963 -15486034 21878200 6127701 23663226 -7053298 -4705095 -144462 119671 -132937 -45959 -25470 -978 733532 -10658 -2412 -17245 -2159 -945 -480 -679 56 -318 -456 1 -18 34 -3 1 0 0 2 19 0 -7 1 0 0 -5 3 0 0 7 -5 10 1 3 4 -3 10 -2 -4 -7 0 -4 8 -1 3 3 7 1583838658
-16087391 -15502132 21946724 5331796 1030307 -7440997 -2634043 -142869 119107 -128192 -44073 -24953 -3140 159869 -9605 -1637 -11812 -3209 -977 -120 -359 -205 -34 -357 -1 -22 -2 -4 2 1 0 2 4 0 0 0 0 0 0 0 0 0 3 -1 2 0 1 1 -1 2 0 -1 -1 0 -1 1 0 1 1 2 1583838658
-16089804 -15507971 21968859 5116234 -5141040 -7550178 -2070050 -142430 120544 -126898 -43553 -29803 -3732 5344 -10895 -3581 -10335 -2986 -958 -622 -273 -118 120 -290 -2 -25 -8 -4 1 0 0 1 1 0 0 -2 0 0 0 -1 0 0 1 0 0 0 0 0 0 0 0 0 0 0 0 0 0 0 0 0 1583838658
-16087891 -15504332 21961250 5119009 -5168399 -7548386 -2078942 -142469 118887 -126934 -43578 -16120 -3711 4286 -4654 5962 -10339 -6196 -1139 3076 -267 -3266 173 1734 -13 21 -16 -17 -1 -12 0 -3 22 0 -7 4 0 8 -1 2 1 0 6 15 0 0 3 3 -2 3 0 -8 0 0 3 0 0 0 0 0 1583838658
-16089029 -15500485 21938822 5389188 2404536 -7423614 3294519 -133428 118978 -111814 -35577 -27899 -6263 -85113 -9374 -1837 -19429 -3549 -1018 160 -257 -168 440 75 -1 -27 -3 -6 1 0 0 2 14 0 3 1 0 0 0 -4 -1 0 0 -1 1 0 1 1 -1 0 2 0 0 0 1 0 0 0 0 0 1583838658
-16065524 -15490054 21928053 5122419 -5376887 -7539309 -491280 -140079 101178 -122577 -41343 -295 -4553 -74653 9506 18956 -12270 -6213 -1133 3198 -232 -787 -56 -200 -2 -18 45 -6 2 -1 0 1 0 0 1 0 0 0 -2 0 0 0 0 0 1 0 1 0 0 0 0 0 0 0 0 0 0 0 0 0 1583838658
-16083282 -15506810 21969769 5021241 -7878120 -7594004 -1820684 -142261 115464 -126330 -43336 -22304 -3989 -66376 -5637 2300 -9676 -3983 -1009 477 -231 -303 83 19 -4 -24 15 -6 2 0 0 2 22 0 2 1 0 0 -1 5 1 0 0 0 -3 0 0 0 0 0 -1 0 0 0 0 -1 0 -2 0 1 1583838658
-16088242 -15510201 21977520 5019064 -7890761 -7597072 -1818408 -142238 119405 -126322 -43329 -27492 -3997 -66366 -11059 -3723 -9646 -3062 -958 -673 -232 -133 80 198 -5 -20 -19 -5 2 1 0 -1 0 -1 3 -1 0 0 0 0 0 0 0 0 0 0 0 0 0 0 0 0 0 0 0 0 0 0 0 0 1583838658
-16047446 -15475071 21897367 5089778 -6601164 -7544257 -1946561 -142563 88485 -126650 -43484 23093 -3791 -32636 21640 34995 -10177 -10018 -1345 7877 -243 -1696 108 -246 -3 -5 -8 -6 2 -1 0 1 0 0 0 0 0 2 -1 -1 0 0 0 1 0 0 0 0 0 0 0 0 0 0 0 0 0 0 0 0 1583838658
-16080810 -15408979 21746568 5719404 8371590 -7264491 -3433574 -144087 120138 -130220 -44890 -27706 -2356 358504 -10788 -3018 -13494 -2587 -951 -554 -469 -34 -4 -20 -2 18 18 78 -15 -2 0 1 9 0 -5 1 1 0 -10 -2 0 0 -2 4 -1 0 0 -3 2 2 -1 0 0 0 1 0 0 0 0 0 1583838658
-481 39 206 -371 -382 305 547 -63 97 -76 58 518 -66 56 550 -117 -582 -240 328 423 -18 -196 116 -233 -172 390 359 180 37 386 66 12 95 -229 -719 -255 813 46 308 124 110 49 50 72 3 -381 777 436 -70 -494 149 62 -100 369 64 208 784 431 187 -10 -217 -21 584 -302 416 -110 -413 -411 324 -242 -83 -43 -293 432 88 565 -249 68 344 -867 420 -8 -332 -464 41 49 251 -405 140 25 322 241 -394 61 6 122 -442 297 63 213 -221 183 85 -276 306 0 -300 413 262 -732 124 161 -105 22 46 216 -157 -231 202 -78 -123 -529 -6 170 -34 448 161 404 796 226 57 421 328 15 23 115 -249 -395 342 -403 -405 61 -119 553 148 298 -88 -282 441 -349 -77 -16 -210 -353 -182 248 -800 -218 -229 240 158 120 340 274 -181 -289 100 294 -501 -142 233 260 -23 -339 11 -242 -370 -245 -210 238 199 -262 -42 -266 -150 151 -85 -78 25 -143 -319 -89 -13 341 232 10 -76 553 221 338 92 -36 -579 -246 454 -54 -283 -99 335 333 30 353 69 183 251 -577 -299 -296 -33 367 148 -139 28 -191 -234 -49 300 -147 -192 -184 281 -379 25 -215 -511 198 -546 173 -195 -358 482 117 45 -289 203 338 242 225 -372 219 284 153 15 -125 -226 -229 -71 -287 -22 525 318 -358 64 -260 -58 133 -189 -273 187 -478 -289 497 -213 -186 -222 292 -196 175 117 419 114 334 178 -84 -555 -158 71 344 -592 -111 -302 152 -78 133 -593 -205 242 -14 -411 143 39 669 144 -135 255 266 1 -467 -166 -123 214 150 220 -126 188 -25 -61 -354 258 107 399 175 -183 -87 -48 30 138 149 -29 -65 153 -258 -347 -180 -129 -227 164 57 -90 -94 67 -215 -99 304 169 -9 251 58 -273 -290 -74 59 91 -325 296 -246 -53 -27 49 486 -202 336 149 -27 41 -44 19 -367 54 -188 143 335 -289 -620 111 24 203 -479 -214 -19 135 376 -609 233 73 -661 -132 284 88 -154 -16 -288 480 -56 320 -97 -244 90 -285 -137 -235 -202 -123 -211 282 44 342 -191 56 315 -29 -270 -484 37 -228 34 -47 353 -99 91 31 600 166 64 -118 167 1583863281
-128 330 375 -57 324 -369 235 -196 -165 227 294 -128 444 -420 -267 -197 -108 236 63 190 -418 408 -50 4 -253 267 457 -153 495 -50 -283 173 -396 -449 352 202 815 15 31 -261 -731 206 334 -160 477 398 0 229 -193 345 -162 -243 73 -474 1062 -290 -137 -46 477 34 99 190 -303 197 48 -7 -86 642 95 305 -748 -69 -87 18 221 540 -95 237 149 -320 53 -94 65 242 -219 -274 416 110 -367 234 -432 12 29 38 229 -128 178 -221 -142 -484 51 598 -550 -422 193 -269 -203 -274 -165 188 -234 -70 537 62 340 49 -246 -895 -517 -828 326 -247 -183 -382 841 346 321 205 261 20 370 571 21 194 -32 -186 -34 -228 471 -84 -233 417 -95 -138 -116 -46 250 273 251 -231 293 -528 212 432 382 510 -75 -218 -277 -13 0 -206 -86 -52 124 156 -10 -432 55 -216 301 -284 -285 302 -422 -291 -133 32 -196 -306 10 109 70 -84 -4 20 -222 -243 221 -219 376 -202 452 266 40 -267 16 -229 120 126 -192 629 -25 -62 -213 349 280 101 197 321 67 -53 -315 -20 -474 103 141 309 234 -407 565 16 -35 130 240 -98 -109 44 2 -272 -87 -108 211 -142 35 -187 -156 -329 460 256 667 -214 345 36 -411 700 79 -907 13 30 -69 -384 -143 -454 -127 119 -184 63 -67 -291 208 -223 378 -411 585 -324 32 132 474 24 -724 -124 332 -105 -280 511 -360 354 298 -150 35 -292 -168 575 -305 235 180 24 198 227 472 514 161 27 302 212 175 67 -113 -393 61 -2 -239 -387 75 -87 350 74 -37 158 -95 -260 185 28 21 242 451 -499 -214 261 -131 -234 110 464 90 65 369 -220 -324 70 143 -56 192 -48 245 51 310 -7 9 -329 -71 -85 -110 242 309 208 -32 -779 -212 -19 -61 351 212 -152 98 -465 -573 249 -111 70 299 283 126 -10 -136 -22 239 235 -368 77 -377 120 -405 303 -31 -43 50 -84 100 477 120 328 373 -93 -78 479 -118 -83 14 150 611 -38 -33 149 -87 198 -200 -28 -174 61 237 682 41 80 195 -135 124 -81 -62 -395 194 128 48 -218 149 119 81 -148 -24 287 -86 233 -80 135 87 -348 1583863281
200 234 -246 333 -76 835 42 -860 470 488 122 351 -28 285 378 -427 220 247 2 245 323 -384 128 367 -115 123 -133 285 -215 264 5 177 75 -469 -351 -87 -14 -419 -284 139 -28 252 149 160 979 15 -272 -13 -3 286 -660 696 189 73 542 114 533 34 37 -144 398 -386 569 -61 -354 -420 315 513 -261 105 -226 -294 124 245 -1014 369 90 332 321 -485 90 -3 1109 -69 -334 92 -60 167 -142 -61 -215 175 -53 -387 25 229 -172 297 137 -11 463 -505 -165 -331 496 -306 -133 -444 -301 241 94 -452 329 460 263 515 -119 361 -465 35 -247 -276 -267 -213 -56 372 -425 49 -158 171 -288 -240 -153 -277 435 103 334 -239 299 -233 -153 -59 -115 -332 159 38 -12 -77 87 88 -459 118 -55 -564 -269 194 289 210 411 -225 262 -149 327 163 52 -320 -337 -257 83 -20 314 118 261 -58 41 385 149 13 293 -79 -200 472 302 248 -157 -133 -117 -123 506 20 173 -324 392 152 148 169 -33 446 -223 -123 569 -378 57 -128 60 89 41 88 -24 -128 -268 -255 31 350 -36 -562 -460 61 -4 -132 77 315 30 228 359 150 126 -156 485 60 -334 61 -31 -14 235 -219 -163 28 -180 80 25 49 25 -11 90 35 -416 416 -207 -154 -95 92 297 447 -38 167 73 -44 19 154 -266 -390 59 -377 -684 36 -246 484 371 -280 -136 345 -129 547 -418 -252 80 -131 170 -264 264 -462 -136 230 180 33 -293 113 -224 124 -312 -7 19 -132 -309 19 94 -525 -33 -253 6 -18 76 121 375 -543 -328 157 -18 -62 97 174 -430 -332 -101 27 -53 233 137 364 166 89 507 21 12 -32 -46 -319 22 -556 -111 176 -168 297 535 230 -58 137 -59 248 -129 75 -80 -52 413 -269 -307 -619 -16 -252 -293 -250 215 261 -266 84 -195 -142 -114 -87 -222 -192 -82 -136 742 -226 -135 259 -313 -72 -42 -135 126 1 166 -220 233 285 155 127 -59 -216 3 326 0 482 -88 163 -108 -66 -106 242 129 240 -451 168 -191 -165 313 -200 -272 -138 306 -19 -26 -32 118 151 265 -519 197 -129 -33 -213 -354 -39 65 216 466 4 463 -133 0 138 243 -69 1583863281
697 496 -284 145 -103 477 89 -301 34 154 -247 -48 356 387 197 117 166 -379 209 116 -16 -648 -591 37 -767 -130 420 -490 -430 574 353 -26 -26 38 -543 355 23 -159 -118 103 109 -261 -401 44 -352 170 70 -725 -103 -372 284 -47 239 -81 -222 305 128 377 295 4 -321 -467 -192 -160 362 -145 0 -257 484 237 171 -213 -137 24 49 268 253 -43 523 980 -86 -380 233 -73 239 -583 -150 328 430 586 -128 261 -490 530 -41 -168 558 368 18 -307 -126 -6 -155 173 172 -199 417 -71 -535 -260 -180 -305 -306 -162 -472 -116 -213 -280 34 -289 173 -70 201 -407 96 180 243 -663 -89 254 -275 -16 -67 286 323 -36 -176 9 1029 3 292 -13 -222 292 134 29 236 239 -31 346 -292 -512 -433 -215 84 355 -246 -119 -130 -7 -640 369 262 -95 251 284 -152 -61 -650 -209 -17 -77 -182 343 -75 285 53 -387 77 190 8 -238 18 -571 261 131 293 143 -38 -418 145 -652 155 209 122 -61 469 -98 -370 -401 227 -55 18 182 11 -316 -387 -212 195 -185 -417 -597 263 350 139 -294 36 -119 319 -207 -83 -516 278 -218 -73 53 -471 -647 -167 56 305 -123 53 -172 101 69 -221 184 -68 -101 -291 218 219 -206 462 -381 -1 111 -196 -86 -630 413 89 221 41 250 383 3 -130 -375 -188 -295 -99 77 -323 239 28 -23 105 -129 -353 -214 440 -305 -340 181 466 48 -83 -455 31 382 -85 65 -260 297 -278 144 266 110 121 85 379 394 -110 228 263 -224 333 274 -156 -670 -79 87 57 -24 -405 -217 274 -137 166 229 -208 -90 375 12 291 -108 663 162 -180 -442 194 341 -226 73 167 99 84 262 115 -175 1 -155 85 224 -125 243 485 -45 410 52 84 349 264 -320 -303 -28 -4 -136 62 317 -14 341 -227 250 -409 241 273 122 -186 -148 -46 505 17 64 -88 -127 59 187 -18 41 220 143 282 68 134 104 133 -164 -136 2 68 57 592 76 -297 30 -381 321 -123 41 122 -309 51 253 -121 38 74 182 -242 44 352 34 407 373 -35 -47 -78 252 95 102 -151 265 183 113 -236 -91 144 -387 -130 82 132 395 526 369 1583863281
-469 -86 -10 -349 76 704 575 -123 499 -286 593 430 29 69 -76 28 737 13 17 -466 -57 216 -379 409 -584 169 -604 -651 195 -118 332 -10 10 656 -422 -116 59 -170 102 -10 -549 570 364 112 -265 -6 -296 538 -575 268 -295 -75 -359 -78 -262 201 -206 -295 -84 -532 123 167 -337 -156 229 237 525 583 -384 336 642 67 -375 94 -13 -231 -343 290 -377 -249 -684 -276 -298 -424 20 -126 198 342 -146 -280 182 -239 161 -283 25 -95 -108 169 366 300 -91 116 301 -12 383 187 -364 324 495 193 264 92 -96 201 1 190 378 97 654 -357 -391 -209 245 -34 -348 596 219 -397 -5 -502 -454 91 -2 293 443 -746 -114 173 -288 122 -205 303 -76 96 -432 136 -294 65 193 -187 -186 -230 -307 234 315 11 345 -449 -62 -36 -550 -246 -404 -281 98 -132 -82 110 -639 210 95 27 -157 -274 -213 -3 -162 -90 -172 110 -32 -195 277 -168 121 112 -216 -238 -236 -404 -480 209 585 -28 81 -345 -362 332 -80 -86 179 38 -270 304 218 221 79 468 -199 -151 -73 217 513 194 130 250 660 -295 192 -715 -272 -453 371 -535 3 -294 -11 289 76 211 -349 254 -358 217 -570 174 -413 335 -69 113 527 495 -103 315 -120 22 763 104 -29 123 -535 -189 21 79 -241 0 -10 9 331 412 311 77 75 238 455 -81 481 141 -572 277 -157 270 -187 -50 -417 -225 25 -174 98 169 423 -219 105 -304 -148 -132 148 155 427 -29 206 190 110 134 14 -72 -208 419 -74 -368 312 44 52 65 103 224 10 376 133 107 48 370 -177 -464 78 105 151 29 245 -32 -83 74 166 396 -424 192 -178 170 -49 -521 -50 -363 151 -171 -57 -101 -118 141 -164 -240 -51 -52 372 104 -113 -243 -78 238 17 30 331 9 -58 -37 -45 -504 345 216 222 237 -182 -311 20 171 2 -152 438 356 156 -171 214 116 304 -52 -320 155 -4 -357 -100 -347 13 -1 279 160 51 -175 -288 38 -59 -360 -13 -76 190 -210 195 -154 84 -105 -358 -696 -169 99 213 90 185 -50 -18 160 -328 -15 -242 96 -85 -150 -86 -300 -294 -23 166 -143 357 571 -31 -125 -358 119 1583863281
-211 -379 43 141 10 -326 353 325 -292 380 -29 -381 268 -408 -56 342 -83 -95 244 397 -137 -5 256 364 77 -561 -39 784 -53 566 -76 -506 -750 -239 -185 -190 160 341 404 125 570 -93 -677 -1060 -104 -119 -226 -47 -179 406 -19 233 -802 286 -78 -295 -15 -344 -284 501 871 -369 -177 135 -235 712 -5 90 21 -298 -107 94 59 354 -353 -618 -744 -336 143 -358 -218 -351 483 -505 522 -575 -5 188 -309 -139 242 258 381 -310 -523 -11 169 -53 260 -322 -56 -440 318 168 -185 -248 334 -401 246 -58 -122 -244 -368 -539 -394 -502 71 358 238 -320 -228 538 -32 467 -140 375 134 202 -69 -34 -73 129 -156 243 311 -383 -425 -603 20 -163 -22 -288 -144 123 124 -608 -148 223 -346 151 -171 229 -110 5 350 31 -196 49 -433 -535 243 -314 238 303 -170 805 -188 -160 -176 6 -250 -207 607 107 77 355 -92 278 -567 -371 98 87 -14 338 -368 -61 -227 110 -421 -464 9 403 -115 -74 292 225 -267 -165 541 374 342 46 -353 -62 -430 -832 -90 44 98 424 -291 -180 221 -89 -23 527 -835 536 -7 -24 -103 414 223 266 -39 -181 333 7 -129 -117 -144 245 120 364 -139 -19 253 -210 134 -384 255 348 136 125 -455 48 -281 -302 -579 -197 -144 58 -261 -32 180 127 53 -216 -242 203 -10 -239 322 245 278 -181 -256 112 2 -750 592 89 -311 -150 250 -82 -218 -28 -127 -137 -211 291 77 111 599 -124 -43 -216 120 51 161 126 -254 -268 -200 -411 -218 133 242 72 -233 246 42 -30 -250 -609 41 87 -10 215 206 -81 68 225 341 -34 -96 101 -131 307 -270 -155 362 372 103 -132 -92 149 17 49 -344 147 402 370 -19 97 -127 -90 21 50 -300 82 -220 -311 301 -207 -13 566 -307 392 189 -200 -435 193 -85 -19 -476 -171 -54 210 -154 -373 211 249 -252 30 87 -147 150 -51 57 308 -296 -107 164 -136 -271 79 -102 -241 -73 53 82 -74 -292 -219 -195 -76 -322 -2 25 -103 250 -23 149 261 114 -132 478 328 -81 290 385 244 -113 151 -119 -144 -54 -65 -225 21 187 68 388 -135 186 61 199 26 219 303 323 -58 151 -315 1583863281
-498 -104 -161 398 9 -258 149 -21 -522 365 -94 791 -332 -145 -28 89 71 340 -374 451 -126 -311 -328 98 21 614 -99 306 138 -244 355 -16 -147 694 469 234 -514 -123 186 -269 -186 347 -470 274 -128 -522 -124 295 -188 169 35 102 341 -375 516 173 -94 -81 -104 566 100 16 431 -31 -338 257 -356 31 -94 385 314 47 18 -142 -191 -137 -293 -461 -12 458 -456 96 165 -536 639 -318 283 444 -112 -622 -191 -258 164 399 -21 362 -14 126 -272 25 -181 -757 -217 37 551 -301 173 -117 -468 -93 -674 308 6 -488 -271 -103 -92 -208 -178 -11 50 -208 -703 304 198 -238 -148 -83 378 -6 51 -145 -347 289 -266 -291 -187 -245 226 168 -209 9 -746 -60 -100 438 118 347 368 164 -160 -218 106 -194 -230 524 262 4 405 872 -160 -17 -153 137 -23 -210 146 -121 257 -231 -105 -82 624 -314 -33 -113 110 798 -602 -294 18 -23 -72 231 -85 -27 -538 142 -252 -129 -633 226 103 63 -150 -101 659 -113 11 -36 193 -52 196 288 125 564 129 -79 156 -367 -71 0 -153 -526 -16 -217 -268 -12 340 -159 -211 645 119 -213 121 74 245 -317 323 -132 -302 123 -97 -85 287 66 180 194 -25 61 -389 -119 66 364 -15 95 -68 476 87 488 594 -127 -293 137 259 152 145 82 85 -159 323 -534 -135 96 -167 -65 -380 367 222 -110 261 515 81 -6 266 -195 -48 332 -157 78 -23 -132 -578 -225 641 173 49 21 34 -113 -197 248 -117 -137 241 6 -234 284 -422 -93 -404 198 -259 8 109 443 258 -767 171 -226 -7 -506 61 -446 108 16 239 202 535 -359 47 76 -10 497 121 -204 140 -190 339 -150 317 -24 60 218 391 -348 -154 42 725 327 -582 738 216 430 142 -285 -322 29 -50 -32 -618 -294 434 392 0 -125 -251 334 101 -416 -286 -207 46 -133 60 -39 239 205 -88 68 -378 197 5 -319 -172 -204 -179 240 -228 -165 108 236 34 1 82 -193 -316 120 214 303 -33 -75 -384 -322 -241 -341 166 133 -189 -182 -379 -196 -676 159 -6 -215 172 583 -228 62 -232 -233 170 -74 108 -37 -71 550 116 -360 -119 8 -220 -270 36 345 1583863281
-112 352 -470 110 175 229 -22 664 123 139 -121 83 30 -454 252 -60 318 -296 677 -330 -103 236 353 -455 420 140 -65 -339 265 207 -10 115 -91 -367 -350 757 44 312 -410 -230 652 176 249 -594 -213 -229 -448 291 224 352 471 723 80 52 17 -166 298 -203 94 44 -375 -427 -115 -380 460 78 -241 -404 -251 -150 -93 -202 -386 -86 -72 -265 62 -45 -232 346 161 372 384 -111 340 355 -187 51 352 84 393 -155 -651 357 -419 -90 -132 11 36 -285 273 159 -618 -236 -10 -164 -605 -48 -130 76 -369 498 285 177 119 -326 908 -24 204 -316 148 152 -38 -587 -230 -56 202 -230 125 177 -218 -340 193 201 -427 178 -669 -533 -291 393 29 298 114 -354 81 50 131 70 -388 88 -18 -272 169 -42 -680 459 -56 322 -622 -229 67 -42 102 -383 -34 157 313 -187 -203 -32 507 -276 325 93 215 281 -98 -417 -22 -153 158 -256 82 -44 -45 -277 -39 574 200 -7 316 20 -491 449 29 107 931 44 -31 -136 345 226 -288 102 -210 -349 128 163 476 143 206 210 154 229 190 -377 -381 233 -90 113 -427 -20 191 384 446 407 476 -256 248 -122 292 -249 253 -83 -353 -23 -175 -416 -66 -315 368 -106 247 -97 411 -179 71 253 -41 -522 49 -247 -279 -204 63 -122 -881 111 -524 -510 305 -515 -399 76 170 360 -205 94 101 321 -121 -426 -8 35 -559 -39 -76 193 252 -103 -76 -52 -57 -41 -627 188 262 305 261 -476 -366 409 -207 37 -133 -32 174 -64 169 -127 -142 173 -98 -512 -548 -37 421 -61 136 362 -151 170 148 119 -172 250 -131 -335 148 27 88 -58 68 120 282 137 104 -597 -185 -317 223 196 -441 199 -508 216 -193 63 -90 239 725 -10 -281 -50 128 305 57 194 -250 113 -304 367 -115 -8 205 78 -135 113 -88 405 -193 69 56 -128 -367 393 32 -393 238 68 -326 40 -133 112 597 -212 -171 377 -183 -155 107 -176 21 320 -495 133 158 359 -78 225 174 -322 297 106 -488 -445 119 -40 -81 162 126 -406 494 270 28 115 8 53 331 479 -416 320 60 523 318 50 -182 33 -153 -152 380 -254 91 159 29 27 1583863281
-187 -204 -258 609 232 609 -248 59 -40 -346 -156 -270 -292 451 120 59 19 114 -291 -361 222 118 627 358 482 39 -85 176 -303 335 530 58 -258 -204 -126 261 -186 155 -20 121 -525 -7 -198 71 106 -194 465 247 209 133 -284 669 -89 13 504 -341 -321 311 -142 -56 294 139 -218 -109 -438 -305 185 -171 -214 -474 -142 -88 -173 342 38 379 -59 93 -322 -213 -465 -124 -7 -110 265 -337 -107 526 246 307 521 257 284 205 -209 369 307 413 104 -160 164 112 250 -74 45 41 505 278 -30 -305 -365 -116 -435 155 -251 -226 183 -383 298 -133 369 -350 367 -251 638 -20 493 24 -345 5 206 -426 -109 247 16 -144 -70 191 -461 -338 498 -389 196 40 -562 474 -398 -179 -79 380 -269 -178 494 -90 19 324 147 649 267 -381 -24 128 -176 -595 215 -17 -330 -309 259 1060 155 639 -154 -17 485 45 -466 -381 -124 -242 -125 246 508 -77 -199 348 -230 -128 -132 326 -298 55 -403 -318 140 10 -262 -292 408 174 169 27 454 44 175 441 -122 -738 294 0 141 592 -566 138 174 136 -141 -150 115 603 -399 -232 80 146 68 -62 249 449 -286 111 381 231 -164 -600 -151 154 68 25 9 -228 -155 280 -256 259 -247 -50 200 201 -302 115 76 458 -352 -219 125 -82 235 -115 211 164 267 51 -247 -171 42 666 646 498 -162 129 -454 434 -24 -386 329 -91 425 94 180 -358 -252 -238 -320 359 298 -188 19 -314 78 99 273 221 37 -2 213 165 -224 347 -256 -240 -13 71 79 36 -65 51 332 178 -273 -64 28 104 -5 359 -24 -271 -425 -89 -282 -283 -68 240 91 -408 -243 -115 -385 -11 -869 -59 140 -335 41 98 -326 273 455 1 88 -514 228 -36 -111 351 -382 -310 -69 11 -186 144 139 148 313 226 -224 444 -375 -27 -59 12 30 -409 70 -250 -83 -8 -172 -99 333 158 -367 59 51 -94 69 151 388 -15 -317 491 -474 269 -290 -50 102 -162 407 -159 -108 -21 -243 45 -14 100 -516 -3 -51 -180 196 -44 -515 179 -520 -230 -64 215 403 345 797 -4 14 268 -50 71 414 65 463 -267 301 -93 53 120 283 -17 195 266 1583863281
57 472 -143 -272 -138 73 155 748 -260 52 85 330 83 -360 690 171 43 78 -150 314 17 -196 579 -26 -373 -244 298 -360 -347 155 202 -107 -215 45 -175 398 -280 76 336 -93 274 -364 -418 -117 -837 40 -671 -259 -490 360 -451 -117 -425 -78 -168 28 315 373 206 -270 -662 236 858 156 20 175 -251 -262 -176 -305 282 -109 147 703 -67 507 213 -327 181 -122 -157 -795 160 502 280 24 -203 -42 399 110 -500 -648 328 479 -162 79 356 -333 -180 20 -289 -5 -278 46 -22 -488 55 32 374 -416 310 24 -63 -118 172 306 162 245 58 406 -137 -57 -123 -246 41 -541 -105 -1 237 -35 71 708 307 225 -72 332 -146 98 14 93 379 349 -422 45 -56 21 -21 89 215 414 281 -526 -125 663 679 -232 338 -79 234 -258 162 214 -187 399 -261 75 -201 321 6 -52 -439 -502 84 474 147 -482 509 109 44 635 319 -436 331 -370 -762 -410 144 -519 41 -162 50 -1 386 214 191 -126 170 -676 144 233 -117 -125 64 234 69 215 -168 -303 25 24 148 15 -274 -232 -269 276 -220 448 -5 -244 336 -235 401 -177 105 -241 -9 192 -113 -455 131 84 -192 142 -138 294 -361 96 -136 -264 -324 -82 162 -121 -373 -2 -50 -232 -93 520 339 -315 -44 -92 222 -4 -201 29 64 327 339 -252 -438 248 190 -266 75 372 -85 162 353 184 746 -174 263 -92 -25 -69 180 -305 -102 -423 -428 328 29 9 -387 80 -348 -261 -546 0 340 -124 653 563 -294 105 -765 -59 60 93 70 455 -109 -246 -159 12 210 -281 -142 -205 -202 -66 268 210 74 -133 -464 -223 -100 409 433 285 -62 -267 221 -350 -58 400 -135 -81 -590 -726 -240 33 133 533 -597 -297 271 132 -123 -84 -79 17 -380 78 162 9 368 -73 6 -378 34 -127 -350 -184 -27 133 167 -263 181 -183 -72 537 -155 173 4 -191 -115 167 -458 -226 -240 -84 127 128 -238 106 -406 51 71 -321 -234 148 32 241 67 -29 -3 -572 -281 12 73 -271 -129 276 32 -169 179 -29 -281 88 97 115 -14 296 -116 207 -120 -424 -46 -303 -483 -294 86 163 270 -157 276 60 249 249 11 203 1583863281
-165 341 55 126 49 -359 -374 -190 -236 103 -385 -17 -170 -353 -291 113 78 -363 -86 171 -224 -361 112 -47 -465 345 317 584 544 294 -272 22 366 297 -459 195 -99 -663 -555 439 53 -204 -66 331 37 -337 371 -685 -196 -227 125 -496 547 15 -7 488 -229 317 86 390 119 -82 196 498 296 91 74 -5 -147 83 -46 488 -100 -406 -235 133 -254 -83 -640 400 163 408 258 395 -333 272 -188 164 -191 -106 -195 -43 208 474 -16 311 -204 -36 -83 -67 441 683 -445 -125 449 -179 166 348 318 -107 248 201 41 266 -441 347 -243 -739 170 339 -117 743 59 -109 -132 750 121 -109 -402 -173 -106 -165 -311 261 -149 -46 133 234 176 43 173 -104 133 127 -685 548 276 -150 -110 424 146 74 312 74 163 -211 271 306 -2 -147 -232 -79 -66 -143 -9 182 -34 355 465 126 -121 -41 131 -400 -146 119 292 -163 1 -613 446 186 340 83 -330 35 -428 182 -354 258 55 50 188 -18 -141 190 227 -139 -46 38 -671 -196 -195 80 -26 -292 161 348 -13 -57 7 446 241 241 -73 131 110 11 -278 16 649 -358 127 -259 127 -433 146 -42 25 128 230 -126 383 -512 -324 308 -118 -170 92 138 529 602 90 -140 167 678 330 109 151 27 -221 -30 99 152 -147 182 468 -820 375 -319 -596 -34 -368 17 -19 -120 100 -199 375 -67 106 182 -82 -90 255 -116 73 57 -242 14 152 358 -270 305 -467 -144 79 259 22 760 80 -284 154 -46 217 -93 -138 396 206 103 55 -229 -229 -230 107 -250 -191 -279 -188 199 223 -159 44 -271 191 -206 146 -377 260 47 -180 -78 -51 -142 301 192 68 0 -363 -428 -98 -89 39 -56 11 -45 -269 198 192 333 -92 424 -310 245 104 187 -170 -270 -79 -299 103 -45 -132 267 242 -529 -102 -308 -200 95 -84 115 -155 -104 -240 -67 168 -58 -385 333 -264 -9 186 207 -126 -16 181 -31 54 -95 -163 0 -61 122 133 -445 -81 65 85 -156 331 27 53 362 16 93 426 -16 -183 -138 508 -336 130 23 112 -99 162 -297 299 402 -242 -215 -188 -140 178 -222 46 -226 48 -8 -120 85 -609 -23 -204 -196 1583863281
