282893220 2347025144 -4699853775 -340480609 9961148 -1048101852 -6571687 -1069 -2103355 -13716 -9083 -46966 1062 -168748 7442 -6061 -8865 -331 248 321 30 -537 10312 -392 -21 -32 11 0 1 0 0 0 -4 0 3 3 0 0 4 4 1 0 3 3 1 0 0 -1 1 0 0 0 0 0 -1 0 0 0 0 0 1583836345
-16097690 -15413590 21594106 8759249 96400801 -5829649 38610452 -70914 117077 -10650 19049 -25055 -20757 283503 -5686 -386 12566 -3772 -1943 -1015 -196 310 -7667 -1180 3 -21 19 -1 1 0 0 4 28 -1 -15 -21 -3 -4 18 -6 -1 0 4 0 -5 0 0 -1 1 -3 0 1 0 0 0 0 0 0 0 0 1583836345
-13160924 -14506711 19403876 5852923 20425557 -7664759 8758060 -124047 122774 -97787 -28849 -111767 35675803 -48177 2938 997 -9586 703 238 293 -14 51 893 -212 4 2 7 0 0 0 -493 0 -3 0 0 1 0 0 0 0 0 0 0 0 0 0 0 0 0 0 0 0 0 0 0 0 0 0 0 0 1583836345
134765495 1322612320 -2690504021 1945041985 -99798248 782667464 -7834290 -7739633 160086 -2296754 -652112 -58983 3768 -99873 -16 -768 -25674 732 256 330 -102 -50 787 205 4 -4 -12 -6 0 0 0 0 -7 0 8 2 0 0 -1 2 0 0 -5 1 0 0 0 0 0 0 0 1 0 0 0 0 0 0 0 0 1583836345
-15703060 -15380686 21650284 5006724 -7584718 -7664177 -1872624 -142452 120688 -126918 -43875 -43603 8849653 -81325 -8092 -2512 38258 -2800 -949 -1164 60 -205 -3604 855 -19 -10 -29 -3 2 3 1988 0 12 0 1 -5 0 0 0 0 0 0 0 0 0 0 0 0 0 0 0 0 0 0 0 0 0 0 0 0 1583836345
-5565731 77839288 -167249147 140358991 -14286122 47532697 -2240650 -672244 123380 -277742 -85800 -32229 -3455 -67828 -10154 -3487 -8520 -2842 -890 -593 -213 -134 125 -279 -2 -24 -12 -3 1 0 0 1 0 0 3 -1 0 0 0 0 0 0 0 0 0 0 0 0 0 0 0 0 0 0 0 0 0 0 0 0 1583836345
282893220 2347025144 -4699853775 -340480609 9961148 -1048101852 -6571687 -1069 -2103355 -13716 -9083 -46966 1062 -168748 7442 -6061 -8865 -331 248 321 30 -537 10312 -392 -21 -32 11 0 1 0 0 0 -4 0 3 3 0 0 4 4 1 0 3 3 1 0 0 -1 1 0 0 0 0 0 -1 0 0 0 0 0 1583838187
-16097690 -15413590 21594106 8759249 96400801 -5829649 38610452 -70914 117077 -10650 19049 -25055 -20757 283503 -5686 -386 12566 -3772 -1943 -1015 -196 310 -7667 -1180 3 -21 19 -1 1 0 0 4 28 -1 -15 -21 -3 -4 18 -6 -1 0 4 0 -5 0 0 -1 1 -3 0 1 0 0 0 0 0 0 0 0 1583838187
-13160924 -14506711 19403876 5852923 20425557 -7664759 8758060 -124047 122774 -97787 -28849 -111767 35675803 -48177 2938 997 -9586 703 238 293 -14 51 893 -212 4 2 7 0 0 0 -493 0 -3 0 0 1 0 0 0 0 0 0 0 0 0 0 0 0 0 0 0 0 0 0 0 0 0 0 0 0 1583838187
134765495 1322612320 -2690504021 1945041985 -99798248 782667464 -7834290 -7739633 160086 -2296754 -652112 -58983 3768 -99873 -16 -768 -25674 732 256 330 -102 -50 787 205 4 -4 -12 -6 0 0 0 0 -7 0 8 2 0 0 -1 2 0 0 -5 1 0 0 0 0 0 0 0 1 0 0 0 0 0 0 0 0 1583838187
-15703060 -15380686 21650284 5006724 -7584718 -7664177 -1872624 -142452 120688 -126918 -43875 -43603 8849653 -81325 -8092 -2512 38258 -2800 -949 -1164 60 -205 -3604 855 -19 -10 -29 -3 2 3 1988 0 12 0 1 -5 0 0 0 0 0 0 0 0 0 0 0 0 0 0 0 0 0 0 0 0 0 0 0 0 1583838187
-5565731 77839288 -167249147 140358991 -14286122 47532697 -2240650 -672244 123380 -277742 -85800 -32229 -3455 -67828 -10154 -3487 -8520 -2842 -890 -593 -213 -134 125 -279 -2 -24 -12 -3 1 0 0 1 0 0 3 -1 0 0 0 0 0 0 0 0 0 0 0 0 0 0 0 0 0 0 0 0 0 0 0 0 1583838187
