-16081270 -15492083 21930577 5248050 -1163147 -7458024 -2433950 -142718 129093 -127750 -43891 -10137 -3309 108815 -11929 -3636 -7105 -2908 -985 -636 -309 -108 -87 -24 -4 -19 -18 -6 1 0 0 1 -5 0 1 0 0 0 -2 -2 0 0 0 1 -3 0 0 1 -1 -2 0 0 -1 0 0 0 0 0 0 0 1583836345
-16081863 -15494282 21931036 5324700 1034654 -7427658 -2637035 -142869 124704 -128204 -44070 -18179 -3106 165780 -11368 -3456 -2042 -2863 -1025 -652 -313 -112 -227 -65 -5 -18 -19 -6 1 0 0 1 -6 0 -1 4 0 -1 0 -4 -1 0 -1 1 -3 0 0 1 -1 -1 0 1 0 0 0 0 0 0 0 0 1583836345
-16087737 -15493556 21944047 5043653 -7890759 -7587844 -1815920 -142222 120628 -126343 -43331 -30227 -4000 -66033 -10915 -3693 -7068 -3159 1777 -561 -214 -138 -69 -311 -3 -24 -12 -1 0 0 0 1 -1 0 3 0 5 0 1 1 0 0 0 0 0 0 0 0 0 0 0 0 0 0 0 0 0 0 0 0 1583836345
-16022308 -15454975 21860621 4953302 -7885659 -7530617 -1819989 -142203 120070 -126299 -43321 -28448 -3994 -65778 -11166 -3613 -7231 -3124 -976 -670 -221 -144 -3 -312 -3 -18 -12 -6 1 0 0 1 0 0 2 -1 0 0 0 0 0 0 0 0 0 0 0 0 0 0 0 0 0 0 0 0 0 0 0 0 1583836345
-16089220 -15506686 21970635 5025234 -7871517 -7595285 -1824550 -142263 120626 -126345 -43337 -30218 -3993 -65175 -10906 -3685 -3217 -3185 -1005 -706 -202 -150 -155 -367 -3 -25 -11 -2 1 0 0 1 3 0 3 -2 0 0 0 0 0 0 0 1 0 0 1 0 0 0 0 0 0 0 0 0 0 0 0 0 1583836345
-16081270 -15492083 21930577 5248050 -1163147 -7458024 -2433950 -142718 129093 -127750 -43891 -10137 -3309 108815 -11929 -3636 -7105 -2908 -985 -636 -309 -108 -87 -24 -4 -19 -18 -6 1 0 0 1 -5 0 1 0 0 0 -2 -2 0 0 0 1 -3 0 0 1 -1 -2 0 0 -1 0 0 0 0 0 0 0 1583838187
-16081863 -15494282 21931036 5324700 1034654 -7427658 -2637035 -142869 124704 -128204 -44070 -18179 -3106 165780 -11368 -3456 -2042 -2863 -1025 -652 -313 -112 -227 -65 -5 -18 -19 -6 1 0 0 1 -6 0 -1 4 0 -1 0 -4 -1 0 -1 1 -3 0 0 1 -1 -1 0 1 0 0 0 0 0 0 0 0 1583838187
-16087737 -15493556 21944047 5043653 -7890759 -7587844 -1815920 -142222 120628 -126343 -43331 -30227 -4000 -66033 -10915 -3693 -7068 -3159 1777 -561 -214 -138 -69 -311 -3 -24 -12 -1 0 0 0 1 -1 0 3 0 5 0 1 1 0 0 0 0 0 0 0 0 0 0 0 0 0 0 0 0 0 0 0 0 1583838187
-16022308 -15454975 21860621 4953302 -7885659 -7530617 -1819989 -142203 120070 -126299 -43321 -28448 -3994 -65778 -11166 -3613 -7231 -3124 -976 -670 -221 -144 -3 -312 -3 -18 -12 -6 1 0 0 1 0 0 2 -1 0 0 0 0 0 0 0 0 0 0 0 0 0 0 0 0 0 0 0 0 0 0 0 0 1583838187
-16089220 -15506686 21970635 5025234 -7871517 -7595285 -1824550 -142263 120626 -126345 -43337 -30218 -3993 -65175 -10906 -3685 -3217 -3185 -1005 -706 -202 -150 -155 -367 -3 -25 -11 -2 1 0 0 1 3 0 3 -2 0 0 0 0 0 0 0 1 0 0 1 0 0 0 0 0 0 0 0 0 0 0 0 0 1583838187
