-16088594 -15487807 21918462 5311719 -401635 -7462484 2196978 -135505 120436 -81483 -37239 -30191 -5806 -93499 -10539 -3570 -17189 -3026 -1000 -594 8205 -97 -321 222 -2 -24 83 -4 1 0 0 1 8 0 2 0 0 0 0 -3 0 0 0 3 0 0 1 1 0 -1 0 0 -1 0 0 0 0 0 0 0 1583836345
-14035576 2722284 -14993492 31732291 -2080832 3300573 -2696715 -327177 174246 47359350 -2894 -10081 -798 77018 -4038 -1215 3817 -979 -167 -119 -98432 -59 -162 2560 -15 -13 -122 -9 2 0 0 1 22 0 -10 5 1 0 -8 5 1 0 5 22 -2 0 6 0 0 6 -1 -12 0 0 0 4 0 0 0 0 1583836345
-16089617 -15507910 21970530 5078328 -6258202 -7568906 -1970746 -142367 120583 -122814 -43462 -29975 -3840 -23735 -10905 -3628 -10048 -3022 -962 -631 1048 -125 118 392 -5 -25 -15 -5 1 0 0 1 5 0 0 0 0 0 0 0 0 0 2 5 0 0 2 0 0 0 0 -2 0 0 0 1 0 0 0 0 1583836345
-16096190 -15436863 21681098 8265253 84415749 -6003587 -10262767 -148769 117832 -145302 -50955 -16100 4929 2305320 -10137 115 -32264 -399 -943 -185 7092 431 -781 4021 -14 0 4 -4 2 2 0 2 32 0 -10 -2 4 1 -27 0 1 0 6 26 -2 0 8 -7 6 13 -4 13 -12 2 8 12 0 -5 -5 -7 1583836345
-15908743 -13889997 18675735 7745654 3058180 -6454762 -2843936 -153921 121425 -135810 4314305 -26426 -2706 209222 -10110 -3017 -11649 -2558 -892 -541 -368 -61 3 225 -3 -21 -16 -4 1 0 0 1 2 0 0 -2 0 0 -3 -1 0 0 0 4 -2 0 0 0 0 0 0 1 0 0 0 1 0 0 0 0 1583836345
-16091037 -15491006 21903101 5806163 14421262 -7211496 -3865131 -143830 119951 -130701 -45205 -26877 -1866 496489 -10722 -2783 -7730 -2581 -1023 -621 7503 -16 -597 1677 -11 -18 -14 -4 1 0 0 1 1 0 0 -2 1 0 -12 5 1 0 6 12 -1 0 -2 4 -3 13 -2 -4 -6 1 2 6 0 -2 -2 -4 1583836345
-16089721 -15509777 21975476 5047886 -7086188 -7584256 -1488713 -141655 120603 -125380 -42821 -30201 -4140 -64184 -10885 -3678 -10335 -3057 -961 -631 -236 -131 58 -92 -3 -26 -14 -4 1 0 0 1 1 0 1 0 0 0 0 0 0 0 0 2 0 0 0 0 0 0 0 -1 0 0 0 0 0 0 0 0 1583836345
-15461988 -9928216 10647622 13399080 -338476 -4168037 2113046 -191655 136780 14347419 -24786 -24339 -5013 -95447 -8466 -2889 -10970 -2586 -914 -570 38952 -89 1401 522 -4 -13 824 -4 2 0 0 1 4 0 5 0 0 0 0 -1 0 0 2 0 2 0 1 1 -1 0 0 2 2 0 0 -1 0 0 0 0 1583836345
-16089522 -15506370 21966840 5085501 -6142085 -7566812 -1049241 -140908 120575 -123813 -42154 -30188 -4334 -65403 -10844 -3662 -11229 -3064 -983 -639 7792 -125 -19 -31 -3 -16 654 -3 2 0 0 1 -2 0 2 -1 0 0 -1 0 0 0 1 0 0 0 0 0 0 0 0 0 1 0 0 0 0 0 0 0 1583836345
-15482367 -10123481 11058276 12834387 -8210048 -4414672 -1871019 -178688 124409 -150313 14525329 -23195 -3256 -98130 -8531 -2958 -7234 -2445 -749 -505 -156 -116 73 336 -4 -22 12 -9 2 0 0 2 22 0 2 3 0 0 -2 6 1 0 -4 -1 -3 0 -1 0 0 1 0 0 0 0 0 -1 0 -3 0 1 1583836345
-16089637 -15510340 21977989 5021074 -7837763 -7596878 -1830042 -142249 120626 -126138 -43341 -30219 -3992 -64434 -10919 -3694 -9663 -3068 -963 -639 1514 -134 107 -136 -3 -25 38 -4 1 0 0 2 31 0 0 4 0 0 -4 1 0 0 4 2 7 -1 -8 -6 4 -2 1 -4 -1 0 2 0 0 -4 0 1 1583836345
-16089530 -15509458 21976277 5020717 -7886057 -7597172 -1819601 -142241 120628 -126196 -43329 -30227 -4000 -65837 -10919 -3696 -9663 -3070 -963 -640 1436 -135 86 -256 -2 -25 -5 -2 1 0 0 1 3 0 1 0 0 0 0 0 0 0 1 0 0 0 0 0 0 0 0 0 0 0 0 0 0 0 0 0 1583836345
-16089510 -15503391 21957346 5170393 -3743127 -7523957 -2229939 -142600 120503 -126937 -43717 -29585 -3582 42116 -10887 -3524 -10677 -2961 -978 -631 8357 -108 48 -323 -2 -24 -5 -2 1 0 0 1 0 0 0 -1 0 0 0 0 0 0 1 0 1 0 1 0 0 0 0 1 0 0 0 0 0 0 0 0 1583836345
-14999851 -5823295 2319536 19540119 4848974 -1645223 -3262141 -241188 148760 25044702 -22830 -18049 -1318 262732 -7209 -1985 -8836 -1676 -600 -345 -12446 -21 -93 -520 0 -16 -52 -4 1 0 0 1 0 0 -2 0 0 0 0 0 0 0 -1 -1 2 0 1 0 0 0 0 2 -1 0 0 0 0 0 0 0 1583836345
-16090134 -15500321 21941443 5380504 2305316 -7420490 -2830165 -143092 120319 -128331 -44286 -28658 -2975 198218 -10840 -3275 -12076 -2783 -973 -600 7495 -72 9 -152 -2 -23 13 -4 1 0 0 1 6 0 -5 0 1 0 -7 1 0 0 1 0 3 1 4 -2 1 2 -1 1 0 0 0 1 0 0 0 -1 1583836345
-15004363 -5879717 2451719 19075017 -5993991 -1865562 -2154988 -207581 127304 -169729 25960989 -17282 -2420 -57579 -6635 -2273 -5956 -1881 -582 -388 -135 -85 63 -295 -1 -12 -13 4 0 0 0 1 -2 0 1 -2 0 0 0 0 0 0 1 -1 0 0 1 0 0 -1 0 0 0 0 0 0 0 0 0 0 1583836345
-16088594 -15487807 21918462 5311719 -401635 -7462484 2196978 -135505 120436 -81483 -37239 -30191 -5806 -93499 -10539 -3570 -17189 -3026 -1000 -594 8205 -97 -321 222 -2 -24 83 -4 1 0 0 1 8 0 2 0 0 0 0 -3 0 0 0 3 0 0 1 1 0 -1 0 0 -1 0 0 0 0 0 0 0 1583838187
-14035576 2722284 -14993492 31732291 -2080832 3300573 -2696715 -327177 174246 47359350 -2894 -10081 -798 77018 -4038 -1215 3817 -979 -167 -119 -98432 -59 -162 2560 -15 -13 -122 -9 2 0 0 1 22 0 -10 5 1 0 -8 5 1 0 5 22 -2 0 6 0 0 6 -1 -12 0 0 0 4 0 0 0 0 1583838187
-16089617 -15507910 21970530 5078328 -6258202 -7568906 -1970746 -142367 120583 -122814 -43462 -29975 -3840 -23735 -10905 -3628 -10048 -3022 -962 -631 1048 -125 118 392 -5 -25 -15 -5 1 0 0 1 5 0 0 0 0 0 0 0 0 0 2 5 0 0 2 0 0 0 0 -2 0 0 0 1 0 0 0 0 1583838187
-16096190 -15436863 21681098 8265253 84415749 -6003587 -10262767 -148769 117832 -145302 -50955 -16100 4929 2305320 -10137 115 -32264 -399 -943 -185 7092 431 -781 4021 -14 0 4 -4 2 2 0 2 32 0 -10 -2 4 1 -27 0 1 0 6 26 -2 0 8 -7 6 13 -4 13 -12 2 8 12 0 -5 -5 -7 1583838187
-15908743 -13889997 18675735 7745654 3058180 -6454762 -2843936 -153921 121425 -135810 4314305 -26426 -2706 209222 -10110 -3017 -11649 -2558 -892 -541 -368 -61 3 225 -3 -21 -16 -4 1 0 0 1 2 0 0 -2 0 0 -3 -1 0 0 0 4 -2 0 0 0 0 0 0 1 0 0 0 1 0 0 0 0 1583838187
-16091037 -15491006 21903101 5806163 14421262 -7211496 -3865131 -143830 119951 -130701 -45205 -26877 -1866 496489 -10722 -2783 -7730 -2581 -1023 -621 7503 -16 -597 1677 -11 -18 -14 -4 1 0 0 1 1 0 0 -2 1 0 -12 5 1 0 6 12 -1 0 -2 4 -3 13 -2 -4 -6 1 2 6 0 -2 -2 -4 1583838187
-16089721 -15509777 21975476 5047886 -7086188 -7584256 -1488713 -141655 120603 -125380 -42821 -30201 -4140 -64184 -10885 -3678 -10335 -3057 -961 -631 -236 -131 58 -92 -3 -26 -14 -4 1 0 0 1 1 0 1 0 0 0 0 0 0 0 0 2 0 0 0 0 0 0 0 -1 0 0 0 0 0 0 0 0 1583838187
-15461988 -9928216 10647622 13399080 -338476 -4168037 2113046 -191655 136780 14347419 -24786 -24339 -5013 -95447 -8466 -2889 -10970 -2586 -914 -570 38952 -89 1401 522 -4 -13 824 -4 2 0 0 1 4 0 5 0 0 0 0 -1 0 0 2 0 2 0 1 1 -1 0 0 2 2 0 0 -1 0 0 0 0 1583838187
-16089522 -15506370 21966840 5085501 -6142085 -7566812 -1049241 -140908 120575 -123813 -42154 -30188 -4334 -65403 -10844 -3662 -11229 -3064 -983 -639 7792 -125 -19 -31 -3 -16 654 -3 2 0 0 1 -2 0 2 -1 0 0 -1 0 0 0 1 0 0 0 0 0 0 0 0 0 1 0 0 0 0 0 0 0 1583838187
-15482367 -10123481 11058276 12834387 -8210048 -4414672 -1871019 -178688 124409 -150313 14525329 -23195 -3256 -98130 -8531 -2958 -7234 -2445 -749 -505 -156 -116 73 336 -4 -22 12 -9 2 0 0 2 22 0 2 3 0 0 -2 6 1 0 -4 -1 -3 0 -1 0 0 1 0 0 0 0 0 -1 0 -3 0 1 1583838187
-16089637 -15510340 21977989 5021074 -7837763 -7596878 -1830042 -142249 120626 -126138 -43341 -30219 -3992 -64434 -10919 -3694 -9663 -3068 -963 -639 1514 -134 107 -136 -3 -25 38 -4 1 0 0 2 31 0 0 4 0 0 -4 1 0 0 4 2 7 -1 -8 -6 4 -2 1 -4 -1 0 2 0 0 -4 0 1 1583838187
-16089530 -15509458 21976277 5020717 -7886057 -7597172 -1819601 -142241 120628 -126196 -43329 -30227 -4000 -65837 -10919 -3696 -9663 -3070 -963 -640 1436 -135 86 -256 -2 -25 -5 -2 1 0 0 1 3 0 1 0 0 0 0 0 0 0 1 0 0 0 0 0 0 0 0 0 0 0 0 0 0 0 0 0 1583838187
-16089510 -15503391 21957346 5170393 -3743127 -7523957 -2229939 -142600 120503 -126937 -43717 -29585 -3582 42116 -10887 -3524 -10677 -2961 -978 -631 8357 -108 48 -323 -2 -24 -5 -2 1 0 0 1 0 0 0 -1 0 0 0 0 0 0 1 0 1 0 1 0 0 0 0 1 0 0 0 0 0 0 0 0 1583838187
-14999851 -5823295 2319536 19540119 4848974 -1645223 -3262141 -241188 148760 25044702 -22830 -18049 -1318 262732 -7209 -1985 -8836 -1676 -600 -345 -12446 -21 -93 -520 0 -16 -52 -4 1 0 0 1 0 0 -2 0 0 0 0 0 0 0 -1 -1 2 0 1 0 0 0 0 2 -1 0 0 0 0 0 0 0 1583838187
-16090134 -15500321 21941443 5380504 2305316 -7420490 -2830165 -143092 120319 -128331 -44286 -28658 -2975 198218 -10840 -3275 -12076 -2783 -973 -600 7495 -72 9 -152 -2 -23 13 -4 1 0 0 1 6 0 -5 0 1 0 -7 1 0 0 1 0 3 1 4 -2 1 2 -1 1 0 0 0 1 0 0 0 -1 1583838187
-15004363 -5879717 2451719 19075017 -5993991 -1865562 -2154988 -207581 127304 -169729 25960989 -17282 -2420 -57579 -6635 -2273 -5956 -1881 -582 -388 -135 -85 63 -295 -1 -12 -13 4 0 0 0 1 -2 0 1 -2 0 0 0 0 0 0 1 -1 0 0 1 0 0 -1 0 0 0 0 0 0 0 0 0 0 1583838187
