-15836602 -15295833 21523815 4782801 -7672981 -7335252 -1850705 -142164 122349 -126313 -43338 -18197 -3939 -59567 -12000 -3517 10071 -3521 -1098 -896 -140 -192 -3 -535 -5 -2 0 -6 1 0 0 2 13 0 5 -5 0 -1 2 -6 -1 0 -1 1 -1 0 -1 0 0 0 0 0 0 0 0 0 0 0 0 0 1583836345
-16045756 -15455971 21864512 4993487 -7874353 -7561665 -1821056 -142280 115372 -126329 -43338 -10188 -3963 -65595 -9552 -3971 -7681 -940 -859 -2675 -222 -63 93 -302 -3 60 -13 -10 0 -1 0 1 0 0 2 -1 0 0 0 -1 0 0 0 0 0 0 0 0 0 0 0 0 0 0 0 0 0 0 0 0 1583836345
-16087226 -15503356 21961481 5071247 -6618555 -7570748 -1626708 -141873 119688 -125754 -43003 -21427 -4021 -47211 -8075 -4481 5096 704 -989 -967 -161 -288 2260 -396 -4 -45 -11 7 16 0 0 1 8 0 -5 -6 0 -1 3 -4 14 1 2 -2 -1 0 0 0 0 0 0 0 0 0 0 0 0 0 0 0 1583836345
-16088340 -15501474 21956738 5098284 -5791242 -7552110 -1074892 -140933 124477 -124210 -42189 -12329 -4266 -56887 -10747 -4201 7033 -1829 -1085 -430 -146 -247 -618 2163 -18 -33 -69 -4 5 0 0 1 -9 0 6 -2 0 -1 4 0 1 0 2 0 6 0 -4 3 -2 -5 5 2 0 0 0 2 0 1 0 0 1583836345
-16023657 -15441977 21822100 5181711 -2916462 -7480704 46303 -139071 86422 -120963 -40450 -3382 -4711 -45812 -9505 -4931 5097 818 -1072 632 -153 -412 4633 -405 -5 -71 -1 0 9 -1 0 1 6 0 -1 -4 0 -1 3 -1 -2 0 1 0 0 0 0 0 0 0 0 0 0 0 0 0 0 0 0 0 1583836345
-16089166 -15506181 21965948 5093813 -5883998 -7562173 -956181 -140742 120227 -123871 -42012 -21116 -4353 -63216 -10734 -3941 -9370 -2247 -968 -524 -229 -166 -58 -300 -2 -32 -12 -2 6 0 0 1 0 0 2 0 0 0 1 -1 1 0 0 0 0 0 0 0 0 0 0 0 0 0 0 0 0 0 0 0 1583836345
-16082808 -15440407 21826310 5313739 -2305770 -7464502 196894 -24955 120223 -120450 -40182 -29954 -4815 -39865 -10703 -3562 -8981 -3452 22001 213 -182 -99 -204 -311 -1 -30 -8 -19 4 0 0 1 6 0 3 0 10 -1 4 -2 0 0 0 0 0 0 0 0 0 0 0 0 0 0 0 0 0 0 0 0 1583836345
-15253637 -14509470 19908236 4530829 -7905231 -6336423 -1819690 -143332 298610 -126985 -43805 764506 -2667 -71240 70585 -60387 -4794 192489 -73 62873 301 -11173 -858 -7 8 -1565 0 27 -53 24 0 -1 1 4 1 0 0 -1 0 -16 78 12 0 -3 0 -8 1 0 0 0 -1 0 1 0 0 1 0 1 -2 1 1583836345
-16066444 -15484916 21925195 5004009 -7837560 -7564840 -1830111 -142264 124574 -126365 -43352 -11227 -3955 -64302 -11074 -4195 -690 -1870 -1011 -425 -187 -225 -215 -325 -4 -30 -9 -5 2 0 0 2 7 0 2 0 0 0 0 -2 1 0 0 -1 0 0 -1 0 0 0 0 0 0 0 0 0 0 0 0 0 1583836345
-16041733 -15452276 21857780 4994291 -7886911 -7528545 -1820062 -142310 128207 -126366 -43359 19589 -3916 -66102 -3396 -8189 -7424 12884 -905 4643 -181 -1047 -44 -281 -2 -149 -11 -6 -6 1 0 1 0 0 2 -1 0 -1 0 -2 4 1 0 0 0 -1 0 0 0 0 0 0 0 0 0 0 0 0 -1 0 1583836345
-16061769 -15476819 21909409 4997644 -7815613 -7546077 -1830410 -142258 133867 -126379 -43358 -2200 -3939 -63847 -11465 -4464 -1794 -1732 -1010 -157 -191 -246 -1 -364 -3 -32 -7 -7 0 0 0 1 5 0 2 -1 0 -1 1 -2 0 0 1 0 0 0 0 0 0 0 0 0 0 0 1 -1 0 0 0 0 1583836345
-13138680 -12732248 16153573 2380627 -7444044 -4103748 -1879731 -142052 392606 -126283 -43547 706428 -2648 -58278 5868 -33252 20605 90180 -666 28563 160 -5604 -1005 -42 0 -359 -15 15 -1 6 0 2 11 -3 -5 15 0 -1 -4 -15 40 0 0 -5 5 -4 -3 0 0 -1 0 -2 0 2 4 -1 0 1 -2 0 1583836345
-16052405 -15464657 21883503 5007620 -7454410 -7528370 -1861759 -142303 133606 -126456 -43390 7508 -3888 -54576 -11247 -4770 -4185 -309 -977 206 -204 -313 1845 -328 -2 -46 -8 -4 3 0 0 1 2 0 3 -1 0 0 0 -2 0 0 0 0 0 0 0 0 0 0 0 0 0 0 0 0 0 0 0 0 1583836345
-15768553 -15189332 21275133 5424692 12046119 -6863711 -3644000 -143606 156642 -130498 -45015 61146 -1930 440413 3736 -11310 -288 28494 -940 10303 -364 -1878 -1032 -581 0 -262 1 -4 -10 2 0 1 -4 0 -5 -6 0 0 -2 6 4 0 5 -1 4 3 1 -1 0 4 0 3 -3 0 1 2 0 0 1 0 1583836345
-16023474 -15425242 21779625 5471733 6667173 -7241388 -3153467 -143282 141985 -129418 -44565 19153 -2507 306490 -11543 -4328 65 229 -1033 318 -366 -260 -788 606 -8 -30 -36 -8 -1 0 0 1 -10 0 1 -6 0 0 0 2 0 0 6 -2 2 1 3 0 0 5 0 1 -4 0 0 4 0 -1 -1 -2 1583836345
-16061955 -15475530 21902675 5076712 -5636404 -7510865 -900943 -140637 132421 -123726 -41933 -3775 -4343 -60512 -5511 -6705 -9614 7799 -952 3526 -204 -785 -37 -271 -1 -121 -14 -9 -6 0 0 1 0 0 0 -1 0 -1 1 0 -3 1 0 0 0 -1 0 0 0 0 0 0 0 0 0 0 0 0 -1 0 1583836345
-16068149 -15466905 21853635 5699288 11529933 -7236927 6134756 -128302 123831 -103629 -31124 -9537 -7322 -21767 8069 -11222 -5492 27298 -1044 10829 -131 -1937 9492 -312 3 -326 -8 -17 -26 2 0 1 1 0 13 1 1 0 -10 4 -4 0 2 -1 0 4 1 -1 0 -2 0 1 0 0 0 0 0 0 0 0 1583836345
-15028396 -14335115 19530593 4394317 -5096394 -6100388 -750387 -141249 281291 -123760 -42080 692178 -3232 -60475 95065 -68019 310 226312 -114 77420 417 -13343 1987 158 9 -1748 3 -23 -126 29 0 -1 0 4 1 1 0 -2 0 -11 49 13 1 0 0 -9 1 0 -3 0 0 0 0 -3 0 0 0 0 0 0 1583836345
-16067870 -15470413 21867031 5575614 8099776 -7295153 4509658 -131110 123907 -108240 -33586 -11326 -6607 -17649 -9825 -4052 -8843 -881 -1078 0 -231 -212 -340 -263 -1 -39 -14 -5 1 0 0 2 9 0 2 3 -1 -1 5 -5 0 0 -3 0 0 0 0 0 0 0 0 0 0 0 0 0 0 0 0 0 1583836345
-16042379 -15453858 21857678 5055812 -6065695 -7499987 -1099233 -141024 128028 -124299 -42246 12502 -4232 -60644 6212 -11708 -9112 27274 -871 10024 -152 -1888 -145 -249 0 -282 -9 -10 -17 3 0 1 1 0 2 0 0 -1 0 -2 3 -1 0 0 0 5 0 0 0 0 0 0 0 0 0 0 0 0 0 0 1583836345
-16067305 -15468616 21861940 5606760 8951522 -7279291 4456213 -131139 123653 -108357 -33630 -9311 -6539 891 -2631 -6892 -4082 10425 -1059 4049 -185 -901 6376 -241 0 -153 -5 -8 -7 1 0 1 1 0 4 3 0 0 -1 0 1 0 -1 0 2 1 0 0 0 1 0 1 0 -1 1 0 0 0 0 0 1583836345
-16089178 -15510782 21978913 5017961 -7893246 -7597438 -1818552 -142232 120531 -126322 -43328 -28499 -3997 -66016 -10484 -3826 -8378 -2452 -955 -710 -226 -154 11 -296 -2 -25 -14 -4 3 0 0 1 0 0 2 0 0 0 0 0 2 0 0 0 0 0 0 0 0 0 -1 0 0 0 0 1 0 0 0 0 1583836345
-15803070 -15151366 21236416 4872860 -7883073 -7164273 -1822996 -142701 178530 -126599 -43526 280859 -3480 -67529 39098 -33180 -3306 101870 -576 34936 72 -6160 -583 -166 1 -887 -5 -11 -57 14 0 0 1 2 1 -2 0 -1 0 -5 26 7 0 0 1 -2 0 0 -1 0 0 0 1 0 -1 0 0 0 -1 0 1583836345
-15972477 -15371922 21691041 4959262 -7458424 -7417690 -1861775 -142400 145143 -126511 -43436 76753 -3781 -55140 24597 -21422 -2350 62399 -821 23477 -29 -4036 747 -242 0 -594 -3 -25 -53 7 0 1 1 0 -1 -3 0 -1 1 0 -4 -3 1 0 0 5 0 0 0 0 0 0 0 0 0 0 0 1 -3 1 1583836345
-16076516 -15496878 21949810 5015600 -7602783 -7572975 -1846890 -142252 124911 -126394 -43359 -21074 -3952 -58325 -10541 -4131 -2977 -1746 -1002 -160 -200 -238 275 -355 -3 -38 -9 -7 0 0 0 1 -2 0 1 -2 0 -1 1 0 0 0 0 1 0 0 0 0 0 0 0 0 0 0 0 0 0 0 0 0 1583836345
-16066580 -15484288 21922048 5037594 -6909702 -7549754 -998812 -140886 124450 -124036 -42126 -11808 -4363 -83469 -10477 -4412 -9052 -904 -964 3 -214 -256 -124 -289 -2 -38 -12 -5 1 0 0 1 0 0 2 0 0 0 0 0 1 0 0 0 0 0 0 0 0 0 0 0 0 0 0 0 0 0 0 0 1583836345
-16066344 -15484913 21919631 5110226 -4749860 -7512947 -841905 -140466 124607 -123506 -41796 -18533 -4350 -43687 -10750 -3943 -2550 -2115 -999 -476 -202 -217 7966 -295 -1 -47 -8 -5 2 0 0 1 -5 0 5 1 0 0 -2 1 2 0 0 0 0 0 0 0 0 0 0 0 0 0 0 0 0 0 0 0 1583836345
-15889580 -15224271 21388543 5008415 -5798913 -7203403 -855949 -140980 193536 -123870 -42048 259773 -3932 -67764 17195 -23564 -7615 64965 -650 20894 -43 -3925 -261 -196 1 -539 -8 20 2 6 0 0 -1 1 0 -1 0 -1 1 -7 32 4 0 0 0 -2 0 0 0 0 0 0 0 0 0 0 0 0 0 0 1583836345
-16066571 -15483851 21920753 5047826 -6619912 -7544418 -1132739 -141076 124535 -124393 -42303 -11177 -4276 -70822 -10140 -4552 -8632 -307 -963 227 -216 -292 432 -287 -2 -45 -12 -6 0 0 0 1 0 0 2 0 0 0 0 -1 1 0 0 0 0 0 0 0 0 0 0 0 0 0 0 0 0 0 0 0 1583836345
-16064770 -15289699 21530676 5342353 -7819739 -7465876 -1838112 -34954 120407 -126547 -43411 -30206 -3982 -63041 -10999 -3727 5864 -5992 163499 5390 240 -33 -832 -208 -1 11 0 32 -6 0 0 0 13 0 4 0 -72 0 -8 0 0 0 -2 -1 0 0 -1 0 0 0 -1 0 0 0 0 0 0 0 0 0 1583836345
-16001258 -15432999 21813914 4956444 -7218997 -7491717 -1884719 -142251 124234 -126451 -43384 -21120 -3912 -48330 -11341 -3743 -2350 -2776 -1004 -553 -204 -187 2559 -92 -4 -34 -13 -6 1 0 0 1 0 0 3 0 0 0 0 -1 0 0 1 0 0 0 0 0 0 0 1 1 1 0 0 0 0 0 0 0 1583836345
-16085753 -15507443 21971844 5016715 -7839133 -7592489 -1829824 -142245 120917 -126352 -43343 -28962 -3984 -64169 -10744 -3780 2906 -2955 -1049 -642 -172 -185 -454 -418 -5 -25 -7 -6 1 0 0 1 2 0 3 0 0 0 0 0 0 0 3 0 0 0 0 1 -1 1 0 -1 0 0 -2 0 0 0 0 0 1583836345
-16057667 -15478626 21910720 5014513 -7424936 -7551150 -1919836 -142382 121637 -126601 -43468 -22699 -3859 -49884 -10530 -3811 101146 -4087 -1757 -1456 304 -453 -4524 -1322 -24 5 40 -3 1 0 -1 3 28 -1 22 2 0 0 -1 8 1 0 14 5 4 4 19 -3 2 1 -1 -3 -1 0 -1 2 0 0 0 0 1583836345
-15442586 -14987515 20831784 4851223 -506705 -7117461 -2508120 -143111 -121101 -127476 -43846 -21274 -3231 126474 -8137 -4119 24775 -923 -1111 -2380 -158 -196 1104 -676 -17 68 -1 -9 0 -1 0 1 -2 -1 -5 -8 0 -1 4 -2 0 0 -1 1 -2 0 -1 -1 0 0 0 0 0 0 0 0 0 0 0 0 1583836345
-16070594 -15340953 21634163 5277018 -7573561 -7491713 -1852211 252674 119804 -126000 -43276 -30116 -3955 -57147 -10891 -3670 -3715 -3302 7970 -356 -186 -143 1142 -336 -3 -28 -10 -5 1 0 0 1 -1 0 3 -1 -2 0 0 0 0 0 0 1 0 0 0 0 0 0 0 0 0 0 0 0 0 0 0 0 1583836345
-10986954 -11141715 12709146 666476 8203987 -2148869 4341457 -129197 147656 -106789 -33234 115612 -6190 -10922 -24451 -701 64463 -4079 -1593 -1512 130 -597 -4619 3127 -34 -48 -82 -6 -1 1 0 -1 -23 1 2 27 0 0 -1 -8 -2 -1 -33 13 15 0 0 12 -10 2 0 -7 0 0 -2 2 0 3 0 0 1583836345
-16076525 -15499665 21955392 5007055 -7878368 -7584199 -1822105 -142233 120543 -126327 -43331 -29286 -3994 -65488 -10994 -3682 -5724 -3146 -987 -683 -214 -144 -75 -326 -3 -22 -13 -6 1 0 0 1 1 0 1 0 0 0 0 -1 0 0 1 0 0 0 0 0 0 0 0 0 0 0 1 -1 0 0 0 0 1583836345
-15861651 -15315301 21565668 4800278 -7852309 -7362595 -1824217 -142146 123681 -126256 -43311 -18858 -3971 -64937 -11706 -3633 -6656 -2596 -977 -479 -217 -189 149 -317 -3 -21 -12 -7 1 0 0 1 3 0 2 -1 0 -1 0 -2 0 0 0 0 0 0 0 0 0 0 0 0 0 0 0 0 0 0 0 0 1583836345
-16075210 -15483819 21919671 5113408 -5703524 -7522006 -912751 -140759 125758 -123783 -41960 -1282 -4333 -61400 -11375 -3913 -9807 -2330 -914 -1890 -234 -63 20 -296 -2 15 -13 50 84 -12 0 2 0 -1 2 0 0 0 1 1 -9 0 0 0 0 0 0 0 0 0 0 0 0 0 0 0 0 0 0 0 1583836345
-1382252 -3095839 -4318753 -9172808 -5568714 7034762 -1279631 -134576 23335 -118700 -40456 -13974 -3928 -44377 -27352 6660 -7928 -3893 -928 -1288 -228 -963 -162 -321 -1 120 -14 -11 1 -1 0 3 -1 1 3 -1 0 0 0 0 0 1 0 0 0 -3 0 0 0 0 0 0 0 0 0 0 0 0 -1 0 1583836345
-1304132 -3088740 -4347527 -9237008 -5647308 7028488 -952133 -134029 -42653 -117644 -39924 -94040 -4243 -60724 -19267 5474 -8677 -2245 -929 -599 -219 -1052 77 -299 -3 169 -15 -5 5 5 0 -4 0 11 3 0 0 -1 1 0 0 0 0 0 0 -1 0 1 1 0 0 0 0 -2 0 0 0 0 0 0 1583836345
-16089824 -15507148 21964612 5158927 -3955398 -7530461 -469090 -139817 120862 -122442 -41223 -29005 -4535 -44139 -10358 -3792 -7829 -2371 -998 -381 -230 -170 144 -336 -2 -33 -8 -4 4 0 0 1 1 0 3 0 0 -1 1 -1 0 0 0 0 0 0 0 0 0 0 0 0 0 0 0 0 0 0 0 0 1583836345
-16087544 -15501910 21961303 5025107 -7878662 -7586029 -1822445 -142272 124478 -126355 -43346 -10392 -3962 -65590 -10836 -4256 -5513 -1909 -962 -820 -211 -175 -95 -319 -3 -29 -11 4 15 -1 0 1 1 0 1 -2 0 0 0 -1 5 0 0 0 1 0 0 0 0 0 0 0 1 0 -1 0 0 0 0 0 1583836345
-16089477 -15508931 21975148 5022794 -7847502 -7596208 -1826257 -140704 120623 -126342 -43337 -30216 -3992 -64590 -10910 -3687 -4661 -3195 1346 -602 -204 -145 79 -341 -3 -27 -8 -5 1 0 0 1 5 0 2 -2 -1 -1 0 -2 0 0 0 0 0 0 0 0 0 0 0 0 0 0 0 0 0 0 0 0 1583836345
-16053037 -15477503 21909080 4984397 -7859968 -7554652 -1822393 -142224 124207 -126328 -43334 -21405 -3982 -65159 -6009 -5966 -7560 5579 -954 2667 -200 -664 0 -288 -2 -104 -13 -10 -6 0 0 1 0 0 1 0 0 -1 0 -1 -2 0 1 0 -1 0 0 0 0 0 0 0 0 -1 0 0 0 0 0 0 1583836345
-15757437 -15231172 21386395 4704313 -7789160 -7263349 -1837001 -142121 118020 -126241 -43310 -23710 -3963 -62873 -11380 -3507 4313 -2429 -1056 -467 -164 -241 -363 -337 -5 19 -8 -7 1 0 0 2 7 0 0 2 0 -1 0 -5 -1 0 0 0 0 0 -2 0 0 0 0 0 0 0 0 0 0 0 0 0 1583836345
-16066648 -15488222 21931677 5003340 -7724958 -7564806 -1834517 -142243 124674 -126362 -43346 -20687 -3966 -61643 -11262 -3867 -8225 -2709 -967 -507 -227 -163 319 -291 -2 -19 -12 -6 1 0 0 0 0 0 0 -1 0 -1 0 0 0 0 0 0 0 0 0 0 1 0 0 0 0 0 0 0 0 0 0 0 1583836345
-15531816 -15026758 20955832 4508988 -7738803 -7009027 -1833075 -142104 127800 -126193 -43302 13250 -3906 -62325 1157 -9783 -7239 21724 -916 8825 -157 -1666 140 -260 -1 -88 -14 -21 -22 1 0 2 0 -1 0 -1 0 -1 1 0 -5 0 0 0 0 2 0 0 0 0 0 0 0 0 0 0 0 0 1 0 1583836345
-14705486 -14345517 19505832 3769632 -5537599 -6188791 -2052483 -141840 102993 -126299 -43362 -31802 -3725 -3629 -12721 -2004 26089 -2837 -1202 -741 -86 -350 2689 -490 -9 118 2 -10 1 -1 0 2 5 -1 -18 -9 -1 -2 6 -1 0 0 -1 0 0 0 0 0 0 0 0 0 0 0 1 0 0 0 0 0 1583836345
-15883538 -15332844 21602533 4829426 -7886324 -7386041 -1819703 -142182 120390 -126257 -43309 -21402 -3981 -65881 -11262 -3744 -7972 -2168 -968 -307 -222 -208 25 -300 -2 -4 -12 -7 0 0 0 1 1 0 2 -1 0 0 0 -1 0 0 0 0 0 0 0 0 0 0 0 0 0 0 0 0 0 0 0 0 1583836345
658632099 699856460 -1473698322 -650775011 29482 571173969 -2345332 152234 -4603366 145331 44631 5533687 16169 -84351 -340399 -74476 -14225 -54592 1969 -25840 150 -34688 5 -50 15 -1447 2 -68 -139 -11 0 24 3 -36 -1 -2 0 -3 1 2 -11 0 0 1 -1 29 -5 -5 -6 0 0 0 0 0 0 0 0 2 -6 2 1583836345
-16002599 -15431194 21804077 5077778 -3895763 -7438366 -260072 -139450 122907 -121837 -40916 -23432 -4631 -52657 -11173 -3603 -5349 -2913 -992 -572 -211 -184 10271 -226 0 -52 -8 -7 1 0 0 1 -6 0 3 3 0 0 -3 3 0 0 3 0 0 0 0 -1 0 -1 0 0 0 0 0 0 0 0 0 0 1583836345
-15897162 -15272837 21431827 5924090 22850736 -6839373 9922131 -121403 157656 -92706 -25199 13233 -8774 44797 -5380 -5714 -7434 7324 -1143 2346 -220 -624 1435 -259 1 -74 -7 -4 0 0 0 1 6 0 0 0 0 0 -4 -7 4 2 0 -1 -1 -2 1 0 0 0 0 0 0 2 0 0 0 0 1 0 1583836345
-15352285 -14861308 20564013 5143197 15253335 -6461176 7854492 -125012 117773 -98442 -28399 -13663 -8046 -20084 -11963 -2415 6557 -2855 -1193 -615 -142 -258 23658 -341 2 -39 1 -8 0 -1 1 1 -1 -1 10 8 0 0 -1 4 0 0 4 0 0 0 1 -1 1 -1 0 0 0 0 0 0 0 0 0 0 1583836345
-15479397 -14940763 20697580 6036755 36937024 -6203525 14472362 -113053 127717 -79383 -17999 2757 -10560 133925 -11270 -2488 -2584 -2247 -1340 -428 -253 -102 -2505 -487 0 -10 -3 -6 0 0 0 2 13 0 -14 -9 -2 -2 12 -1 0 0 4 0 -1 0 0 0 0 0 0 1 -1 0 1 0 0 0 0 0 1583836345
-5685153 -6179669 2274009 -4111577 15985864 3584601 7545918 -121783 405953 -96227 -27949 536469 -6800 3510 68497 -57365 4358 136283 -550 44971 201 -8465 3217 1470 5 108 -53 -51 -61 3 0 3 0 -11 0 -2 -1 -4 8 1 -19 -7 1 0 2 -12 4 0 -4 0 0 0 0 5 -2 1 0 0 0 0 1583836345
-15055995 -14578893 20011360 4131451 -7875643 -6522860 -1811057 -142183 117669 -126017 -43226 -354 -3935 -66243 -14389 -2708 -5966 -2833 -972 -772 -214 -213 -129 -328 -3 138 -17 -11 1 -1 0 2 1 -2 4 0 0 0 0 2 0 0 0 -1 -1 0 0 0 0 0 -1 0 0 0 0 0 0 0 0 0 1583836345
152708820 137726659 -301115961 -158052078 -6086562 154521683 -1873236 -70115 -651488 -59534 -21887 2080412 2187 -73630 452996 -436768 -11202 -41474 -220 -9476 -125 -5556 313 -288 -3 2308 -41 -76 -1 -12 0 13 2 -23 1 -1 0 -1 0 -2 6 23 -1 1 -2 28 -5 -6 -8 0 0 0 1 9 0 0 0 2 -7 3 1583836345
-15927503 -15373423 21688183 4863098 -7813470 -7432565 -1830617 -142171 121533 -126291 -43323 -25246 -3975 -63666 -11468 -3552 -1304 -3261 -1018 -750 -193 -162 23 -389 -3 -24 -7 -6 1 0 0 2 6 0 3 -3 0 -1 1 -3 0 0 -1 1 0 0 0 0 0 0 0 0 0 0 0 0 0 0 0 0 1583836345
-15785257 -15241456 21411140 4734359 -7857786 -7269192 -1825173 -142153 131990 -126260 -43318 1575 -3933 -65102 -13245 -3679 -3617 -3019 -998 -658 -203 -180 -49 -360 -3 1 -9 -7 1 0 0 2 4 0 3 -2 0 -1 1 -2 0 0 0 0 0 0 0 0 0 0 0 0 0 0 0 0 0 0 0 0 1583836345
133120931 109536711 -243087371 -139291468 7150500 139343292 -3063014 -74841 -1833991 -65624 -23063 -1278264 -2475 294359 -62859 95184 -3422 -5052 -551 -4033 -321 -8715 -646 -454 -8 -877 9 24 12 -7 0 8 -1 -16 0 -7 0 0 -4 -1 -1 -4 0 -1 -1 0 -1 2 2 0 0 0 0 0 0 0 0 0 0 0 1583836345
-14668502 -14156704 19138525 3705252 -4814566 -6008363 -2098983 -141740 241501 -126579 -43458 40873 -3560 12883 -15279 -3437 -8501 267 -945 347 -258 -389 -25 -333 1 288 -15 -16 0 -1 0 3 0 -4 2 -1 0 -1 -1 -1 1 -1 0 0 0 0 0 0 0 0 0 0 0 0 0 0 0 0 0 0 1583836345
-15582574 -15081615 21069643 4552939 -7667890 -7074456 -1859164 -142124 118813 -126253 -43328 -3563 -3902 -59161 -13326 -3298 16914 -3508 -1144 -967 -106 -228 -434 -525 -8 114 -2 -9 1 -1 0 3 25 -1 3 -6 0 -1 1 -2 0 0 -1 -1 4 1 2 1 -1 0 0 0 0 0 0 0 0 -1 0 0 1583836345
-14693531 -14333626 19480206 3742133 -7748975 -6244859 -1840837 -141882 64832 -125826 -43191 7118 -3896 -62272 1220 18814 6033 -5918 -1568 10494 -146 68202 -386 -303 0 -1067 9 14 -6 -8 0 -3 7 -3 -3 9 0 7 -1 -2 -4 -1 5 -1 1 1 0 0 0 0 0 0 1 0 2 -2 0 0 0 0 1583836345
19000478 14274113 -41078161 -28833481 -7506118 27402354 -1827676 -127167 -36310 -112331 -38749 213958 -3028 -65699 -69681 49086 -6254 -6523 -1256 7532 -190 47503 122 -307 6 -33 -8 -15 -5 -9 0 3 4 -11 1 -1 0 3 0 -1 -2 -3 0 0 0 1 0 0 0 0 0 0 0 -1 0 0 0 0 0 0 1583836345
-12224611 -12215132 15003044 1326192 -7815143 -3728218 -1827590 -140713 103088 -124845 -42851 1082 -3881 -64965 16992 -23635 -2240 1125 -986 1237 -179 -541 -215 58 -6 345 -25 -21 -2 -2 0 3 1 -5 2 1 0 -1 0 0 0 0 0 -2 -1 -3 1 0 0 0 1 0 0 2 0 0 0 0 0 0 1583836345
142024967 155060955 -334347065 -147804505 -1952817 127072564 -2334308 -76675 -863547 -65015 -23855 2277388 2849 30254 -195871 65533 3852 30847 -1007 29768 30 89988 1584 214 4 -206 -17 -40 -59 -2 0 9 1 -27 -4 1 0 2 0 -4 9 4 0 3 -2 11 0 0 -3 -2 0 0 -1 3 0 0 0 0 1 0 1583836345
-16020312 -15440791 21833093 4961350 -7722686 -7503076 -1834840 -142242 133786 -126370 -43354 -1616 -3933 -61747 -12426 -3893 -7964 -2980 -953 -1045 -227 -120 11 -227 -2 0 -16 -3 5 0 0 1 -1 0 0 1 0 0 0 -1 4 0 0 0 0 0 1 0 0 0 0 0 0 0 0 0 0 0 0 0 1583836345
-15412792 -14934038 20753331 4475771 -5780034 -6863632 -63509 -139152 116925 -121183 -40675 12375 -4760 -103342 -14442 -3277 -8735 -3170 -983 -876 -205 -161 -326 -304 -3 215 -15 -13 1 -1 0 2 3 -2 3 0 0 -1 0 2 0 0 0 -1 0 0 0 0 0 0 0 0 0 0 0 0 0 0 0 0 1583836345
-16020064 -15450619 21851467 4959935 -7747113 -7523703 -1832457 -142227 120582 -126332 -43334 -26744 -3978 -62185 -11201 -3652 -7605 -3016 -973 -628 -225 -149 241 -301 -3 -10 -12 -7 1 0 0 1 0 0 0 -1 0 -1 1 0 0 0 0 0 0 0 0 0 0 0 0 0 0 0 0 0 0 0 0 0 1583836345
-15524350 -15019030 20934012 4605790 -4324451 -6956439 -1669374 -141526 126448 -125569 -42891 -8044 -3842 4738 -9584 -4421 31548 1941 -1222 1115 -47 -624 9475 -292 -8 33 -1 -12 -3 0 0 2 22 -1 2 -5 0 -1 2 -4 -2 0 0 -3 0 0 -1 0 -1 0 0 0 0 0 0 1 0 0 0 0 1583836345
-16015726 -15403524 21698447 6131414 24971021 -6938993 9714161 -121677 131612 -93208 -25400 3034 -8579 100601 -2351 -6658 -4056 10991 -1184 4069 -222 -850 -1652 -189 0 -115 -16 -7 -6 1 0 1 5 0 -6 0 0 -1 1 -4 2 1 -1 1 -1 0 2 0 0 -2 0 1 0 0 0 0 0 0 -1 0 1583836345
-15555638 -15031144 20922669 5377447 15882544 -6639662 8039840 -124823 120307 -98013 -28147 5521 -8095 -16070 -12515 -3097 -4748 -3121 -1165 -697 -205 -134 5860 -259 0 158 -12 -12 1 -1 0 3 10 -2 3 3 0 -1 1 -2 0 0 1 1 0 0 2 0 0 -1 0 1 0 0 0 0 0 0 0 0 1583836345
-15810453 -15267384 21456088 4922354 -3131281 -7228869 -110035 -139088 123269 -121324 -40648 -14695 -4656 -43598 -12140 -3357 1629 -3265 -1073 -774 -184 -165 -179 -27 -6 16 -20 -7 1 0 0 1 -1 0 -13 -1 0 -1 3 0 0 0 -5 1 3 0 1 0 0 0 0 -1 0 0 0 0 0 0 0 0 1583836345
-15740876 -15186143 21244060 5681312 19768562 -6776461 8667142 -123577 115651 -96167 -27084 -13074 -8290 36768 -9366 -159 -8895 -3395 -1254 1099 -252 9051 -1689 -362 0 -146 -5 -4 0 -2 0 1 16 -1 2 4 0 0 1 -10 -3 0 -2 0 -1 0 -1 1 -1 2 0 1 0 0 1 0 0 0 0 0 1583836345
-16088877 -15475132 21842860 6277495 27306476 -6997350 12378114 -117289 119774 -85763 -21490 -27838 -9945 26812 -9419 -2878 2837 -3316 -1293 -757 -177 -105 12952 -283 1 -59 -12 -6 1 0 0 1 2 0 -4 8 0 0 -2 -2 0 0 -3 -1 0 0 1 -1 1 0 0 0 0 0 0 0 0 0 0 0 1583836345
112041763 92871566 -207544471 -118433943 -6562417 120185385 -1836290 -87663 -643393 -75032 -26548 826588 -518 -67038 -180730 99377 -8638 -10942 -818 3257 -152 51358 40 -244 14 310 -15 -14 -5 7 0 -7 3 11 2 0 0 0 0 2 -3 -11 0 0 0 3 0 -3 -4 0 -1 0 1 1 0 1 0 0 -1 0 1583836345
-16068180 -15492166 21939602 4999826 -7892567 -7574730 -1819243 -142232 120846 -126320 -43328 -27241 -3994 -65957 -9399 -4398 -6679 -392 -974 374 -211 -307 -94 -313 -3 -33 -12 -8 0 0 0 1 2 0 4 0 0 0 0 2 0 0 0 -2 -1 0 0 0 0 -1 -2 0 2 0 1 2 0 0 0 0 1583836345
-15343251 -14807044 20504222 4273111 -7875471 -6793506 -1820549 -141862 180541 -126120 -43265 7623 -3922 -65900 -14665 -3059 -7811 -3260 -967 -753 -224 -177 51 -302 0 103 -16 -10 1 -1 0 2 0 -1 2 -1 0 -1 0 -1 0 0 0 0 0 0 0 0 0 0 0 0 0 0 0 0 0 0 0 0 1583836345
-16080888 -15501764 21959941 5015387 -7815799 -7586460 -1834580 -142258 120910 -126365 -43349 -29001 -3980 -63504 -10775 -3758 3242 -2984 -1051 -654 -170 -184 -355 -287 -5 -25 -10 -6 1 0 0 2 8 0 0 3 0 -1 0 -4 -1 0 1 0 1 0 -1 0 0 0 0 0 0 0 1 0 0 0 0 0 1583836345
-1072132 -2936243 -4680233 -9520416 -7695587 7086768 -1827034 -135423 -129718 -119844 -41115 -274648 -4173 -62862 -12883 11175 -2962 2312 -945 777 -183 -1347 -256 -242 -6 233 -14 -13 1 -1 0 3 0 1 0 2 0 -1 0 0 0 0 1 -1 0 -1 0 0 0 0 0 0 0 0 0 -1 0 0 0 0 1583836345
-11228418 -11225638 12942727 266973 -7821454 -2582820 -1825654 -140036 258345 -124646 -42802 120576 -3660 -65942 -26144 -200 -1853 708 -976 585 -181 -697 -314 -373 1 256 -14 -18 -4 0 0 2 0 -2 3 0 0 -1 0 1 0 -2 2 1 1 1 2 0 1 0 0 0 0 0 0 0 0 0 0 0 1583836345
-15831792 -15291672 21514473 4787567 -7574549 -7328395 -1554167 -141708 120577 -125492 -42912 -17137 -4100 -71734 -11277 -3846 -7059 -1737 -977 -161 -213 -238 -123 -209 -3 48 -16 -9 0 0 0 2 -2 0 2 0 0 0 0 1 0 0 -2 0 0 0 0 0 0 0 0 0 0 0 0 0 0 0 0 0 1583836345
-16029020 -15461386 21866820 5048902 -6548526 -7570304 -698605 -140470 74958 -123130 -41663 -23282 -4525 -89719 -11033 -3693 -7984 -2903 -973 -987 -210 -125 -239 -305 -4 -24 -13 -6 1 0 0 1 -2 0 1 0 0 0 1 2 0 0 0 0 0 0 0 0 0 0 0 0 0 0 0 0 0 0 0 0 1583836345
-16057113 -15481087 21916513 4991080 -7768273 -7557241 -1830620 -142230 124281 -126346 -43340 -21794 -3972 -62822 -11438 -3749 -6974 -3082 -978 -658 -221 -145 -59 -203 -3 -24 -15 -6 1 0 0 1 -3 0 1 1 0 0 0 0 0 0 0 0 0 0 0 0 0 0 0 0 0 0 1 -1 0 0 0 0 1583836345
-16088851 -15498918 21948013 5175004 -3545704 -7508428 -58914 -139156 129413 -121319 -40634 -12205 -4707 -55008 -11590 -3806 -6695 -3015 -1008 -810 -219 -124 -414 -297 -2 -26 -11 -2 7 -1 0 1 -3 0 -1 0 0 -1 2 0 0 0 -1 0 0 0 0 0 0 0 0 0 0 0 0 0 0 0 0 0 1583836345
-15605598 -15072221 21017739 5284071 12145407 -6753375 5109509 -129713 124177 -106254 -32492 -1314 -6708 40484 -12411 -2934 4599 -2899 -1204 -678 -196 -156 -1820 30 -6 70 -18 -9 1 0 0 1 -13 -1 -12 4 0 -1 4 3 0 0 -7 2 3 1 3 -2 2 -1 0 1 0 0 0 0 0 0 0 0 1583836345
-16085821 -15507893 21972603 5019198 -7749456 -7591337 -1832269 -142239 120851 -126353 -43340 -29101 -3983 -62212 -10931 -3716 -7276 -3023 -974 -628 -223 -147 773 -303 -2 -25 -12 -6 1 0 0 1 -1 0 2 0 0 0 0 0 0 0 0 0 0 0 0 0 0 0 0 0 0 0 0 0 0 0 0 0 1583836345
41124384 32599338 -79953435 -50449603 -7221619 49012309 -1836774 -116418 -416498 -102587 -35465 -79669 -3179 -61765 18921 -23006 -227 -9457 -829 -3079 -163 -2948 -236 -364 -3 -342 -2 42 25 36 0 -43 9 51 4 0 0 0 0 -1 -2 0 0 1 1 4 0 -1 -1 0 0 1 0 -4 0 0 0 0 1 0 1583836345
-5818217 -6982829 3883087 -4939626 -7052884 2349894 -1886256 -137423 -114905 -121845 -41785 -307221 -4247 -45200 47002 -29300 -7500 -3220 -961 -149 -224 -561 -47 103 -8 -55 -20 0 7 0 0 0 -3 3 4 -1 0 0 0 0 0 2 0 0 0 3 0 1 0 0 1 -1 0 0 0 0 0 0 0 0 1583836345
46537865 37166603 -89628363 -55667610 -6342506 54406378 -1477475 -113369 -451447 -99359 -34199 -54635 -3219 -60918 96305 -77596 -7943 -10766 -766 -2481 -191 -2909 -9 -250 -2 -416 -5 27 17 15 0 -17 0 33 1 1 0 0 0 0 -3 0 0 0 0 4 0 0 0 0 0 0 0 5 0 0 0 0 0 0 1583836345
15189335 10914465 -34011504 -24699623 8922850 23851143 5203989 -116023 -35858 -93654 -28471 201164 -6144 -56583 -66327 22592 -4215 -6638 -1006 -2847 -183 -1825 -1853 -87 0 -260 -15 3 0 6 0 -7 -12 11 -4 7 0 0 -4 4 0 0 -3 0 6 0 -7 0 0 2 0 3 -3 0 0 1 0 1 2 1 1583836345
-5098373 -6277365 2410362 -5576970 -5995063 3286682 -1232750 -136191 4715 -120029 -40877 -65037 -4119 -55834 -29120 10629 -8422 -2906 -940 -937 -226 -828 -160 -295 -2 -85 -11 0 3 3 0 -3 -1 11 1 -1 0 -1 0 1 0 -3 1 0 0 0 0 1 1 1 0 0 0 0 1 0 0 0 0 0 1583836345
3402937 1344694 -13639070 -13771050 -6579890 12270830 -1067510 -132752 349087 -117070 -39954 467143 -3202 -79894 -44977 4104 -7746 19875 -914 9939 -134 8585 -224 -222 8 1133 -30 -56 -23 1 0 -1 -1 0 0 1 0 -1 0 0 -5 -6 0 0 0 0 0 0 0 0 0 0 0 -1 0 0 0 0 0 0 1583836345
-15562284 -15059646 21024470 4520779 -7834321 -7057920 -1833675 -142064 122533 -126178 -43294 -9031 -3937 -64222 -10352 -4341 10708 890 -1094 783 -122 -475 -1022 -149 -8 4 -15 -9 -2 0 0 1 -3 0 0 1 0 0 0 8 1 -2 -9 -3 4 0 -1 0 0 -1 0 0 0 0 -1 -1 0 -1 0 0 1583836345
-15737912 -15211149 21344739 4685405 -7870864 -7241064 -1821031 -142106 120236 -126199 -43290 -19889 -3974 -65531 -11915 -3443 -6384 -2626 -979 -498 -216 -195 -101 -270 -3 -6 -14 -7 1 0 0 1 -3 0 1 1 0 0 0 0 0 0 0 0 0 0 0 0 0 0 0 0 0 0 0 0 0 0 0 0 1583836345
-16066165 -15488304 21931685 5004005 -7722724 -7565045 -1846823 -142265 123713 -126399 -43367 -20639 -3948 -61014 -11232 -3752 17630 -3360 -1148 -1060 -101 -197 -1172 -85 -10 -17 -12 -4 3 0 0 1 -6 0 -1 12 0 0 -2 0 1 0 -1 0 0 0 -6 -1 0 -4 0 0 -3 0 0 0 0 0 0 0 1583836345
-15859308 -15299467 21535135 4793899 -7865135 -7347478 -1822983 -142139 136209 -126273 -43317 -10209 -3957 -65299 -12477 -3614 -4376 -3145 -994 -724 -207 -161 -87 -345 -3 40 -9 -8 1 0 0 2 0 0 2 0 0 0 0 0 0 0 1 0 0 0 0 0 0 0 0 0 0 0 1 -1 0 0 0 0 1583836345
2777582 773952 -12463794 -12647114 5847527 11815405 -3112766 -135592 280387 -122392 -42339 420865 -1537 286992 -43223 2740 109368 29740 -1619 10589 281 -3611 4692 257 -20 508 -14 -41 -29 0 0 3 -30 -6 -15 21 -1 -3 0 -25 -13 -2 -22 2 -10 -1 -8 -4 1 5 -1 1 0 -4 2 0 0 0 -1 1 1583836345
-15979867 -15413138 21770546 4969638 -6410425 -7455870 -1959576 -142320 122770 -126618 -43451 -20905 -3829 -27203 -11559 -3601 4598 -3247 -1062 -774 -182 -170 -310 -188 -6 -5 -15 -6 1 0 0 1 -7 0 -3 5 0 0 0 -2 0 0 -2 0 0 0 1 -1 0 1 0 0 0 0 0 0 0 0 0 0 1583836345
-16085589 -15501702 21955904 5120915 -4880496 -7534483 -2093884 -142449 124867 -126962 -43580 -20689 -3689 12315 -11403 -3672 -7250 -3025 -980 -652 -261 -125 0 -353 -2 -23 -11 -6 1 0 0 1 -2 0 3 -2 0 0 -1 0 0 0 0 0 0 0 0 0 0 0 0 0 0 0 0 0 0 0 0 0 1583836345
-15444195 -14953348 20789723 4641403 -1532135 -6819066 -2400051 -142498 122830 -127443 -43793 12636 -3297 98550 -13923 -3132 -5542 -2360 -971 -939 -295 -152 -155 -424 -3 166 -12 -8 5 -1 0 2 -1 -2 4 -3 0 0 -2 -2 4 0 0 0 0 0 -1 0 0 0 0 0 0 0 0 0 0 0 0 0 1583836345
-12755510 -12651024 15918586 2112154 476286 -4035415 -2582288 -141508 151676 -126891 -43670 111970 -2906 149665 28450 -23188 -1866 76614 -813 29349 -92 -5064 -542 -361 2 -574 -2 -37 -70 9 0 0 0 0 4 -4 0 -1 -1 1 -14 -8 0 0 -1 6 -2 1 1 0 0 0 0 0 0 0 0 0 1 0 1583836345
-12965283 -12854175 16356510 2035176 -7850705 -4421410 -1812273 -141019 126194 -125158 -42970 78783 -3764 -66561 -21339 -1505 -1723 212 -988 447 -182 -557 -387 -382 -4 327 -14 -20 -2 -1 0 3 0 -4 6 0 0 -1 1 5 0 -1 -1 -2 -1 0 0 0 0 0 -2 0 1 0 0 0 0 0 0 0 1583836345
-15746351 -15214094 21351526 4704192 -7745331 -7238191 -1832466 -142146 123856 -126246 -43311 -8544 -3943 -62303 -10895 -4234 -7445 -421 -956 139 -217 -308 780 -296 -2 35 -13 -8 0 1 0 -1 0 -2 2 0 0 0 0 0 0 0 0 0 0 0 0 3 4 0 0 0 0 0 0 0 0 0 0 0 1583836345
-12980138 -12697759 16011720 3071789 15581451 -3841537 -3966045 -143510 197500 -130500 -45084 268408 -1148 543526 -29108 -3587 -1032 4519 -973 1266 -479 -619 658 -703 0 524 -4 -22 0 -1 0 4 9 -7 7 0 0 -2 5 -3 4 -1 -1 0 0 0 -1 0 0 0 0 0 0 0 0 0 0 0 0 0 1583836345
-15857675 -15311696 21554141 4878514 -5688906 -7321493 -2020032 -142315 120629 -126704 -43486 -17489 -3760 -8707 -10403 -4105 -7975 -412 -966 344 -247 -299 129 -327 -2 22 -12 -9 0 0 0 2 0 0 2 0 0 -1 0 0 0 0 0 0 0 0 0 0 0 0 0 0 0 0 0 0 0 0 0 0 1583836345
-16066557 -15484287 21915528 5165877 -3192169 -7488076 -432200 -139705 123565 -122310 -41139 -20433 -4506 -30389 -11201 -3637 -8914 -2988 -987 -825 -244 -111 -305 -340 -2 -16 -13 -4 3 0 0 1 0 0 4 -2 0 0 -3 -1 1 0 0 0 0 0 0 0 0 0 0 0 0 0 0 0 0 0 0 0 1583836345
-8124129 -8688897 7533052 -2272764 1886678 677432 1287610 -133469 165019 -114462 -37575 235531 -4647 -5354 18746 -21950 -5221 81940 -804 31525 0 -5715 2964 -231 5 -587 -4 -39 -75 14 0 -4 1 11 7 0 1 -1 -6 5 -17 -12 2 0 0 12 0 -1 -1 0 0 0 0 2 0 0 0 0 -1 0 1583836345
-16049568 -15471462 21892542 5061363 -5635500 -7512531 -751980 -140375 124706 -123286 -41706 -21000 -4450 -67474 -11406 -3709 -9982 -3061 -976 -636 -231 -132 -59 -295 -2 -24 -15 -6 1 0 0 1 1 0 2 0 0 -1 1 -1 0 0 0 0 0 0 0 0 0 0 0 0 0 0 0 0 0 0 0 0 1583836345
-16020237 -15427834 21798644 5138122 -3239318 -7422043 -6773 -139100 132050 -121175 -40561 25193 -4655 -50837 -12774 -4421 -6281 -1655 -977 -800 -215 -186 3286 -319 -1 -22 -10 -2 5 0 0 1 -1 0 4 0 0 0 0 -1 6 0 0 0 0 0 0 0 0 0 0 0 0 0 0 0 0 0 0 0 1583836345
-15957521 -15392799 21730633 4892869 -7892223 -7452362 -1818582 -142190 128109 -126292 -43322 -12265 -3967 -66114 -12141 -3752 -8386 -2979 -966 -617 -226 -154 12 -296 -2 -22 -12 -6 1 0 0 1 0 0 2 0 0 0 0 1 0 0 0 0 0 0 0 0 0 0 -1 0 0 0 0 1 0 0 0 0 1583836345
-16034477 -15461944 21875823 4972464 -7665639 -7533228 -1885090 -142296 124052 -126494 -43421 -22055 -3903 -57303 -11309 -3590 70002 -4504 -1535 -1499 152 -323 -3728 -721 -19 -20 16 -3 2 0 -1 2 10 0 7 -3 0 0 0 15 3 0 -8 -2 10 1 0 1 -1 0 0 0 2 0 -3 -2 0 -3 0 1 1583836345
44115941 35952286 -86901118 -52576250 -7184150 53330580 -1846507 -118614 225147 -103958 -36346 1482379 -472 -69985 61442 -118635 6078 17382 14 -10161 -53 -3144 -669 -319 4 2008 -37 144 284 -28 0 -17 0 9 1 4 0 -1 0 10 -36 23 0 1 2 -36 7 -2 1 -1 1 0 2 25 0 0 0 -2 6 -2 1583836345
-16042203 -15454110 21840788 5415437 4631551 -7320774 -2009698 -141603 127676 -126353 -43047 -11304 -3185 210811 -11340 -3067 192960 -6486 -2455 -2792 629 -554 -7821 3096 -67 -5 -59 -1 2 0 0 -4 -89 1 -56 73 0 0 -9 -2 -1 -1 -9 7 -2 3 16 -2 1 -2 -1 4 0 0 2 1 0 -2 0 3 1583836345
-15795644 -15263254 21454597 4736540 -7885030 -7303003 -1819687 -142113 118865 -126210 -43293 -24155 -3984 -65856 -11534 -3485 -7663 -2570 -970 -469 -222 -190 9 -305 -3 3 -12 -7 1 0 0 1 0 0 2 -1 0 0 0 -1 0 0 0 0 0 0 0 0 0 0 0 0 0 0 0 0 0 0 0 0 1583836345
-16063583 -15486263 21927466 4998852 -7748534 -7562938 -1832399 -142237 124316 -126354 -43343 -21403 -3969 -62325 -11376 -3791 -6943 -2971 -978 -615 -221 -151 -62 -203 -3 -20 -15 -6 1 0 0 1 -3 0 1 1 0 0 0 0 0 0 0 0 0 0 0 0 0 0 0 0 0 0 1 -1 0 0 0 0 1583836345
-11945039 -12038518 14596923 1450427 4456005 -3324064 -2945331 -141271 47208 -127126 -43751 -76104 -2826 248456 -13881 1872 -127 -516 -1019 -99 -340 -472 -769 -331 -5 103 -13 -10 0 -1 0 2 -12 -2 0 6 0 0 -5 1 0 -1 0 0 2 0 2 -1 1 4 -1 4 -3 0 1 3 0 -1 -1 -2 1583836345
-15722179 -15196779 21309436 4774736 -4730896 -7172755 -2107222 -142299 120621 -126842 -43546 -20903 -3674 14427 -11859 -3262 -6463 -2585 -983 -505 -257 -176 -177 -250 -3 -10 -12 -7 1 0 0 1 -5 0 2 0 0 0 0 0 0 0 0 0 0 0 0 0 0 0 0 1 0 0 0 0 0 0 0 0 1583836345
-15948910 -15344255 21605771 5353224 3540111 -7385495 -2865595 -143204 39231 -128613 -44255 -18429 -2871 227004 -9292 -3572 -363 -301 -972 -1344 -333 -140 -696 -297 -7 -3 -8 -7 0 0 0 1 -12 0 1 5 1 0 -7 1 0 0 0 1 0 0 3 -1 1 0 0 4 -1 0 1 1 0 -1 0 0 1583836345
-16080065 -15497284 21946531 5110322 -5239339 -7539868 -2061221 -142447 119609 -126887 -43556 -17286 -3723 1231 -10898 -3738 -7125 -2459 -947 -1262 -255 -102 -122 -310 -3 -8 -13 1 13 -2 0 1 -4 0 1 1 0 0 -1 0 -1 0 0 0 0 0 0 0 0 1 0 0 -1 0 0 1 0 0 0 0 1583836345
58669560 48061522 -112631882 -65871709 24652000 68038648 10453492 -89071 35781 -62158 -15099 1175229 -5824 28227 -210839 78145 92684 6235 -1270 -6041 330 -5333 11066 1283 -12 975 -47 21 81 -16 0 2 -12 -12 16 25 1 -1 -5 2 -13 -16 -20 15 10 0 3 11 -6 2 -2 -7 -3 0 -1 1 0 1 0 0 1583836345
-15961326 -15394896 21730919 4974380 -5862852 -7427228 -947919 -140686 123246 -123805 -41985 -20331 -4352 -63169 -11361 -3703 -8497 -2634 -982 -482 -225 -168 -139 -223 -2 -19 -15 -7 1 0 0 1 -2 0 0 0 0 -1 1 0 0 0 -1 0 0 0 0 0 0 0 0 0 0 0 0 0 0 0 0 0 1583836345
-13229771 -13011778 16533280 5422974 80909130 -3244782 32849498 -79834 98010 -25995 10492 -16389 -18359 209706 -12693 1717 24075 -4005 -1880 -1272 -113 -119 -1785 -457 -1 -51 7 -3 0 0 0 2 -11 0 14 -1 4 3 -29 4 0 0 -3 1 3 1 4 -3 2 -1 -1 -3 0 0 -1 0 0 0 0 0 1583836345
-15605273 -15007388 20917243 4847252 -3905555 -6952157 -486057 -140224 140667 -122524 -41274 49642 -4381 -42993 -15709 -4112 -7273 -2207 -995 -353 -226 -213 -267 -252 -3 171 -19 -13 0 -1 0 2 -2 -2 0 0 0 -1 1 -1 0 0 0 0 0 0 0 0 0 0 0 0 0 0 0 0 0 0 0 0 1583836345
-7184689 -7846770 5605176 -378518 82634270 2881326 33633391 -75818 125950 -21443 12433 95352 -18389 212163 -23926 4021 53235 -3752 -2012 -1390 44 -661 19354 -163 -1 0 3 -6 -2 0 1 0 -17 2 22 10 2 1 -13 5 0 -1 -12 5 2 -1 0 0 1 0 0 -3 0 0 -1 0 0 1 0 1 1583836345
-13050008 -12830680 16323296 2221943 -7858495 -4358699 -1812578 -141510 193713 -125480 -43116 233365 -3502 -67600 -27123 -4914 -1020 3094 -975 1531 -168 -737 -439 -305 -3 252 -14 -22 -9 0 0 3 -3 -3 4 1 0 -1 0 4 0 -2 -1 -2 -2 0 0 0 0 0 -2 0 1 0 0 0 0 0 0 0 1583836345
-16045911 -15470857 21895090 4977582 -7891824 -7548387 -1819930 -142223 123858 -126319 -43330 -22590 -3984 -65907 -9199 -4621 -4062 365 -991 653 -196 -363 -247 -349 -3 -56 -8 -7 -1 0 0 1 3 0 5 0 0 0 1 4 0 0 0 -3 -1 0 0 1 0 -1 -3 0 3 0 2 3 0 0 0 0 1583836345
92116091 71700278 -163271021 -99674231 -6757241 102763093 -1822002 -94145 -476299 -82417 -28922 574139 -1247 -65579 -258368 134137 -7458 -5377 -511 -5323 -172 -6898 -204 -230 13 -536 -8 -1 -17 5 0 -3 0 5 0 0 0 -1 0 0 -1 -12 0 0 2 -2 0 0 1 0 0 0 0 -2 0 0 0 0 0 0 1583836345
-15900634 -15346674 21628344 4907692 -5921343 -7369913 -177999 -139425 123449 -121659 -40886 -20031 -4767 -100816 -11375 -3770 -4224 -3146 -1025 -682 -184 -161 -565 -116 -4 -16 -17 -6 1 0 0 2 8 0 4 3 0 0 0 5 1 0 -5 -2 0 0 0 1 -1 -1 0 0 -1 0 -1 -1 0 1 0 0 1583836345
-13773471 -13500490 17720995 3004380 -1916790 -5139948 -663526 -139040 142805 -122047 -41137 22017 -4209 7328 -8298 -7753 2158 -2985 -1063 -625 -205 -270 -656 208 -6 79 -29 -10 0 0 0 2 0 -1 -1 8 0 0 -3 -4 -1 1 -6 3 2 0 2 2 -2 -1 0 1 0 -1 2 -1 0 0 0 0 1583836345
29853089 23163519 -59955597 -39443594 -5312930 37971381 -624263 -119509 -261197 -103961 -35251 14419 -3743 -76170 -79075 40799 -8265 -2108 -808 -1513 -191 -3020 -289 -175 0 -322 -12 -4 -6 -1 0 3 1 -4 2 0 0 0 0 1 -1 2 0 0 3 -9 3 0 0 0 0 -1 0 5 0 0 0 0 2 0 1583836345
-13225839 -13128306 16925071 2235303 -7846053 -4816481 -1822713 -140887 62194 -125057 -42893 -94623 -4061 -64950 -11838 529 -5880 -1369 -976 -91 -210 -425 -35 -325 -3 -48 -12 -6 1 0 0 2 3 0 2 -1 0 -1 0 -1 0 0 0 0 0 0 0 0 0 0 0 0 0 0 0 0 0 0 0 0 1583836345
1511423 -884247 -9053258 -12109682 -7674206 9410490 -1822803 -133819 -278080 -118355 -40549 -548520 -4609 -61506 27233 -1707 -7239 6850 -928 3139 -191 -1688 10 -277 -7 -143 -10 4 5 7 0 -7 0 7 2 -1 0 0 0 0 -3 10 0 0 0 -8 1 0 0 0 0 0 0 -3 0 0 0 1 -4 1 1583836345
-10045174 -10467878 11258283 -380806 5723582 -1513258 3401426 -130127 -7542 -108661 -34322 -193106 -6345 -18231 -12400 6532 -8115 -2092 -1057 -462 -232 -530 1561 -389 -1 -51 -5 -4 3 -1 0 2 4 -1 7 -3 0 0 -4 -4 -1 0 0 0 -1 0 -1 0 0 0 0 0 0 0 0 0 0 0 0 0 1583836345
33994707 12484633 -39213728 -43446164 -7349137 51027208 -1799629 -118756 -179603 -105576 -36527 -228933 -3775 -58296 1879011 -1300833 5072 -68516 -1146 566 -74 6636 101 -620 -23 -229 25 15 30 -22 0 22 11 -33 7 -2 0 0 0 0 10 -40 1 0 5 -22 8 -1 1 0 0 1 0 -2 0 0 0 0 1 0 1583836345
-13213717 -13121194 16909269 2222641 -7853673 -4811052 -1820294 -140872 58126 -125035 -42883 -102162 -4076 -65210 -8705 -1457 -7479 -2582 -968 -501 -221 -336 -36 -292 -3 -36 -14 -5 2 0 0 1 0 0 1 -1 0 0 0 0 0 0 0 0 1 -1 0 0 0 0 0 0 1 0 -1 0 0 0 0 0 1583836345
-14952623 -14407453 19672750 3921901 -7768181 -6289850 -1836890 -141858 248578 -126199 -43332 141566 -3669 -63648 -21219 -4653 2826 -1012 -1003 -572 -165 -335 -222 -294 -2 296 -17 -11 6 -1 0 3 5 -3 1 1 0 -1 0 -5 5 0 0 0 1 0 -2 0 0 -1 0 0 0 0 0 0 0 0 0 0 1583836345
-16014801 -15436158 21823128 4958699 -7746703 -7498433 -1832560 -142250 132297 -126364 -43351 -2306 -3936 -62319 -10665 -4653 -7711 -88 -954 282 -217 -313 804 -292 -2 -30 -12 -6 0 0 0 1 0 0 2 0 0 0 0 0 1 0 0 0 0 0 0 0 0 0 0 0 0 0 0 0 0 0 0 0 1583836345
-15648221 -15132147 21177996 4610280 -7744296 -7135361 -1832583 -142109 125016 -126214 -43303 992 -3925 -62355 -11889 -4197 -7659 -799 -961 181 -218 -305 795 -294 -2 77 -13 0 17 -3 0 2 0 -1 2 0 0 0 0 0 -2 0 0 0 0 -1 0 0 0 0 0 0 0 0 0 0 0 0 0 0 1583836345
-10789196 -10802127 12050851 40771 -4876554 -1950872 -2090993 -140462 307998 -125338 -43122 312493 -3044 8563 -34695 -4331 -8507 -994 -918 -83 -253 -568 -40 -328 1 900 -25 -34 0 0 0 1 -1 -2 0 -2 0 -1 0 0 0 -3 0 0 0 0 0 0 0 0 0 0 0 0 0 0 0 0 0 0 1583836345
-16016715 -15440473 21820678 5179433 -1581752 -7410268 -2395707 -142686 119998 -127630 -43847 -13068 -3354 97535 -11761 -3511 -5684 -2872 -986 -848 -297 -104 -185 -412 -2 26 -10 -5 3 0 0 1 -3 0 0 -4 0 0 -1 0 2 0 0 0 -1 0 0 0 0 0 0 0 0 0 0 0 0 0 0 0 1583836345
76790840 63449257 -145177942 -84539147 5627509 85041379 -2981731 -101828 -232816 -91544 -32089 519750 -376 258349 -168826 107486 -387 9627 -826 6413 -261 43358 -339 -493 22 -274 4 32 29 2 0 -8 7 1 1 -6 0 3 -2 -12 41 -5 2 -2 0 2 0 2 3 0 0 0 0 -2 0 0 0 0 0 0 1583836345
-16066285 -15485452 21923294 5064716 -5895607 -7532287 -2001242 -142363 126034 -126743 -43495 -20535 -3787 -14143 -11275 -3686 -5496 -2941 -982 -858 -239 -127 -111 -355 -3 -19 -12 -6 1 0 0 1 -5 0 1 -3 0 0 0 0 0 0 0 0 0 0 0 0 0 0 0 0 0 0 0 0 0 0 0 0 1583836345
-15542442 -15044356 20989187 4548698 -6391191 -7016202 -1082225 -140748 121818 -124031 -42149 -10582 -4281 -68355 -12786 -3275 -6822 -2805 -982 -566 -214 -199 2479 -221 -2 19 -13 -8 1 0 0 1 -3 0 1 2 0 0 -1 0 0 0 0 0 0 0 0 0 0 0 0 0 0 0 1 -1 0 0 0 0 1583836345
74837076 62046241 -142151826 -82589088 16268475 83755583 6960755 -85314 224056 -64993 -17898 705465 -4947 18608 -103416 24436 -10161 55 -672 -2334 -185 -5518 -1625 -399 31 1149 -26 -46 -11 0 0 1 8 -1 0 -6 0 -2 -1 0 0 -3 4 0 0 4 0 1 1 0 0 0 0 -1 0 0 0 0 1 0 1583836345
-15829464 -15280510 21471074 5194173 4057350 -7132641 1671040 -135751 118769 -116112 -37774 -23678 -5294 26169 -11247 -3110 -5291 -2932 -1066 -635 -248 -129 -366 -445 -2 2 -8 -6 1 0 0 2 4 0 6 -3 0 0 -6 1 0 0 2 0 1 0 3 0 0 -1 0 0 0 0 0 0 0 0 0 0 1583836345
-16089172 -15506287 21968473 5056125 -6833104 -7572285 -1555768 -141746 124964 -125565 -42910 -21335 -4074 -55358 -11183 -3795 -6629 -2899 -976 -735 -222 -146 1736 -307 -2 -32 -10 -4 4 -1 0 1 -4 0 3 0 0 0 0 0 0 0 0 0 0 0 0 0 0 0 0 0 0 0 0 0 0 0 0 0 1583836345
-15757089 -15217442 21355535 4793385 -5686439 -7210193 -954496 -140639 124679 -123759 -41976 5609 -4294 -59124 -10447 -4447 -9624 947 -916 -369 -225 -299 174 -287 -2 71 -16 -1 11 0 0 1 0 -2 0 -1 0 0 1 0 -2 0 0 0 0 0 0 1 2 0 0 0 0 0 0 0 0 0 0 0 1583836345
-10873273 -10894979 12208532 717788 11680006 -1843628 5145653 -127843 249738 -104619 -31994 209847 -6320 27240 -24725 -4388 -4468 1886 -1068 858 -216 -701 4390 -434 3 536 -19 -23 1 -2 0 4 14 -5 2 -1 0 -2 4 -4 0 0 1 0 0 -1 0 0 -1 0 0 0 0 0 0 0 0 0 0 0 1583836345
-12823697 -12748098 16129273 1865116 -7838640 -4327341 -1808204 -140809 109756 -125012 -42910 19175 -3874 -66218 60216 -55311 2247 -5240 -1038 -504 -168 -5 -582 -189 -6 15 -15 -2 3 4 0 -3 0 8 7 0 0 0 3 8 1 3 -2 -4 -3 2 -1 2 0 -1 -2 0 2 0 1 1 0 0 -1 0 1583836345
-732259 -2574519 -5424359 -9895260 -7664671 7603294 -1837299 -135230 -3237 -119985 -41225 -57189 -3784 -63047 -35566 14480 5491 -3768 -1012 -1425 -154 -1097 -538 -315 -4 -130 -7 -3 1 -1 0 2 12 -1 0 -2 0 0 1 0 0 0 -3 -2 1 -1 0 1 -1 0 0 1 0 0 -1 0 0 0 0 0 1583836345
-15992309 -14646610 20226822 6281325 -7730389 -7082778 -1859653 800082 118690 -126211 -43388 -30086 -3950 -59066 -11071 -3761 14862 -9152 351015 12360 739 99 -918 -143 1 -28 15 -89 18 2 0 0 21 0 2 0 33 0 8 -7 -1 0 2 0 0 0 1 0 0 1 0 0 0 0 0 0 0 0 0 0 1583836345
-16087216 -15499015 21954925 5039688 -7554034 -7578886 -1865606 -142331 124311 -126470 -43401 -2460 -3902 -56916 -11298 -4318 14368 -1944 -1114 -685 -115 -257 -790 522 -12 -28 -30 -1 7 0 0 1 4 0 3 6 0 0 0 -2 3 0 0 -4 0 0 0 0 0 0 -1 3 4 0 -2 0 0 0 0 0 1583836345
-5880334 -6921672 3780739 -4876145 -7110584 2496182 -1885610 -137595 24456 -122197 -41959 -74172 -3843 -48282 -27711 10060 -579 -3301 -990 -1097 -193 -784 -394 270 -6 -90 -26 -4 2 0 0 1 -5 1 0 1 0 -1 1 0 0 -1 3 2 0 0 0 2 -2 -1 1 3 2 0 -2 0 0 0 0 0 1583836345
-15836602 -15295833 21523815 4782801 -7672981 -7335252 -1850705 -142164 122349 -126313 -43338 -18197 -3939 -59567 -12000 -3517 10071 -3521 -1098 -896 -140 -192 -3 -535 -5 -2 0 -6 1 0 0 2 13 0 5 -5 0 -1 2 -6 -1 0 -1 1 -1 0 -1 0 0 0 0 0 0 0 0 0 0 0 0 0 1583838187
-16045756 -15455971 21864512 4993487 -7874353 -7561665 -1821056 -142280 115372 -126329 -43338 -10188 -3963 -65595 -9552 -3971 -7681 -940 -859 -2675 -222 -63 93 -302 -3 60 -13 -10 0 -1 0 1 0 0 2 -1 0 0 0 -1 0 0 0 0 0 0 0 0 0 0 0 0 0 0 0 0 0 0 0 0 1583838187
-16087226 -15503356 21961481 5071247 -6618555 -7570748 -1626708 -141873 119688 -125754 -43003 -21427 -4021 -47211 -8075 -4481 5096 704 -989 -967 -161 -288 2260 -396 -4 -45 -11 7 16 0 0 1 8 0 -5 -6 0 -1 3 -4 14 1 2 -2 -1 0 0 0 0 0 0 0 0 0 0 0 0 0 0 0 1583838187
-16088340 -15501474 21956738 5098284 -5791242 -7552110 -1074892 -140933 124477 -124210 -42189 -12329 -4266 -56887 -10747 -4201 7033 -1829 -1085 -430 -146 -247 -618 2163 -18 -33 -69 -4 5 0 0 1 -9 0 6 -2 0 -1 4 0 1 0 2 0 6 0 -4 3 -2 -5 5 2 0 0 0 2 0 1 0 0 1583838187
-16023657 -15441977 21822100 5181711 -2916462 -7480704 46303 -139071 86422 -120963 -40450 -3382 -4711 -45812 -9505 -4931 5097 818 -1072 632 -153 -412 4633 -405 -5 -71 -1 0 9 -1 0 1 6 0 -1 -4 0 -1 3 -1 -2 0 1 0 0 0 0 0 0 0 0 0 0 0 0 0 0 0 0 0 1583838187
-16089166 -15506181 21965948 5093813 -5883998 -7562173 -956181 -140742 120227 -123871 -42012 -21116 -4353 -63216 -10734 -3941 -9370 -2247 -968 -524 -229 -166 -58 -300 -2 -32 -12 -2 6 0 0 1 0 0 2 0 0 0 1 -1 1 0 0 0 0 0 0 0 0 0 0 0 0 0 0 0 0 0 0 0 1583838187
-16082808 -15440407 21826310 5313739 -2305770 -7464502 196894 -24955 120223 -120450 -40182 -29954 -4815 -39865 -10703 -3562 -8981 -3452 22001 213 -182 -99 -204 -311 -1 -30 -8 -19 4 0 0 1 6 0 3 0 10 -1 4 -2 0 0 0 0 0 0 0 0 0 0 0 0 0 0 0 0 0 0 0 0 1583838187
-15253637 -14509470 19908236 4530829 -7905231 -6336423 -1819690 -143332 298610 -126985 -43805 764506 -2667 -71240 70585 -60387 -4794 192489 -73 62873 301 -11173 -858 -7 8 -1565 0 27 -53 24 0 -1 1 4 1 0 0 -1 0 -16 78 12 0 -3 0 -8 1 0 0 0 -1 0 1 0 0 1 0 1 -2 1 1583838187
-16066444 -15484916 21925195 5004009 -7837560 -7564840 -1830111 -142264 124574 -126365 -43352 -11227 -3955 -64302 -11074 -4195 -690 -1870 -1011 -425 -187 -225 -215 -325 -4 -30 -9 -5 2 0 0 2 7 0 2 0 0 0 0 -2 1 0 0 -1 0 0 -1 0 0 0 0 0 0 0 0 0 0 0 0 0 1583838187
-16041733 -15452276 21857780 4994291 -7886911 -7528545 -1820062 -142310 128207 -126366 -43359 19589 -3916 -66102 -3396 -8189 -7424 12884 -905 4643 -181 -1047 -44 -281 -2 -149 -11 -6 -6 1 0 1 0 0 2 -1 0 -1 0 -2 4 1 0 0 0 -1 0 0 0 0 0 0 0 0 0 0 0 0 -1 0 1583838187
-16061769 -15476819 21909409 4997644 -7815613 -7546077 -1830410 -142258 133867 -126379 -43358 -2200 -3939 -63847 -11465 -4464 -1794 -1732 -1010 -157 -191 -246 -1 -364 -3 -32 -7 -7 0 0 0 1 5 0 2 -1 0 -1 1 -2 0 0 1 0 0 0 0 0 0 0 0 0 0 0 1 -1 0 0 0 0 1583838187
-13138680 -12732248 16153573 2380627 -7444044 -4103748 -1879731 -142052 392606 -126283 -43547 706428 -2648 -58278 5868 -33252 20605 90180 -666 28563 160 -5604 -1005 -42 0 -359 -15 15 -1 6 0 2 11 -3 -5 15 0 -1 -4 -15 40 0 0 -5 5 -4 -3 0 0 -1 0 -2 0 2 4 -1 0 1 -2 0 1583838187
-16052405 -15464657 21883503 5007620 -7454410 -7528370 -1861759 -142303 133606 -126456 -43390 7508 -3888 -54576 -11247 -4770 -4185 -309 -977 206 -204 -313 1845 -328 -2 -46 -8 -4 3 0 0 1 2 0 3 -1 0 0 0 -2 0 0 0 0 0 0 0 0 0 0 0 0 0 0 0 0 0 0 0 0 1583838187
-15768553 -15189332 21275133 5424692 12046119 -6863711 -3644000 -143606 156642 -130498 -45015 61146 -1930 440413 3736 -11310 -288 28494 -940 10303 -364 -1878 -1032 -581 0 -262 1 -4 -10 2 0 1 -4 0 -5 -6 0 0 -2 6 4 0 5 -1 4 3 1 -1 0 4 0 3 -3 0 1 2 0 0 1 0 1583838187
-16023474 -15425242 21779625 5471733 6667173 -7241388 -3153467 -143282 141985 -129418 -44565 19153 -2507 306490 -11543 -4328 65 229 -1033 318 -366 -260 -788 606 -8 -30 -36 -8 -1 0 0 1 -10 0 1 -6 0 0 0 2 0 0 6 -2 2 1 3 0 0 5 0 1 -4 0 0 4 0 -1 -1 -2 1583838187
-16061955 -15475530 21902675 5076712 -5636404 -7510865 -900943 -140637 132421 -123726 -41933 -3775 -4343 -60512 -5511 -6705 -9614 7799 -952 3526 -204 -785 -37 -271 -1 -121 -14 -9 -6 0 0 1 0 0 0 -1 0 -1 1 0 -3 1 0 0 0 -1 0 0 0 0 0 0 0 0 0 0 0 0 -1 0 1583838187
-16068149 -15466905 21853635 5699288 11529933 -7236927 6134756 -128302 123831 -103629 -31124 -9537 -7322 -21767 8069 -11222 -5492 27298 -1044 10829 -131 -1937 9492 -312 3 -326 -8 -17 -26 2 0 1 1 0 13 1 1 0 -10 4 -4 0 2 -1 0 4 1 -1 0 -2 0 1 0 0 0 0 0 0 0 0 1583838187
-15028396 -14335115 19530593 4394317 -5096394 -6100388 -750387 -141249 281291 -123760 -42080 692178 -3232 -60475 95065 -68019 310 226312 -114 77420 417 -13343 1987 158 9 -1748 3 -23 -126 29 0 -1 0 4 1 1 0 -2 0 -11 49 13 1 0 0 -9 1 0 -3 0 0 0 0 -3 0 0 0 0 0 0 1583838187
-16067870 -15470413 21867031 5575614 8099776 -7295153 4509658 -131110 123907 -108240 -33586 -11326 -6607 -17649 -9825 -4052 -8843 -881 -1078 0 -231 -212 -340 -263 -1 -39 -14 -5 1 0 0 2 9 0 2 3 -1 -1 5 -5 0 0 -3 0 0 0 0 0 0 0 0 0 0 0 0 0 0 0 0 0 1583838187
-16042379 -15453858 21857678 5055812 -6065695 -7499987 -1099233 -141024 128028 -124299 -42246 12502 -4232 -60644 6212 -11708 -9112 27274 -871 10024 -152 -1888 -145 -249 0 -282 -9 -10 -17 3 0 1 1 0 2 0 0 -1 0 -2 3 -1 0 0 0 5 0 0 0 0 0 0 0 0 0 0 0 0 0 0 1583838187
-16067305 -15468616 21861940 5606760 8951522 -7279291 4456213 -131139 123653 -108357 -33630 -9311 -6539 891 -2631 -6892 -4082 10425 -1059 4049 -185 -901 6376 -241 0 -153 -5 -8 -7 1 0 1 1 0 4 3 0 0 -1 0 1 0 -1 0 2 1 0 0 0 1 0 1 0 -1 1 0 0 0 0 0 1583838187
-16089178 -15510782 21978913 5017961 -7893246 -7597438 -1818552 -142232 120531 -126322 -43328 -28499 -3997 -66016 -10484 -3826 -8378 -2452 -955 -710 -226 -154 11 -296 -2 -25 -14 -4 3 0 0 1 0 0 2 0 0 0 0 0 2 0 0 0 0 0 0 0 0 0 -1 0 0 0 0 1 0 0 0 0 1583838187
-15803070 -15151366 21236416 4872860 -7883073 -7164273 -1822996 -142701 178530 -126599 -43526 280859 -3480 -67529 39098 -33180 -3306 101870 -576 34936 72 -6160 -583 -166 1 -887 -5 -11 -57 14 0 0 1 2 1 -2 0 -1 0 -5 26 7 0 0 1 -2 0 0 -1 0 0 0 1 0 -1 0 0 0 -1 0 1583838187
-15972477 -15371922 21691041 4959262 -7458424 -7417690 -1861775 -142400 145143 -126511 -43436 76753 -3781 -55140 24597 -21422 -2350 62399 -821 23477 -29 -4036 747 -242 0 -594 -3 -25 -53 7 0 1 1 0 -1 -3 0 -1 1 0 -4 -3 1 0 0 5 0 0 0 0 0 0 0 0 0 0 0 1 -3 1 1583838187
-16076516 -15496878 21949810 5015600 -7602783 -7572975 -1846890 -142252 124911 -126394 -43359 -21074 -3952 -58325 -10541 -4131 -2977 -1746 -1002 -160 -200 -238 275 -355 -3 -38 -9 -7 0 0 0 1 -2 0 1 -2 0 -1 1 0 0 0 0 1 0 0 0 0 0 0 0 0 0 0 0 0 0 0 0 0 1583838187
-16066580 -15484288 21922048 5037594 -6909702 -7549754 -998812 -140886 124450 -124036 -42126 -11808 -4363 -83469 -10477 -4412 -9052 -904 -964 3 -214 -256 -124 -289 -2 -38 -12 -5 1 0 0 1 0 0 2 0 0 0 0 0 1 0 0 0 0 0 0 0 0 0 0 0 0 0 0 0 0 0 0 0 1583838187
-16066344 -15484913 21919631 5110226 -4749860 -7512947 -841905 -140466 124607 -123506 -41796 -18533 -4350 -43687 -10750 -3943 -2550 -2115 -999 -476 -202 -217 7966 -295 -1 -47 -8 -5 2 0 0 1 -5 0 5 1 0 0 -2 1 2 0 0 0 0 0 0 0 0 0 0 0 0 0 0 0 0 0 0 0 1583838187
-15889580 -15224271 21388543 5008415 -5798913 -7203403 -855949 -140980 193536 -123870 -42048 259773 -3932 -67764 17195 -23564 -7615 64965 -650 20894 -43 -3925 -261 -196 1 -539 -8 20 2 6 0 0 -1 1 0 -1 0 -1 1 -7 32 4 0 0 0 -2 0 0 0 0 0 0 0 0 0 0 0 0 0 0 1583838187
-16066571 -15483851 21920753 5047826 -6619912 -7544418 -1132739 -141076 124535 -124393 -42303 -11177 -4276 -70822 -10140 -4552 -8632 -307 -963 227 -216 -292 432 -287 -2 -45 -12 -6 0 0 0 1 0 0 2 0 0 0 0 -1 1 0 0 0 0 0 0 0 0 0 0 0 0 0 0 0 0 0 0 0 1583838187
-16064770 -15289699 21530676 5342353 -7819739 -7465876 -1838112 -34954 120407 -126547 -43411 -30206 -3982 -63041 -10999 -3727 5864 -5992 163499 5390 240 -33 -832 -208 -1 11 0 32 -6 0 0 0 13 0 4 0 -72 0 -8 0 0 0 -2 -1 0 0 -1 0 0 0 -1 0 0 0 0 0 0 0 0 0 1583838187
-16001258 -15432999 21813914 4956444 -7218997 -7491717 -1884719 -142251 124234 -126451 -43384 -21120 -3912 -48330 -11341 -3743 -2350 -2776 -1004 -553 -204 -187 2559 -92 -4 -34 -13 -6 1 0 0 1 0 0 3 0 0 0 0 -1 0 0 1 0 0 0 0 0 0 0 1 1 1 0 0 0 0 0 0 0 1583838187
-16085753 -15507443 21971844 5016715 -7839133 -7592489 -1829824 -142245 120917 -126352 -43343 -28962 -3984 -64169 -10744 -3780 2906 -2955 -1049 -642 -172 -185 -454 -418 -5 -25 -7 -6 1 0 0 1 2 0 3 0 0 0 0 0 0 0 3 0 0 0 0 1 -1 1 0 -1 0 0 -2 0 0 0 0 0 1583838187
-16057667 -15478626 21910720 5014513 -7424936 -7551150 -1919836 -142382 121637 -126601 -43468 -22699 -3859 -49884 -10530 -3811 101146 -4087 -1757 -1456 304 -453 -4524 -1322 -24 5 40 -3 1 0 -1 3 28 -1 22 2 0 0 -1 8 1 0 14 5 4 4 19 -3 2 1 -1 -3 -1 0 -1 2 0 0 0 0 1583838187
-15442586 -14987515 20831784 4851223 -506705 -7117461 -2508120 -143111 -121101 -127476 -43846 -21274 -3231 126474 -8137 -4119 24775 -923 -1111 -2380 -158 -196 1104 -676 -17 68 -1 -9 0 -1 0 1 -2 -1 -5 -8 0 -1 4 -2 0 0 -1 1 -2 0 -1 -1 0 0 0 0 0 0 0 0 0 0 0 0 1583838187
-16070594 -15340953 21634163 5277018 -7573561 -7491713 -1852211 252674 119804 -126000 -43276 -30116 -3955 -57147 -10891 -3670 -3715 -3302 7970 -356 -186 -143 1142 -336 -3 -28 -10 -5 1 0 0 1 -1 0 3 -1 -2 0 0 0 0 0 0 1 0 0 0 0 0 0 0 0 0 0 0 0 0 0 0 0 1583838187
-10986954 -11141715 12709146 666476 8203987 -2148869 4341457 -129197 147656 -106789 -33234 115612 -6190 -10922 -24451 -701 64463 -4079 -1593 -1512 130 -597 -4619 3127 -34 -48 -82 -6 -1 1 0 -1 -23 1 2 27 0 0 -1 -8 -2 -1 -33 13 15 0 0 12 -10 2 0 -7 0 0 -2 2 0 3 0 0 1583838187
-16076525 -15499665 21955392 5007055 -7878368 -7584199 -1822105 -142233 120543 -126327 -43331 -29286 -3994 -65488 -10994 -3682 -5724 -3146 -987 -683 -214 -144 -75 -326 -3 -22 -13 -6 1 0 0 1 1 0 1 0 0 0 0 -1 0 0 1 0 0 0 0 0 0 0 0 0 0 0 1 -1 0 0 0 0 1583838187
-15861651 -15315301 21565668 4800278 -7852309 -7362595 -1824217 -142146 123681 -126256 -43311 -18858 -3971 -64937 -11706 -3633 -6656 -2596 -977 -479 -217 -189 149 -317 -3 -21 -12 -7 1 0 0 1 3 0 2 -1 0 -1 0 -2 0 0 0 0 0 0 0 0 0 0 0 0 0 0 0 0 0 0 0 0 1583838187
-16075210 -15483819 21919671 5113408 -5703524 -7522006 -912751 -140759 125758 -123783 -41960 -1282 -4333 -61400 -11375 -3913 -9807 -2330 -914 -1890 -234 -63 20 -296 -2 15 -13 50 84 -12 0 2 0 -1 2 0 0 0 1 1 -9 0 0 0 0 0 0 0 0 0 0 0 0 0 0 0 0 0 0 0 1583838187
-1382252 -3095839 -4318753 -9172808 -5568714 7034762 -1279631 -134576 23335 -118700 -40456 -13974 -3928 -44377 -27352 6660 -7928 -3893 -928 -1288 -228 -963 -162 -321 -1 120 -14 -11 1 -1 0 3 -1 1 3 -1 0 0 0 0 0 1 0 0 0 -3 0 0 0 0 0 0 0 0 0 0 0 0 -1 0 1583838187
-1304132 -3088740 -4347527 -9237008 -5647308 7028488 -952133 -134029 -42653 -117644 -39924 -94040 -4243 -60724 -19267 5474 -8677 -2245 -929 -599 -219 -1052 77 -299 -3 169 -15 -5 5 5 0 -4 0 11 3 0 0 -1 1 0 0 0 0 0 0 -1 0 1 1 0 0 0 0 -2 0 0 0 0 0 0 1583838187
-16089824 -15507148 21964612 5158927 -3955398 -7530461 -469090 -139817 120862 -122442 -41223 -29005 -4535 -44139 -10358 -3792 -7829 -2371 -998 -381 -230 -170 144 -336 -2 -33 -8 -4 4 0 0 1 1 0 3 0 0 -1 1 -1 0 0 0 0 0 0 0 0 0 0 0 0 0 0 0 0 0 0 0 0 1583838187
-16087544 -15501910 21961303 5025107 -7878662 -7586029 -1822445 -142272 124478 -126355 -43346 -10392 -3962 -65590 -10836 -4256 -5513 -1909 -962 -820 -211 -175 -95 -319 -3 -29 -11 4 15 -1 0 1 1 0 1 -2 0 0 0 -1 5 0 0 0 1 0 0 0 0 0 0 0 1 0 -1 0 0 0 0 0 1583838187
-16089477 -15508931 21975148 5022794 -7847502 -7596208 -1826257 -140704 120623 -126342 -43337 -30216 -3992 -64590 -10910 -3687 -4661 -3195 1346 -602 -204 -145 79 -341 -3 -27 -8 -5 1 0 0 1 5 0 2 -2 -1 -1 0 -2 0 0 0 0 0 0 0 0 0 0 0 0 0 0 0 0 0 0 0 0 1583838187
-16053037 -15477503 21909080 4984397 -7859968 -7554652 -1822393 -142224 124207 -126328 -43334 -21405 -3982 -65159 -6009 -5966 -7560 5579 -954 2667 -200 -664 0 -288 -2 -104 -13 -10 -6 0 0 1 0 0 1 0 0 -1 0 -1 -2 0 1 0 -1 0 0 0 0 0 0 0 0 -1 0 0 0 0 0 0 1583838187
-15757437 -15231172 21386395 4704313 -7789160 -7263349 -1837001 -142121 118020 -126241 -43310 -23710 -3963 -62873 -11380 -3507 4313 -2429 -1056 -467 -164 -241 -363 -337 -5 19 -8 -7 1 0 0 2 7 0 0 2 0 -1 0 -5 -1 0 0 0 0 0 -2 0 0 0 0 0 0 0 0 0 0 0 0 0 1583838187
-16066648 -15488222 21931677 5003340 -7724958 -7564806 -1834517 -142243 124674 -126362 -43346 -20687 -3966 -61643 -11262 -3867 -8225 -2709 -967 -507 -227 -163 319 -291 -2 -19 -12 -6 1 0 0 0 0 0 0 -1 0 -1 0 0 0 0 0 0 0 0 0 0 1 0 0 0 0 0 0 0 0 0 0 0 1583838187
-15531816 -15026758 20955832 4508988 -7738803 -7009027 -1833075 -142104 127800 -126193 -43302 13250 -3906 -62325 1157 -9783 -7239 21724 -916 8825 -157 -1666 140 -260 -1 -88 -14 -21 -22 1 0 2 0 -1 0 -1 0 -1 1 0 -5 0 0 0 0 2 0 0 0 0 0 0 0 0 0 0 0 0 1 0 1583838187
-14705486 -14345517 19505832 3769632 -5537599 -6188791 -2052483 -141840 102993 -126299 -43362 -31802 -3725 -3629 -12721 -2004 26089 -2837 -1202 -741 -86 -350 2689 -490 -9 118 2 -10 1 -1 0 2 5 -1 -18 -9 -1 -2 6 -1 0 0 -1 0 0 0 0 0 0 0 0 0 0 0 1 0 0 0 0 0 1583838187
-15883538 -15332844 21602533 4829426 -7886324 -7386041 -1819703 -142182 120390 -126257 -43309 -21402 -3981 -65881 -11262 -3744 -7972 -2168 -968 -307 -222 -208 25 -300 -2 -4 -12 -7 0 0 0 1 1 0 2 -1 0 0 0 -1 0 0 0 0 0 0 0 0 0 0 0 0 0 0 0 0 0 0 0 0 1583838187
658632099 699856460 -1473698322 -650775011 29482 571173969 -2345332 152234 -4603366 145331 44631 5533687 16169 -84351 -340399 -74476 -14225 -54592 1969 -25840 150 -34688 5 -50 15 -1447 2 -68 -139 -11 0 24 3 -36 -1 -2 0 -3 1 2 -11 0 0 1 -1 29 -5 -5 -6 0 0 0 0 0 0 0 0 2 -6 2 1583838187
-16002599 -15431194 21804077 5077778 -3895763 -7438366 -260072 -139450 122907 -121837 -40916 -23432 -4631 -52657 -11173 -3603 -5349 -2913 -992 -572 -211 -184 10271 -226 0 -52 -8 -7 1 0 0 1 -6 0 3 3 0 0 -3 3 0 0 3 0 0 0 0 -1 0 -1 0 0 0 0 0 0 0 0 0 0 1583838187
-15897162 -15272837 21431827 5924090 22850736 -6839373 9922131 -121403 157656 -92706 -25199 13233 -8774 44797 -5380 -5714 -7434 7324 -1143 2346 -220 -624 1435 -259 1 -74 -7 -4 0 0 0 1 6 0 0 0 0 0 -4 -7 4 2 0 -1 -1 -2 1 0 0 0 0 0 0 2 0 0 0 0 1 0 1583838187
-15352285 -14861308 20564013 5143197 15253335 -6461176 7854492 -125012 117773 -98442 -28399 -13663 -8046 -20084 -11963 -2415 6557 -2855 -1193 -615 -142 -258 23658 -341 2 -39 1 -8 0 -1 1 1 -1 -1 10 8 0 0 -1 4 0 0 4 0 0 0 1 -1 1 -1 0 0 0 0 0 0 0 0 0 0 1583838187
-15479397 -14940763 20697580 6036755 36937024 -6203525 14472362 -113053 127717 -79383 -17999 2757 -10560 133925 -11270 -2488 -2584 -2247 -1340 -428 -253 -102 -2505 -487 0 -10 -3 -6 0 0 0 2 13 0 -14 -9 -2 -2 12 -1 0 0 4 0 -1 0 0 0 0 0 0 1 -1 0 1 0 0 0 0 0 1583838187
-5685153 -6179669 2274009 -4111577 15985864 3584601 7545918 -121783 405953 -96227 -27949 536469 -6800 3510 68497 -57365 4358 136283 -550 44971 201 -8465 3217 1470 5 108 -53 -51 -61 3 0 3 0 -11 0 -2 -1 -4 8 1 -19 -7 1 0 2 -12 4 0 -4 0 0 0 0 5 -2 1 0 0 0 0 1583838187
-15055995 -14578893 20011360 4131451 -7875643 -6522860 -1811057 -142183 117669 -126017 -43226 -354 -3935 -66243 -14389 -2708 -5966 -2833 -972 -772 -214 -213 -129 -328 -3 138 -17 -11 1 -1 0 2 1 -2 4 0 0 0 0 2 0 0 0 -1 -1 0 0 0 0 0 -1 0 0 0 0 0 0 0 0 0 1583838187
152708820 137726659 -301115961 -158052078 -6086562 154521683 -1873236 -70115 -651488 -59534 -21887 2080412 2187 -73630 452996 -436768 -11202 -41474 -220 -9476 -125 -5556 313 -288 -3 2308 -41 -76 -1 -12 0 13 2 -23 1 -1 0 -1 0 -2 6 23 -1 1 -2 28 -5 -6 -8 0 0 0 1 9 0 0 0 2 -7 3 1583838187
-15927503 -15373423 21688183 4863098 -7813470 -7432565 -1830617 -142171 121533 -126291 -43323 -25246 -3975 -63666 -11468 -3552 -1304 -3261 -1018 -750 -193 -162 23 -389 -3 -24 -7 -6 1 0 0 2 6 0 3 -3 0 -1 1 -3 0 0 -1 1 0 0 0 0 0 0 0 0 0 0 0 0 0 0 0 0 1583838187
-15785257 -15241456 21411140 4734359 -7857786 -7269192 -1825173 -142153 131990 -126260 -43318 1575 -3933 -65102 -13245 -3679 -3617 -3019 -998 -658 -203 -180 -49 -360 -3 1 -9 -7 1 0 0 2 4 0 3 -2 0 -1 1 -2 0 0 0 0 0 0 0 0 0 0 0 0 0 0 0 0 0 0 0 0 1583838187
133120931 109536711 -243087371 -139291468 7150500 139343292 -3063014 -74841 -1833991 -65624 -23063 -1278264 -2475 294359 -62859 95184 -3422 -5052 -551 -4033 -321 -8715 -646 -454 -8 -877 9 24 12 -7 0 8 -1 -16 0 -7 0 0 -4 -1 -1 -4 0 -1 -1 0 -1 2 2 0 0 0 0 0 0 0 0 0 0 0 1583838187
-14668502 -14156704 19138525 3705252 -4814566 -6008363 -2098983 -141740 241501 -126579 -43458 40873 -3560 12883 -15279 -3437 -8501 267 -945 347 -258 -389 -25 -333 1 288 -15 -16 0 -1 0 3 0 -4 2 -1 0 -1 -1 -1 1 -1 0 0 0 0 0 0 0 0 0 0 0 0 0 0 0 0 0 0 1583838187
-15582574 -15081615 21069643 4552939 -7667890 -7074456 -1859164 -142124 118813 -126253 -43328 -3563 -3902 -59161 -13326 -3298 16914 -3508 -1144 -967 -106 -228 -434 -525 -8 114 -2 -9 1 -1 0 3 25 -1 3 -6 0 -1 1 -2 0 0 -1 -1 4 1 2 1 -1 0 0 0 0 0 0 0 0 -1 0 0 1583838187
-14693531 -14333626 19480206 3742133 -7748975 -6244859 -1840837 -141882 64832 -125826 -43191 7118 -3896 -62272 1220 18814 6033 -5918 -1568 10494 -146 68202 -386 -303 0 -1067 9 14 -6 -8 0 -3 7 -3 -3 9 0 7 -1 -2 -4 -1 5 -1 1 1 0 0 0 0 0 0 1 0 2 -2 0 0 0 0 1583838187
19000478 14274113 -41078161 -28833481 -7506118 27402354 -1827676 -127167 -36310 -112331 -38749 213958 -3028 -65699 -69681 49086 -6254 -6523 -1256 7532 -190 47503 122 -307 6 -33 -8 -15 -5 -9 0 3 4 -11 1 -1 0 3 0 -1 -2 -3 0 0 0 1 0 0 0 0 0 0 0 -1 0 0 0 0 0 0 1583838187
-12224611 -12215132 15003044 1326192 -7815143 -3728218 -1827590 -140713 103088 -124845 -42851 1082 -3881 -64965 16992 -23635 -2240 1125 -986 1237 -179 -541 -215 58 -6 345 -25 -21 -2 -2 0 3 1 -5 2 1 0 -1 0 0 0 0 0 -2 -1 -3 1 0 0 0 1 0 0 2 0 0 0 0 0 0 1583838187
142024967 155060955 -334347065 -147804505 -1952817 127072564 -2334308 -76675 -863547 -65015 -23855 2277388 2849 30254 -195871 65533 3852 30847 -1007 29768 30 89988 1584 214 4 -206 -17 -40 -59 -2 0 9 1 -27 -4 1 0 2 0 -4 9 4 0 3 -2 11 0 0 -3 -2 0 0 -1 3 0 0 0 0 1 0 1583838187
-16020312 -15440791 21833093 4961350 -7722686 -7503076 -1834840 -142242 133786 -126370 -43354 -1616 -3933 -61747 -12426 -3893 -7964 -2980 -953 -1045 -227 -120 11 -227 -2 0 -16 -3 5 0 0 1 -1 0 0 1 0 0 0 -1 4 0 0 0 0 0 1 0 0 0 0 0 0 0 0 0 0 0 0 0 1583838187
-15412792 -14934038 20753331 4475771 -5780034 -6863632 -63509 -139152 116925 -121183 -40675 12375 -4760 -103342 -14442 -3277 -8735 -3170 -983 -876 -205 -161 -326 -304 -3 215 -15 -13 1 -1 0 2 3 -2 3 0 0 -1 0 2 0 0 0 -1 0 0 0 0 0 0 0 0 0 0 0 0 0 0 0 0 1583838187
-16020064 -15450619 21851467 4959935 -7747113 -7523703 -1832457 -142227 120582 -126332 -43334 -26744 -3978 -62185 -11201 -3652 -7605 -3016 -973 -628 -225 -149 241 -301 -3 -10 -12 -7 1 0 0 1 0 0 0 -1 0 -1 1 0 0 0 0 0 0 0 0 0 0 0 0 0 0 0 0 0 0 0 0 0 1583838187
-15524350 -15019030 20934012 4605790 -4324451 -6956439 -1669374 -141526 126448 -125569 -42891 -8044 -3842 4738 -9584 -4421 31548 1941 -1222 1115 -47 -624 9475 -292 -8 33 -1 -12 -3 0 0 2 22 -1 2 -5 0 -1 2 -4 -2 0 0 -3 0 0 -1 0 -1 0 0 0 0 0 0 1 0 0 0 0 1583838187
-16015726 -15403524 21698447 6131414 24971021 -6938993 9714161 -121677 131612 -93208 -25400 3034 -8579 100601 -2351 -6658 -4056 10991 -1184 4069 -222 -850 -1652 -189 0 -115 -16 -7 -6 1 0 1 5 0 -6 0 0 -1 1 -4 2 1 -1 1 -1 0 2 0 0 -2 0 1 0 0 0 0 0 0 -1 0 1583838187
-15555638 -15031144 20922669 5377447 15882544 -6639662 8039840 -124823 120307 -98013 -28147 5521 -8095 -16070 -12515 -3097 -4748 -3121 -1165 -697 -205 -134 5860 -259 0 158 -12 -12 1 -1 0 3 10 -2 3 3 0 -1 1 -2 0 0 1 1 0 0 2 0 0 -1 0 1 0 0 0 0 0 0 0 0 1583838187
-15810453 -15267384 21456088 4922354 -3131281 -7228869 -110035 -139088 123269 -121324 -40648 -14695 -4656 -43598 -12140 -3357 1629 -3265 -1073 -774 -184 -165 -179 -27 -6 16 -20 -7 1 0 0 1 -1 0 -13 -1 0 -1 3 0 0 0 -5 1 3 0 1 0 0 0 0 -1 0 0 0 0 0 0 0 0 1583838187
-15740876 -15186143 21244060 5681312 19768562 -6776461 8667142 -123577 115651 -96167 -27084 -13074 -8290 36768 -9366 -159 -8895 -3395 -1254 1099 -252 9051 -1689 -362 0 -146 -5 -4 0 -2 0 1 16 -1 2 4 0 0 1 -10 -3 0 -2 0 -1 0 -1 1 -1 2 0 1 0 0 1 0 0 0 0 0 1583838187
-16088877 -15475132 21842860 6277495 27306476 -6997350 12378114 -117289 119774 -85763 -21490 -27838 -9945 26812 -9419 -2878 2837 -3316 -1293 -757 -177 -105 12952 -283 1 -59 -12 -6 1 0 0 1 2 0 -4 8 0 0 -2 -2 0 0 -3 -1 0 0 1 -1 1 0 0 0 0 0 0 0 0 0 0 0 1583838187
112041763 92871566 -207544471 -118433943 -6562417 120185385 -1836290 -87663 -643393 -75032 -26548 826588 -518 -67038 -180730 99377 -8638 -10942 -818 3257 -152 51358 40 -244 14 310 -15 -14 -5 7 0 -7 3 11 2 0 0 0 0 2 -3 -11 0 0 0 3 0 -3 -4 0 -1 0 1 1 0 1 0 0 -1 0 1583838187
-16068180 -15492166 21939602 4999826 -7892567 -7574730 -1819243 -142232 120846 -126320 -43328 -27241 -3994 -65957 -9399 -4398 -6679 -392 -974 374 -211 -307 -94 -313 -3 -33 -12 -8 0 0 0 1 2 0 4 0 0 0 0 2 0 0 0 -2 -1 0 0 0 0 -1 -2 0 2 0 1 2 0 0 0 0 1583838187
-15343251 -14807044 20504222 4273111 -7875471 -6793506 -1820549 -141862 180541 -126120 -43265 7623 -3922 -65900 -14665 -3059 -7811 -3260 -967 -753 -224 -177 51 -302 0 103 -16 -10 1 -1 0 2 0 -1 2 -1 0 -1 0 -1 0 0 0 0 0 0 0 0 0 0 0 0 0 0 0 0 0 0 0 0 1583838187
-16080888 -15501764 21959941 5015387 -7815799 -7586460 -1834580 -142258 120910 -126365 -43349 -29001 -3980 -63504 -10775 -3758 3242 -2984 -1051 -654 -170 -184 -355 -287 -5 -25 -10 -6 1 0 0 2 8 0 0 3 0 -1 0 -4 -1 0 1 0 1 0 -1 0 0 0 0 0 0 0 1 0 0 0 0 0 1583838187
-1072132 -2936243 -4680233 -9520416 -7695587 7086768 -1827034 -135423 -129718 -119844 -41115 -274648 -4173 -62862 -12883 11175 -2962 2312 -945 777 -183 -1347 -256 -242 -6 233 -14 -13 1 -1 0 3 0 1 0 2 0 -1 0 0 0 0 1 -1 0 -1 0 0 0 0 0 0 0 0 0 -1 0 0 0 0 1583838187
-11228418 -11225638 12942727 266973 -7821454 -2582820 -1825654 -140036 258345 -124646 -42802 120576 -3660 -65942 -26144 -200 -1853 708 -976 585 -181 -697 -314 -373 1 256 -14 -18 -4 0 0 2 0 -2 3 0 0 -1 0 1 0 -2 2 1 1 1 2 0 1 0 0 0 0 0 0 0 0 0 0 0 1583838187
-15831792 -15291672 21514473 4787567 -7574549 -7328395 -1554167 -141708 120577 -125492 -42912 -17137 -4100 -71734 -11277 -3846 -7059 -1737 -977 -161 -213 -238 -123 -209 -3 48 -16 -9 0 0 0 2 -2 0 2 0 0 0 0 1 0 0 -2 0 0 0 0 0 0 0 0 0 0 0 0 0 0 0 0 0 1583838187
-16029020 -15461386 21866820 5048902 -6548526 -7570304 -698605 -140470 74958 -123130 -41663 -23282 -4525 -89719 -11033 -3693 -7984 -2903 -973 -987 -210 -125 -239 -305 -4 -24 -13 -6 1 0 0 1 -2 0 1 0 0 0 1 2 0 0 0 0 0 0 0 0 0 0 0 0 0 0 0 0 0 0 0 0 1583838187
-16057113 -15481087 21916513 4991080 -7768273 -7557241 -1830620 -142230 124281 -126346 -43340 -21794 -3972 -62822 -11438 -3749 -6974 -3082 -978 -658 -221 -145 -59 -203 -3 -24 -15 -6 1 0 0 1 -3 0 1 1 0 0 0 0 0 0 0 0 0 0 0 0 0 0 0 0 0 0 1 -1 0 0 0 0 1583838187
-16088851 -15498918 21948013 5175004 -3545704 -7508428 -58914 -139156 129413 -121319 -40634 -12205 -4707 -55008 -11590 -3806 -6695 -3015 -1008 -810 -219 -124 -414 -297 -2 -26 -11 -2 7 -1 0 1 -3 0 -1 0 0 -1 2 0 0 0 -1 0 0 0 0 0 0 0 0 0 0 0 0 0 0 0 0 0 1583838187
-15605598 -15072221 21017739 5284071 12145407 -6753375 5109509 -129713 124177 -106254 -32492 -1314 -6708 40484 -12411 -2934 4599 -2899 -1204 -678 -196 -156 -1820 30 -6 70 -18 -9 1 0 0 1 -13 -1 -12 4 0 -1 4 3 0 0 -7 2 3 1 3 -2 2 -1 0 1 0 0 0 0 0 0 0 0 1583838187
-16085821 -15507893 21972603 5019198 -7749456 -7591337 -1832269 -142239 120851 -126353 -43340 -29101 -3983 -62212 -10931 -3716 -7276 -3023 -974 -628 -223 -147 773 -303 -2 -25 -12 -6 1 0 0 1 -1 0 2 0 0 0 0 0 0 0 0 0 0 0 0 0 0 0 0 0 0 0 0 0 0 0 0 0 1583838187
41124384 32599338 -79953435 -50449603 -7221619 49012309 -1836774 -116418 -416498 -102587 -35465 -79669 -3179 -61765 18921 -23006 -227 -9457 -829 -3079 -163 -2948 -236 -364 -3 -342 -2 42 25 36 0 -43 9 51 4 0 0 0 0 -1 -2 0 0 1 1 4 0 -1 -1 0 0 1 0 -4 0 0 0 0 1 0 1583838187
-5818217 -6982829 3883087 -4939626 -7052884 2349894 -1886256 -137423 -114905 -121845 -41785 -307221 -4247 -45200 47002 -29300 -7500 -3220 -961 -149 -224 -561 -47 103 -8 -55 -20 0 7 0 0 0 -3 3 4 -1 0 0 0 0 0 2 0 0 0 3 0 1 0 0 1 -1 0 0 0 0 0 0 0 0 1583838187
46537865 37166603 -89628363 -55667610 -6342506 54406378 -1477475 -113369 -451447 -99359 -34199 -54635 -3219 -60918 96305 -77596 -7943 -10766 -766 -2481 -191 -2909 -9 -250 -2 -416 -5 27 17 15 0 -17 0 33 1 1 0 0 0 0 -3 0 0 0 0 4 0 0 0 0 0 0 0 5 0 0 0 0 0 0 1583838187
15189335 10914465 -34011504 -24699623 8922850 23851143 5203989 -116023 -35858 -93654 -28471 201164 -6144 -56583 -66327 22592 -4215 -6638 -1006 -2847 -183 -1825 -1853 -87 0 -260 -15 3 0 6 0 -7 -12 11 -4 7 0 0 -4 4 0 0 -3 0 6 0 -7 0 0 2 0 3 -3 0 0 1 0 1 2 1 1583838187
-5098373 -6277365 2410362 -5576970 -5995063 3286682 -1232750 -136191 4715 -120029 -40877 -65037 -4119 -55834 -29120 10629 -8422 -2906 -940 -937 -226 -828 -160 -295 -2 -85 -11 0 3 3 0 -3 -1 11 1 -1 0 -1 0 1 0 -3 1 0 0 0 0 1 1 1 0 0 0 0 1 0 0 0 0 0 1583838187
3402937 1344694 -13639070 -13771050 -6579890 12270830 -1067510 -132752 349087 -117070 -39954 467143 -3202 -79894 -44977 4104 -7746 19875 -914 9939 -134 8585 -224 -222 8 1133 -30 -56 -23 1 0 -1 -1 0 0 1 0 -1 0 0 -5 -6 0 0 0 0 0 0 0 0 0 0 0 -1 0 0 0 0 0 0 1583838187
-15562284 -15059646 21024470 4520779 -7834321 -7057920 -1833675 -142064 122533 -126178 -43294 -9031 -3937 -64222 -10352 -4341 10708 890 -1094 783 -122 -475 -1022 -149 -8 4 -15 -9 -2 0 0 1 -3 0 0 1 0 0 0 8 1 -2 -9 -3 4 0 -1 0 0 -1 0 0 0 0 -1 -1 0 -1 0 0 1583838187
-15737912 -15211149 21344739 4685405 -7870864 -7241064 -1821031 -142106 120236 -126199 -43290 -19889 -3974 -65531 -11915 -3443 -6384 -2626 -979 -498 -216 -195 -101 -270 -3 -6 -14 -7 1 0 0 1 -3 0 1 1 0 0 0 0 0 0 0 0 0 0 0 0 0 0 0 0 0 0 0 0 0 0 0 0 1583838187
-16066165 -15488304 21931685 5004005 -7722724 -7565045 -1846823 -142265 123713 -126399 -43367 -20639 -3948 -61014 -11232 -3752 17630 -3360 -1148 -1060 -101 -197 -1172 -85 -10 -17 -12 -4 3 0 0 1 -6 0 -1 12 0 0 -2 0 1 0 -1 0 0 0 -6 -1 0 -4 0 0 -3 0 0 0 0 0 0 0 1583838187
-15859308 -15299467 21535135 4793899 -7865135 -7347478 -1822983 -142139 136209 -126273 -43317 -10209 -3957 -65299 -12477 -3614 -4376 -3145 -994 -724 -207 -161 -87 -345 -3 40 -9 -8 1 0 0 2 0 0 2 0 0 0 0 0 0 0 1 0 0 0 0 0 0 0 0 0 0 0 1 -1 0 0 0 0 1583838187
2777582 773952 -12463794 -12647114 5847527 11815405 -3112766 -135592 280387 -122392 -42339 420865 -1537 286992 -43223 2740 109368 29740 -1619 10589 281 -3611 4692 257 -20 508 -14 -41 -29 0 0 3 -30 -6 -15 21 -1 -3 0 -25 -13 -2 -22 2 -10 -1 -8 -4 1 5 -1 1 0 -4 2 0 0 0 -1 1 1583838187
-15979867 -15413138 21770546 4969638 -6410425 -7455870 -1959576 -142320 122770 -126618 -43451 -20905 -3829 -27203 -11559 -3601 4598 -3247 -1062 -774 -182 -170 -310 -188 -6 -5 -15 -6 1 0 0 1 -7 0 -3 5 0 0 0 -2 0 0 -2 0 0 0 1 -1 0 1 0 0 0 0 0 0 0 0 0 0 1583838187
-16085589 -15501702 21955904 5120915 -4880496 -7534483 -2093884 -142449 124867 -126962 -43580 -20689 -3689 12315 -11403 -3672 -7250 -3025 -980 -652 -261 -125 0 -353 -2 -23 -11 -6 1 0 0 1 -2 0 3 -2 0 0 -1 0 0 0 0 0 0 0 0 0 0 0 0 0 0 0 0 0 0 0 0 0 1583838187
-15444195 -14953348 20789723 4641403 -1532135 -6819066 -2400051 -142498 122830 -127443 -43793 12636 -3297 98550 -13923 -3132 -5542 -2360 -971 -939 -295 -152 -155 -424 -3 166 -12 -8 5 -1 0 2 -1 -2 4 -3 0 0 -2 -2 4 0 0 0 0 0 -1 0 0 0 0 0 0 0 0 0 0 0 0 0 1583838187
-12755510 -12651024 15918586 2112154 476286 -4035415 -2582288 -141508 151676 -126891 -43670 111970 -2906 149665 28450 -23188 -1866 76614 -813 29349 -92 -5064 -542 -361 2 -574 -2 -37 -70 9 0 0 0 0 4 -4 0 -1 -1 1 -14 -8 0 0 -1 6 -2 1 1 0 0 0 0 0 0 0 0 0 1 0 1583838187
-12965283 -12854175 16356510 2035176 -7850705 -4421410 -1812273 -141019 126194 -125158 -42970 78783 -3764 -66561 -21339 -1505 -1723 212 -988 447 -182 -557 -387 -382 -4 327 -14 -20 -2 -1 0 3 0 -4 6 0 0 -1 1 5 0 -1 -1 -2 -1 0 0 0 0 0 -2 0 1 0 0 0 0 0 0 0 1583838187
-15746351 -15214094 21351526 4704192 -7745331 -7238191 -1832466 -142146 123856 -126246 -43311 -8544 -3943 -62303 -10895 -4234 -7445 -421 -956 139 -217 -308 780 -296 -2 35 -13 -8 0 1 0 -1 0 -2 2 0 0 0 0 0 0 0 0 0 0 0 0 3 4 0 0 0 0 0 0 0 0 0 0 0 1583838187
-12980138 -12697759 16011720 3071789 15581451 -3841537 -3966045 -143510 197500 -130500 -45084 268408 -1148 543526 -29108 -3587 -1032 4519 -973 1266 -479 -619 658 -703 0 524 -4 -22 0 -1 0 4 9 -7 7 0 0 -2 5 -3 4 -1 -1 0 0 0 -1 0 0 0 0 0 0 0 0 0 0 0 0 0 1583838187
-15857675 -15311696 21554141 4878514 -5688906 -7321493 -2020032 -142315 120629 -126704 -43486 -17489 -3760 -8707 -10403 -4105 -7975 -412 -966 344 -247 -299 129 -327 -2 22 -12 -9 0 0 0 2 0 0 2 0 0 -1 0 0 0 0 0 0 0 0 0 0 0 0 0 0 0 0 0 0 0 0 0 0 1583838187
-16066557 -15484287 21915528 5165877 -3192169 -7488076 -432200 -139705 123565 -122310 -41139 -20433 -4506 -30389 -11201 -3637 -8914 -2988 -987 -825 -244 -111 -305 -340 -2 -16 -13 -4 3 0 0 1 0 0 4 -2 0 0 -3 -1 1 0 0 0 0 0 0 0 0 0 0 0 0 0 0 0 0 0 0 0 1583838187
-8124129 -8688897 7533052 -2272764 1886678 677432 1287610 -133469 165019 -114462 -37575 235531 -4647 -5354 18746 -21950 -5221 81940 -804 31525 0 -5715 2964 -231 5 -587 -4 -39 -75 14 0 -4 1 11 7 0 1 -1 -6 5 -17 -12 2 0 0 12 0 -1 -1 0 0 0 0 2 0 0 0 0 -1 0 1583838187
-16049568 -15471462 21892542 5061363 -5635500 -7512531 -751980 -140375 124706 -123286 -41706 -21000 -4450 -67474 -11406 -3709 -9982 -3061 -976 -636 -231 -132 -59 -295 -2 -24 -15 -6 1 0 0 1 1 0 2 0 0 -1 1 -1 0 0 0 0 0 0 0 0 0 0 0 0 0 0 0 0 0 0 0 0 1583838187
-16020237 -15427834 21798644 5138122 -3239318 -7422043 -6773 -139100 132050 -121175 -40561 25193 -4655 -50837 -12774 -4421 -6281 -1655 -977 -800 -215 -186 3286 -319 -1 -22 -10 -2 5 0 0 1 -1 0 4 0 0 0 0 -1 6 0 0 0 0 0 0 0 0 0 0 0 0 0 0 0 0 0 0 0 1583838187
-15957521 -15392799 21730633 4892869 -7892223 -7452362 -1818582 -142190 128109 -126292 -43322 -12265 -3967 -66114 -12141 -3752 -8386 -2979 -966 -617 -226 -154 12 -296 -2 -22 -12 -6 1 0 0 1 0 0 2 0 0 0 0 1 0 0 0 0 0 0 0 0 0 0 -1 0 0 0 0 1 0 0 0 0 1583838187
-16034477 -15461944 21875823 4972464 -7665639 -7533228 -1885090 -142296 124052 -126494 -43421 -22055 -3903 -57303 -11309 -3590 70002 -4504 -1535 -1499 152 -323 -3728 -721 -19 -20 16 -3 2 0 -1 2 10 0 7 -3 0 0 0 15 3 0 -8 -2 10 1 0 1 -1 0 0 0 2 0 -3 -2 0 -3 0 1 1583838187
44115941 35952286 -86901118 -52576250 -7184150 53330580 -1846507 -118614 225147 -103958 -36346 1482379 -472 -69985 61442 -118635 6078 17382 14 -10161 -53 -3144 -669 -319 4 2008 -37 144 284 -28 0 -17 0 9 1 4 0 -1 0 10 -36 23 0 1 2 -36 7 -2 1 -1 1 0 2 25 0 0 0 -2 6 -2 1583838187
-16042203 -15454110 21840788 5415437 4631551 -7320774 -2009698 -141603 127676 -126353 -43047 -11304 -3185 210811 -11340 -3067 192960 -6486 -2455 -2792 629 -554 -7821 3096 -67 -5 -59 -1 2 0 0 -4 -89 1 -56 73 0 0 -9 -2 -1 -1 -9 7 -2 3 16 -2 1 -2 -1 4 0 0 2 1 0 -2 0 3 1583838187
-15795644 -15263254 21454597 4736540 -7885030 -7303003 -1819687 -142113 118865 -126210 -43293 -24155 -3984 -65856 -11534 -3485 -7663 -2570 -970 -469 -222 -190 9 -305 -3 3 -12 -7 1 0 0 1 0 0 2 -1 0 0 0 -1 0 0 0 0 0 0 0 0 0 0 0 0 0 0 0 0 0 0 0 0 1583838187
-16063583 -15486263 21927466 4998852 -7748534 -7562938 -1832399 -142237 124316 -126354 -43343 -21403 -3969 -62325 -11376 -3791 -6943 -2971 -978 -615 -221 -151 -62 -203 -3 -20 -15 -6 1 0 0 1 -3 0 1 1 0 0 0 0 0 0 0 0 0 0 0 0 0 0 0 0 0 0 1 -1 0 0 0 0 1583838187
-11945039 -12038518 14596923 1450427 4456005 -3324064 -2945331 -141271 47208 -127126 -43751 -76104 -2826 248456 -13881 1872 -127 -516 -1019 -99 -340 -472 -769 -331 -5 103 -13 -10 0 -1 0 2 -12 -2 0 6 0 0 -5 1 0 -1 0 0 2 0 2 -1 1 4 -1 4 -3 0 1 3 0 -1 -1 -2 1583838187
-15722179 -15196779 21309436 4774736 -4730896 -7172755 -2107222 -142299 120621 -126842 -43546 -20903 -3674 14427 -11859 -3262 -6463 -2585 -983 -505 -257 -176 -177 -250 -3 -10 -12 -7 1 0 0 1 -5 0 2 0 0 0 0 0 0 0 0 0 0 0 0 0 0 0 0 1 0 0 0 0 0 0 0 0 1583838187
-15948910 -15344255 21605771 5353224 3540111 -7385495 -2865595 -143204 39231 -128613 -44255 -18429 -2871 227004 -9292 -3572 -363 -301 -972 -1344 -333 -140 -696 -297 -7 -3 -8 -7 0 0 0 1 -12 0 1 5 1 0 -7 1 0 0 0 1 0 0 3 -1 1 0 0 4 -1 0 1 1 0 -1 0 0 1583838187
-16080065 -15497284 21946531 5110322 -5239339 -7539868 -2061221 -142447 119609 -126887 -43556 -17286 -3723 1231 -10898 -3738 -7125 -2459 -947 -1262 -255 -102 -122 -310 -3 -8 -13 1 13 -2 0 1 -4 0 1 1 0 0 -1 0 -1 0 0 0 0 0 0 0 0 1 0 0 -1 0 0 1 0 0 0 0 1583838187
58669560 48061522 -112631882 -65871709 24652000 68038648 10453492 -89071 35781 -62158 -15099 1175229 -5824 28227 -210839 78145 92684 6235 -1270 -6041 330 -5333 11066 1283 -12 975 -47 21 81 -16 0 2 -12 -12 16 25 1 -1 -5 2 -13 -16 -20 15 10 0 3 11 -6 2 -2 -7 -3 0 -1 1 0 1 0 0 1583838187
-15961326 -15394896 21730919 4974380 -5862852 -7427228 -947919 -140686 123246 -123805 -41985 -20331 -4352 -63169 -11361 -3703 -8497 -2634 -982 -482 -225 -168 -139 -223 -2 -19 -15 -7 1 0 0 1 -2 0 0 0 0 -1 1 0 0 0 -1 0 0 0 0 0 0 0 0 0 0 0 0 0 0 0 0 0 1583838187
-13229771 -13011778 16533280 5422974 80909130 -3244782 32849498 -79834 98010 -25995 10492 -16389 -18359 209706 -12693 1717 24075 -4005 -1880 -1272 -113 -119 -1785 -457 -1 -51 7 -3 0 0 0 2 -11 0 14 -1 4 3 -29 4 0 0 -3 1 3 1 4 -3 2 -1 -1 -3 0 0 -1 0 0 0 0 0 1583838187
-15605273 -15007388 20917243 4847252 -3905555 -6952157 -486057 -140224 140667 -122524 -41274 49642 -4381 -42993 -15709 -4112 -7273 -2207 -995 -353 -226 -213 -267 -252 -3 171 -19 -13 0 -1 0 2 -2 -2 0 0 0 -1 1 -1 0 0 0 0 0 0 0 0 0 0 0 0 0 0 0 0 0 0 0 0 1583838187
-7184689 -7846770 5605176 -378518 82634270 2881326 33633391 -75818 125950 -21443 12433 95352 -18389 212163 -23926 4021 53235 -3752 -2012 -1390 44 -661 19354 -163 -1 0 3 -6 -2 0 1 0 -17 2 22 10 2 1 -13 5 0 -1 -12 5 2 -1 0 0 1 0 0 -3 0 0 -1 0 0 1 0 1 1583838187
-13050008 -12830680 16323296 2221943 -7858495 -4358699 -1812578 -141510 193713 -125480 -43116 233365 -3502 -67600 -27123 -4914 -1020 3094 -975 1531 -168 -737 -439 -305 -3 252 -14 -22 -9 0 0 3 -3 -3 4 1 0 -1 0 4 0 -2 -1 -2 -2 0 0 0 0 0 -2 0 1 0 0 0 0 0 0 0 1583838187
-16045911 -15470857 21895090 4977582 -7891824 -7548387 -1819930 -142223 123858 -126319 -43330 -22590 -3984 -65907 -9199 -4621 -4062 365 -991 653 -196 -363 -247 -349 -3 -56 -8 -7 -1 0 0 1 3 0 5 0 0 0 1 4 0 0 0 -3 -1 0 0 1 0 -1 -3 0 3 0 2 3 0 0 0 0 1583838187
92116091 71700278 -163271021 -99674231 -6757241 102763093 -1822002 -94145 -476299 -82417 -28922 574139 -1247 -65579 -258368 134137 -7458 -5377 -511 -5323 -172 -6898 -204 -230 13 -536 -8 -1 -17 5 0 -3 0 5 0 0 0 -1 0 0 -1 -12 0 0 2 -2 0 0 1 0 0 0 0 -2 0 0 0 0 0 0 1583838187
-15900634 -15346674 21628344 4907692 -5921343 -7369913 -177999 -139425 123449 -121659 -40886 -20031 -4767 -100816 -11375 -3770 -4224 -3146 -1025 -682 -184 -161 -565 -116 -4 -16 -17 -6 1 0 0 2 8 0 4 3 0 0 0 5 1 0 -5 -2 0 0 0 1 -1 -1 0 0 -1 0 -1 -1 0 1 0 0 1583838187
-13773471 -13500490 17720995 3004380 -1916790 -5139948 -663526 -139040 142805 -122047 -41137 22017 -4209 7328 -8298 -7753 2158 -2985 -1063 -625 -205 -270 -656 208 -6 79 -29 -10 0 0 0 2 0 -1 -1 8 0 0 -3 -4 -1 1 -6 3 2 0 2 2 -2 -1 0 1 0 -1 2 -1 0 0 0 0 1583838187
29853089 23163519 -59955597 -39443594 -5312930 37971381 -624263 -119509 -261197 -103961 -35251 14419 -3743 -76170 -79075 40799 -8265 -2108 -808 -1513 -191 -3020 -289 -175 0 -322 -12 -4 -6 -1 0 3 1 -4 2 0 0 0 0 1 -1 2 0 0 3 -9 3 0 0 0 0 -1 0 5 0 0 0 0 2 0 1583838187
-13225839 -13128306 16925071 2235303 -7846053 -4816481 -1822713 -140887 62194 -125057 -42893 -94623 -4061 -64950 -11838 529 -5880 -1369 -976 -91 -210 -425 -35 -325 -3 -48 -12 -6 1 0 0 2 3 0 2 -1 0 -1 0 -1 0 0 0 0 0 0 0 0 0 0 0 0 0 0 0 0 0 0 0 0 1583838187
1511423 -884247 -9053258 -12109682 -7674206 9410490 -1822803 -133819 -278080 -118355 -40549 -548520 -4609 -61506 27233 -1707 -7239 6850 -928 3139 -191 -1688 10 -277 -7 -143 -10 4 5 7 0 -7 0 7 2 -1 0 0 0 0 -3 10 0 0 0 -8 1 0 0 0 0 0 0 -3 0 0 0 1 -4 1 1583838187
-10045174 -10467878 11258283 -380806 5723582 -1513258 3401426 -130127 -7542 -108661 -34322 -193106 -6345 -18231 -12400 6532 -8115 -2092 -1057 -462 -232 -530 1561 -389 -1 -51 -5 -4 3 -1 0 2 4 -1 7 -3 0 0 -4 -4 -1 0 0 0 -1 0 -1 0 0 0 0 0 0 0 0 0 0 0 0 0 1583838187
33994707 12484633 -39213728 -43446164 -7349137 51027208 -1799629 -118756 -179603 -105576 -36527 -228933 -3775 -58296 1879011 -1300833 5072 -68516 -1146 566 -74 6636 101 -620 -23 -229 25 15 30 -22 0 22 11 -33 7 -2 0 0 0 0 10 -40 1 0 5 -22 8 -1 1 0 0 1 0 -2 0 0 0 0 1 0 1583838187
-13213717 -13121194 16909269 2222641 -7853673 -4811052 -1820294 -140872 58126 -125035 -42883 -102162 -4076 -65210 -8705 -1457 -7479 -2582 -968 -501 -221 -336 -36 -292 -3 -36 -14 -5 2 0 0 1 0 0 1 -1 0 0 0 0 0 0 0 0 1 -1 0 0 0 0 0 0 1 0 -1 0 0 0 0 0 1583838187
-14952623 -14407453 19672750 3921901 -7768181 -6289850 -1836890 -141858 248578 -126199 -43332 141566 -3669 -63648 -21219 -4653 2826 -1012 -1003 -572 -165 -335 -222 -294 -2 296 -17 -11 6 -1 0 3 5 -3 1 1 0 -1 0 -5 5 0 0 0 1 0 -2 0 0 -1 0 0 0 0 0 0 0 0 0 0 1583838187
-16014801 -15436158 21823128 4958699 -7746703 -7498433 -1832560 -142250 132297 -126364 -43351 -2306 -3936 -62319 -10665 -4653 -7711 -88 -954 282 -217 -313 804 -292 -2 -30 -12 -6 0 0 0 1 0 0 2 0 0 0 0 0 1 0 0 0 0 0 0 0 0 0 0 0 0 0 0 0 0 0 0 0 1583838187
-15648221 -15132147 21177996 4610280 -7744296 -7135361 -1832583 -142109 125016 -126214 -43303 992 -3925 -62355 -11889 -4197 -7659 -799 -961 181 -218 -305 795 -294 -2 77 -13 0 17 -3 0 2 0 -1 2 0 0 0 0 0 -2 0 0 0 0 -1 0 0 0 0 0 0 0 0 0 0 0 0 0 0 1583838187
-10789196 -10802127 12050851 40771 -4876554 -1950872 -2090993 -140462 307998 -125338 -43122 312493 -3044 8563 -34695 -4331 -8507 -994 -918 -83 -253 -568 -40 -328 1 900 -25 -34 0 0 0 1 -1 -2 0 -2 0 -1 0 0 0 -3 0 0 0 0 0 0 0 0 0 0 0 0 0 0 0 0 0 0 1583838187
-16016715 -15440473 21820678 5179433 -1581752 -7410268 -2395707 -142686 119998 -127630 -43847 -13068 -3354 97535 -11761 -3511 -5684 -2872 -986 -848 -297 -104 -185 -412 -2 26 -10 -5 3 0 0 1 -3 0 0 -4 0 0 -1 0 2 0 0 0 -1 0 0 0 0 0 0 0 0 0 0 0 0 0 0 0 1583838187
76790840 63449257 -145177942 -84539147 5627509 85041379 -2981731 -101828 -232816 -91544 -32089 519750 -376 258349 -168826 107486 -387 9627 -826 6413 -261 43358 -339 -493 22 -274 4 32 29 2 0 -8 7 1 1 -6 0 3 -2 -12 41 -5 2 -2 0 2 0 2 3 0 0 0 0 -2 0 0 0 0 0 0 1583838187
-16066285 -15485452 21923294 5064716 -5895607 -7532287 -2001242 -142363 126034 -126743 -43495 -20535 -3787 -14143 -11275 -3686 -5496 -2941 -982 -858 -239 -127 -111 -355 -3 -19 -12 -6 1 0 0 1 -5 0 1 -3 0 0 0 0 0 0 0 0 0 0 0 0 0 0 0 0 0 0 0 0 0 0 0 0 1583838187
-15542442 -15044356 20989187 4548698 -6391191 -7016202 -1082225 -140748 121818 -124031 -42149 -10582 -4281 -68355 -12786 -3275 -6822 -2805 -982 -566 -214 -199 2479 -221 -2 19 -13 -8 1 0 0 1 -3 0 1 2 0 0 -1 0 0 0 0 0 0 0 0 0 0 0 0 0 0 0 1 -1 0 0 0 0 1583838187
74837076 62046241 -142151826 -82589088 16268475 83755583 6960755 -85314 224056 -64993 -17898 705465 -4947 18608 -103416 24436 -10161 55 -672 -2334 -185 -5518 -1625 -399 31 1149 -26 -46 -11 0 0 1 8 -1 0 -6 0 -2 -1 0 0 -3 4 0 0 4 0 1 1 0 0 0 0 -1 0 0 0 0 1 0 1583838187
-15829464 -15280510 21471074 5194173 4057350 -7132641 1671040 -135751 118769 -116112 -37774 -23678 -5294 26169 -11247 -3110 -5291 -2932 -1066 -635 -248 -129 -366 -445 -2 2 -8 -6 1 0 0 2 4 0 6 -3 0 0 -6 1 0 0 2 0 1 0 3 0 0 -1 0 0 0 0 0 0 0 0 0 0 1583838187
-16089172 -15506287 21968473 5056125 -6833104 -7572285 -1555768 -141746 124964 -125565 -42910 -21335 -4074 -55358 -11183 -3795 -6629 -2899 -976 -735 -222 -146 1736 -307 -2 -32 -10 -4 4 -1 0 1 -4 0 3 0 0 0 0 0 0 0 0 0 0 0 0 0 0 0 0 0 0 0 0 0 0 0 0 0 1583838187
-15757089 -15217442 21355535 4793385 -5686439 -7210193 -954496 -140639 124679 -123759 -41976 5609 -4294 -59124 -10447 -4447 -9624 947 -916 -369 -225 -299 174 -287 -2 71 -16 -1 11 0 0 1 0 -2 0 -1 0 0 1 0 -2 0 0 0 0 0 0 1 2 0 0 0 0 0 0 0 0 0 0 0 1583838187
-10873273 -10894979 12208532 717788 11680006 -1843628 5145653 -127843 249738 -104619 -31994 209847 -6320 27240 -24725 -4388 -4468 1886 -1068 858 -216 -701 4390 -434 3 536 -19 -23 1 -2 0 4 14 -5 2 -1 0 -2 4 -4 0 0 1 0 0 -1 0 0 -1 0 0 0 0 0 0 0 0 0 0 0 1583838187
-12823697 -12748098 16129273 1865116 -7838640 -4327341 -1808204 -140809 109756 -125012 -42910 19175 -3874 -66218 60216 -55311 2247 -5240 -1038 -504 -168 -5 -582 -189 -6 15 -15 -2 3 4 0 -3 0 8 7 0 0 0 3 8 1 3 -2 -4 -3 2 -1 2 0 -1 -2 0 2 0 1 1 0 0 -1 0 1583838187
-732259 -2574519 -5424359 -9895260 -7664671 7603294 -1837299 -135230 -3237 -119985 -41225 -57189 -3784 -63047 -35566 14480 5491 -3768 -1012 -1425 -154 -1097 -538 -315 -4 -130 -7 -3 1 -1 0 2 12 -1 0 -2 0 0 1 0 0 0 -3 -2 1 -1 0 1 -1 0 0 1 0 0 -1 0 0 0 0 0 1583838187
-15992309 -14646610 20226822 6281325 -7730389 -7082778 -1859653 800082 118690 -126211 -43388 -30086 -3950 -59066 -11071 -3761 14862 -9152 351015 12360 739 99 -918 -143 1 -28 15 -89 18 2 0 0 21 0 2 0 33 0 8 -7 -1 0 2 0 0 0 1 0 0 1 0 0 0 0 0 0 0 0 0 0 1583838187
-16087216 -15499015 21954925 5039688 -7554034 -7578886 -1865606 -142331 124311 -126470 -43401 -2460 -3902 -56916 -11298 -4318 14368 -1944 -1114 -685 -115 -257 -790 522 -12 -28 -30 -1 7 0 0 1 4 0 3 6 0 0 0 -2 3 0 0 -4 0 0 0 0 0 0 -1 3 4 0 -2 0 0 0 0 0 1583838187
-5880334 -6921672 3780739 -4876145 -7110584 2496182 -1885610 -137595 24456 -122197 -41959 -74172 -3843 -48282 -27711 10060 -579 -3301 -990 -1097 -193 -784 -394 270 -6 -90 -26 -4 2 0 0 1 -5 1 0 1 0 -1 1 0 0 -1 3 2 0 0 0 2 -2 -1 1 3 2 0 -2 0 0 0 0 0 1583838187
