-16088488 -15507033 21963587 5182047 -3217796 -7516963 -2246599 -142565 119166 -127300 -43713 -27415 -3543 54784 -9546 -1916 -10810 -3218 -974 -244 -299 -138 90 88 -4 -25 -14 -6 1 0 0 1 1 0 0 -2 0 0 -3 -2 0 0 0 3 -2 0 0 0 0 0 0 0 0 0 0 0 0 0 0 0 1583836345
-16088456 -15507285 21964580 5171546 -3515167 -7522085 -2239627 -142576 119167 -127294 -43719 -27513 -3563 47356 -9892 -1953 -10648 -3475 -992 53 -290 -147 398 2754 -17 -23 0 -7 2 0 -1 2 46 0 -20 4 0 0 -2 1 1 0 12 25 -1 0 7 8 -6 2 -7 -15 -6 0 -4 4 -1 0 0 0 1583836345
-16078377 -15502529 21959828 5033562 -7619038 -7586023 -1844236 -142306 111574 -126387 -43360 -16008 -3953 -59066 -1087 7005 -9775 -4374 -1027 952 -234 -480 96 -69 -3 -22 -14 -7 1 -1 0 1 0 0 1 0 0 0 0 0 0 0 0 2 0 0 0 0 0 0 0 -1 0 0 0 0 0 0 0 0 1583836345
-16089298 -15501048 21939956 5437051 4026516 -7390766 -2908451 -143076 119834 -128820 -44321 -25908 -2854 236210 -10963 -3236 -12528 -2732 -953 -596 -402 -61 -66 -371 -1 -18 7 -4 2 1 0 -1 6 -1 -3 -2 0 0 0 1 0 0 5 -2 2 0 1 1 -1 3 0 -1 -2 0 -2 2 0 1 2 4 1583836345
-16065690 -15488103 21922614 5171105 -3944217 -7511299 -2179387 -142639 102494 -127176 -43689 4470 -3582 33732 61394 19099 -10632 33682 1478 -47994 -289 1534 148 -253 9 -41 -6 -18 -7 -14 0 -4 1 1 0 0 0 2 0 0 0 1 0 0 1 1 0 0 0 0 0 0 0 0 0 0 0 0 0 1 1583836345
-16078874 -15501536 21954558 5106785 -5480013 -7548099 -2039225 -142449 112963 -126832 -43535 -16969 -3748 -4353 -3876 4879 -10291 -4569 -1046 1307 -266 -217 73 -291 -2 -24 -8 -4 3 2 0 2 1 0 0 -1 0 0 -1 0 0 0 1 0 0 0 1 0 0 0 0 0 0 0 0 0 0 0 0 0 1583836345
-16083637 -15454098 21860584 5174691 -5722268 -7528055 -2026499 -142151 120562 -126890 -43544 -29895 -3785 -9832 -10902 -3606 -10136 -3031 640 -565 -258 -120 156 1362 -10 0 -17 44 -8 -1 0 2 17 0 -5 3 1 0 -1 2 0 0 6 14 -1 0 2 4 -3 2 -2 -9 -2 0 -2 3 0 0 0 0 1583836345
-16088488 -15507033 21963587 5182047 -3217796 -7516963 -2246599 -142565 119166 -127300 -43713 -27415 -3543 54784 -9546 -1916 -10810 -3218 -974 -244 -299 -138 90 88 -4 -25 -14 -6 1 0 0 1 1 0 0 -2 0 0 -3 -2 0 0 0 3 -2 0 0 0 0 0 0 0 0 0 0 0 0 0 0 0 1583838187
-16088456 -15507285 21964580 5171546 -3515167 -7522085 -2239627 -142576 119167 -127294 -43719 -27513 -3563 47356 -9892 -1953 -10648 -3475 -992 53 -290 -147 398 2754 -17 -23 0 -7 2 0 -1 2 46 0 -20 4 0 0 -2 1 1 0 12 25 -1 0 7 8 -6 2 -7 -15 -6 0 -4 4 -1 0 0 0 1583838187
-16078377 -15502529 21959828 5033562 -7619038 -7586023 -1844236 -142306 111574 -126387 -43360 -16008 -3953 -59066 -1087 7005 -9775 -4374 -1027 952 -234 -480 96 -69 -3 -22 -14 -7 1 -1 0 1 0 0 1 0 0 0 0 0 0 0 0 2 0 0 0 0 0 0 0 -1 0 0 0 0 0 0 0 0 1583838187
-16089298 -15501048 21939956 5437051 4026516 -7390766 -2908451 -143076 119834 -128820 -44321 -25908 -2854 236210 -10963 -3236 -12528 -2732 -953 -596 -402 -61 -66 -371 -1 -18 7 -4 2 1 0 -1 6 -1 -3 -2 0 0 0 1 0 0 5 -2 2 0 1 1 -1 3 0 -1 -2 0 -2 2 0 1 2 4 1583838187
-16065690 -15488103 21922614 5171105 -3944217 -7511299 -2179387 -142639 102494 -127176 -43689 4470 -3582 33732 61394 19099 -10632 33682 1478 -47994 -289 1534 148 -253 9 -41 -6 -18 -7 -14 0 -4 1 1 0 0 0 2 0 0 0 1 0 0 1 1 0 0 0 0 0 0 0 0 0 0 0 0 0 1 1583838187
-16078874 -15501536 21954558 5106785 -5480013 -7548099 -2039225 -142449 112963 -126832 -43535 -16969 -3748 -4353 -3876 4879 -10291 -4569 -1046 1307 -266 -217 73 -291 -2 -24 -8 -4 3 2 0 2 1 0 0 -1 0 0 -1 0 0 0 1 0 0 0 1 0 0 0 0 0 0 0 0 0 0 0 0 0 1583838187
-16083637 -15454098 21860584 5174691 -5722268 -7528055 -2026499 -142151 120562 -126890 -43544 -29895 -3785 -9832 -10902 -3606 -10136 -3031 640 -565 -258 -120 156 1362 -10 0 -17 44 -8 -1 0 2 17 0 -5 3 1 0 -1 2 0 0 6 14 -1 0 2 4 -3 2 -2 -9 -2 0 -2 3 0 0 0 0 1583838187
