-16089708 -15504243 21958066 5190286 -3122833 -7514067 -2253870 -142584 120484 -127008 -43724 -29507 -3543 55196 -10880 -3502 -10848 -2944 -976 -627 7552 -105 20 -325 -1 -24 -5 -4 1 0 0 1 0 0 0 0 0 0 0 0 0 0 2 0 0 0 0 0 0 1 0 0 -1 0 0 0 0 0 0 1 1583836345
-16091910 -15488280 21885810 6059580 21756024 -7086670 -4527504 -144320 119730 -132515 -45152 -25649 -1116 701928 -10664 -2460 -17001 -2195 -945 -483 -661 46 62 -357 0 -19 36 -3 1 0 0 2 15 0 -15 -6 1 0 -8 -6 -1 0 0 -6 0 0 1 0 -1 -1 0 0 1 0 0 0 0 0 0 0 1583836345
-16089223 -15506740 21970776 5024433 -7892912 -7595679 -1818585 -142256 120628 -125981 -43329 -30229 -4000 -66035 -10920 -3697 -9697 -3083 -980 -652 8419 -134 83 -260 -2 -24 22 -2 1 0 0 1 2 0 1 0 0 0 0 0 0 0 1 0 0 0 0 0 0 0 0 0 0 0 0 0 0 1 0 0 1583836345
-16088995 -15503887 21964057 5048427 -7309283 -7584185 -1872627 -142319 120615 -121846 -43374 -30137 -3943 -50901 -10915 -3672 -9844 -3070 -984 -653 10385 -130 122 -9 -3 -25 -20 -3 1 0 0 1 3 0 0 0 0 0 0 0 0 0 1 4 0 0 1 0 0 0 0 0 0 0 0 0 0 0 0 0 1583836345
-16089579 -15508584 21973032 5053218 -6967732 -7581226 -1903797 -142305 120598 -126459 -43444 -30200 -3959 -59784 -10921 -3689 -9645 -3063 -963 -640 1619 -133 84 -145 -3 -25 -14 -2 1 0 0 1 0 0 1 0 0 0 -1 0 0 0 0 1 -1 0 0 0 0 0 0 0 -1 0 0 0 0 0 0 0 1583836345
-16089372 -15508002 21973261 5024173 -7846634 -7595648 -1823224 -142252 120627 -126015 -43333 -30222 -3996 -64845 -10920 -3695 -9703 -3081 -978 -651 7795 -134 85 -179 -3 -26 -13 -4 1 0 0 1 1 0 1 0 0 0 0 0 0 0 0 0 1 0 -1 -1 0 0 0 0 0 0 0 0 0 0 0 0 1583836345
-15478167 -10085545 10980617 12905570 -7737209 -4384267 -1924068 -178991 124422 -150605 14626961 -23067 -3198 -85106 -8510 -2931 -7317 -2426 -748 -501 -162 -113 221 711 -6 -22 -3 -9 2 0 0 2 40 0 -1 7 1 0 -7 0 0 0 -2 10 10 0 -4 -2 1 0 0 0 5 0 -2 0 0 -8 -1 3 1583836345
-16093221 -15468910 21811694 6826691 43484563 -6710185 -6505668 -145853 119071 -136867 -47572 -22418 941 1245508 -10487 -1588 -22192 -1582 -941 -383 1268 179 -726 -634 4 -12 9 0 1 0 0 2 6 0 0 11 0 -1 0 5 1 0 0 2 3 0 2 -4 3 3 -1 0 0 0 0 0 0 0 1 3 1583836345
-16089141 -15505947 21969090 5027265 -7843604 -7594380 -1823536 -142273 120632 -120977 -43329 -30219 -3995 -64752 -10919 -3694 -9706 -3081 -979 -652 8199 -134 94 -284 -2 -26 -8 -4 1 0 0 1 3 0 1 0 0 0 0 0 0 0 1 0 0 0 0 0 0 0 0 0 0 0 1 -1 0 0 0 0 1583836345
-16094689 -15437590 21698361 7929218 74565446 -6169511 -9342913 -148083 118131 -143580 -39676 -17771 3896 2026073 -10231 -335 -29567 -692 -923 -227 -1399 366 -1228 -103 4 0 4 9 0 0 0 2 8 0 1 14 0 -1 2 8 2 0 1 4 4 1 4 -6 4 5 0 0 0 0 2 0 0 1 2 3 1583836345
-16089708 -15504243 21958066 5190286 -3122833 -7514067 -2253870 -142584 120484 -127008 -43724 -29507 -3543 55196 -10880 -3502 -10848 -2944 -976 -627 7552 -105 20 -325 -1 -24 -5 -4 1 0 0 1 0 0 0 0 0 0 0 0 0 0 2 0 0 0 0 0 0 1 0 0 -1 0 0 0 0 0 0 1 1583838187
-16091910 -15488280 21885810 6059580 21756024 -7086670 -4527504 -144320 119730 -132515 -45152 -25649 -1116 701928 -10664 -2460 -17001 -2195 -945 -483 -661 46 62 -357 0 -19 36 -3 1 0 0 2 15 0 -15 -6 1 0 -8 -6 -1 0 0 -6 0 0 1 0 -1 -1 0 0 1 0 0 0 0 0 0 0 1583838187
-16089223 -15506740 21970776 5024433 -7892912 -7595679 -1818585 -142256 120628 -125981 -43329 -30229 -4000 -66035 -10920 -3697 -9697 -3083 -980 -652 8419 -134 83 -260 -2 -24 22 -2 1 0 0 1 2 0 1 0 0 0 0 0 0 0 1 0 0 0 0 0 0 0 0 0 0 0 0 0 0 1 0 0 1583838187
-16088995 -15503887 21964057 5048427 -7309283 -7584185 -1872627 -142319 120615 -121846 -43374 -30137 -3943 -50901 -10915 -3672 -9844 -3070 -984 -653 10385 -130 122 -9 -3 -25 -20 -3 1 0 0 1 3 0 0 0 0 0 0 0 0 0 1 4 0 0 1 0 0 0 0 0 0 0 0 0 0 0 0 0 1583838187
-16089579 -15508584 21973032 5053218 -6967732 -7581226 -1903797 -142305 120598 -126459 -43444 -30200 -3959 -59784 -10921 -3689 -9645 -3063 -963 -640 1619 -133 84 -145 -3 -25 -14 -2 1 0 0 1 0 0 1 0 0 0 -1 0 0 0 0 1 -1 0 0 0 0 0 0 0 -1 0 0 0 0 0 0 0 1583838187
-16089372 -15508002 21973261 5024173 -7846634 -7595648 -1823224 -142252 120627 -126015 -43333 -30222 -3996 -64845 -10920 -3695 -9703 -3081 -978 -651 7795 -134 85 -179 -3 -26 -13 -4 1 0 0 1 1 0 1 0 0 0 0 0 0 0 0 0 1 0 -1 -1 0 0 0 0 0 0 0 0 0 0 0 0 1583838187
-15478167 -10085545 10980617 12905570 -7737209 -4384267 -1924068 -178991 124422 -150605 14626961 -23067 -3198 -85106 -8510 -2931 -7317 -2426 -748 -501 -162 -113 221 711 -6 -22 -3 -9 2 0 0 2 40 0 -1 7 1 0 -7 0 0 0 -2 10 10 0 -4 -2 1 0 0 0 5 0 -2 0 0 -8 -1 3 1583838187
-16093221 -15468910 21811694 6826691 43484563 -6710185 -6505668 -145853 119071 -136867 -47572 -22418 941 1245508 -10487 -1588 -22192 -1582 -941 -383 1268 179 -726 -634 4 -12 9 0 1 0 0 2 6 0 0 11 0 -1 0 5 1 0 0 2 3 0 2 -4 3 3 -1 0 0 0 0 0 0 0 1 3 1583838187
-16089141 -15505947 21969090 5027265 -7843604 -7594380 -1823536 -142273 120632 -120977 -43329 -30219 -3995 -64752 -10919 -3694 -9706 -3081 -979 -652 8199 -134 94 -284 -2 -26 -8 -4 1 0 0 1 3 0 1 0 0 0 0 0 0 0 1 0 0 0 0 0 0 0 0 0 0 0 1 -1 0 0 0 0 1583838187
-16094689 -15437590 21698361 7929218 74565446 -6169511 -9342913 -148083 118131 -143580 -39676 -17771 3896 2026073 -10231 -335 -29567 -692 -923 -227 -1399 366 -1228 -103 4 0 4 9 0 0 0 2 8 0 1 14 0 -1 2 8 2 0 1 4 4 1 4 -6 4 5 0 0 0 0 2 0 0 1 2 3 1583838187
