-15159397 -14722032 20304888 4203926 -5485838 -6632217 -2037576 -141994 114143 -126444 -43398 -28461 -3750 -3819 -12661 -2431 -10245 -2877 -953 -634 -267 -184 127 -287 -2 -31 -6 -6 1 0 0 1 1 2 0 -2 0 0 0 -1 0 0 1 0 0 0 0 0 0 0 0 0 0 0 0 0 0 0 0 0 1583836345
-16038628 -15055902 21054629 5726381 -6531356 -7305737 -1951289 -146900 121912 1043155 -42437 -29557 -3809 -32912 -10742 -3589 -9835 -3000 -965 -637 8795 -124 66 -314 -2 -24 -6 -2 1 0 0 1 1 0 2 0 0 0 0 0 0 0 1 0 1 0 0 0 0 1 0 1 0 0 0 0 0 0 0 0 1583836345
-5795544 -6965423 3825404 -4576971 4343137 2516930 -2924494 -138125 -139103 -124112 -42650 -383929 -3265 251287 -4655 11060 -12393 -608 -938 -1 -402 -789 -59 -385 -3 -39 -2 2 9 3 0 -2 1 7 0 0 0 -1 1 0 0 -1 1 0 0 0 0 0 0 0 0 0 0 1 0 0 0 0 0 0 1583836345
7855274 4981956 -21355635 -18128956 -6968837 16783127 -1884576 -132034 332168 -117604 -40647 723871 -2268 -52555 -85956 8003 -10461 -9719 -819 -3853 -239 -1245 115 -35 8 -259 -15 1 -5 12 0 -11 1 25 2 0 0 -1 0 0 0 -2 1 1 0 -3 1 0 0 1 1 -1 0 0 0 1 0 0 -1 0 1583836345
-10936031 -11238398 12907965 83000 -5467675 -2601755 -2035103 -139908 -11244 -124439 -42683 -211295 -3997 -2959 -8978 4502 -10075 -1982 -950 -371 -264 -488 519 -279 -3 -32 -8 -2 5 1 0 0 1 5 0 0 0 -1 1 0 0 -1 1 0 0 0 0 0 0 0 0 0 0 0 0 0 0 0 0 0 1583836345
-15159397 -14722032 20304888 4203926 -5485838 -6632217 -2037576 -141994 114143 -126444 -43398 -28461 -3750 -3819 -12661 -2431 -10245 -2877 -953 -634 -267 -184 127 -287 -2 -31 -6 -6 1 0 0 1 1 2 0 -2 0 0 0 -1 0 0 1 0 0 0 0 0 0 0 0 0 0 0 0 0 0 0 0 0 1583838187
-16038628 -15055902 21054629 5726381 -6531356 -7305737 -1951289 -146900 121912 1043155 -42437 -29557 -3809 -32912 -10742 -3589 -9835 -3000 -965 -637 8795 -124 66 -314 -2 -24 -6 -2 1 0 0 1 1 0 2 0 0 0 0 0 0 0 1 0 1 0 0 0 0 1 0 1 0 0 0 0 0 0 0 0 1583838187
-5795544 -6965423 3825404 -4576971 4343137 2516930 -2924494 -138125 -139103 -124112 -42650 -383929 -3265 251287 -4655 11060 -12393 -608 -938 -1 -402 -789 -59 -385 -3 -39 -2 2 9 3 0 -2 1 7 0 0 0 -1 1 0 0 -1 1 0 0 0 0 0 0 0 0 0 0 1 0 0 0 0 0 0 1583838187
7855274 4981956 -21355635 -18128956 -6968837 16783127 -1884576 -132034 332168 -117604 -40647 723871 -2268 -52555 -85956 8003 -10461 -9719 -819 -3853 -239 -1245 115 -35 8 -259 -15 1 -5 12 0 -11 1 25 2 0 0 -1 0 0 0 -2 1 1 0 -3 1 0 0 1 1 -1 0 0 0 1 0 0 -1 0 1583838187
-10936031 -11238398 12907965 83000 -5467675 -2601755 -2035103 -139908 -11244 -124439 -42683 -211295 -3997 -2959 -8978 4502 -10075 -1982 -950 -371 -264 -488 519 -279 -3 -32 -8 -2 5 1 0 0 1 5 0 0 0 -1 1 0 0 -1 1 0 0 0 0 0 0 0 0 0 0 0 0 0 0 0 0 0 1583838187
