-10334170 35549531 -81528157 79161173 -11231721 22593157 -2435620 -658561 271231 132727835 71451 23107 3028 -171190 8111 2397 11820 2371 1126 721 -158693 19 2 -845 5 26 -316 38 -8 0 0 0 -8 0 1 0 0 0 1 1 0 0 0 -1 -1 0 0 0 0 0 -1 0 0 0 0 -1 0 0 1 5 1583836345
-10645831 32779543 -75910480 75061744 -11199264 20929259 -2235655 -468939 154522 -341158 130468727 32763 2641 -357037 10476 2914 11923 2509 926 545 446 35 51 -302 4 21 -36 6 -2 0 0 -2 -13 0 6 -2 0 0 3 0 0 0 0 -2 -2 0 0 2 -1 -1 0 -1 0 0 0 0 0 0 0 -1 1583836345
-15160073 -14731511 20327367 4115070 -7870976 -6684107 -1820134 -141801 109106 -125929 -43195 -38721 -3999 -65621 -11690 -2685 -9644 -2778 -955 -556 -232 -208 88 -266 -2 -31 -7 -6 2 0 0 1 3 2 1 0 0 0 0 0 0 0 1 1 0 0 0 0 0 0 0 0 1 0 0 0 0 0 0 0 1583836345
-16089680 -15510778 21978944 5018967 -7881169 -7597871 -1820032 -142234 120627 -126265 -43329 -30227 -3999 -65708 -10919 -3696 -9663 -3069 -963 -639 1220 -135 91 -267 -2 -26 -7 -4 1 0 0 1 3 0 1 0 0 0 0 0 0 0 1 1 0 0 0 0 0 0 0 0 1 0 0 0 0 0 0 0 1583836345
-15890504 -13743980 18397477 7581352 -8010477 -6554280 -1836520 -154190 121868 -134192 4733726 -27924 -3757 -76820 -10136 -3454 -8850 -2864 -891 -594 -207 -129 79 307 -5 -24 -9 -4 1 0 0 1 8 0 3 0 0 0 0 1 0 0 0 0 0 0 0 0 0 -1 0 0 -1 0 0 0 0 0 0 0 1583836345
20240191 15257113 -43159053 -30205428 -7508506 28700919 -1823764 -126040 27726 -111789 -38598 310413 -2844 -67233 -82975 27478 -9945 -6921 -798 -3138 -221 -2155 58 97 3 -278 309 11 2 16 0 -17 0 34 1 0 0 -1 0 0 0 -7 0 0 0 -3 1 1 0 -1 0 0 0 1 0 0 0 0 1 0 1583836345
-10334170 35549531 -81528157 79161173 -11231721 22593157 -2435620 -658561 271231 132727835 71451 23107 3028 -171190 8111 2397 11820 2371 1126 721 -158693 19 2 -845 5 26 -316 38 -8 0 0 0 -8 0 1 0 0 0 1 1 0 0 0 -1 -1 0 0 0 0 0 -1 0 0 0 0 -1 0 0 1 5 1583838187
-10645831 32779543 -75910480 75061744 -11199264 20929259 -2235655 -468939 154522 -341158 130468727 32763 2641 -357037 10476 2914 11923 2509 926 545 446 35 51 -302 4 21 -36 6 -2 0 0 -2 -13 0 6 -2 0 0 3 0 0 0 0 -2 -2 0 0 2 -1 -1 0 -1 0 0 0 0 0 0 0 -1 1583838187
-15160073 -14731511 20327367 4115070 -7870976 -6684107 -1820134 -141801 109106 -125929 -43195 -38721 -3999 -65621 -11690 -2685 -9644 -2778 -955 -556 -232 -208 88 -266 -2 -31 -7 -6 2 0 0 1 3 2 1 0 0 0 0 0 0 0 1 1 0 0 0 0 0 0 0 0 1 0 0 0 0 0 0 0 1583838187
-16089680 -15510778 21978944 5018967 -7881169 -7597871 -1820032 -142234 120627 -126265 -43329 -30227 -3999 -65708 -10919 -3696 -9663 -3069 -963 -639 1220 -135 91 -267 -2 -26 -7 -4 1 0 0 1 3 0 1 0 0 0 0 0 0 0 1 1 0 0 0 0 0 0 0 0 1 0 0 0 0 0 0 0 1583838187
-15890504 -13743980 18397477 7581352 -8010477 -6554280 -1836520 -154190 121868 -134192 4733726 -27924 -3757 -76820 -10136 -3454 -8850 -2864 -891 -594 -207 -129 79 307 -5 -24 -9 -4 1 0 0 1 8 0 3 0 0 0 0 1 0 0 0 0 0 0 0 0 0 -1 0 0 -1 0 0 0 0 0 0 0 1583838187
20240191 15257113 -43159053 -30205428 -7508506 28700919 -1823764 -126040 27726 -111789 -38598 310413 -2844 -67233 -82975 27478 -9945 -6921 -798 -3138 -221 -2155 58 97 3 -278 309 11 2 16 0 -17 0 34 1 0 0 -1 0 0 0 -7 0 0 0 -3 1 1 0 -1 0 0 0 1 0 0 0 0 1 0 1583838187
