-16088240 -15510425 21977294 5032560 -7472194 -7590394 -1857557 -142264 119343 -126410 -43364 -28222 -3957 -55201 -9765 -2217 -9761 -3384 -978 -234 -238 -232 92 11 -4 -25 -14 -6 2 0 0 1 0 0 2 0 0 0 0 0 0 0 0 0 1 0 1 0 0 0 1 -1 0 0 0 1 0 0 0 0 1583838658
-16089764 -15511111 21979190 5026221 -7658436 -7594483 -1662920 -141966 120606 -125883 -43096 -29771 -4073 -68648 -10635 -3376 -9923 -3127 -963 -574 -233 -253 67 -275 -2 -23 -9 -5 2 1 0 2 2 0 2 -1 0 -1 -2 0 0 0 0 -1 0 0 0 0 0 0 0 0 0 0 0 0 0 0 0 0 1583838658
-16088264 -15510007 21975704 5045953 -7108151 -7584341 -1507032 -141685 119322 -125430 -42848 -28254 -4128 -63869 -9900 -2210 -10313 -3518 -988 -59 -236 -243 52 -10 -3 -25 -16 -6 2 0 0 1 0 0 2 0 0 0 0 0 0 0 0 0 1 0 1 0 0 0 1 -1 0 0 0 1 0 0 0 0 1583838658
-16089849 -15510191 21975574 5060617 -6703145 -7578333 -1212551 -141187 120577 -124603 -42410 -29750 -4270 -68981 -10568 -3356 -10805 -3100 -964 -590 -235 -247 17 51 -3 -23 -15 -5 2 1 0 2 0 0 1 0 0 -2 0 0 0 0 0 1 0 0 0 0 0 1 1 -1 0 0 0 0 0 0 0 0 1583838658
-16088413 -15507556 21966010 5152516 -4063104 -7531465 -2184716 -142530 119189 -127169 -43673 -27430 -3620 31195 -9461 -1859 -3413 -3399 -1033 -330 -242 -190 -248 5726 -33 -20 -96 -9 2 0 -1 0 4 0 3 -6 0 -1 3 0 0 0 6 15 0 0 3 2 -1 3 -11 -12 -4 0 -1 -1 -1 0 0 0 1583838658
-16088185 -15510294 21977261 5027690 -7618652 -7592815 -1844207 -142255 119326 -126380 -43352 -27967 -3970 -58965 -9482 -2022 -9727 -3337 -974 -304 -236 -239 96 -80 -3 -25 -14 -6 1 0 0 1 0 0 0 0 0 0 0 0 0 0 0 2 0 0 0 0 0 0 0 -1 0 0 0 0 0 0 0 0 1583838658
-16085196 -15466964 21810136 6744635 41122287 -6746899 -6301366 -145733 112674 -136589 -47392 -11978 744 1188769 -3913 6418 -21651 -3307 -1031 1638 -929 -306 -441 536 -2 -8 38 -6 2 0 0 1 20 0 -15 1 1 0 -10 5 1 0 4 4 10 2 10 0 0 7 -4 12 -11 2 4 8 0 -3 -4 -7 1583838658
-15600793 -15133619 21136631 4956299 -3701170 -7435816 -2201755 -143128 -202576 -126760 -43569 -27550 -3583 40656 -9648 -1851 -10714 -2788 -940 -890 -292 -135 35 -262 -15 -13 -7 -5 2 1 0 2 0 0 0 0 0 0 0 0 0 0 0 0 1 0 1 0 0 0 0 1 0 0 0 0 0 0 0 0 1583838658
-16089032 -15504049 21951788 5311195 483725 -7451522 -2584250 -142821 120574 -128078 -44029 -27075 -3199 144813 -10969 -3376 -11653 -2838 -955 -600 -351 -84 -29 -332 -1 -23 0 -4 2 1 0 2 3 0 -1 -1 0 0 0 1 0 0 3 -1 1 0 1 0 0 2 0 -1 -2 0 -1 1 0 1 1 2 1583838658
-16063854 -15276429 21498434 5459681 -4990445 -7412258 -115589 -140649 120545 -121884 -40873 -30256 -4778 -83104 -10761 -3652 -12744 -3049 -967 -613 -235 -121 26 -198 -2 -15 -11 17 -3 -1 0 1 1 0 0 0 0 -1 1 -1 0 0 0 0 0 0 0 0 0 0 0 0 0 0 0 0 0 0 0 0 1583838658
608 159 -278 189 -107 139 -178 388 168 -263 -238 -222 -201 184 62 -587 -287 50 -270 -306 -154 -237 -238 355 627 -97 92 -203 -190 -190 0 76 161 487 -98 110 52 -316 -547 132 -56 -140 425 270 -62 29 59 -140 -182 333 -165 -8 370 -25 570 -327 -451 -302 353 173 217 -21 398 89 333 -124 364 13 -628 166 39 128 2 544 70 176 -113 78 82 76 -38 254 -38 67 -38 -283 -364 161 -548 432 38 -201 -374 162 -144 -311 128 -11 -798 -337 137 454 397 -424 441 -310 563 -443 -622 -295 110 120 108 -212 -9 -120 -352 431 55 -468 620 88 277 191 -384 457 -257 -4 -157 -120 59 -441 267 285 35 30 324 -305 -113 130 -355 399 317 -71 -112 43 -57 389 -58 -417 321 405 82 -256 -114 -44 442 -4 204 -211 -205 -4 -141 228 -31 -354 -381 -210 -72 151 222 141 417 -660 -261 -268 -21 -361 -345 53 -174 -610 -95 62 286 -153 -188 -307 95 -277 15 409 -91 -80 111 7 -196 142 279 190 332 626 -477 -43 -239 229 105 -30 72 507 -143 -197 -427 -6 -90 -282 -410 -310 -138 473 546 -397 -601 438 394 -137 85 -171 284 -286 450 -186 -364 31 -235 103 194 -83 85 56 -213 51 254 -69 -212 4 -787 113 253 206 -265 0 -71 -350 398 -336 178 230 353 143 -467 -584 77 318 -3 -70 17 -213 -203 -19 158 58 -141 -39 -313 181 -42 -72 -40 592 187 97 -243 -187 -117 -341 -169 53 553 413 -10 193 -472 -397 432 55 -239 209 121 321 -44 -98 429 13 289 -433 -87 -243 131 -311 -265 555 -148 392 224 -292 -178 10 -96 436 296 479 -161 175 73 136 -72 23 -457 139 681 -321 126 -170 178 185 -188 -29 -131 221 -301 292 35 -216 355 289 75 -58 277 366 -74 -401 337 -278 14 171 -747 225 54 137 120 -225 76 -462 -140 324 263 159 -31 -241 402 -129 -92 -46 173 160 154 264 52 -40 103 12 14 -92 59 519 586 115 29 -399 -311 103 -144 224 442 401 -175 -17 -14 129 100 87 -214 89 -279 154 12 -433 -30 -251 49 -69 -126 182 399 50 -316 294 111 -252 22 -32 28 35 139 -73 1583863281
-325 -492 230 -126 -163 -264 -26 312 327 -13 -121 139 251 -62 -358 -525 355 308 -360 -502 -14 169 134 -127 -101 -456 398 15 -370 206 290 371 -335 219 -76 55 -162 34 -488 -369 530 -416 -200 431 171 319 -394 389 -435 -447 520 428 -187 235 292 253 -322 184 280 -451 -398 80 -452 75 -388 -125 42 -24 -350 -250 -38 145 271 -127 566 -82 198 -40 189 -623 242 163 14 581 -341 -60 -124 -142 -450 -122 354 97 -430 -229 -603 -431 -216 -169 619 -331 310 164 -496 8 340 373 67 -428 -33 105 5 -226 72 238 -617 -468 101 0 -280 354 -75 -333 -34 205 -238 250 -19 395 -186 167 223 -194 126 11 156 48 -40 731 407 192 -72 -104 127 6 151 442 286 511 137 -262 250 -580 -5 62 369 257 -408 -125 63 -175 81 207 252 -162 -398 -138 317 6 -612 -2 193 -171 199 -210 403 608 121 139 -52 111 123 537 -86 -30 30 -246 271 -73 -418 119 -572 -58 -266 -449 212 232 -603 -145 -181 30 -568 317 157 281 194 -139 285 528 -140 -178 -174 26 26 -63 -456 -150 -559 -23 110 260 -271 -165 -237 248 -286 254 320 -162 -208 -425 -359 5 -218 -107 522 -307 0 364 297 464 591 121 -535 -110 132 -101 187 17 105 505 -406 -287 41 -1 109 522 638 227 -109 136 100 -133 -87 115 -24 -2 636 110 -310 -98 -32 605 -202 -149 -149 -473 -161 610 -339 -427 -13 572 73 -159 120 -122 210 -290 64 -347 291 536 33 -135 225 19 -444 209 227 435 -248 -174 120 -199 5 106 -26 -221 71 -229 -187 -326 467 -54 -329 -298 -368 156 -10 -67 -762 31 338 -161 -346 33 -6 34 964 69 167 365 -201 277 406 -180 43 -9 184 -21 342 92 10 38 27 66 60 69 -96 21 -38 233 126 376 19 -226 -280 -256 253 -180 213 -222 -145 262 258 -41 145 118 106 40 106 -241 470 327 -35 -278 150 -204 376 53 5 -166 -90 89 235 -314 58 108 479 90 -39 -10 11 134 -217 -22 -66 -167 -498 -215 -263 -11 81 -367 92 -105 -160 5 -79 -94 242 -51 -532 0 -261 84 -66 564 77 12 479 53 294 307 113 -67 1583863281
149 281 -279 247 -309 -160 22 334 -47 502 29 69 -119 -95 -48 399 -378 -203 93 -94 -251 176 408 158 -43 265 408 29 361 -192 -72 687 -96 649 -380 -427 539 379 -127 454 63 469 -260 360 -215 -104 327 -68 -190 -546 107 604 273 -243 -54 -418 643 273 -154 -11 -33 442 729 -430 782 60 -654 -103 196 42 -266 -265 494 -315 44 -687 -650 -143 313 39 133 178 600 136 36 56 442 348 420 315 -356 563 174 182 -472 2 232 28 78 8 -379 -88 21 584 250 -228 -188 334 -166 389 -500 -215 -431 250 -139 -181 -146 44 -85 249 -59 -443 401 -377 -34 160 -554 -244 29 -70 161 108 -221 432 79 378 -229 -334 247 233 -15 -211 458 -229 86 -628 -159 -227 326 -81 -121 -81 -84 119 469 94 -342 -112 -156 -56 231 192 -116 359 469 133 521 395 -180 -366 -454 224 -120 103 3 -67 312 90 -344 226 -102 46 -194 -116 -505 411 -204 -14 354 356 238 -137 339 -29 -378 45 -18 -148 -130 -582 287 274 7 9 -398 25 -163 88 -176 150 159 -193 54 110 542 -134 -160 -362 -291 -60 -197 172 -45 196 -160 5 118 312 266 521 -110 -136 165 -115 -236 -13 -244 29 101 33 -84 181 -16 -57 -94 -1 -92 -185 432 -188 160 178 -131 -305 151 -120 -180 -437 -348 -52 -303 58 -246 168 105 -255 34 113 140 5 -291 166 -62 -306 144 -45 -123 -11 350 -616 330 -256 -232 -302 -58 27 292 -230 -179 -366 -158 48 49 -11 339 169 -259 250 341 657 193 -413 241 438 27 37 381 455 -316 46 471 -41 -107 -10 213 90 -352 -180 -110 580 -122 289 54 206 82 19 605 -266 130 9 -55 106 -209 706 253 -529 466 -240 254 71 -386 -135 46 310 -94 -241 -439 122 282 25 -424 97 339 -2 39 -98 211 -423 490 -155 195 108 -12 -152 351 334 -538 166 236 25 -76 153 -77 -204 -302 -575 -148 144 -85 -162 -81 -16 515 -411 86 -544 205 -291 -105 -220 123 263 107 -217 -305 -419 91 296 -102 -262 479 -270 116 -60 163 -129 67 -278 -13 -591 100 115 -20 -30 -356 27 -66 -38 -157 259 46 -77 113 97 -40 94 1583863281
-209 184 504 -70 94 -363 -163 392 411 -502 -206 -23 526 132 88 -403 -414 179 -404 280 194 446 -123 311 -195 97 -342 -250 -572 -92 -288 297 -95 -87 -532 -33 301 424 154 -580 -428 -28 -63 507 270 47 -456 -271 523 171 -125 431 186 256 225 219 560 118 258 -210 296 121 250 -382 -540 200 -297 179 -317 -401 273 20 248 95 -78 -109 373 138 44 -188 38 212 199 -142 175 319 -123 -359 207 255 -190 -18 331 552 161 -283 -432 -15 111 -312 -205 -463 622 651 320 360 -222 -347 -55 -217 16 376 58 -120 257 -323 -27 -136 242 128 -674 -464 44 -189 -117 481 86 -456 483 607 316 -8 -186 618 -109 42 374 -116 128 263 -185 253 -421 163 -407 874 37 440 21 1 -372 -556 195 30 471 -398 231 678 342 419 -33 -142 -279 231 -722 -154 -74 -33 -7 215 -106 -99 -243 217 89 -526 391 25 -22 252 -599 295 -70 176 58 -197 310 -29 -45 546 -368 489 346 83 739 48 107 -302 -368 425 84 -95 173 556 -136 -16 197 237 678 -421 -353 247 6 306 -67 170 359 11 141 -112 -97 132 423 -97 125 361 -274 -9 -245 166 212 -123 95 -352 331 -31 -249 -305 304 -401 -155 180 24 -600 193 -62 -157 -294 -326 529 286 -249 141 138 -655 -9 -241 -131 -126 -51 0 56 -140 314 366 153 42 -121 -164 -215 444 -349 -383 -160 6 0 -36 157 -522 -23 234 71 43 70 417 126 -118 347 253 94 113 -105 -262 -25 -400 -178 402 69 30 36 -17 202 7 -212 251 -192 -38 223 234 374 273 15 189 -66 162 397 211 -524 -73 -121 176 -192 243 -532 -101 -304 -69 -173 155 164 -286 49 256 306 -216 -229 178 181 -266 363 194 -341 76 -356 139 48 82 -17 -15 47 493 191 153 -199 -344 136 118 122 19 -521 144 150 -226 -501 -99 -464 -282 46 -126 -349 152 -54 -354 -67 -87 -133 -387 -161 -31 420 153 9 225 -41 445 165 71 -373 -76 -500 -170 144 134 310 -345 194 103 -21 -70 323 -187 -169 135 444 266 108 85 312 265 -478 363 -128 -64 420 -351 -85 120 302 279 -221 383 53 382 -206 305 -363 1583863281
-55 705 -753 -163 150 496 -330 181 514 16 -76 643 -688 -254 59 60 -610 -221 -219 170 442 -113 29 21 478 -59 330 -155 -319 13 -589 -675 356 314 -140 -125 257 -347 532 -476 136 140 96 589 -161 150 -1028 -130 -692 38 -358 185 261 -558 78 -212 327 55 213 -231 -580 -411 453 -334 -577 -223 -54 376 -200 -19 5 -358 -2 -1168 50 338 -87 162 146 625 505 276 234 -65 -70 -252 158 -350 -94 -541 23 -383 81 -147 -258 219 48 384 276 624 -302 -83 -135 -238 228 -219 -241 230 -414 -122 -110 138 136 -242 80 -350 -402 -69 -363 563 -255 -85 7 -115 -150 -108 126 22 -76 326 373 -143 -140 87 -52 80 184 226 41 -583 375 85 116 -274 626 -107 310 245 -336 717 187 -359 277 149 -211 201 457 -454 -592 451 -71 -47 209 68 15 420 -42 4 69 397 452 315 -318 -282 -409 252 381 -123 299 50 111 -284 -458 427 -47 -152 -254 -329 25 -28 -31 6 707 -332 91 343 -201 -178 115 -145 168 -318 -44 -118 362 -95 -279 -336 -432 -254 -22 141 -139 301 -326 -193 -106 88 135 -404 -326 -227 238 -503 -232 316 -171 323 -209 -379 -60 254 -75 -563 -40 -145 325 -367 -260 208 224 243 83 -365 -405 175 355 -103 -348 -361 -66 268 229 117 246 209 55 -32 -352 -21 177 342 -453 -360 202 -121 491 -493 300 -188 -305 146 -228 -627 -170 156 436 -341 -71 7 -283 77 -26 -89 356 282 -574 132 38 -138 288 -38 -330 -173 -104 -449 271 318 -49 265 195 62 -154 65 204 -250 -672 -245 452 247 -261 -63 -78 -24 -111 -4 18 -177 284 106 70 -190 -245 -197 -6 116 -485 -292 -313 64 -51 -328 41 -196 -87 172 95 -47 -736 -308 277 564 8 443 421 -188 -147 -85 373 -206 151 -333 -289 157 122 257 -111 -184 -134 196 14 214 125 -199 43 -126 -261 -66 -44 110 275 120 -395 431 372 301 263 -246 61 -243 -88 259 67 -620 97 71 274 24 -76 321 143 716 -44 -88 -618 -78 -127 14 9 -47 127 188 170 20 133 62 118 -432 -320 398 57 3 -40 -294 -288 356 409 200 130 397 -241 40 -220 142 -65 -421 1583863281
123 -321 311 127 -212 -214 -160 -153 -143 66 -638 -194 324 -157 -164 63 -493 -748 -225 -107 186 232 238 -29 19 78 -701 18 384 -365 557 92 -25 400 21 33 248 51 109 -719 357 359 -402 -242 -115 77 -104 403 157 -208 349 -122 134 -629 310 -251 44 -586 -144 -556 -24 -107 -673 44 48 230 -130 -376 44 185 364 -308 75 108 -72 -209 363 -138 -521 374 112 -665 153 268 -153 -183 224 240 -196 -300 -7 46 130 -39 -68 59 58 -467 644 688 103 93 -426 40 -755 52 89 54 -14 332 -353 -79 361 -305 55 0 -2 -267 153 326 255 222 -308 -119 -90 491 -504 -128 137 307 -531 5 -487 -278 212 -296 -353 -278 369 -30 -175 -382 200 783 -742 -528 246 865 -138 -200 141 -293 376 -217 -509 -557 -146 -155 -191 -416 -827 -158 159 56 59 511 -85 -96 139 -32 274 -140 340 -102 75 -188 128 -328 -323 29 454 292 278 382 -364 -292 231 -610 45 292 371 224 -17 -56 -216 -28 13 -268 241 84 643 293 34 188 -62 -477 171 -137 51 -271 500 -676 12 56 268 -277 416 -121 480 350 -40 256 503 -8 177 153 311 -215 122 206 129 -64 -119 -221 -130 140 -141 -362 377 -300 85 -168 -86 -90 -785 354 4 -14 -204 4 246 571 153 247 71 4 133 74 -155 212 55 -10 1 -34 200 363 -52 665 15 394 -87 -145 468 98 -227 329 125 51 512 150 199 -96 368 209 -219 88 -188 398 -218 85 420 -422 -250 -153 34 -185 348 -145 -485 407 70 -44 281 -85 -104 606 -37 -25 -203 204 -130 359 -332 78 -322 -196 41 86 63 472 126 191 510 88 -130 416 329 -185 270 -251 -107 -198 48 115 -90 -183 -264 147 123 20 230 360 362 -2 -48 -101 -19 -216 -214 -80 -253 136 433 -85 125 -123 106 42 -139 288 -276 109 -40 -124 252 114 -65 215 214 188 -58 -313 -403 -366 -76 60 38 -74 -237 355 147 -381 345 -96 26 -144 -182 53 427 652 -126 -124 -263 107 -111 -28 172 401 292 -22 -457 -180 -8 80 -181 -41 -252 70 105 105 49 -52 -100 186 -32 2 296 76 21 -22 -239 -202 416 -140 58 -209 1583863281
304 -241 29 -345 -141 389 134 68 104 307 -47 158 383 -270 227 49 -79 -349 355 -474 604 199 -37 -655 -489 -378 -168 385 -46 -62 617 -249 455 -797 -280 202 235 -236 327 608 -486 -636 -165 -4 -190 -166 274 19 -184 -100 38 -63 -50 419 -121 438 -117 60 300 278 187 -330 -189 -246 146 -99 -267 285 170 146 237 376 132 -37 113 -310 -36 266 -57 -89 173 352 -33 -181 99 264 17 -326 -132 169 20 -73 -363 110 -150 482 -534 -118 -170 -242 -440 281 -332 -31 322 64 14 218 -386 -510 -133 255 -69 -53 -90 141 404 -89 102 -284 364 107 0 126 28 137 313 -124 -322 427 -724 60 272 -471 43 -77 128 217 337 -569 354 -56 -157 354 292 11 -203 184 -174 -148 103 -90 181 29 -97 -54 -53 389 94 -244 85 -109 -108 34 -125 -269 501 299 -23 -707 280 -217 -521 126 -565 268 3 -114 183 67 238 540 214 -424 -285 260 -682 184 -158 57 -175 -203 25 -34 370 185 327 141 659 242 418 -72 150 28 56 -202 -87 -359 313 -23 215 341 383 -318 -777 -615 -139 -206 -228 -56 -269 485 -342 -11 320 -413 689 -91 -807 351 -176 183 -86 220 -475 1 -446 100 136 -208 -344 811 57 -117 33 591 157 -371 310 -15 -15 -399 185 88 -117 322 227 -209 -40 -44 -409 -327 4 -52 198 -336 551 28 -151 -486 -158 483 -45 21 301 -108 417 -119 11 259 -78 58 421 102 4 -186 182 10 -321 -387 -388 -56 154 -567 -84 -19 302 262 754 -665 45 144 278 257 -203 247 314 325 -313 -286 -292 -342 -374 -455 86 276 -35 56 -228 -264 -449 353 -268 -128 -345 23 -245 -65 42 136 400 680 357 327 99 -352 -315 -832 133 515 -37 344 149 -319 -283 324 -307 -117 68 50 169 -365 -67 277 2 130 163 538 90 287 -126 174 -46 34 -407 475 19 285 122 262 260 142 125 -93 -7 187 29 -12 181 61 167 -133 -203 -98 16 218 -367 195 125 370 -40 -9 -62 235 268 24 88 138 134 -288 349 -442 101 335 250 -178 173 130 360 20 -167 22 -171 -178 -81 -199 36 102 -337 46 356 21 34 -143 -41 -176 1583863281
-178 263 -28 5 -71 119 385 10 -59 -485 -504 -486 8 215 139 -71 164 -228 317 -188 150 -245 272 -199 -363 272 -311 -343 270 -17 -57 -58 75 227 189 62 91 -118 68 51 711 277 -2 -103 -288 182 221 703 -231 285 -78 -545 139 368 5 -90 -234 -193 -205 18 55 78 72 84 -233 109 -55 101 -119 89 -737 240 140 -75 -459 96 62 184 -51 143 -124 -133 -7 98 37 -188 520 270 633 313 -298 284 -476 146 -58 38 35 333 498 468 538 -56 -173 -274 -344 206 105 586 -6 43 380 651 -815 244 -77 187 -708 630 66 -213 115 516 122 355 630 295 497 394 119 444 452 578 -164 -299 -418 -5 -287 296 -67 136 606 56 -241 -215 97 88 163 24 -54 34 -99 50 213 -32 -115 -205 -570 -195 -125 -121 -162 -207 678 79 376 19 -88 -117 -429 141 -341 -244 271 145 236 169 536 34 272 384 485 -167 -189 -580 211 -219 -442 488 -294 208 310 339 -15 172 399 -75 11 -375 -234 -356 170 224 -221 399 12 7 -43 54 169 35 -183 154 -53 590 333 -135 -42 -222 196 24 402 216 -136 -309 241 -189 -235 -50 -49 131 501 57 244 153 293 -440 -73 670 -374 -663 -387 133 -309 -10 -140 394 594 -81 -537 -59 11 13 -8 68 -3 174 433 -284 219 256 335 -127 -91 -424 465 -28 440 -213 483 117 -230 73 134 -318 -19 -326 -141 -111 252 -335 -179 104 420 93 -57 275 259 251 -220 269 -70 -247 -115 318 349 -45 294 -158 302 202 236 402 76 173 132 -272 -200 308 -139 -331 258 464 98 79 -72 -126 -3 -244 -216 301 -123 111 6 -113 74 259 221 -3 -297 139 -102 -551 477 -207 -254 -217 -335 172 -340 -100 -314 416 718 -273 666 -39 -144 160 13 -279 0 275 -308 58 -381 232 76 136 -143 -270 -358 -255 355 -449 -329 307 196 -71 3 -21 9 -378 -410 63 264 145 -558 -195 209 75 -265 91 -178 -117 278 -392 -77 -58 -103 -14 -113 -20 -105 -49 190 -405 181 32 133 -27 -568 -173 -292 -310 206 -286 115 -108 214 146 305 295 -73 341 -389 1 -146 139 -81 -131 -314 -85 -4 44 183 104 1583863281
-193 180 -373 -139 -297 175 -432 19 -19 194 -379 -129 271 -237 30 7 511 -405 354 -640 -220 -19 82 45 347 -310 -382 -698 193 -242 466 240 755 -414 -288 -296 455 -173 51 -328 238 555 -50 -128 574 -174 530 91 -141 -182 181 87 -512 -157 73 -11 -321 439 -553 368 566 -260 172 396 -60 419 -196 626 -64 -30 -148 170 -156 -26 -211 61 27 -76 10 -22 349 -336 -128 34 -33 430 -94 -78 171 -196 -3 287 -210 -693 -459 -225 -392 396 -337 194 -467 259 -302 -44 4 641 160 -212 -575 758 -366 174 279 -416 18 -107 212 -229 333 -313 -554 52 359 -178 11 163 -142 134 -114 358 -234 -176 -138 270 -254 17 100 563 176 8 -781 156 -139 142 310 223 -122 -105 137 356 -239 278 -296 -909 592 -187 -671 -14 16 -377 89 -40 149 -396 67 106 436 -67 425 -425 -97 -351 346 46 199 209 85 437 -137 -177 529 -535 111 -356 111 66 -319 515 165 -2 132 97 433 207 70 -389 328 -162 -24 -918 744 -80 -5 -193 168 -43 -434 248 72 270 277 276 197 219 53 73 468 263 91 -379 207 -95 -437 400 -3 -230 -236 -41 408 507 325 78 88 177 -146 81 329 -42 88 -88 -464 366 -203 318 302 -469 42 108 -446 23 142 -82 547 642 513 192 67 344 -184 23 -232 -20 -384 51 -196 -492 -197 100 246 -32 -356 247 345 19 229 -269 261 100 484 380 96 -15 -150 49 231 14 296 324 124 -223 -105 -536 21 -188 256 -179 71 563 187 -193 -31 -54 -17 333 234 -574 -216 -18 -102 -210 392 78 -338 92 -90 -358 164 4 -90 39 134 206 76 -240 -418 377 8 -81 -22 -230 379 -68 -184 13 -213 -38 203 -74 419 29 -66 304 63 -27 56 -47 51 55 -420 264 -207 -283 460 -63 51 178 -100 155 362 -104 17 394 30 -150 146 -317 -126 49 68 127 423 -64 -240 133 181 729 -84 269 -291 139 189 62 -334 252 178 -54 -50 -41 52 71 73 3 -57 -131 -88 -244 287 111 -167 283 -156 553 -142 87 -96 273 -49 -66 97 -2 0 252 236 135 -208 339 -338 137 -379 169 120 -200 97 86 285 152 1583863281
-108 68 -535 194 914 505 224 -309 129 -122 -558 260 125 477 -57 -359 -253 91 0 -98 -247 358 -131 -217 -97 180 -83 -29 327 -29 -44 -438 542 340 11 -923 155 -181 81 25 301 365 136 95 -36 154 -395 509 -542 21 432 24 138 -479 -58 -166 -78 354 355 201 325 112 853 44 -184 223 19 237 605 -122 -366 289 -559 -284 22 130 95 267 351 76 20 25 -123 152 101 185 390 -798 -268 -190 129 -417 367 -245 -241 -442 108 141 71 -403 442 -357 -7 -235 -152 -14 -347 145 104 -79 -362 407 -271 265 461 -25 236 -188 -421 211 27 -100 -87 -502 107 340 339 216 181 299 -567 -14 -150 -428 -324 148 430 -397 165 54 244 106 -144 588 -31 -319 418 -184 -716 227 -77 -443 224 244 -163 204 -351 -245 4 23 47 -336 -837 231 10 282 -66 17 999 -303 -356 77 0 -78 -446 547 -3 -29 -18 189 147 316 111 -140 -879 -251 -31 -142 498 255 -85 -221 -183 -65 153 315 17 92 -116 84 86 28 -16 -251 -306 -172 503 -628 468 352 -103 380 333 -306 -9 37 206 13 313 -276 439 346 334 190 124 -93 -316 -299 611 538 -253 -31 74 -359 66 -226 -638 -104 125 -122 233 -184 -91 223 21 -259 -300 -269 -276 -227 16 -129 -19 -483 144 -48 0 541 621 298 -71 -40 -519 182 -31 5 147 19 81 -354 108 516 -272 -186 -361 -425 75 150 291 -351 253 -164 298 114 -580 384 374 375 -310 -2 -279 271 174 -47 -68 -428 165 -224 -144 47 -6 81 -149 372 -66 126 -85 -54 144 154 168 -190 -76 90 -527 274 280 -285 398 139 -70 -208 -330 -217 132 356 -36 129 364 -195 -99 12 42 153 347 -67 -27 -556 -276 108 -170 -341 361 237 649 138 -306 -15 -236 -207 352 -74 -33 -150 -448 -61 116 -28 -378 -307 139 -28 -127 -215 -178 -3 114 103 96 -18 -138 100 -612 118 353 41 58 56 -5 12 -301 -471 -456 -43 340 -11 126 -52 58 -8 345 360 -311 -331 425 394 -751 -317 -62 46 -160 -380 54 341 180 273 12 -131 162 273 -46 -360 -301 23 303 -150 650 -338 -33 -391 177 76 -38 -437 -100 -429 1583863281
