-15960668 -15403726 21751428 4904132 -7621643 -7465273 -1843832 -142198 118608 -126327 -43334 -28076 -3968 -59015 -11311 -3522 -9719 -3066 -958 -649 -237 -141 111 -177 -3 -21 -11 -4 2 1 0 2 1 0 0 0 0 0 0 0 0 0 0 1 0 0 1 -1 1 0 0 0 0 0 0 0 0 0 0 0 1583838658
-16088132 -15510618 21978347 5017917 -7890622 -7597581 -1820193 -142236 119300 -126326 -43331 -28129 -3998 -66374 -9576 -2103 -9651 -3357 -976 -281 -232 -168 82 24 -4 -17 717 -5 2 0 0 1 3 0 2 0 0 0 0 1 0 0 0 0 -1 0 0 0 0 0 0 0 0 0 0 0 0 -1 0 0 1583838658
-16088179 -15510630 21978381 5017906 -7892221 -7597606 -1819031 -142235 119338 -126323 -43329 -28144 -3998 -66233 -9495 -2129 -9657 -3278 -970 -387 -232 -203 84 -125 -3 -21 363 -6 2 0 0 1 0 0 2 0 0 0 0 0 0 0 0 0 0 0 0 0 0 0 0 0 0 0 0 0 0 0 0 0 1583838658
-16089482 -15507670 21971124 5055708 -6933548 -7580113 -1906410 -142313 120599 -126527 -43407 -30079 -3906 -40993 -10911 -3656 -9879 -3038 -958 -631 -247 -130 339 -271 -2 -25 -4 -2 1 0 0 1 2 0 0 -1 0 -1 1 -1 0 0 1 0 0 0 0 0 0 0 0 0 0 0 0 0 0 0 0 0 1583838658
-16088393 -15508253 21968593 5126653 -4795810 -7544180 -2101222 -142452 119231 -126967 -43581 -27631 -3695 14638 -9497 -1973 -10426 -3225 -971 -319 -278 -187 282 -296 -2 -26 -6 -6 1 0 0 1 2 0 0 -1 0 0 1 0 0 0 1 0 0 0 0 0 0 0 0 0 0 0 0 0 0 0 0 0 1583838658
-16089819 -15508183 21969376 5114066 -5195769 -7551223 -2064767 -142425 120546 -126885 -43547 -29809 -3737 4261 -10896 -3583 -10315 -2986 -957 -622 -272 -119 335 -303 -2 -26 -6 -4 1 0 0 1 2 0 1 0 0 0 0 -1 0 0 0 0 0 0 0 0 0 0 0 0 0 0 0 0 0 0 0 0 1583838658
-16088781 -15503445 21950602 5273256 -835102 -7478605 2168802 -135438 119105 -115051 -37334 -28185 -5816 -103655 -9524 -2013 -16943 -3537 -1011 79 -239 -188 -225 -119 -1 -26 1 -6 1 0 0 1 7 0 -6 3 0 -1 0 -2 0 0 -1 -1 3 0 0 0 0 0 0 0 -1 0 0 1 0 0 0 -1 1583838658
-16084554 -15504588 21960705 5131043 -4634599 -7533109 -2115929 -142472 120653 -127005 -43596 -23419 -3671 18804 -11287 -3617 -10464 -3011 -957 -638 -280 -113 255 -283 -2 -21 -4 0 5 8 0 5 1 0 -1 0 0 0 0 0 0 0 0 0 0 0 0 0 0 0 0 0 0 0 0 0 0 0 0 0 1583838658
-16089823 -15507263 21966441 5138120 -4527662 -7539452 -2128897 -142479 120526 -127034 -43608 -29708 -3671 21340 -10890 -3555 -10461 -2969 -958 -619 -280 -115 278 679 -6 -25 -27 -5 1 0 0 2 15 0 -5 1 0 -1 0 -3 0 0 0 11 -3 0 2 0 0 -1 -1 0 -1 0 1 0 0 0 0 0 1583838658
-16088236 -15509788 21975176 5050899 -6957877 -7581416 -1903906 -142300 119307 -126517 -43406 -27875 -3908 -42324 -9526 -1999 -9887 -3353 -976 -255 -246 -236 85 -164 -3 -25 -14 -6 1 0 0 1 0 0 0 0 0 0 -2 0 0 0 1 2 0 0 0 0 0 0 0 -1 0 0 0 0 0 0 0 0 1583838658
-16090323 -15502907 21947728 5354043 1635218 -7433342 -2689995 -142906 120338 -128329 -44147 -28864 -3119 164236 -10846 -3328 -11777 -2807 -956 -593 -360 -79 -60 866 -7 -23 -36 -5 1 0 0 1 2 0 1 -1 0 0 -2 0 0 0 3 5 1 0 -2 1 -1 3 -1 4 0 0 0 0 0 1 2 4 1583838658
375 -424 -20 -93 -368 -437 886 347 177 -117 -71 82 -271 -525 -150 37 189 -354 -456 45 -281 160 38 143 -196 -103 -865 -428 -16 9 36 -11 -87 275 268 -493 116 -251 -176 -662 291 297 110 -180 530 81 -468 -278 218 327 216 642 -505 180 251 -67 60 0 -387 -237 508 0 275 -416 -324 187 300 125 161 64 73 242 -270 -375 531 82 266 159 -18 -771 -548 102 -51 -287 9 461 -91 53 73 -268 -471 106 327 160 -258 -490 -56 134 179 -119 -5 -131 427 32 33 171 40 -532 -903 372 -340 629 495 -269 43 269 -250 183 74 61 -265 -38 -114 160 126 -13 -8 -40 296 295 49 211 -26 -58 -88 -547 -75 663 -312 45 -171 373 111 441 -141 301 105 510 0 74 23 -75 189 -579 37 -47 -188 198 383 15 383 -170 -44 57 -474 -145 -393 465 -118 308 -20 -91 63 377 -221 124 -113 306 -415 -89 753 305 -102 117 177 244 197 -20 -39 170 -363 80 -236 275 -233 284 -347 -44 -445 -360 232 -139 -148 -359 -306 -250 26 71 821 -268 -243 189 387 222 116 359 405 54 110 -349 -162 -34 -307 -420 302 182 84 334 132 -463 37 -156 102 149 -561 4 220 -154 -247 0 -101 70 57 222 -354 -273 142 -296 168 49 -362 -257 220 -39 -30 -328 -562 -281 75 -126 -449 -30 410 60 -113 -167 -223 -274 -292 -318 -36 267 366 -384 -263 424 473 73 148 -30 -217 507 131 47 -348 197 108 -645 122 -168 -48 -54 399 569 -124 -142 -89 -200 -29 198 450 -122 -130 -738 212 277 251 -24 -397 -118 -398 -279 343 -53 -2 68 253 -423 -148 392 -326 279 -23 204 -71 -114 -513 563 44 -301 -97 334 -14 324 368 358 -354 -206 137 -111 211 -251 153 148 75 -621 -40 -106 -257 244 -115 -89 186 -337 173 -20 -26 -25 -102 -14 -234 -427 -176 -182 -52 235 -227 -155 -140 -83 66 -499 -477 68 -457 111 486 -19 -63 6 -151 -580 69 250 140 229 377 -52 204 -499 43 -245 -441 -302 -232 -248 112 78 579 -14 -223 -147 -37 -182 362 144 -135 272 -286 -35 215 -624 -3 -320 106 73 -196 -49 -166 78 -255 -269 194 129 66 -548 1583863281
316 -274 -108 158 613 -12 320 -457 81 -97 492 -148 -154 -54 -91 90 19 12 137 398 636 192 335 44 36 -167 280 -78 -603 270 183 -265 -262 -360 274 110 279 264 98 -126 -516 248 -50 -338 36 -233 -306 -405 546 -519 -231 93 -123 361 -387 361 -386 -33 -514 238 -125 181 124 -78 -152 477 233 -90 -296 215 10 -191 122 -239 418 -118 -399 665 -43 -138 301 234 -422 6 -97 304 -331 -356 178 -300 -41 -198 560 -29 -151 -515 -67 -255 106 -119 -48 353 109 241 -686 143 99 124 -430 182 23 60 -95 -122 323 -86 322 -22 97 -261 -201 463 -13 632 -119 91 45 -375 -267 75 -510 610 148 -397 39 -450 -111 714 -193 418 -139 402 134 -246 87 -192 784 -8 10 -142 -71 -549 -142 -358 252 -15 -123 -461 -226 -173 550 -50 -209 247 -22 -47 121 212 103 594 322 481 -57 205 -250 101 -70 138 292 -596 -590 247 17 -177 358 -242 -719 201 -281 -99 699 -693 166 -37 167 69 -142 111 233 438 -266 4 -607 451 -246 -80 -142 7 703 -393 153 -411 -321 107 -154 -232 -729 -235 148 124 -214 -165 782 14 73 -362 61 -122 451 340 -178 -79 133 -107 291 -27 -298 397 352 -66 243 206 -54 154 -128 351 79 -62 -64 338 -243 4 -25 259 -227 -182 35 217 31 131 -122 -50 183 -203 -201 -255 -24 -70 269 304 -237 -69 256 -138 -257 -81 -212 273 -103 86 474 31 -105 222 -90 238 -301 -225 152 102 239 -167 19 -172 327 -34 -283 -51 84 36 190 -112 -129 219 -726 -456 265 187 -673 170 -233 -356 232 -27 246 9 7 63 -203 -168 -382 -329 189 162 105 243 -239 -130 -154 -41 -457 201 -246 -173 10 27 127 -269 531 271 37 250 71 -120 199 -423 129 -197 77 285 183 46 578 65 -45 -246 531 312 85 -56 213 486 -146 161 -3 284 -100 -283 -262 196 160 -27 143 187 -368 -185 -141 -202 292 71 311 263 358 -154 -66 -149 19 -112 241 -98 -266 -549 -466 -56 -158 -440 -107 43 -449 765 -231 -217 134 29 -234 177 -266 92 -12 286 -57 -62 -304 211 157 42 -268 57 597 601 203 124 -338 -84 182 354 1583863281
437 141 92 446 -115 -20 -70 181 -291 61 -316 213 421 323 -414 336 -293 791 -94 -252 482 -126 111 -230 385 -436 -292 -180 -715 -128 430 291 -78 -384 -318 5 -363 -81 -196 94 1 -84 397 -805 -209 145 -524 -218 102 96 95 -288 254 600 -66 143 536 83 190 -470 806 -307 -394 -282 -355 35 81 592 5 -305 106 -161 505 -179 -208 -549 569 -244 -199 106 -170 476 239 153 130 162 -150 -285 165 -38 257 -155 -268 66 -18 344 154 11 277 261 -118 166 -181 587 -205 230 456 274 -1 72 -181 -74 -416 -46 -126 293 -230 -523 245 -267 19 -204 198 -669 -380 18 338 874 151 -229 -22 115 -220 -69 33 65 -359 -567 199 -148 435 -199 378 101 -416 28 283 -203 598 388 -310 105 -528 238 -112 35 147 -169 -100 412 152 -169 -13 52 -43 -560 -119 98 -486 -88 -125 -79 450 -110 -33 -438 264 -208 -40 -13 64 -272 289 -276 282 247 270 17 414 -97 176 243 -326 -193 223 53 -507 -328 288 120 264 -234 -258 96 -40 224 548 10 -362 287 258 -10 265 22 302 74 221 118 -394 372 -650 -46 70 454 337 136 746 -338 342 65 13 103 56 182 37 244 -15 -648 64 -437 -46 -682 413 -345 515 47 217 391 -111 -45 45 70 -58 -77 189 -302 -434 360 -298 -127 -517 139 83 16 -336 -127 0 -285 16 -199 356 175 339 79 300 -143 -226 144 138 -107 192 -460 -298 389 356 116 -169 236 630 -638 107 147 -21 191 -418 -79 211 376 120 67 -394 254 305 586 351 -57 351 -26 216 -438 -69 372 243 294 -184 70 265 566 204 161 -796 -12 133 160 562 -148 -59 -315 218 103 -217 -74 173 102 -190 15 21 -52 158 460 55 -254 -69 -77 -229 532 83 -136 -325 -141 60 -681 -47 -192 -487 -215 202 -47 151 -137 38 -189 -148 -209 306 159 192 180 -237 -206 -442 50 50 421 -63 286 19 358 293 65 276 122 -14 -194 -149 -362 90 313 -55 309 -112 -382 468 76 -27 270 10 98 124 113 -590 -295 254 -5 296 -300 -304 -129 112 -40 207 -341 -263 34 121 216 -49 305 209 89 543 -286 124 -9 -371 -216 1583863281
35 -922 408 107 -224 256 -131 173 136 145 179 -108 -131 -287 354 -729 268 123 296 197 -578 -201 -191 30 78 50 339 -922 555 -31 -238 -138 174 -157 281 225 447 -407 -73 -72 210 -62 324 166 -93 -195 -204 -200 654 618 98 -309 533 -58 17 55 -163 -832 -95 53 540 -582 394 -103 -128 49 312 -122 560 -173 -207 400 -50 -537 191 -190 232 142 -99 83 282 383 -296 174 -87 38 -246 479 -268 -391 162 449 -502 -263 590 -362 -4 295 254 92 -61 50 -795 -47 -75 -480 461 420 -92 351 -203 250 -196 -240 156 -185 -143 18 -167 189 133 66 -622 126 -353 -250 170 42 454 -318 478 -107 -595 344 112 136 114 308 390 168 185 434 -263 -134 52 -324 -16 -668 -64 -263 -46 31 -41 440 145 248 -103 -76 -186 -91 -410 168 262 -35 -356 14 172 58 -30 217 -385 29 217 101 218 -207 370 209 -308 265 -366 219 275 -127 146 -163 289 -68 228 -233 -250 -156 201 -393 223 286 78 -409 -373 329 -258 72 248 -127 -255 5 -477 -10 386 -98 96 413 -14 193 -276 269 258 -71 -279 -264 -351 253 -145 -372 -289 234 150 -34 11 -80 636 -291 -276 -311 -85 -212 -286 29 325 81 75 -16 295 162 -29 -216 -21 -41 -274 10 39 22 -408 106 -259 -171 54 122 135 -669 135 -35 -228 186 42 156 -133 92 -255 97 24 -116 -202 69 203 -17 229 152 -264 388 30 414 339 2 101 -111 -344 -377 382 -281 -138 -263 68 215 -614 -286 303 -220 330 -67 176 22 364 -124 326 162 332 40 266 20 -341 -139 -40 -5 479 -99 -61 153 -56 414 630 166 -218 258 -167 27 174 -429 260 22 357 195 478 -59 -114 133 -502 425 116 -143 263 199 -351 -439 209 234 161 -240 562 58 28 -89 277 164 -376 -132 522 252 -21 -176 11 -66 382 298 -131 -154 -470 -55 -293 102 48 65 85 65 -185 469 -388 -4 360 67 205 57 -149 310 -329 -28 405 4 31 -351 273 41 -318 331 255 72 -52 -23 208 -52 92 -547 -114 -326 123 28 307 182 218 -81 277 -164 490 243 214 -645 145 -430 -154 45 324 -44 190 -3 -25 275 1583863281
219 -210 73 -310 -427 510 -11 -86 61 -263 121 -212 -153 119 -696 679 176 310 -26 -663 91 403 -511 -111 -394 -365 -218 -155 -265 442 -174 132 465 -195 161 163 -224 -27 -203 182 -408 -215 31 209 -14 -206 114 543 -542 -39 -235 -27 203 -154 557 -355 150 405 292 3 -414 12 -438 -75 322 -61 115 181 210 -380 56 -65 -74 -71 13 159 -709 -28 393 -253 260 -207 -475 -328 600 537 -244 321 173 -594 467 98 163 -372 47 288 101 -148 6 -37 -138 127 -415 -424 -387 124 -159 122 68 -294 -192 171 297 -7 -33 -43 -300 -432 69 573 85 -304 409 333 331 -326 22 152 511 241 405 -217 -1007 -104 -157 -517 379 566 180 -44 -137 -305 129 340 -382 -143 -203 35 -56 -101 610 -103 -217 84 241 129 17 224 -163 479 -356 -192 359 191 -55 -2 -344 -2 -18 -134 -468 -32 -92 236 154 183 -241 -166 431 -251 250 197 -270 -25 -362 -222 -158 305 -142 152 15 -21 97 -91 145 4 114 -990 -82 457 -222 -41 -211 560 -452 -77 63 135 48 12 -315 469 720 -415 -93 200 -295 -562 268 -143 170 9 117 539 -321 145 351 351 -130 -75 511 -207 -24 -410 -8 -166 -298 166 393 -127 -399 48 -235 534 -216 -68 -156 204 -519 95 341 122 330 -49 151 126 213 -106 -275 -75 494 38 -316 -13 -48 -92 -137 39 109 -451 435 335 -521 390 -67 123 316 -14 157 438 -50 204 -121 -160 -406 152 -149 -414 118 -503 -149 483 -503 -475 -123 102 102 -147 56 395 -553 208 -527 -29 -254 288 274 -392 -124 -193 -16 342 316 -213 860 -144 -242 530 -151 303 -46 199 225 8 158 -98 317 -214 -149 50 10 -110 340 -63 306 -34 -408 60 -142 194 -460 29 26 -85 -525 130 251 -66 -159 85 121 -366 -174 207 -76 -77 13 -106 -130 116 84 -48 -309 99 113 197 -54 230 137 -141 97 269 82 526 -151 -423 76 25 -180 -156 134 -61 -258 -32 -207 116 -116 307 41 314 75 194 -95 -363 105 165 19 -75 295 -458 -256 -229 27 -207 255 -63 369 77 -88 80 -97 420 246 -11 -267 -192 365 -518 -251 118 145 -156 645 292 151 -8 1583863281
-18 201 246 2 285 187 382 -477 370 -254 134 49 254 226 -18 -40 184 35 -374 425 -223 -71 -728 559 657 -469 -150 -274 122 -8 -577 63 205 -234 260 -476 169 164 217 -45 222 -272 287 412 195 -110 108 710 -458 -356 24 354 -203 23 415 25 48 338 -157 58 -124 -274 -115 -30 164 -529 259 439 -15 315 -122 35 -62 136 -405 156 18 -274 134 -7 -29 -188 -661 271 123 158 -74 -95 1040 -508 41 331 -289 -348 208 -296 -461 -370 -425 -25 122 281 -51 -37 -55 -161 -156 788 -2 585 439 -190 -10 -244 163 -449 170 -483 -279 9 -328 -204 -256 93 588 119 -81 -162 -468 428 133 -630 -246 417 49 -16 149 210 -248 -236 625 -231 -139 70 -149 -391 124 -245 -24 -212 -573 -48 -265 354 31 509 -176 29 -9 154 74 -52 151 31 277 128 -411 -58 302 -314 119 430 -158 206 -668 -169 -148 164 -231 295 292 -576 425 -85 -68 277 33 -242 25 -584 -19 306 309 87 -145 -255 -107 -322 -202 -295 -100 583 169 250 187 224 -109 61 -636 258 292 -290 505 -393 281 314 1 -109 -132 -35 -429 -283 556 318 -14 64 242 103 -463 -153 -66 -41 -414 133 -161 264 -271 396 -433 74 132 85 141 -143 -113 153 169 274 232 -141 61 -363 303 -309 -730 108 83 -337 -300 263 70 317 -113 -118 354 -675 199 130 -28 -207 221 232 -99 -85 21 80 95 -134 -73 -568 353 -168 -500 0 260 -192 99 205 -8 164 37 -461 -372 86 350 413 -302 -138 -160 -37 -681 -561 -108 -331 -9 -141 143 61 215 -365 111 -137 325 317 -106 -269 -212 147 -193 165 81 247 17 -23 202 369 -187 340 -191 212 -3 -29 -284 -439 -176 98 -315 111 480 -138 -248 316 -36 -333 132 196 273 155 -103 79 -370 259 413 -71 -51 478 133 -62 -86 139 -469 -478 -40 373 -341 81 35 194 -16 -184 -274 -22 348 69 -387 146 -149 -445 -193 -76 163 -140 253 101 -420 -280 -158 -237 -157 -239 -228 198 -346 -112 -160 -38 192 133 -6 -144 429 142 258 -221 -106 -136 22 -85 61 10 -353 35 -39 -215 366 364 -62 -243 31 184 -101 -247 -166 -54 -193 -123 1583863281
-310 572 -20 -78 19 552 453 -135 617 -165 186 383 -139 -312 -96 -220 414 -207 683 76 -338 351 45 -661 -340 430 -555 -64 652 775 647 -653 247 140 538 378 48 -241 -263 145 54 -316 266 109 -16 -573 -69 30 -13 -461 315 -342 -305 -442 29 -223 -382 -173 40 -135 128 -824 -273 351 -449 86 15 -280 198 348 -284 -141 -324 -250 -236 -286 127 169 626 -214 -531 -355 5 -63 -115 64 358 -232 -88 643 -159 167 -65 -60 3 -52 -72 221 -693 73 -42 57 -37 -83 -73 6 110 -169 187 -116 378 -171 28 -120 301 -437 107 -72 119 294 -169 -254 -55 -170 -1 79 -135 -794 -362 -341 621 -360 -264 187 -222 179 -517 458 -185 -312 132 -50 -253 160 -341 -624 -25 54 306 -57 180 -197 -279 6 -76 -329 317 28 103 468 -61 459 38 74 -9 -343 -139 99 -595 47 145 70 -295 153 168 393 -7 36 172 -485 -26 -126 -43 -240 304 409 -221 -76 -472 -19 -78 8 594 230 168 -28 295 187 -261 453 -73 -256 268 -65 -248 -261 210 177 -129 90 498 61 -314 -78 -224 -321 -198 281 -185 -56 54 575 -180 635 359 182 467 -636 -434 -80 -330 -62 -48 -189 -470 269 386 -93 -394 -347 108 -85 -161 -418 167 -124 -124 -254 339 227 470 -141 472 -424 44 -88 96 -95 55 -281 -81 -134 71 248 294 -98 568 272 42 137 101 260 -84 214 -469 -54 -137 -488 -356 -40 -106 -315 35 422 110 -380 468 159 -79 -389 360 292 173 -112 338 -163 -242 -44 -243 244 -371 -351 11 -406 246 -327 -164 -128 -275 152 -332 408 -245 78 292 45 180 -67 -164 329 -564 409 350 -222 -49 592 -244 -93 219 -111 311 -207 -198 -127 -215 -170 224 118 -467 439 140 119 -89 80 -118 59 122 -422 207 -441 188 -194 -228 -125 205 -388 23 166 -235 -249 -53 -36 -266 -115 441 141 -218 -286 132 -129 -51 505 -141 12 -220 -268 227 132 -83 183 34 184 -62 301 163 299 0 440 -515 253 12 -200 -204 -234 200 -5 21 -299 -129 238 -120 -58 -224 11 -361 -286 -41 -393 123 -166 38 -204 -376 118 -168 -468 -124 234 -404 -112 -14 -53 -204 202 58 158 1583863281
-289 50 105 -73 -177 350 -321 48 -133 -542 56 573 522 222 265 -385 -193 -70 -256 177 -485 -125 -166 379 -526 -156 160 227 146 -253 464 -75 466 36 138 186 200 -187 487 333 126 -53 -444 -17 -597 142 39 569 -15 -385 -59 -314 -181 -246 -76 -686 498 185 -324 -355 -260 -330 284 127 198 -177 -69 39 -16 -86 191 -272 -3 65 -28 190 -214 -470 -15 53 325 -30 -240 -46 -414 326 -31 424 -504 56 92 262 -26 -209 286 -434 -37 322 18 -185 270 -397 347 201 -98 -11 -689 146 39 142 -365 -18 -202 -144 226 137 222 -174 -263 -392 -213 -84 -121 -57 160 -128 -470 -172 121 -43 -151 -374 473 37 -294 -13 -298 424 -171 -569 360 -240 348 -139 -169 159 251 -431 -231 24 144 -285 329 -546 346 184 -147 -27 -187 -153 365 495 -203 299 -35 333 -79 220 -563 207 -8 -45 -284 -131 202 68 249 50 119 153 381 -234 379 -348 127 -12 190 449 35 434 -41 152 -314 -381 -265 -450 -162 21 409 -772 -71 534 -13 220 -458 -202 -340 -152 404 600 22 -8 63 70 -254 368 57 561 143 -200 -29 227 -183 -297 -216 -619 597 -59 -101 330 -60 -150 -217 179 -31 297 -70 -222 225 489 -337 -241 -96 -467 340 -110 -139 -65 102 270 -79 -53 -149 -289 -423 -538 23 -84 540 -318 242 283 -140 -280 -364 269 496 69 -324 -603 75 -117 -115 801 -57 358 -473 -296 176 223 -264 -406 -308 -435 -139 129 69 -439 -109 161 -8 -24 227 -589 209 469 -144 -119 67 485 -272 -254 361 30 557 -134 304 -87 393 -1 -95 695 -115 275 193 -487 180 199 644 370 -315 -306 -223 -105 637 -195 165 -225 27 -13 -73 3 186 -186 308 155 -28 -264 102 139 -118 377 -399 118 210 399 191 307 26 69 -50 -66 -462 -358 -49 -287 -378 186 33 -46 271 64 146 90 -61 -283 -210 153 14 -35 157 -151 441 -251 316 333 -164 -417 -403 -497 394 -195 170 490 -194 -255 -132 -271 289 -218 48 -230 -213 157 119 101 322 -83 38 -157 -252 83 104 41 1 45 85 472 242 299 -44 7 238 161 134 514 -26 118 -9 86 -368 -411 -224 48 -308 -225 1583863281
412 -96 -196 -96 90 145 336 -605 855 -794 24 -35 196 126 -19 8 227 -221 340 167 -188 255 -870 -55 -413 -51 -413 -170 525 -332 218 194 122 236 292 -91 -367 168 980 23 42 -504 87 428 -361 -352 77 -221 -302 141 -300 110 214 -407 -98 409 -88 444 -10 -391 -59 5 -643 -295 -7 -231 -506 -306 0 20 -365 133 539 225 574 104 201 203 415 -388 -41 115 113 238 371 -436 85 -94 -121 -599 206 -86 10 84 425 66 -290 -47 -58 -71 122 -52 -507 -229 -349 277 -315 591 -144 -283 -391 -461 -30 -344 -133 -429 -196 -155 -373 48 -297 -137 -333 668 87 345 -228 -502 573 -92 88 -263 296 -23 133 -123 288 -381 315 -213 406 238 189 98 -309 266 -79 323 117 -130 -277 376 298 399 -198 -44 -307 -173 4 -16 -208 -314 34 -805 130 -774 -66 422 315 147 144 300 -397 30 -284 52 530 -48 -163 170 383 694 -252 -224 -151 437 80 136 -46 -193 16 -242 103 285 -171 -205 -630 -124 273 84 290 -125 665 -85 27 -2 425 -93 -34 363 531 -13 -447 296 396 188 -793 22 -300 413 140 -109 315 -24 -494 -354 -384 127 -291 167 400 244 -208 163 200 -103 -431 430 402 -159 281 -377 -113 18 -554 128 -231 -119 338 101 243 99 798 62 291 306 211 453 -86 274 -114 -21 70 172 -208 4 -150 -467 186 -53 -133 -44 133 -159 149 149 -481 166 -513 -277 -175 657 -155 304 -528 77 55 -43 -271 -262 191 259 178 79 -81 26 260 -267 0 169 68 251 -415 81 -230 -74 241 -46 -343 93 227 185 -279 189 -483 -521 88 -20 51 -538 -340 100 49 -240 -73 397 -107 239 -70 -264 92 -123 367 -214 -148 295 68 -306 -345 82 -329 263 130 110 -475 122 300 -93 251 174 -118 -107 -129 -109 -25 -427 68 -253 -237 -525 -181 -37 -747 352 -243 -209 -166 -395 196 33 -131 244 228 385 211 87 11 1 40 -32 452 -26 181 112 -84 -584 -66 149 -85 -288 88 62 -389 -269 -555 26 31 2 199 209 43 -467 54 119 191 185 -1 31 52 -282 -241 -255 -309 51 -155 -496 -109 -207 74 -5 -106 -22 6 -11 -121 28 1583863281
-92 -12 -220 338 299 272 541 606 45 248 -163 408 258 -663 266 267 -385 -89 20 654 -148 -541 402 -68 -360 119 147 258 217 -785 572 408 -108 156 -485 -297 278 -109 419 367 270 426 318 609 27 164 88 76 -590 -76 -223 298 -423 273 -631 -304 399 525 -55 505 613 -148 -61 -73 298 -338 397 128 482 16 427 334 -221 38 -450 215 -4 -51 -205 24 -133 -13 254 -63 -100 25 87 269 -331 105 -116 236 422 365 565 361 319 -303 73 104 -10 -394 104 214 -7 177 343 -213 -131 232 -97 -614 310 102 113 -437 132 381 41 36 -361 -351 -362 -152 77 -272 130 -5 -374 207 -192 21 -32 -276 -132 330 203 481 -69 -212 -149 458 75 -277 303 -135 26 -147 276 -137 403 -561 -14 253 -24 -18 -51 -81 -720 -519 246 126 482 -337 -162 505 558 67 314 39 -1 -700 -78 -401 12 382 438 215 -267 -147 338 -357 427 -72 393 -290 -324 97 340 406 448 248 440 96 14 -264 -217 -515 142 -433 199 292 -72 -106 -278 200 159 324 -399 -680 175 75 155 278 -202 351 -196 -115 123 -25 300 -460 -344 -7 -71 32 -88 57 -299 -25 -387 -257 338 -348 -291 -446 -534 -123 -207 10 172 -244 177 -105 -200 -330 -67 -79 -243 -219 177 156 -196 -6 -47 -193 -337 -179 -120 112 148 71 -191 231 -164 32 390 -272 -82 -139 129 -612 -119 -257 -42 580 -274 -144 134 122 449 220 -200 478 -149 -388 -10 14 -272 167 -86 -273 -218 -227 -396 -289 54 -184 114 554 428 2 258 -27 -247 -86 -73 -119 -168 -70 -772 -103 -5 -325 -316 -641 -144 -138 -153 -218 -37 -11 360 62 322 211 -866 533 -10 -2 100 -38 164 46 -264 -143 -303 93 216 103 -6 558 -26 121 -109 -249 334 -295 -214 418 -227 234 44 177 129 194 532 -62 -80 -275 -173 379 233 55 50 246 -5 -117 -268 -132 -98 10 163 126 -36 -453 251 85 243 100 -228 -77 -146 -81 14 -130 -258 65 -183 -39 -30 73 74 -238 161 233 27 228 -100 643 -267 -279 -181 -118 79 41 -444 -150 -252 287 -450 -22 -234 -114 325 -133 -129 75 123 -37 320 -138 440 -4 -138 88 1583863281
-729 -203 -444 341 71 -1 168 542 -340 305 -216 -131 135 361 -305 -99 -684 -446 -623 178 -72 115 100 -252 15 240 39 -261 -99 -460 -74 -190 -226 72 -211 -145 -73 28 -336 963 -369 33 -569 332 -134 242 -286 197 -186 39 585 -39 -318 213 460 163 435 -44 -1 11 350 -224 458 -294 -243 -388 302 -55 -251 188 -410 12 124 -19 -187 -76 226 348 123 249 392 59 -71 182 363 -416 -96 -16 -643 724 400 -610 -50 849 132 -43 -346 -123 -250 326 132 -302 -342 -488 696 -71 1091 505 136 226 -197 -436 -191 118 117 -156 -147 -361 -73 36 -171 162 -183 -156 -96 -468 -32 -4 -67 30 27 17 -409 -391 -280 366 611 -244 78 9 732 250 242 203 -178 -251 -86 60 -569 59 -142 -408 -434 -132 -622 -134 -162 295 -179 -96 -128 272 -150 -4 607 128 107 -134 -358 -384 375 190 116 406 -141 4 190 -251 525 -209 -182 64 -21 -53 215 291 416 -129 -110 -100 37 -295 -264 -148 92 -180 113 56 202 131 -588 297 200 97 -314 104 -250 159 35 -249 -111 220 114 -206 -177 -573 336 -428 137 109 43 -109 -484 240 -486 -56 129 -46 211 -113 84 369 190 190 199 55 230 10 3 -566 -271 255 -91 -203 -176 159 154 252 -168 138 100 -257 235 268 159 336 -99 314 154 145 27 552 252 8 334 -167 -149 -277 -179 -479 30 -27 -120 -221 -41 51 67 190 538 225 -176 -488 263 107 -325 83 113 -517 -512 220 93 32 -322 248 39 -531 -49 -433 -342 -109 93 -151 144 -174 -159 126 126 -38 -389 -161 251 -168 75 509 -283 -14 -542 -412 -141 59 20 -476 -259 53 -322 125 66 228 30 -375 -265 496 326 -69 52 26 -365 -103 290 -23 433 -306 140 -205 271 212 127 146 214 -8 -158 -226 -262 -78 -377 -72 -78 515 285 -510 -177 -183 -96 89 -229 119 -10 218 6 88 722 -55 -651 141 82 -182 157 73 205 49 -53 146 -82 -157 177 492 246 -193 695 -27 -81 -103 -250 -93 -376 420 -186 -26 -160 -56 -306 200 248 215 -23 448 433 84 252 -229 -108 -585 428 -211 213 -43 129 50 370 -31 51 192 70 266 321 400 1583863281
