-14888925 -4858031 383965 20491960 -8438197 -1296764 -1961021 -249602 151805 27377851 -19617 -19173 -2532 -84179 -7012 -2445 -6478 -2400 -1122 -809 215742 -74 -8 -356 0 -12 -64 -4 0 0 0 0 -7 0 2 -1 0 0 1 0 0 0 0 -1 0 0 -2 -1 1 -1 0 0 0 0 0 0 0 0 0 0 1583836345
-16091180 -15496170 21917949 5705719 11688120 -7260472 -3609268 -143612 120035 -130421 -44342 -27242 -2111 435260 -10754 -2890 -14423 -2499 -951 -538 -511 -15 -130 402 -4 -21 -1 -4 1 0 0 1 5 0 -1 0 0 0 -5 3 0 0 2 6 2 1 5 -2 1 1 0 5 -3 0 2 3 0 -1 -1 -2 1583836345
-16089919 -15502182 21949465 5287091 -364313 -7466503 -2509515 -142783 120400 -127593 -43964 -29107 -3284 122593 -10859 -3394 -11454 -2869 -976 -615 7636 -89 -1 852 -7 -23 -24 -5 1 0 0 1 1 0 1 -3 0 0 -4 0 0 0 3 2 0 0 0 0 0 4 2 -1 0 0 0 2 0 0 0 0 1583836345
-16089800 -15509107 21972476 5086748 -5959487 -7564599 -1995528 -142370 120569 -126653 -43491 -29942 -3818 -17899 -10904 -3619 -10110 -3014 -961 -629 825 -123 61 -97 -3 -25 -13 -4 1 0 0 1 0 0 1 0 0 0 0 0 0 0 1 2 0 0 0 0 0 1 0 0 -1 0 1 0 0 0 0 0 1583836345
-14246888 884622 -11309870 29945929 23985780 2649740 -5028395 -309440 167483 42076616 -9663 -8293 1400 740855 -4658 -438 -13046 -1216 -1348 -853 394883 164 -480 -187 2 5 -57 -3 1 0 0 0 0 0 -2 3 1 0 -5 6 1 0 1 8 0 0 3 -3 2 4 -5 7 -7 1 1 4 0 -2 -2 -3 1583836345
-14266031 683615 -10868819 28930974 3744907 2180172 -3056754 -235022 120719 -155243 -50650 -28635 -2678 259378 -10680 -3137 -12975 -2651 -939 -561 -413 -56 -59 59 -2 -28 -6 -15 3 0 0 1 3 0 0 1 0 0 -3 2 0 0 1 5 1 0 2 -1 1 2 -1 3 -2 0 1 1 0 -1 -1 -1 1583836345
-14888925 -4858031 383965 20491960 -8438197 -1296764 -1961021 -249602 151805 27377851 -19617 -19173 -2532 -84179 -7012 -2445 -6478 -2400 -1122 -809 215742 -74 -8 -356 0 -12 -64 -4 0 0 0 0 -7 0 2 -1 0 0 1 0 0 0 0 -1 0 0 -2 -1 1 -1 0 0 0 0 0 0 0 0 0 0 1583838187
-16091180 -15496170 21917949 5705719 11688120 -7260472 -3609268 -143612 120035 -130421 -44342 -27242 -2111 435260 -10754 -2890 -14423 -2499 -951 -538 -511 -15 -130 402 -4 -21 -1 -4 1 0 0 1 5 0 -1 0 0 0 -5 3 0 0 2 6 2 1 5 -2 1 1 0 5 -3 0 2 3 0 -1 -1 -2 1583838187
-16089919 -15502182 21949465 5287091 -364313 -7466503 -2509515 -142783 120400 -127593 -43964 -29107 -3284 122593 -10859 -3394 -11454 -2869 -976 -615 7636 -89 -1 852 -7 -23 -24 -5 1 0 0 1 1 0 1 -3 0 0 -4 0 0 0 3 2 0 0 0 0 0 4 2 -1 0 0 0 2 0 0 0 0 1583838187
-16089800 -15509107 21972476 5086748 -5959487 -7564599 -1995528 -142370 120569 -126653 -43491 -29942 -3818 -17899 -10904 -3619 -10110 -3014 -961 -629 825 -123 61 -97 -3 -25 -13 -4 1 0 0 1 0 0 1 0 0 0 0 0 0 0 1 2 0 0 0 0 0 1 0 0 -1 0 1 0 0 0 0 0 1583838187
-14246888 884622 -11309870 29945929 23985780 2649740 -5028395 -309440 167483 42076616 -9663 -8293 1400 740855 -4658 -438 -13046 -1216 -1348 -853 394883 164 -480 -187 2 5 -57 -3 1 0 0 0 0 0 -2 3 1 0 -5 6 1 0 1 8 0 0 3 -3 2 4 -5 7 -7 1 1 4 0 -2 -2 -3 1583838187
-14266031 683615 -10868819 28930974 3744907 2180172 -3056754 -235022 120719 -155243 -50650 -28635 -2678 259378 -10680 -3137 -12975 -2651 -939 -561 -413 -56 -59 59 -2 -28 -6 -15 3 0 0 1 3 0 0 1 0 0 -3 2 0 0 1 5 1 0 2 -1 1 2 -1 3 -2 0 1 1 0 -1 -1 -1 1583838187
