-16087734 -15505412 21966099 5056436 -6979706 -7579933 -1327648 -141419 118914 -124944 -42597 -16324 -4200 -69504 -3674 5448 -7547 -4629 -1179 4224 -212 -3451 -137 -266 -3 1 -14 -17 -4 -12 0 -4 -2 0 0 0 0 8 1 0 0 0 0 0 1 0 1 0 0 0 0 0 0 0 0 0 0 0 0 0 1583836345
-16089610 -15510176 21977743 5019429 -7893297 -7597719 -1818555 -142235 120628 -126323 -43328 -30227 -4000 -65996 -10915 -3693 -7914 -3099 -972 -656 -225 -139 -13 -303 -2 -26 -12 -4 1 0 0 1 0 0 3 0 0 0 0 1 0 0 0 0 0 0 0 0 0 0 -1 0 0 0 0 1 0 0 0 0 1583836345
-16088082 -15509824 21975559 5043702 -7163832 -7584906 -1890856 -142295 119221 -126491 -43397 -28249 -3917 -46552 -9599 -2216 2623 -3446 -1054 -458 -182 -60 2281 -421 -4 -36 -6 -5 1 0 0 1 1 0 6 -2 0 0 0 0 0 0 -1 0 0 0 0 0 0 0 0 0 0 0 0 0 0 0 0 0 1583836345
-16090443 -15493765 21919415 5516210 5795241 -7364588 4544626 -131226 119830 -108271 -33723 -18114 -6845 -103696 -4086 4537 -6969 -4937 -1237 2528 -181 -3310 -1529 -398 -2 14 -10 -14 -2 -10 0 -2 0 0 3 -4 0 7 -5 5 1 0 4 -2 0 0 0 1 -1 1 0 0 0 0 1 -2 0 0 0 0 1583836345
-15223539 -14858337 20514218 4870584 -3541952 -7458091 -93924 -140467 -530003 -120558 -40474 -32179 -4708 -53256 6591 15289 -5529 -5214 -1133 1972 -209 -728 -394 -290 -29 -3 -12 -7 2 -1 0 1 -2 0 -3 0 0 0 2 -1 0 0 -2 0 0 -1 0 0 0 0 0 0 0 0 0 0 0 0 0 0 1583836345
-16082473 -15500028 21951841 5100500 -5737196 -7558603 -193537 -139550 114824 -121767 -40934 -16686 -4761 -100522 -10936 -4078 -9840 -2151 -980 -342 -210 -187 -241 -286 -2 -33 -13 -7 0 0 0 1 0 0 3 0 0 0 0 1 0 0 0 0 0 0 0 0 0 0 0 0 -1 0 0 0 0 0 0 1 1583836345
-16088148 -15510396 21977897 5018447 -7886194 -7597365 -1819887 -142237 119335 -126325 -43330 -28186 -3995 -65807 -9628 -2151 -7088 -3405 -994 -311 -220 -200 -60 -276 -3 -26 -13 -6 1 0 0 1 -2 0 0 1 0 0 0 0 0 0 0 0 0 0 0 0 0 0 0 0 0 0 0 0 0 0 0 0 1583836345
-16084848 -15507399 21971238 5021611 -7875500 -7594535 -1821017 -142258 116781 -126331 -43334 -24833 -3989 -65529 -6698 942 -6799 -3749 -1013 97 -218 -319 -63 -308 -3 -24 -12 -6 1 0 0 1 -2 0 1 0 0 0 0 0 0 0 1 0 0 0 0 0 0 0 0 -1 0 0 0 0 0 0 0 0 1583836345
-16036386 -15037382 21018631 5718727 -7524979 -7311925 -1662723 -144640 120629 -126638 -43299 -30221 -4062 -64760 -10893 -3682 -7153 -3113 -980 -664 -221 -139 -17 -304 -3 -1 -10 46 -8 -1 0 1 -1 0 0 -1 0 0 1 0 0 0 0 0 0 0 0 0 0 0 0 0 0 0 0 0 0 0 0 0 1583836345
-16081450 -15502389 21961217 5021765 -7874654 -7581658 -1820989 -142273 120989 -126343 -43340 -15826 -3973 -65555 -10392 -2274 -7441 -3475 -990 -340 -222 -197 76 -309 -3 4 -12 1 6 9 0 -14 0 -8 2 -1 0 0 0 0 0 0 0 0 0 0 0 0 0 0 0 0 0 0 0 0 0 0 0 0 1583836345
-16084524 -15504948 21965383 5050215 -7006292 -7571099 -1906586 -142326 121923 -126539 -43418 -20188 -3886 -42435 -11497 -3735 4340 -3366 -1055 -806 -176 -166 1574 -384 -4 -6 -9 0 5 7 0 -11 1 -6 -4 -5 0 -1 2 -1 0 0 0 0 0 0 0 0 0 0 0 0 0 0 0 0 0 0 0 0 1583836345
-16038106 -15453229 21853933 5117032 -5707666 -7460327 -1127435 -141238 122151 -124422 -42302 55248 -4125 -52419 -6073 8042 -8266 -6830 -1175 3293 -228 -73 -179 -248 -4 145 -17 37 26 59 0 -86 -1 -49 2 0 0 0 -2 0 0 2 0 0 0 0 0 0 0 0 0 -1 0 0 0 0 0 0 0 0 1583836345
-16087654 -15506290 21969550 5024100 -7874482 -7594995 -1820992 -142263 118901 -126343 -43344 -15129 -3980 -65607 12216 -1005 -6870 20659 -1122 13986 -145 -4998 -172 -262 -2 -232 -10 -27 -28 -9 0 -4 0 0 1 0 0 8 1 0 -6 -1 2 0 0 4 0 0 0 0 0 -1 0 0 0 0 0 0 0 0 1583836345
-16089614 -15510190 21977749 5019915 -7878334 -7597474 -1822225 -142240 120627 -126333 -43333 -30221 -3995 -65468 -10909 -3688 -4806 -3156 -994 -689 -210 -146 -174 -324 -3 -26 -11 -4 1 0 0 1 -1 0 1 1 0 0 0 0 0 0 3 0 0 0 0 0 0 0 0 0 1 0 0 -1 0 0 0 0 1583836345
-16088514 -15510338 21977832 5018957 -7874123 -7597335 -1821083 -142238 119615 -126329 -43333 -27337 -3994 -65482 -5886 -3293 -7471 2255 -1001 2467 -206 -714 56 -298 -2 -80 -11 -9 -4 0 0 1 0 0 2 -1 0 0 0 0 -1 0 0 0 0 0 0 0 0 0 0 0 0 0 0 0 0 0 0 0 1583836345
-16082353 -15504745 21965265 5031431 -7559079 -7583294 -1850924 -142286 118076 -126404 -43364 -21612 -3950 -57344 -8700 -739 -3381 -3756 -1036 -39 -206 -216 -249 -195 -4 -21 -15 -1 4 5 0 4 -5 0 0 3 0 0 0 0 0 0 0 0 0 0 0 0 0 1 0 -2 0 0 -1 0 0 0 0 0 1583836345
-16088496 -15507822 21966635 5150532 -4114259 -7532454 -2163598 -142500 119245 -127110 -43637 -27566 -3627 32414 -9844 -1976 -7733 -3504 -1007 -37 -273 -260 55 -284 -3 -24 -13 -6 2 0 0 1 -3 0 1 1 0 0 0 -1 0 0 0 0 0 0 0 0 0 0 0 0 0 0 0 0 0 0 0 0 1583836345
-16088142 -15510564 21978221 5018439 -7878481 -7597334 -1822002 -142239 119312 -126331 -43333 -28156 -3992 -65494 -9903 -2117 -4679 -3688 -1027 -26 -209 -215 -176 -331 -3 -26 -11 -6 2 0 0 1 0 0 1 0 0 0 0 1 0 0 2 0 0 0 0 0 0 0 0 0 0 0 -1 0 0 0 0 0 1583836345
-16081639 -15505837 21967520 5021476 -7886975 -7593177 -1819848 -142268 114151 -126328 -43335 -20772 -3984 -65876 -6280 3537 -7040 -5543 -1125 2390 -218 -355 -67 -285 -3 -24 -13 -5 2 0 0 1 -2 0 0 1 0 0 0 0 0 0 0 0 0 0 0 0 0 0 0 0 0 0 0 0 0 0 0 0 1583836345
-16021530 -15438050 21805514 5377215 3948774 -7318909 2817254 -134037 125302 -113073 -36242 -17057 -5983 -56863 -11249 -3539 -6874 -3086 -1068 -670 -212 -119 -710 -402 -1 -25 -11 -6 1 0 0 2 3 0 4 -1 0 -1 1 0 0 0 0 0 -1 0 -1 0 0 0 0 0 0 0 0 0 0 0 0 0 1583836345
-16087691 -15493148 21943215 5044361 -7887247 -7587541 -1820172 -142334 120628 -126355 -43337 -30225 -3998 -65756 -10914 -3692 -7189 -3112 -977 -663 -221 -140 -3 -313 -3 -18 -12 11 -1 -1 0 1 0 0 2 -1 0 0 0 0 0 0 0 0 0 0 0 0 0 0 0 0 0 0 0 0 0 0 0 0 1583836345
-16088175 -15510460 21977804 5023062 -7747497 -7595077 -1832456 -142246 119327 -126354 -43341 -28116 -3982 -62180 -9542 -2112 -7747 -3351 -986 -351 -225 -202 249 -299 -2 -27 -12 -6 1 0 0 1 0 0 0 -1 0 0 1 0 0 0 0 0 0 0 0 0 0 0 0 0 0 0 0 0 0 0 0 0 1583836345
-16025636 -15457669 21866170 4959229 -7885329 -7534833 -1820211 -142214 118633 -126302 -43323 -27212 -3992 -65777 -10068 -2022 -7132 -3644 -1008 -18 -220 -233 -54 -300 -3 -21 -12 -6 1 0 0 1 0 0 1 -1 0 0 0 0 0 0 0 0 1 0 0 0 0 0 0 0 1 0 -1 0 0 0 0 0 1583836345
-16088629 -15505639 21958817 5204892 -2692094 -7509520 416206 -138333 119180 -119958 -39925 -28030 -4972 -66697 -9240 -2018 -6739 -3349 -1034 -453 -212 -200 -635 -260 -3 -25 -13 -6 1 0 0 1 -7 0 0 0 0 0 0 2 0 0 -1 0 2 0 -2 0 0 1 0 1 0 0 0 0 0 0 0 0 1583836345
-16089816 -15499440 21942696 5288921 -542015 -7470881 1171532 -137009 120402 -117790 -38733 -29965 -5256 -47742 -10593 -3520 -6364 -3154 -1043 -687 -219 -119 -598 -367 -2 -24 -12 0 0 0 0 1 -2 0 -1 -2 0 -1 5 0 0 0 0 0 -1 0 0 0 0 0 0 0 0 0 0 0 0 0 0 0 1583836345
-16088515 -15510363 21977883 5018900 -7874223 -7597323 -1820974 -142239 119563 -126334 -43338 -25946 -3998 -65527 14905 -11829 -6696 35370 -934 15150 -115 -2686 -189 -244 -1 -386 -10 -22 -36 3 0 1 0 0 1 0 0 0 0 1 -9 -4 2 0 0 7 0 -1 0 0 0 0 0 0 0 0 0 0 0 0 1583836345
-16089600 -15510011 21977321 5021544 -7838066 -7596690 -1827306 -142246 120625 -126346 -43339 -30211 -3989 -64357 -10900 -3680 -557 -3234 -1025 -736 -189 -155 -422 -271 -4 -25 -13 -4 1 0 0 1 -6 0 -1 6 0 0 -1 0 0 0 0 0 1 0 -1 0 0 0 0 1 2 0 -1 0 0 0 0 0 1583836345
-16070616 -15489041 21917678 5295518 5636 -7461735 1026367 -137205 105422 -118142 -38909 -26572 -5147 -29497 -9266 -3578 -7510 -2063 -964 -2059 -234 -45 -641 -335 -2 -22 -12 -6 1 0 0 1 -3 0 -2 -3 0 0 0 0 0 0 0 0 -1 0 0 0 0 0 0 0 0 0 0 0 0 0 0 0 1583836345
-16083680 -15506036 21968554 5019960 -7886966 -7590920 -1819841 -142257 118283 -126331 -43334 -22727 -3987 -65864 -7961 -725 -7254 -3190 -975 -637 -221 -183 -49 -271 -3 -23 -13 -3 3 3 0 3 -2 0 0 1 0 0 0 0 0 0 0 0 0 0 0 0 0 0 0 0 0 0 0 0 0 0 0 0 1583836345
-16086505 -15508956 21974591 5021885 -7819934 -7595031 -1830129 -142257 118037 -126353 -43344 -26136 -3980 -63785 -8247 -603 310 -3763 -1059 -121 -185 -269 -217 -393 -4 -25 -8 -6 1 0 0 1 1 0 2 0 0 0 0 -1 0 0 2 0 0 0 1 0 0 0 0 0 0 0 0 0 0 0 0 0 1583836345
-16088903 -15501905 21944495 5342854 1162141 -7443715 1459503 -136410 119049 -116918 -38243 -27661 -5328 -25132 -9169 -1849 -6620 -3417 -1065 -342 -230 -191 -765 -377 -2 -25 -10 -6 1 0 0 1 -2 0 -2 -6 0 0 -1 0 0 0 2 0 -1 0 0 0 0 0 0 0 0 0 0 0 0 0 0 0 1583836345
-13672301 -13616300 17742022 4912174 1773012 -7017709 1961400 -140686 -1704795 -113854 -37382 445091 -4842 -38841 402828 325992 -5718 41967 2489 -62983 -147 -2677 -502 -375 -44 33 -5 -31 -16 -31 0 -12 1 2 -2 -4 -1 14 9 0 0 0 0 0 -1 -1 0 0 0 0 0 0 0 1 0 0 0 0 0 0 1583836345
-16054972 -15471718 21886204 5187347 -3384307 -7509711 61033 -139071 93825 -120960 -40461 3487 -4741 -58458 -9950 -3862 -8459 -1139 -862 -3500 -227 16 -423 -335 -3 -16 -14 -5 1 0 0 2 0 0 4 -1 0 0 -3 0 0 0 1 0 0 0 0 0 0 0 0 -2 0 0 -1 0 0 0 0 0 1583836345
-16086527 -15509195 21975130 5020372 -7854656 -7595752 -1824083 -142249 118046 -126337 -43336 -26378 -3988 -64888 -8346 -772 -4787 -3603 -1019 -140 -209 -195 -54 -338 -3 -26 -11 -6 2 0 0 1 0 0 2 0 0 0 0 0 0 0 1 0 0 0 0 0 0 0 0 -1 0 0 0 0 0 0 0 0 1583836345
-16088283 -15509171 21972846 5069595 -6455739 -7573157 -1280198 -141281 119294 -124782 -42504 -28262 -4227 -63991 -9572 -2201 -6811 -3351 -1003 -396 -218 -165 -216 -260 -3 -26 -12 -6 1 0 0 1 -5 0 1 1 0 0 0 0 0 0 0 0 0 0 -1 0 0 0 0 0 -1 0 0 0 0 0 0 1 1583836345
-15919190 -13985077 18871967 7505980 -11283 -6565815 1042595 -145190 120426 -120554 -39566 -29889 -5153 -29146 -10581 -3490 -6570 -3152 560 -621 -225 -109 -766 -369 -2 189 -15 431 -88 -11 0 1 -5 0 0 -5 1 0 -2 0 0 0 1 0 -1 0 0 0 0 0 0 0 0 0 0 0 0 0 0 0 1583836345
-16058497 -15469659 21881355 5284919 -758381 -7413360 -2470987 -142904 120594 -127876 -43952 26522 -3208 119119 -6451 4245 -3636 -4491 -1072 613 -296 -503 -257 -453 -3 88 -9 19 16 34 0 -54 -5 -30 1 -5 0 0 -1 1 0 1 0 0 -1 0 -1 0 0 0 0 0 0 0 0 0 0 0 0 0 1583836345
-16087999 -15505539 21968079 5025873 -7854880 -7594482 -1824100 -142269 119240 -126350 -43345 -14484 -3970 -64991 -3000 7131 -4718 -6051 -1171 3136 -206 -3819 -148 -327 -4 24 -12 -18 -3 -15 0 -4 0 0 1 1 0 9 1 -1 0 0 0 0 0 0 0 0 0 0 0 0 1 0 0 0 0 0 0 0 1583836345
-16077187 -15497683 21946928 5091540 -6082115 -7555537 -329429 -139815 113085 -122182 -41200 -14496 -4770 -125448 -2410 5605 -9511 -4329 -1042 715 -197 -471 -179 -272 -2 -20 -13 -3 3 2 0 3 -2 0 1 -1 0 0 0 1 0 0 0 0 -1 0 0 0 0 0 0 0 0 0 0 0 0 0 0 0 1583836345
-16088198 -15510409 21977469 5028090 -7601997 -7592600 -1846965 -142257 119326 -126388 -43355 -28071 -3965 -58282 -9379 -2095 -4772 -3285 -998 -526 -212 -211 1052 -334 -3 -29 -10 -6 1 0 0 1 0 0 3 -1 0 0 0 0 0 0 0 0 0 0 0 0 0 0 0 0 0 0 0 0 0 0 0 0 1583836345
-16065084 -15492937 21938916 5010919 -7874016 -7595369 -1821117 -142272 102007 -126306 -43326 -27353 -3992 -65471 -9343 -3896 -6947 -2049 -907 -2084 -220 -71 -42 -306 -3 -23 -12 -6 1 -1 0 1 -1 0 1 0 0 0 0 0 0 0 1 0 0 0 1 0 0 0 0 0 0 0 0 0 0 0 0 0 1583836345
-16086214 -15480031 21916614 5063636 -7880522 -7579665 -1822252 -142411 120628 -126382 -43346 -30222 -3995 -65471 -10909 -3688 -4932 -3153 -993 -688 -210 -146 -123 -334 -3 -19 -11 9 -1 -1 0 1 0 0 2 0 0 0 0 0 0 0 1 0 0 0 0 0 0 0 0 0 0 0 1 -1 0 0 0 0 1583836345
-15847454 -15327700 21565797 5152293 -7863375 -7434194 -1824966 -143466 -71562 -126496 -43550 262490 -3587 -67323 288353 215950 -5773 44265 2470 -63575 -169 906 213 -285 16 -43 -6 -26 -14 -26 0 -9 0 2 2 0 0 5 1 0 0 0 0 0 0 3 1 0 0 0 0 0 0 0 0 0 0 0 0 0 1583836345
-16059390 -15229892 21396654 5673006 -754476 -7314859 1079278 -137585 120413 -118485 -38997 -29980 -5217 -48786 -10598 -3523 -4094 -3243 1928 -599 -200 -120 -916 -319 -3 102 -16 254 -51 -7 0 1 -10 0 0 -2 2 0 -4 4 0 0 -1 1 1 0 2 -2 1 -1 0 0 0 0 0 0 0 0 0 0 1583836345
-16085738 -15498765 21947069 5166812 -4000577 -7526790 -506938 -139931 117134 -122566 -41295 -9386 -4489 -44082 -438 10694 -6600 -6825 -1276 5292 -219 -4192 -405 -273 -4 22 -12 -18 -4 -15 0 -5 -4 1 0 -3 0 10 -1 0 0 0 0 0 0 0 0 0 0 0 0 0 0 0 0 0 0 0 0 0 1583836345
-16080916 -15478933 21897192 5371108 1443023 -7415764 1785341 -135981 121444 -116064 -37806 22847 -5416 -35254 13814 32918 -7002 -14278 -1800 15606 -210 -11296 -922 9 -6 118 -24 -40 -13 -42 0 -18 -7 2 0 4 0 30 0 -6 0 -1 -1 0 -3 0 0 1 -1 0 0 0 0 0 1 0 0 0 0 0 1583836345
-16062235 -15449954 21853364 5070777 -7890004 -7543644 -1820066 -142543 114430 -126458 -43429 101396 -3803 -66851 55213 85361 -7561 -22672 -2848 43832 -161 -26557 -211 -281 -9 222 -20 -89 -42 -95 0 -42 0 6 0 1 -1 71 8 -3 0 -3 0 0 0 0 0 0 0 0 0 0 0 1 0 0 0 0 0 0 1583836345
-16087656 -15506303 21969585 5023912 -7879910 -7595113 -1821823 -142263 118944 -126342 -43342 -16303 -3975 -65620 -4268 5702 -5312 -5573 -1190 3903 -207 -3423 -86 -340 -4 9 -13 -16 -3 -12 0 -3 2 0 2 -2 0 8 2 -2 0 0 0 0 0 0 0 0 0 0 0 0 0 0 0 0 0 0 0 0 1583836345
-16084650 -15458964 21866315 5238872 -3694768 -7498652 -50915 -139412 120500 -121357 -40638 -30091 -4749 -58195 -10727 -3597 -7243 -3129 -1011 -672 -220 -127 -279 -184 -3 -7 -16 34 -6 -1 0 1 -4 0 0 2 0 -1 1 -1 0 0 -2 0 0 0 0 0 0 0 0 0 0 0 0 0 0 0 0 0 1583836345
-16088638 -15506328 21960802 5195229 -2931526 -7513538 -60643 -139100 119198 -121273 -40596 -28181 -4703 -41406 -9491 -2185 -4213 -3376 -1047 -452 -213 -129 -527 -47 -4 -26 -20 -6 2 0 0 1 -5 0 0 -1 0 -1 3 0 0 0 0 3 -1 0 0 1 -1 -1 0 0 -1 0 0 0 0 0 0 0 1583836345
-16087164 -15507698 21969604 5074162 -6304672 -7566854 -1141734 -141053 120728 -124396 -42298 -26874 -4289 -66122 -11055 -3693 -8350 -3123 -981 -666 -225 -132 -155 -299 -2 -24 -13 -3 3 3 0 3 -2 0 0 -1 0 0 0 0 0 0 1 0 0 0 -1 0 0 0 0 0 -1 0 0 0 0 0 0 0 1583836345
-16089824 -15508043 21969165 5103553 -5548603 -7558062 -823468 -140496 120556 -123486 -41805 -30162 -4426 -63238 -10814 -3644 -9259 -3086 -982 -646 -230 -129 -180 -299 -2 -26 -13 -4 1 0 0 1 -1 0 0 -1 0 0 0 0 0 0 1 0 0 0 0 0 0 0 0 0 0 0 0 -1 0 0 0 0 1583836345
-16087997 -15505455 21967737 5029596 -7749082 -7592650 -1832365 -142274 119231 -126367 -43351 -14532 -3961 -62314 -3759 7032 -7205 -6405 -1198 4165 -218 -3872 59 -306 -3 21 -13 -18 -3 -14 0 -4 -1 0 0 -2 0 9 2 0 0 0 0 0 0 0 0 0 0 0 0 0 0 0 0 0 0 0 0 0 1583836345
-16088130 -15504076 21962077 5092341 -5963041 -7561831 -1995181 -142399 119178 -126740 -43498 -14277 -3789 -16567 -4093 7212 -7243 -6841 -1206 4111 -243 -3844 -98 -339 -3 26 -13 -17 -2 -14 0 -4 -2 1 1 -2 0 9 0 0 0 0 1 0 0 0 1 0 0 0 0 0 0 0 0 0 0 0 0 0 1583836345
-16089050 -15504899 21966692 5034593 -7672745 -7590891 -1839334 -142281 120621 -126379 -43349 -30192 -3978 -60254 -10913 -3684 -7648 -3098 -974 -658 -226 -138 -5 -221 -3 -25 -14 -2 1 0 0 1 -2 0 0 1 0 0 0 0 0 0 0 0 0 0 1 0 0 0 0 0 0 0 0 0 0 0 0 0 1583836345
-16086595 -15508210 21971529 5049879 -7052593 -7582347 -1117770 -141079 118003 -124359 -42295 -25845 -4331 -80876 -7765 -369 -8283 -3499 -1000 -213 -216 -331 -137 -279 -2 -24 -13 -6 1 -1 0 1 -1 0 0 0 0 0 0 1 0 0 -1 0 0 0 0 0 0 0 0 0 0 0 0 0 0 0 0 0 1583836345
-16089809 -15503604 21955665 5194079 -3123100 -7515920 452148 -138321 120481 -119877 -39880 -30147 -4998 -71297 -10686 -3598 -7842 -3138 -1016 -670 -216 -125 -525 -228 -3 -24 -13 -2 1 0 0 1 -5 0 0 2 0 0 0 0 0 0 -1 0 0 0 0 0 0 2 0 0 0 0 1 0 0 0 0 0 1583836345
-16080712 -15498991 21941587 5257280 -1316172 -7480922 641061 -137915 112744 -119278 -39528 -19142 -4992 -40020 -3891 4737 -6094 -4808 -1131 1384 -220 -125 -522 -348 -3 -27 -12 -5 2 0 0 2 -4 0 -2 -3 0 -1 -1 0 0 0 0 0 0 0 0 0 0 0 0 0 0 0 0 0 0 0 0 0 1583836345
-16073788 -15498168 21947208 5092021 -6041076 -7556661 -973542 -140839 107725 -123925 -42052 -11147 -4338 -65915 2846 10779 -8074 -4571 -1059 1086 -220 -298 -150 -301 -2 -25 -13 -6 2 0 0 1 -2 0 0 -1 0 -1 1 0 0 0 0 0 0 0 0 0 0 0 0 0 0 0 0 0 0 0 0 0 1583836345
-16085489 -15508118 21973197 5016638 -7893326 -7591236 -1818551 -142239 120786 -126325 -43330 -25093 -3990 -66013 -11234 -3739 -6765 -3154 -980 -686 -219 -140 -79 -319 -3 -22 -12 -1 4 5 0 4 -1 0 3 0 0 0 0 1 0 0 0 0 0 0 0 0 0 0 -1 0 0 0 0 0 0 0 0 0 1583836345
-16072336 -15497813 21949895 5025810 -7886685 -7583645 -1820034 -142313 109099 -126337 -43343 -9047 -3966 -65926 918 9840 -6562 -5154 -1089 1744 -215 -548 -87 -311 -3 -19 -13 -3 3 3 0 3 -1 0 1 -1 0 0 0 1 0 0 0 0 1 0 0 0 0 0 0 0 1 0 -1 0 0 0 0 0 1583836345
-16088277 -15509720 21974757 5052952 -6919569 -7581132 -1368469 -141454 119321 -125042 -42643 -28285 -4192 -66138 -9540 -2233 -8052 -3274 -988 -443 -224 -218 -30 -288 -2 -25 -13 -6 1 0 0 1 -1 0 0 -1 0 -1 1 0 0 0 0 0 0 0 0 0 0 0 0 0 0 0 0 0 0 0 0 0 1583836345
-16088243 -15508464 21971503 5069189 -6497981 -7573411 -1314730 -141343 119319 -124878 -42547 -27705 -4200 -59551 -9050 -1856 -8155 -3208 -984 -553 -227 -341 -54 -277 -2 -22 -13 -5 2 1 0 2 -2 0 0 0 0 -2 0 0 0 0 -1 0 0 0 0 0 0 0 0 0 0 0 0 0 0 0 0 0 1583836345
-16084019 -15460584 21877216 5091329 -7896704 -7568431 -1818777 -142517 120629 -126404 -43350 -30227 -3999 -65991 -10914 -3692 -7434 -3108 -975 -661 -222 -140 -41 -310 -3 -2 -12 42 -8 -1 0 1 0 0 3 0 0 0 0 1 0 0 0 0 0 0 0 0 0 0 -1 0 0 0 0 1 0 0 0 0 1583836345
-16087734 -15505412 21966099 5056436 -6979706 -7579933 -1327648 -141419 118914 -124944 -42597 -16324 -4200 -69504 -3674 5448 -7547 -4629 -1179 4224 -212 -3451 -137 -266 -3 1 -14 -17 -4 -12 0 -4 -2 0 0 0 0 8 1 0 0 0 0 0 1 0 1 0 0 0 0 0 0 0 0 0 0 0 0 0 1583838187
-16089610 -15510176 21977743 5019429 -7893297 -7597719 -1818555 -142235 120628 -126323 -43328 -30227 -4000 -65996 -10915 -3693 -7914 -3099 -972 -656 -225 -139 -13 -303 -2 -26 -12 -4 1 0 0 1 0 0 3 0 0 0 0 1 0 0 0 0 0 0 0 0 0 0 -1 0 0 0 0 1 0 0 0 0 1583838187
-16088082 -15509824 21975559 5043702 -7163832 -7584906 -1890856 -142295 119221 -126491 -43397 -28249 -3917 -46552 -9599 -2216 2623 -3446 -1054 -458 -182 -60 2281 -421 -4 -36 -6 -5 1 0 0 1 1 0 6 -2 0 0 0 0 0 0 -1 0 0 0 0 0 0 0 0 0 0 0 0 0 0 0 0 0 1583838187
-16090443 -15493765 21919415 5516210 5795241 -7364588 4544626 -131226 119830 -108271 -33723 -18114 -6845 -103696 -4086 4537 -6969 -4937 -1237 2528 -181 -3310 -1529 -398 -2 14 -10 -14 -2 -10 0 -2 0 0 3 -4 0 7 -5 5 1 0 4 -2 0 0 0 1 -1 1 0 0 0 0 1 -2 0 0 0 0 1583838187
-15223539 -14858337 20514218 4870584 -3541952 -7458091 -93924 -140467 -530003 -120558 -40474 -32179 -4708 -53256 6591 15289 -5529 -5214 -1133 1972 -209 -728 -394 -290 -29 -3 -12 -7 2 -1 0 1 -2 0 -3 0 0 0 2 -1 0 0 -2 0 0 -1 0 0 0 0 0 0 0 0 0 0 0 0 0 0 1583838187
-16082473 -15500028 21951841 5100500 -5737196 -7558603 -193537 -139550 114824 -121767 -40934 -16686 -4761 -100522 -10936 -4078 -9840 -2151 -980 -342 -210 -187 -241 -286 -2 -33 -13 -7 0 0 0 1 0 0 3 0 0 0 0 1 0 0 0 0 0 0 0 0 0 0 0 0 -1 0 0 0 0 0 0 1 1583838187
-16088148 -15510396 21977897 5018447 -7886194 -7597365 -1819887 -142237 119335 -126325 -43330 -28186 -3995 -65807 -9628 -2151 -7088 -3405 -994 -311 -220 -200 -60 -276 -3 -26 -13 -6 1 0 0 1 -2 0 0 1 0 0 0 0 0 0 0 0 0 0 0 0 0 0 0 0 0 0 0 0 0 0 0 0 1583838187
-16084848 -15507399 21971238 5021611 -7875500 -7594535 -1821017 -142258 116781 -126331 -43334 -24833 -3989 -65529 -6698 942 -6799 -3749 -1013 97 -218 -319 -63 -308 -3 -24 -12 -6 1 0 0 1 -2 0 1 0 0 0 0 0 0 0 1 0 0 0 0 0 0 0 0 -1 0 0 0 0 0 0 0 0 1583838187
-16036386 -15037382 21018631 5718727 -7524979 -7311925 -1662723 -144640 120629 -126638 -43299 -30221 -4062 -64760 -10893 -3682 -7153 -3113 -980 -664 -221 -139 -17 -304 -3 -1 -10 46 -8 -1 0 1 -1 0 0 -1 0 0 1 0 0 0 0 0 0 0 0 0 0 0 0 0 0 0 0 0 0 0 0 0 1583838187
-16081450 -15502389 21961217 5021765 -7874654 -7581658 -1820989 -142273 120989 -126343 -43340 -15826 -3973 -65555 -10392 -2274 -7441 -3475 -990 -340 -222 -197 76 -309 -3 4 -12 1 6 9 0 -14 0 -8 2 -1 0 0 0 0 0 0 0 0 0 0 0 0 0 0 0 0 0 0 0 0 0 0 0 0 1583838187
-16084524 -15504948 21965383 5050215 -7006292 -7571099 -1906586 -142326 121923 -126539 -43418 -20188 -3886 -42435 -11497 -3735 4340 -3366 -1055 -806 -176 -166 1574 -384 -4 -6 -9 0 5 7 0 -11 1 -6 -4 -5 0 -1 2 -1 0 0 0 0 0 0 0 0 0 0 0 0 0 0 0 0 0 0 0 0 1583838187
-16038106 -15453229 21853933 5117032 -5707666 -7460327 -1127435 -141238 122151 -124422 -42302 55248 -4125 -52419 -6073 8042 -8266 -6830 -1175 3293 -228 -73 -179 -248 -4 145 -17 37 26 59 0 -86 -1 -49 2 0 0 0 -2 0 0 2 0 0 0 0 0 0 0 0 0 -1 0 0 0 0 0 0 0 0 1583838187
-16087654 -15506290 21969550 5024100 -7874482 -7594995 -1820992 -142263 118901 -126343 -43344 -15129 -3980 -65607 12216 -1005 -6870 20659 -1122 13986 -145 -4998 -172 -262 -2 -232 -10 -27 -28 -9 0 -4 0 0 1 0 0 8 1 0 -6 -1 2 0 0 4 0 0 0 0 0 -1 0 0 0 0 0 0 0 0 1583838187
-16089614 -15510190 21977749 5019915 -7878334 -7597474 -1822225 -142240 120627 -126333 -43333 -30221 -3995 -65468 -10909 -3688 -4806 -3156 -994 -689 -210 -146 -174 -324 -3 -26 -11 -4 1 0 0 1 -1 0 1 1 0 0 0 0 0 0 3 0 0 0 0 0 0 0 0 0 1 0 0 -1 0 0 0 0 1583838187
-16088514 -15510338 21977832 5018957 -7874123 -7597335 -1821083 -142238 119615 -126329 -43333 -27337 -3994 -65482 -5886 -3293 -7471 2255 -1001 2467 -206 -714 56 -298 -2 -80 -11 -9 -4 0 0 1 0 0 2 -1 0 0 0 0 -1 0 0 0 0 0 0 0 0 0 0 0 0 0 0 0 0 0 0 0 1583838187
-16082353 -15504745 21965265 5031431 -7559079 -7583294 -1850924 -142286 118076 -126404 -43364 -21612 -3950 -57344 -8700 -739 -3381 -3756 -1036 -39 -206 -216 -249 -195 -4 -21 -15 -1 4 5 0 4 -5 0 0 3 0 0 0 0 0 0 0 0 0 0 0 0 0 1 0 -2 0 0 -1 0 0 0 0 0 1583838187
-16088496 -15507822 21966635 5150532 -4114259 -7532454 -2163598 -142500 119245 -127110 -43637 -27566 -3627 32414 -9844 -1976 -7733 -3504 -1007 -37 -273 -260 55 -284 -3 -24 -13 -6 2 0 0 1 -3 0 1 1 0 0 0 -1 0 0 0 0 0 0 0 0 0 0 0 0 0 0 0 0 0 0 0 0 1583838187
-16088142 -15510564 21978221 5018439 -7878481 -7597334 -1822002 -142239 119312 -126331 -43333 -28156 -3992 -65494 -9903 -2117 -4679 -3688 -1027 -26 -209 -215 -176 -331 -3 -26 -11 -6 2 0 0 1 0 0 1 0 0 0 0 1 0 0 2 0 0 0 0 0 0 0 0 0 0 0 -1 0 0 0 0 0 1583838187
-16081639 -15505837 21967520 5021476 -7886975 -7593177 -1819848 -142268 114151 -126328 -43335 -20772 -3984 -65876 -6280 3537 -7040 -5543 -1125 2390 -218 -355 -67 -285 -3 -24 -13 -5 2 0 0 1 -2 0 0 1 0 0 0 0 0 0 0 0 0 0 0 0 0 0 0 0 0 0 0 0 0 0 0 0 1583838187
-16021530 -15438050 21805514 5377215 3948774 -7318909 2817254 -134037 125302 -113073 -36242 -17057 -5983 -56863 -11249 -3539 -6874 -3086 -1068 -670 -212 -119 -710 -402 -1 -25 -11 -6 1 0 0 2 3 0 4 -1 0 -1 1 0 0 0 0 0 -1 0 -1 0 0 0 0 0 0 0 0 0 0 0 0 0 1583838187
-16087691 -15493148 21943215 5044361 -7887247 -7587541 -1820172 -142334 120628 -126355 -43337 -30225 -3998 -65756 -10914 -3692 -7189 -3112 -977 -663 -221 -140 -3 -313 -3 -18 -12 11 -1 -1 0 1 0 0 2 -1 0 0 0 0 0 0 0 0 0 0 0 0 0 0 0 0 0 0 0 0 0 0 0 0 1583838187
-16088175 -15510460 21977804 5023062 -7747497 -7595077 -1832456 -142246 119327 -126354 -43341 -28116 -3982 -62180 -9542 -2112 -7747 -3351 -986 -351 -225 -202 249 -299 -2 -27 -12 -6 1 0 0 1 0 0 0 -1 0 0 1 0 0 0 0 0 0 0 0 0 0 0 0 0 0 0 0 0 0 0 0 0 1583838187
-16025636 -15457669 21866170 4959229 -7885329 -7534833 -1820211 -142214 118633 -126302 -43323 -27212 -3992 -65777 -10068 -2022 -7132 -3644 -1008 -18 -220 -233 -54 -300 -3 -21 -12 -6 1 0 0 1 0 0 1 -1 0 0 0 0 0 0 0 0 1 0 0 0 0 0 0 0 1 0 -1 0 0 0 0 0 1583838187
-16088629 -15505639 21958817 5204892 -2692094 -7509520 416206 -138333 119180 -119958 -39925 -28030 -4972 -66697 -9240 -2018 -6739 -3349 -1034 -453 -212 -200 -635 -260 -3 -25 -13 -6 1 0 0 1 -7 0 0 0 0 0 0 2 0 0 -1 0 2 0 -2 0 0 1 0 1 0 0 0 0 0 0 0 0 1583838187
-16089816 -15499440 21942696 5288921 -542015 -7470881 1171532 -137009 120402 -117790 -38733 -29965 -5256 -47742 -10593 -3520 -6364 -3154 -1043 -687 -219 -119 -598 -367 -2 -24 -12 0 0 0 0 1 -2 0 -1 -2 0 -1 5 0 0 0 0 0 -1 0 0 0 0 0 0 0 0 0 0 0 0 0 0 0 1583838187
-16088515 -15510363 21977883 5018900 -7874223 -7597323 -1820974 -142239 119563 -126334 -43338 -25946 -3998 -65527 14905 -11829 -6696 35370 -934 15150 -115 -2686 -189 -244 -1 -386 -10 -22 -36 3 0 1 0 0 1 0 0 0 0 1 -9 -4 2 0 0 7 0 -1 0 0 0 0 0 0 0 0 0 0 0 0 1583838187
-16089600 -15510011 21977321 5021544 -7838066 -7596690 -1827306 -142246 120625 -126346 -43339 -30211 -3989 -64357 -10900 -3680 -557 -3234 -1025 -736 -189 -155 -422 -271 -4 -25 -13 -4 1 0 0 1 -6 0 -1 6 0 0 -1 0 0 0 0 0 1 0 -1 0 0 0 0 1 2 0 -1 0 0 0 0 0 1583838187
-16070616 -15489041 21917678 5295518 5636 -7461735 1026367 -137205 105422 -118142 -38909 -26572 -5147 -29497 -9266 -3578 -7510 -2063 -964 -2059 -234 -45 -641 -335 -2 -22 -12 -6 1 0 0 1 -3 0 -2 -3 0 0 0 0 0 0 0 0 -1 0 0 0 0 0 0 0 0 0 0 0 0 0 0 0 1583838187
-16083680 -15506036 21968554 5019960 -7886966 -7590920 -1819841 -142257 118283 -126331 -43334 -22727 -3987 -65864 -7961 -725 -7254 -3190 -975 -637 -221 -183 -49 -271 -3 -23 -13 -3 3 3 0 3 -2 0 0 1 0 0 0 0 0 0 0 0 0 0 0 0 0 0 0 0 0 0 0 0 0 0 0 0 1583838187
-16086505 -15508956 21974591 5021885 -7819934 -7595031 -1830129 -142257 118037 -126353 -43344 -26136 -3980 -63785 -8247 -603 310 -3763 -1059 -121 -185 -269 -217 -393 -4 -25 -8 -6 1 0 0 1 1 0 2 0 0 0 0 -1 0 0 2 0 0 0 1 0 0 0 0 0 0 0 0 0 0 0 0 0 1583838187
-16088903 -15501905 21944495 5342854 1162141 -7443715 1459503 -136410 119049 -116918 -38243 -27661 -5328 -25132 -9169 -1849 -6620 -3417 -1065 -342 -230 -191 -765 -377 -2 -25 -10 -6 1 0 0 1 -2 0 -2 -6 0 0 -1 0 0 0 2 0 -1 0 0 0 0 0 0 0 0 0 0 0 0 0 0 0 1583838187
-13672301 -13616300 17742022 4912174 1773012 -7017709 1961400 -140686 -1704795 -113854 -37382 445091 -4842 -38841 402828 325992 -5718 41967 2489 -62983 -147 -2677 -502 -375 -44 33 -5 -31 -16 -31 0 -12 1 2 -2 -4 -1 14 9 0 0 0 0 0 -1 -1 0 0 0 0 0 0 0 1 0 0 0 0 0 0 1583838187
-16054972 -15471718 21886204 5187347 -3384307 -7509711 61033 -139071 93825 -120960 -40461 3487 -4741 -58458 -9950 -3862 -8459 -1139 -862 -3500 -227 16 -423 -335 -3 -16 -14 -5 1 0 0 2 0 0 4 -1 0 0 -3 0 0 0 1 0 0 0 0 0 0 0 0 -2 0 0 -1 0 0 0 0 0 1583838187
-16086527 -15509195 21975130 5020372 -7854656 -7595752 -1824083 -142249 118046 -126337 -43336 -26378 -3988 -64888 -8346 -772 -4787 -3603 -1019 -140 -209 -195 -54 -338 -3 -26 -11 -6 2 0 0 1 0 0 2 0 0 0 0 0 0 0 1 0 0 0 0 0 0 0 0 -1 0 0 0 0 0 0 0 0 1583838187
-16088283 -15509171 21972846 5069595 -6455739 -7573157 -1280198 -141281 119294 -124782 -42504 -28262 -4227 -63991 -9572 -2201 -6811 -3351 -1003 -396 -218 -165 -216 -260 -3 -26 -12 -6 1 0 0 1 -5 0 1 1 0 0 0 0 0 0 0 0 0 0 -1 0 0 0 0 0 -1 0 0 0 0 0 0 1 1583838187
-15919190 -13985077 18871967 7505980 -11283 -6565815 1042595 -145190 120426 -120554 -39566 -29889 -5153 -29146 -10581 -3490 -6570 -3152 560 -621 -225 -109 -766 -369 -2 189 -15 431 -88 -11 0 1 -5 0 0 -5 1 0 -2 0 0 0 1 0 -1 0 0 0 0 0 0 0 0 0 0 0 0 0 0 0 1583838187
-16058497 -15469659 21881355 5284919 -758381 -7413360 -2470987 -142904 120594 -127876 -43952 26522 -3208 119119 -6451 4245 -3636 -4491 -1072 613 -296 -503 -257 -453 -3 88 -9 19 16 34 0 -54 -5 -30 1 -5 0 0 -1 1 0 1 0 0 -1 0 -1 0 0 0 0 0 0 0 0 0 0 0 0 0 1583838187
-16087999 -15505539 21968079 5025873 -7854880 -7594482 -1824100 -142269 119240 -126350 -43345 -14484 -3970 -64991 -3000 7131 -4718 -6051 -1171 3136 -206 -3819 -148 -327 -4 24 -12 -18 -3 -15 0 -4 0 0 1 1 0 9 1 -1 0 0 0 0 0 0 0 0 0 0 0 0 1 0 0 0 0 0 0 0 1583838187
-16077187 -15497683 21946928 5091540 -6082115 -7555537 -329429 -139815 113085 -122182 -41200 -14496 -4770 -125448 -2410 5605 -9511 -4329 -1042 715 -197 -471 -179 -272 -2 -20 -13 -3 3 2 0 3 -2 0 1 -1 0 0 0 1 0 0 0 0 -1 0 0 0 0 0 0 0 0 0 0 0 0 0 0 0 1583838187
-16088198 -15510409 21977469 5028090 -7601997 -7592600 -1846965 -142257 119326 -126388 -43355 -28071 -3965 -58282 -9379 -2095 -4772 -3285 -998 -526 -212 -211 1052 -334 -3 -29 -10 -6 1 0 0 1 0 0 3 -1 0 0 0 0 0 0 0 0 0 0 0 0 0 0 0 0 0 0 0 0 0 0 0 0 1583838187
-16065084 -15492937 21938916 5010919 -7874016 -7595369 -1821117 -142272 102007 -126306 -43326 -27353 -3992 -65471 -9343 -3896 -6947 -2049 -907 -2084 -220 -71 -42 -306 -3 -23 -12 -6 1 -1 0 1 -1 0 1 0 0 0 0 0 0 0 1 0 0 0 1 0 0 0 0 0 0 0 0 0 0 0 0 0 1583838187
-16086214 -15480031 21916614 5063636 -7880522 -7579665 -1822252 -142411 120628 -126382 -43346 -30222 -3995 -65471 -10909 -3688 -4932 -3153 -993 -688 -210 -146 -123 -334 -3 -19 -11 9 -1 -1 0 1 0 0 2 0 0 0 0 0 0 0 1 0 0 0 0 0 0 0 0 0 0 0 1 -1 0 0 0 0 1583838187
-15847454 -15327700 21565797 5152293 -7863375 -7434194 -1824966 -143466 -71562 -126496 -43550 262490 -3587 -67323 288353 215950 -5773 44265 2470 -63575 -169 906 213 -285 16 -43 -6 -26 -14 -26 0 -9 0 2 2 0 0 5 1 0 0 0 0 0 0 3 1 0 0 0 0 0 0 0 0 0 0 0 0 0 1583838187
-16059390 -15229892 21396654 5673006 -754476 -7314859 1079278 -137585 120413 -118485 -38997 -29980 -5217 -48786 -10598 -3523 -4094 -3243 1928 -599 -200 -120 -916 -319 -3 102 -16 254 -51 -7 0 1 -10 0 0 -2 2 0 -4 4 0 0 -1 1 1 0 2 -2 1 -1 0 0 0 0 0 0 0 0 0 0 1583838187
-16085738 -15498765 21947069 5166812 -4000577 -7526790 -506938 -139931 117134 -122566 -41295 -9386 -4489 -44082 -438 10694 -6600 -6825 -1276 5292 -219 -4192 -405 -273 -4 22 -12 -18 -4 -15 0 -5 -4 1 0 -3 0 10 -1 0 0 0 0 0 0 0 0 0 0 0 0 0 0 0 0 0 0 0 0 0 1583838187
-16080916 -15478933 21897192 5371108 1443023 -7415764 1785341 -135981 121444 -116064 -37806 22847 -5416 -35254 13814 32918 -7002 -14278 -1800 15606 -210 -11296 -922 9 -6 118 -24 -40 -13 -42 0 -18 -7 2 0 4 0 30 0 -6 0 -1 -1 0 -3 0 0 1 -1 0 0 0 0 0 1 0 0 0 0 0 1583838187
-16062235 -15449954 21853364 5070777 -7890004 -7543644 -1820066 -142543 114430 -126458 -43429 101396 -3803 -66851 55213 85361 -7561 -22672 -2848 43832 -161 -26557 -211 -281 -9 222 -20 -89 -42 -95 0 -42 0 6 0 1 -1 71 8 -3 0 -3 0 0 0 0 0 0 0 0 0 0 0 1 0 0 0 0 0 0 1583838187
-16087656 -15506303 21969585 5023912 -7879910 -7595113 -1821823 -142263 118944 -126342 -43342 -16303 -3975 -65620 -4268 5702 -5312 -5573 -1190 3903 -207 -3423 -86 -340 -4 9 -13 -16 -3 -12 0 -3 2 0 2 -2 0 8 2 -2 0 0 0 0 0 0 0 0 0 0 0 0 0 0 0 0 0 0 0 0 1583838187
-16084650 -15458964 21866315 5238872 -3694768 -7498652 -50915 -139412 120500 -121357 -40638 -30091 -4749 -58195 -10727 -3597 -7243 -3129 -1011 -672 -220 -127 -279 -184 -3 -7 -16 34 -6 -1 0 1 -4 0 0 2 0 -1 1 -1 0 0 -2 0 0 0 0 0 0 0 0 0 0 0 0 0 0 0 0 0 1583838187
-16088638 -15506328 21960802 5195229 -2931526 -7513538 -60643 -139100 119198 -121273 -40596 -28181 -4703 -41406 -9491 -2185 -4213 -3376 -1047 -452 -213 -129 -527 -47 -4 -26 -20 -6 2 0 0 1 -5 0 0 -1 0 -1 3 0 0 0 0 3 -1 0 0 1 -1 -1 0 0 -1 0 0 0 0 0 0 0 1583838187
-16087164 -15507698 21969604 5074162 -6304672 -7566854 -1141734 -141053 120728 -124396 -42298 -26874 -4289 -66122 -11055 -3693 -8350 -3123 -981 -666 -225 -132 -155 -299 -2 -24 -13 -3 3 3 0 3 -2 0 0 -1 0 0 0 0 0 0 1 0 0 0 -1 0 0 0 0 0 -1 0 0 0 0 0 0 0 1583838187
-16089824 -15508043 21969165 5103553 -5548603 -7558062 -823468 -140496 120556 -123486 -41805 -30162 -4426 -63238 -10814 -3644 -9259 -3086 -982 -646 -230 -129 -180 -299 -2 -26 -13 -4 1 0 0 1 -1 0 0 -1 0 0 0 0 0 0 1 0 0 0 0 0 0 0 0 0 0 0 0 -1 0 0 0 0 1583838187
-16087997 -15505455 21967737 5029596 -7749082 -7592650 -1832365 -142274 119231 -126367 -43351 -14532 -3961 -62314 -3759 7032 -7205 -6405 -1198 4165 -218 -3872 59 -306 -3 21 -13 -18 -3 -14 0 -4 -1 0 0 -2 0 9 2 0 0 0 0 0 0 0 0 0 0 0 0 0 0 0 0 0 0 0 0 0 1583838187
-16088130 -15504076 21962077 5092341 -5963041 -7561831 -1995181 -142399 119178 -126740 -43498 -14277 -3789 -16567 -4093 7212 -7243 -6841 -1206 4111 -243 -3844 -98 -339 -3 26 -13 -17 -2 -14 0 -4 -2 1 1 -2 0 9 0 0 0 0 1 0 0 0 1 0 0 0 0 0 0 0 0 0 0 0 0 0 1583838187
-16089050 -15504899 21966692 5034593 -7672745 -7590891 -1839334 -142281 120621 -126379 -43349 -30192 -3978 -60254 -10913 -3684 -7648 -3098 -974 -658 -226 -138 -5 -221 -3 -25 -14 -2 1 0 0 1 -2 0 0 1 0 0 0 0 0 0 0 0 0 0 1 0 0 0 0 0 0 0 0 0 0 0 0 0 1583838187
-16086595 -15508210 21971529 5049879 -7052593 -7582347 -1117770 -141079 118003 -124359 -42295 -25845 -4331 -80876 -7765 -369 -8283 -3499 -1000 -213 -216 -331 -137 -279 -2 -24 -13 -6 1 -1 0 1 -1 0 0 0 0 0 0 1 0 0 -1 0 0 0 0 0 0 0 0 0 0 0 0 0 0 0 0 0 1583838187
-16089809 -15503604 21955665 5194079 -3123100 -7515920 452148 -138321 120481 -119877 -39880 -30147 -4998 -71297 -10686 -3598 -7842 -3138 -1016 -670 -216 -125 -525 -228 -3 -24 -13 -2 1 0 0 1 -5 0 0 2 0 0 0 0 0 0 -1 0 0 0 0 0 0 2 0 0 0 0 1 0 0 0 0 0 1583838187
-16080712 -15498991 21941587 5257280 -1316172 -7480922 641061 -137915 112744 -119278 -39528 -19142 -4992 -40020 -3891 4737 -6094 -4808 -1131 1384 -220 -125 -522 -348 -3 -27 -12 -5 2 0 0 2 -4 0 -2 -3 0 -1 -1 0 0 0 0 0 0 0 0 0 0 0 0 0 0 0 0 0 0 0 0 0 1583838187
-16073788 -15498168 21947208 5092021 -6041076 -7556661 -973542 -140839 107725 -123925 -42052 -11147 -4338 -65915 2846 10779 -8074 -4571 -1059 1086 -220 -298 -150 -301 -2 -25 -13 -6 2 0 0 1 -2 0 0 -1 0 -1 1 0 0 0 0 0 0 0 0 0 0 0 0 0 0 0 0 0 0 0 0 0 1583838187
-16085489 -15508118 21973197 5016638 -7893326 -7591236 -1818551 -142239 120786 -126325 -43330 -25093 -3990 -66013 -11234 -3739 -6765 -3154 -980 -686 -219 -140 -79 -319 -3 -22 -12 -1 4 5 0 4 -1 0 3 0 0 0 0 1 0 0 0 0 0 0 0 0 0 0 -1 0 0 0 0 0 0 0 0 0 1583838187
-16072336 -15497813 21949895 5025810 -7886685 -7583645 -1820034 -142313 109099 -126337 -43343 -9047 -3966 -65926 918 9840 -6562 -5154 -1089 1744 -215 -548 -87 -311 -3 -19 -13 -3 3 3 0 3 -1 0 1 -1 0 0 0 1 0 0 0 0 1 0 0 0 0 0 0 0 1 0 -1 0 0 0 0 0 1583838187
-16088277 -15509720 21974757 5052952 -6919569 -7581132 -1368469 -141454 119321 -125042 -42643 -28285 -4192 -66138 -9540 -2233 -8052 -3274 -988 -443 -224 -218 -30 -288 -2 -25 -13 -6 1 0 0 1 -1 0 0 -1 0 -1 1 0 0 0 0 0 0 0 0 0 0 0 0 0 0 0 0 0 0 0 0 0 1583838187
-16088243 -15508464 21971503 5069189 -6497981 -7573411 -1314730 -141343 119319 -124878 -42547 -27705 -4200 -59551 -9050 -1856 -8155 -3208 -984 -553 -227 -341 -54 -277 -2 -22 -13 -5 2 1 0 2 -2 0 0 0 0 -2 0 0 0 0 -1 0 0 0 0 0 0 0 0 0 0 0 0 0 0 0 0 0 1583838187
-16084019 -15460584 21877216 5091329 -7896704 -7568431 -1818777 -142517 120629 -126404 -43350 -30227 -3999 -65991 -10914 -3692 -7434 -3108 -975 -661 -222 -140 -41 -310 -3 -2 -12 42 -8 -1 0 1 0 0 3 0 0 0 0 1 0 0 0 0 0 0 0 0 0 0 -1 0 0 0 0 1 0 0 0 0 1583838187
