-16092167 -15466655 21805236 6683709 38474039 -6812067 17548696 -108332 117881 -71084 -13640 -26513 -12139 23838 -7549 -852 132763 -6376 -2375 -1591 481 -448 3810 2811 -45 -47 -49 -2 1 0 -1 0 -12 0 -56 -5 -4 -4 24 2 1 -1 -8 4 15 2 5 3 -3 -3 0 -3 0 0 2 0 0 1 0 0 1583836345
-16093680 -15450533 21740481 7339690 56880267 -6498460 22111242 -99797 117308 -57735 -6285 -25335 -13797 196393 -7243 -509 4863 -3994 -1600 -228 -225 0 -6456 3613 -21 -14 -118 -6 1 0 0 0 -41 1 -12 -42 0 0 -13 8 1 0 12 -9 2 2 8 0 0 -6 -1 3 1 0 -1 -2 0 0 0 0 1583836345
-16089035 -15444706 21727081 7341314 56697576 -6497977 25126659 -95090 114961 -49454 -2014 -19432 -15395 54425 -2928 2856 39972 -4498 -1863 -1106 32 -342 -5127 6598 -43 -14 -181 -6 1 1 -1 0 -53 1 -29 -50 -5 -3 26 12 2 0 13 -15 10 2 3 4 -3 2 5 -8 4 -1 0 0 0 1 0 0 1583836345
-16089298 -15498191 21929468 5491915 5322884 -7373290 3108283 -133506 118927 -112212 -35719 -27434 -6017 -17661 -8949 -1668 19613 -3953 -1278 -556 -99 -288 2857 -263 -7 -35 -7 -5 1 0 0 0 -7 0 -20 -5 -1 -1 6 2 0 0 2 0 1 0 -3 -2 1 0 0 2 -4 0 1 2 0 0 0 0 1583836345
-16095675 -15422653 21650699 8013891 75161745 -6183728 30808463 -84818 118078 -33041 6944 -27034 -17589 187531 -7355 -1705 10641 -3676 -1764 -1012 -176 81 -5472 -238 -1 -17 -17 6 -1 0 0 1 0 0 -25 1 -1 -2 4 -3 0 0 -3 0 0 0 3 -1 1 -1 0 3 1 0 2 -1 0 0 0 0 1583836345
-16088692 -15507410 21966111 5133345 -4660790 -7541502 -326804 -139644 120643 -122080 -41055 -28410 -4644 -66218 -10866 -3642 -7249 -3136 -1005 -672 -217 -131 -161 -261 -3 -25 -13 -4 2 1 0 2 -2 0 -1 2 0 0 1 -1 0 0 -2 0 0 0 0 0 0 0 0 0 0 0 0 0 0 0 0 0 1583836345
-15964314 -15359693 21548936 7033372 49598936 -6614860 20816589 -102552 20968 -61475 -8420 -27152 -13408 110913 -2447 -5816 29710 -3428 -1645 -2064 -64 5 -140 1920 -21 -29 -67 -5 1 0 0 0 -21 0 -36 3 -3 -3 16 -9 -2 1 -4 0 -3 0 7 -2 1 -4 -4 5 -1 0 0 0 0 -1 0 1 1583836345
-16082530 -15447378 21850445 5110512 -7896468 -7560612 -1820200 -142594 120629 -126430 -43359 -30222 -3996 -65832 -10903 -3684 -2201 -3205 -1013 -718 -197 -152 -341 -382 -3 -25 -9 -4 1 0 0 1 0 0 6 0 0 0 1 5 1 0 -1 -2 -2 0 0 0 0 -1 -4 0 3 0 2 3 0 0 0 0 1583836345
-16086669 -15509077 21975100 5018229 -7888737 -7594908 -1824013 -142248 119367 -126341 -43340 -26381 -3983 -65440 -8528 -772 9579 -4015 -1133 -116 -139 -242 -1017 -544 -6 -25 0 -5 2 0 0 2 9 0 13 0 0 0 3 15 3 0 -3 -9 -5 0 -2 3 -2 -5 -12 -1 9 0 7 10 0 0 0 0 1583836345
-16088183 -15510661 21978422 5018329 -7878324 -7597390 -1822211 -142238 119336 -126331 -43334 -28119 -3993 -65597 -9326 -2112 -4911 -3248 -997 -590 -209 -206 -188 -139 -4 -25 -16 -6 1 0 0 1 -2 0 0 3 0 0 0 1 0 0 -1 -1 -1 0 0 0 0 0 0 0 0 0 0 0 0 0 0 0 1583836345
-16088411 -15510459 21978205 5017214 -7886152 -7595905 -1819934 -142232 120846 -126326 -43330 -28293 -3995 -65825 -11035 -3711 -7340 -3121 -976 -667 -222 -140 -47 -240 -3 -25 -14 -4 2 1 0 2 -2 0 0 1 0 0 0 0 0 0 0 0 0 0 0 0 0 0 0 0 0 0 0 0 0 0 0 0 1583836345
-16077017 -15500314 21952396 5094558 -5856868 -7553065 -2022080 -142458 111681 -126808 -43537 -14100 -3758 -13368 1064 6742 22449 -2960 -1136 -1947 -97 -258 -1669 1652 -19 -21 -59 -5 2 1 0 1 -18 0 -2 19 0 0 -2 0 0 1 8 5 0 0 3 9 -7 -2 3 3 1 0 6 -4 0 0 0 0 1583836345
-16087990 -15495599 21947964 5045474 -7749856 -7586683 -1832444 -142329 120623 -126379 -43348 -30204 -3985 -62286 -10911 -3685 -6289 -3126 -984 -673 -218 -142 -103 -181 -3 -19 -16 9 -1 0 0 1 -4 0 1 0 0 0 0 0 0 0 0 1 0 0 0 1 -1 0 0 0 0 0 1 -1 0 0 0 0 1583836345
-16085759 -15481776 21866149 6178881 25091628 -7025307 -4837265 -144590 114465 -133230 -46043 -17334 -759 790933 -3733 3566 10801 -2219 -1116 -1361 -567 -10 -1256 886 -11 -18 -36 -5 2 0 0 0 -26 0 2 1 0 0 -6 -10 -2 0 0 7 -14 -1 -2 8 -6 -8 0 3 -4 0 0 1 0 -1 0 0 1583836345
-16089143 -15503399 21961041 5092126 -6045117 -7562660 -1987719 -142397 120572 -126719 -43482 -29939 -3819 -17868 -10898 -3615 -7821 -3054 -975 -652 -249 -129 52 -225 -3 -23 -14 0 0 0 0 1 -2 0 0 1 0 0 0 -1 0 0 0 0 0 0 0 0 0 0 0 0 0 0 0 0 0 0 0 0 1583836345
-16074236 -15496956 21946634 5071114 -5959213 -7548512 -1995477 -142361 120602 -126721 -43485 -28014 -3807 -15859 -10947 -3608 -7299 -3002 -974 -756 -247 -125 -45 -207 -3 -22 -15 -6 1 0 0 1 -3 0 1 0 0 0 -1 -1 0 0 0 1 -1 0 0 0 0 0 0 0 0 0 0 0 0 0 0 0 1583836345
-16081716 -15505878 21967619 5021328 -7889791 -7593291 -1815861 -142261 114206 -126317 -43329 -20616 -3987 -66122 -4219 3592 -7914 -3996 -1018 427 -223 -255 -14 -305 -3 -26 -12 -6 2 0 0 1 0 0 3 0 0 0 0 1 0 0 0 0 0 0 0 0 0 0 0 0 0 0 0 0 0 0 0 0 1583836345
-16088804 -15503015 21963217 5030044 -7886917 -7593374 -1820020 -142278 120628 -126338 -43333 -30225 -3998 -65774 -10915 -3692 -7585 -3105 -974 -659 -223 -140 17 -307 -3 -22 -12 2 0 0 0 1 0 0 2 -1 0 0 0 -1 0 0 0 0 0 0 0 0 0 0 0 0 0 0 0 0 0 0 0 0 1583836345
-16057673 -15488294 21927894 5034377 -7796546 -7573087 -1847319 -142413 97455 -126416 -43391 6401 -3915 -62753 11619 24278 16725 -9435 -1490 6405 -98 -376 -1089 -252 -10 -26 -7 -2 3 2 0 3 18 0 2 -5 0 -1 1 5 1 0 -7 -2 4 0 -1 4 -3 -3 0 0 -1 0 0 0 0 -2 0 0 1583836345
-16086194 -15479227 21914269 5080200 -7426841 -7571541 -1895762 -142494 120607 -126576 -43440 -30085 -3905 -51964 -10768 -3568 61824 -4377 -1478 -1415 110 -297 -3348 2 -21 -7 -2 27 -4 -1 0 0 -14 0 -3 27 0 0 -3 3 0 0 11 -1 -5 0 0 6 -4 5 -1 0 5 0 -6 -1 0 0 0 0 1583836345
-16088137 -15510300 21977416 5024508 -7711687 -7594369 -1835835 -142249 119310 -126362 -43345 -28292 -3979 -61299 -8940 -2251 -7490 -2776 -952 -1086 -225 -97 -19 -220 -3 -27 -14 -6 1 0 0 1 -2 0 1 1 0 0 0 0 0 0 0 0 0 0 1 0 0 0 0 0 0 0 0 0 0 0 0 0 1583836345
-16002977 -15435615 21815150 5028230 -5410592 -7470084 -790327 -140409 117780 -123357 -41743 -26899 -4426 -61521 -8895 -1723 1805 -3158 -1051 -984 -174 -288 -782 1062 -11 -17 -47 -5 2 1 0 1 -9 0 0 2 0 -2 2 0 0 0 0 -2 0 0 0 2 -2 0 2 1 1 0 1 -1 0 0 0 0 1583836345
-16089705 -15493974 21910557 5755745 13057309 -7236725 -2611577 -141945 118671 -127623 -43461 -25298 -2521 426873 -9052 -1314 64647 -4042 -1530 -1299 -115 -194 1414 -460 -17 -32 3 -3 2 0 -1 2 24 0 -12 -10 -2 -3 14 -3 0 0 -4 -3 -1 0 0 2 -2 1 -1 -2 0 0 -2 2 0 0 0 0 1583836345
-16088155 -15508251 21971467 5058327 -6835533 -7579260 -937133 -140776 119304 -123853 -42027 -27869 -4420 -84665 -8696 -1900 -8487 -2958 -968 -891 -215 -263 -161 -296 -2 -23 -13 -5 2 1 0 2 -1 0 0 0 0 -2 1 1 0 0 0 0 0 0 0 0 0 0 0 0 0 0 0 0 0 0 0 0 1583836345
-15777216 -15226032 21341074 5446133 11744953 -6951484 5896859 -128601 108674 -104160 -31416 -8236 -7153 -4873 -2774 7597 35463 -6218 -1535 1624 -13 -499 10339 850 -14 -39 -27 -2 3 3 0 2 -14 0 -5 9 0 0 1 -2 0 0 -8 2 0 0 2 0 0 -1 1 1 0 0 1 0 0 0 0 0 1583836345
-16090703 -15500792 21938505 5419910 3319768 -7408491 2636619 -134389 120253 -113592 -36480 -28922 -5869 -38651 -10473 -3432 2761 -3345 -1141 -799 -172 -127 -1642 1267 -12 -23 -49 -6 1 0 0 0 -16 0 -5 -5 0 0 -4 2 0 0 0 -1 3 0 -2 3 -2 -1 2 -2 0 0 0 0 0 0 0 0 1583836345
-15495958 -15050026 20933643 5191605 2964261 -7376130 2499564 -135478 -325449 -113401 -36541 -32946 -5781 -34218 -10310 -3065 20572 -3162 -1220 -1618 -87 -188 1907 71 -28 -34 -25 -5 1 0 0 0 -6 0 -25 -6 -1 -2 9 2 0 0 -1 -1 3 0 0 0 0 1 0 -3 0 0 0 0 0 0 0 0 1583836345
-15875218 -15316797 21538937 5412904 8868410 -7103195 3288688 -132877 113476 -111468 -35252 -27851 -5944 53681 -8276 39 -4702 -3772 -1146 105 -255 -181 -1355 -453 -2 -20 -6 -5 1 0 0 1 -1 0 -6 -7 0 0 0 4 0 0 6 0 0 0 3 -1 1 -1 0 0 0 0 0 0 0 0 0 0 1583836345
-16088468 -15507127 21964899 5142870 -4430482 -7539051 -105728 -139284 119225 -121462 -40731 -27959 -4753 -71840 -9478 -1958 -8180 -3535 -1026 -161 -218 -244 -274 -316 -2 -25 -9 -6 1 0 0 1 0 0 -1 -1 0 -1 3 0 0 0 0 0 0 0 0 0 0 0 0 0 0 0 0 0 0 0 0 0 1583836345
-16088262 -15510534 21978340 5016813 -7893233 -7595967 -1818548 -142230 120737 -126322 -43328 -28261 -3996 -65999 -11031 -3710 -7189 -3121 -976 -676 -221 -140 -55 -313 -3 -25 -12 -4 2 1 0 2 0 0 3 0 0 0 0 1 0 0 0 0 0 0 0 0 0 0 -1 0 0 0 0 1 0 0 0 0 1583836345
-16085609 -15506822 21970442 5021116 -7878782 -7591621 -1822429 -142258 119571 -126338 -43337 -24498 -3986 -65506 -9241 -2292 -5128 -2898 -971 -1059 -211 -106 -116 -322 -3 -21 -13 1 13 -2 0 1 1 0 2 -2 0 0 0 0 -1 0 0 0 1 0 0 0 0 0 0 0 1 0 -1 0 0 0 0 0 1583836345
-16087783 -15506303 21968785 5041922 -7367071 -7586227 -1906570 -142355 119267 -126558 -43440 -26134 -3896 -50144 -5584 -819 48241 -2433 -1260 -3505 43 -641 -1811 -293 -15 -11 0 1 5 8 -1 7 32 0 7 -13 0 -7 3 -1 0 0 -10 0 15 0 -4 1 -1 -5 3 -2 -3 0 0 2 0 -2 0 0 1583836345
-16086819 -15509417 21975557 5023071 -7737827 -7592613 -1843086 -142265 119372 -126387 -43360 -26503 -3965 -61292 -8843 -887 11369 -4187 -1155 48 -132 -333 -899 -449 -7 -23 -3 -5 2 0 0 1 -3 0 0 8 0 0 -1 0 0 0 8 0 -1 0 2 0 0 3 0 -2 1 0 -4 1 0 0 0 0 1583836345
-16087166 -15508787 21974451 5020904 -7865992 -7595926 -1821682 -142248 118630 -126332 -43333 -26897 -3991 -65263 -8713 -1179 -6379 -3520 -1004 -192 -217 -209 -71 -316 -3 -25 -12 -5 2 0 0 1 -2 0 0 -1 0 -1 0 1 0 0 1 0 0 0 1 0 0 0 0 0 0 0 0 0 0 0 0 0 1583836345
-16051022 -15158625 21255716 5695252 -3169301 -7313942 2132028 -137065 120487 -115811 -37651 -30534 -5890 -149681 -10524 -3628 13367 -3653 406 -857 -63 -180 -2058 229 -10 0 -23 45 -8 -1 0 1 -3 0 -17 1 0 0 4 23 5 -1 -9 -12 -3 0 0 0 0 0 -1 1 -1 0 -3 -2 0 3 0 -1 1583836345
-16086455 -15492903 21912428 5606104 8445059 -7318508 4703115 -130780 116339 -107694 -33305 -23559 -6708 -23200 -7483 -172 35929 -4418 -1442 -621 -6 -307 -554 3217 -29 -25 -99 -5 2 2 0 0 -28 0 -5 2 -1 0 5 2 0 0 -1 -2 7 1 2 2 -2 0 7 3 7 -1 1 0 0 1 0 0 1583836345
-16085605 -15502313 21950857 5225041 -2156938 -7496465 266947 -138545 117916 -120344 -40099 -24216 -4838 -40961 -7943 -439 -1774 -3645 -1082 -238 -200 -246 -753 -59 -5 -23 -22 -4 2 1 0 2 -5 0 -6 1 0 0 0 1 0 0 -3 1 2 0 2 0 0 0 0 0 0 0 1 -1 0 0 0 0 1583836345
-16089351 -15507871 21973065 5022958 -7887745 -7596257 -1825387 -142258 120625 -126349 -43341 -30204 -3985 -65263 -10870 -3660 14101 -3506 -1132 -897 -117 -189 -1275 -605 -6 -23 3 -1 1 0 0 2 11 0 16 0 0 0 4 18 4 0 -4 -12 -7 0 -2 3 -2 -6 -15 -1 11 0 9 12 0 0 0 0 1583836345
-16090396 -15479030 21863622 6037446 20336180 -7116291 9086173 -123021 118366 -95133 -26512 -13365 -8498 28541 -2779 7917 -7000 -7013 -1418 3755 -236 -3757 -2423 -122 -3 31 -24 -17 -3 -14 0 -5 -8 1 -20 -2 0 10 -7 -1 0 0 -11 -1 3 0 1 -2 1 -1 0 0 1 0 0 0 0 0 0 0 1583836345
-15912978 -15380161 21681630 5152150 -6367211 -7442320 -582216 -141000 -8242 -122958 -41642 174566 -4302 -92888 167768 151045 -10347 5721 -157 -13131 -185 1410 -41 -235 4 -57 -14 -4 0 0 0 2 -1 0 1 2 0 -4 0 0 0 1 0 0 0 2 0 0 0 0 0 0 1 0 0 0 0 0 0 0 1583836345
-16068764 -15325270 21602924 5287527 -7905427 -7488507 -1820070 -142726 120632 -126624 -43413 -30228 -3997 -65927 -10910 -3690 -5739 -3164 613 -618 -210 -141 -142 -331 -3 60 -11 170 -34 -5 0 1 1 0 4 0 1 0 1 2 0 0 0 -1 -1 0 0 0 0 -1 -2 0 2 0 1 2 0 0 0 0 1583836345
-16088230 -15510274 21977806 5017384 -7886731 -7595676 -1819831 -142233 120754 -126326 -43330 -28219 -3995 -65814 -11034 -3711 -7101 -3122 -977 -675 -221 -140 -59 -283 -3 -25 -13 -4 2 1 0 2 -2 0 0 1 0 0 0 0 0 0 0 0 0 0 0 0 0 0 0 0 0 0 0 0 0 0 0 0 1583836345
-16088232 -15510265 21977698 5019259 -7831905 -7594745 -1826224 -142239 120748 -126341 -43337 -28208 -3988 -64283 -11035 -3707 -5975 -3143 -985 -682 -216 -144 241 -324 -3 -26 -12 -4 2 1 0 2 2 0 2 -1 0 0 0 -1 0 0 0 0 0 0 0 0 0 0 0 0 0 0 0 0 0 0 0 0 1583836345
-16087682 -15506098 21968854 5031061 -7678522 -7591605 -1847029 -142288 118943 -126405 -43369 -16002 -3946 -59914 -4510 6095 5823 -6493 -1272 3553 -157 -3502 -234 -451 -6 17 -7 -16 -2 -13 0 -3 7 0 4 -1 0 8 2 -1 0 0 2 0 -1 0 1 0 0 0 0 0 0 0 0 0 0 0 0 0 1583836345
-16089620 -15510258 21977898 5019550 -7886226 -7597648 -1819899 -142237 120627 -126326 -43329 -30225 -3998 -65775 -10915 -3693 -7611 -3104 -974 -659 -223 -140 18 -307 -3 -26 -12 -4 1 0 0 1 0 0 2 -1 0 0 0 -1 0 0 0 0 0 0 0 0 0 0 0 0 0 0 0 0 0 0 0 0 1583836345
-16088177 -15510627 21978365 5018127 -7886200 -7597496 -1819882 -142236 119342 -126325 -43330 -28344 -3995 -65788 -9472 -2267 -6904 -3191 -982 -583 -219 -147 -63 -305 -3 -27 -12 -6 1 0 0 1 -1 0 1 0 0 0 0 0 0 0 2 0 0 0 0 0 0 0 0 0 1 0 0 0 0 0 0 0 1583836345
-15115699 -14786383 20349348 5465085 -7343688 -6840437 -1978624 -146992 -567654 -127349 -44335 1103692 -2175 -53817 868248 853023 164196 -41290 -3141 35420 818 328 -7454 -1056 -25 -88 57 30 14 26 -3 16 76 -2 15 -19 0 -19 4 13 3 -1 -19 -4 32 0 -8 5 -4 -8 4 -1 0 -1 -7 4 0 -8 -1 2 1583836345
-15979879 -14535742 20001246 6458992 -7169826 -7008909 -1957521 -146259 120616 -128255 -43942 -30008 -3832 -41951 -10668 -3484 107014 -5266 2351 -1748 337 -387 -5794 -116 -33 443 -5 937 -190 -24 0 0 -9 0 -24 71 3 1 -13 -2 -2 1 29 -10 5 -2 -15 -1 1 -4 0 -5 0 0 4 -4 0 -1 0 0 1583836345
-16088155 -15510426 21977939 5018802 -7874215 -7597187 -1820975 -142238 119332 -126328 -43331 -28083 -3994 -65484 -9543 -2082 -7918 -3381 -987 -314 -224 -219 103 -302 -2 -26 -12 -6 1 0 0 1 0 0 2 -1 0 0 0 -1 0 0 0 0 0 0 0 0 0 0 0 0 0 0 0 0 0 0 0 0 1583836345
-16089620 -15509860 21976642 5029792 -7601610 -7592619 -1860773 -142280 120616 -126431 -43378 -30152 -3950 -57366 -10856 -3638 20095 -3608 -1174 -958 -92 -203 -864 -521 -8 -25 1 -3 1 0 0 1 3 0 1 6 0 0 0 -1 0 0 3 -1 0 0 -1 1 -1 2 0 -2 1 0 0 0 0 0 0 0 1583836345
-16087192 -15507375 21968149 5098966 -5557694 -7553275 -2166341 -142607 120732 -127217 -43748 -26216 -3591 2176 -10639 -3283 220875 -7278 -2620 -3134 866 -668 -6064 310 -60 -20 102 4 4 4 -2 4 43 -1 -10 70 0 0 -8 -18 -6 2 43 -14 -2 0 0 2 -2 4 -2 -1 5 0 -10 2 -1 -2 0 0 1583836345
-16085112 -15505081 21961050 5141159 -4451648 -7535788 -2136680 -142501 116641 -127055 -43621 -23814 -3652 22860 -6028 893 -560 -3107 -1019 -819 -233 -164 -88 -260 -4 -26 -11 -6 1 0 0 1 -4 0 -4 -5 0 0 -2 2 0 0 0 1 0 0 2 0 0 -1 0 0 0 0 0 0 0 0 0 0 1583836345
-16018436 -15431854 21786494 5554097 9305837 -7216912 -3076055 -142928 126748 -129051 -44303 -11001 -2434 365532 -11712 -2972 55569 -3883 -1448 -1327 -130 -206 392 48 -18 -27 -3 -4 1 0 -1 1 0 0 -34 -27 -2 -2 12 1 0 0 -1 1 -1 0 1 1 -1 -3 0 0 -2 0 0 1 0 0 0 0 1583836345
-16089293 -15503972 21961725 5089243 -6155559 -7566176 -371074 -139853 120574 -122273 -41191 -30345 -4697 -96618 -10794 -3685 -10345 -3103 -979 -640 -218 -131 -171 -279 -2 -24 -13 -1 0 0 0 1 1 0 2 0 0 0 0 1 0 0 0 0 0 0 0 0 0 0 0 0 0 0 0 0 0 0 0 0 1583836345
-16086668 -15507593 21969002 5073314 -6408606 -7571652 -581867 -140187 117988 -122857 -41503 -26013 -4589 -92213 -7726 -451 -8149 -3454 -1006 -301 -209 -292 -255 -240 -3 -24 -13 -6 1 -1 0 1 -3 0 0 0 0 0 0 1 0 0 -1 0 0 0 0 0 0 0 0 0 0 0 0 0 0 0 0 0 1583836345
-16089455 -15507351 21970385 5058174 -6874462 -7578925 -1919581 -142331 120595 -126563 -43425 -30055 -3889 -39074 -10880 -3630 5510 -3309 -1059 -782 -171 -177 3384 -447 -4 -34 -2 -2 1 0 0 1 5 0 6 -2 0 0 0 -1 0 0 0 1 0 0 -1 0 0 0 0 0 1 0 0 0 0 0 0 0 1583836345
-16087179 -15501644 21944717 5352225 1583713 -7432668 -2763058 -143034 117727 -128541 -44239 -24487 -2955 185378 -8202 43 138907 -6267 -2013 -1131 376 -659 23209 -1231 -25 -91 57 -1 2 0 0 1 28 0 -19 -22 0 -1 5 -11 -2 0 -3 1 0 0 -2 -1 0 1 0 -2 -1 0 0 2 0 0 0 0 1583836345
-16088406 -15508231 21968502 5127757 -4764550 -7543642 -2104330 -142454 119239 -126974 -43584 -27664 -3691 15475 -9546 -1996 -8265 -3283 -988 -319 -268 -190 145 -342 -2 -26 -11 -6 1 0 0 1 0 0 2 0 0 0 1 0 0 0 0 0 0 0 0 0 0 0 0 0 0 0 0 0 0 0 0 0 1583836345
-16089574 -15501888 21951989 5221352 -2309880 -7499016 -2329454 -142653 120458 -127498 -43787 -29357 -3453 79471 -10862 -3455 -6657 -2982 -987 -654 -293 -111 179 -393 -2 -24 -11 0 0 0 0 1 1 0 3 0 0 -1 1 0 0 0 0 0 0 0 0 0 0 0 0 0 0 0 0 0 0 0 0 0 1583836345
-16088296 -15509347 21973276 5068520 -6476610 -7573533 -1377269 -141435 119292 -125051 -42644 -28095 -4177 -60475 -9510 -2096 -5813 -3400 -1011 -368 -215 -208 -254 124 -5 -25 -23 -6 1 0 0 1 -5 0 1 0 0 0 0 1 0 0 0 -1 0 0 0 0 0 1 0 0 0 0 1 0 0 0 0 1 1583836345
-16112071 -15267157 21016155 14384551 253265482 -3167557 97069361 32647 112617 156855 109508 -19321 -44745 906365 -34 2655 20820 -4173 -3215 -1447 -316 661 -21616 -355 7 3 -14 2 -1 0 0 2 -3 0 -65 -60 9 6 -81 -21 -7 0 -21 -18 -10 0 2 -9 7 -12 1 2 9 -1 -1 -2 0 0 0 1 1583836345
-16092167 -15466655 21805236 6683709 38474039 -6812067 17548696 -108332 117881 -71084 -13640 -26513 -12139 23838 -7549 -852 132763 -6376 -2375 -1591 481 -448 3810 2811 -45 -47 -49 -2 1 0 -1 0 -12 0 -56 -5 -4 -4 24 2 1 -1 -8 4 15 2 5 3 -3 -3 0 -3 0 0 2 0 0 1 0 0 1583838187
-16093680 -15450533 21740481 7339690 56880267 -6498460 22111242 -99797 117308 -57735 -6285 -25335 -13797 196393 -7243 -509 4863 -3994 -1600 -228 -225 0 -6456 3613 -21 -14 -118 -6 1 0 0 0 -41 1 -12 -42 0 0 -13 8 1 0 12 -9 2 2 8 0 0 -6 -1 3 1 0 -1 -2 0 0 0 0 1583838187
-16089035 -15444706 21727081 7341314 56697576 -6497977 25126659 -95090 114961 -49454 -2014 -19432 -15395 54425 -2928 2856 39972 -4498 -1863 -1106 32 -342 -5127 6598 -43 -14 -181 -6 1 1 -1 0 -53 1 -29 -50 -5 -3 26 12 2 0 13 -15 10 2 3 4 -3 2 5 -8 4 -1 0 0 0 1 0 0 1583838187
-16089298 -15498191 21929468 5491915 5322884 -7373290 3108283 -133506 118927 -112212 -35719 -27434 -6017 -17661 -8949 -1668 19613 -3953 -1278 -556 -99 -288 2857 -263 -7 -35 -7 -5 1 0 0 0 -7 0 -20 -5 -1 -1 6 2 0 0 2 0 1 0 -3 -2 1 0 0 2 -4 0 1 2 0 0 0 0 1583838187
-16095675 -15422653 21650699 8013891 75161745 -6183728 30808463 -84818 118078 -33041 6944 -27034 -17589 187531 -7355 -1705 10641 -3676 -1764 -1012 -176 81 -5472 -238 -1 -17 -17 6 -1 0 0 1 0 0 -25 1 -1 -2 4 -3 0 0 -3 0 0 0 3 -1 1 -1 0 3 1 0 2 -1 0 0 0 0 1583838187
-16088692 -15507410 21966111 5133345 -4660790 -7541502 -326804 -139644 120643 -122080 -41055 -28410 -4644 -66218 -10866 -3642 -7249 -3136 -1005 -672 -217 -131 -161 -261 -3 -25 -13 -4 2 1 0 2 -2 0 -1 2 0 0 1 -1 0 0 -2 0 0 0 0 0 0 0 0 0 0 0 0 0 0 0 0 0 1583838187
-15964314 -15359693 21548936 7033372 49598936 -6614860 20816589 -102552 20968 -61475 -8420 -27152 -13408 110913 -2447 -5816 29710 -3428 -1645 -2064 -64 5 -140 1920 -21 -29 -67 -5 1 0 0 0 -21 0 -36 3 -3 -3 16 -9 -2 1 -4 0 -3 0 7 -2 1 -4 -4 5 -1 0 0 0 0 -1 0 1 1583838187
-16082530 -15447378 21850445 5110512 -7896468 -7560612 -1820200 -142594 120629 -126430 -43359 -30222 -3996 -65832 -10903 -3684 -2201 -3205 -1013 -718 -197 -152 -341 -382 -3 -25 -9 -4 1 0 0 1 0 0 6 0 0 0 1 5 1 0 -1 -2 -2 0 0 0 0 -1 -4 0 3 0 2 3 0 0 0 0 1583838187
-16086669 -15509077 21975100 5018229 -7888737 -7594908 -1824013 -142248 119367 -126341 -43340 -26381 -3983 -65440 -8528 -772 9579 -4015 -1133 -116 -139 -242 -1017 -544 -6 -25 0 -5 2 0 0 2 9 0 13 0 0 0 3 15 3 0 -3 -9 -5 0 -2 3 -2 -5 -12 -1 9 0 7 10 0 0 0 0 1583838187
-16088183 -15510661 21978422 5018329 -7878324 -7597390 -1822211 -142238 119336 -126331 -43334 -28119 -3993 -65597 -9326 -2112 -4911 -3248 -997 -590 -209 -206 -188 -139 -4 -25 -16 -6 1 0 0 1 -2 0 0 3 0 0 0 1 0 0 -1 -1 -1 0 0 0 0 0 0 0 0 0 0 0 0 0 0 0 1583838187
-16088411 -15510459 21978205 5017214 -7886152 -7595905 -1819934 -142232 120846 -126326 -43330 -28293 -3995 -65825 -11035 -3711 -7340 -3121 -976 -667 -222 -140 -47 -240 -3 -25 -14 -4 2 1 0 2 -2 0 0 1 0 0 0 0 0 0 0 0 0 0 0 0 0 0 0 0 0 0 0 0 0 0 0 0 1583838187
-16077017 -15500314 21952396 5094558 -5856868 -7553065 -2022080 -142458 111681 -126808 -43537 -14100 -3758 -13368 1064 6742 22449 -2960 -1136 -1947 -97 -258 -1669 1652 -19 -21 -59 -5 2 1 0 1 -18 0 -2 19 0 0 -2 0 0 1 8 5 0 0 3 9 -7 -2 3 3 1 0 6 -4 0 0 0 0 1583838187
-16087990 -15495599 21947964 5045474 -7749856 -7586683 -1832444 -142329 120623 -126379 -43348 -30204 -3985 -62286 -10911 -3685 -6289 -3126 -984 -673 -218 -142 -103 -181 -3 -19 -16 9 -1 0 0 1 -4 0 1 0 0 0 0 0 0 0 0 1 0 0 0 1 -1 0 0 0 0 0 1 -1 0 0 0 0 1583838187
-16085759 -15481776 21866149 6178881 25091628 -7025307 -4837265 -144590 114465 -133230 -46043 -17334 -759 790933 -3733 3566 10801 -2219 -1116 -1361 -567 -10 -1256 886 -11 -18 -36 -5 2 0 0 0 -26 0 2 1 0 0 -6 -10 -2 0 0 7 -14 -1 -2 8 -6 -8 0 3 -4 0 0 1 0 -1 0 0 1583838187
-16089143 -15503399 21961041 5092126 -6045117 -7562660 -1987719 -142397 120572 -126719 -43482 -29939 -3819 -17868 -10898 -3615 -7821 -3054 -975 -652 -249 -129 52 -225 -3 -23 -14 0 0 0 0 1 -2 0 0 1 0 0 0 -1 0 0 0 0 0 0 0 0 0 0 0 0 0 0 0 0 0 0 0 0 1583838187
-16074236 -15496956 21946634 5071114 -5959213 -7548512 -1995477 -142361 120602 -126721 -43485 -28014 -3807 -15859 -10947 -3608 -7299 -3002 -974 -756 -247 -125 -45 -207 -3 -22 -15 -6 1 0 0 1 -3 0 1 0 0 0 -1 -1 0 0 0 1 -1 0 0 0 0 0 0 0 0 0 0 0 0 0 0 0 1583838187
-16081716 -15505878 21967619 5021328 -7889791 -7593291 -1815861 -142261 114206 -126317 -43329 -20616 -3987 -66122 -4219 3592 -7914 -3996 -1018 427 -223 -255 -14 -305 -3 -26 -12 -6 2 0 0 1 0 0 3 0 0 0 0 1 0 0 0 0 0 0 0 0 0 0 0 0 0 0 0 0 0 0 0 0 1583838187
-16088804 -15503015 21963217 5030044 -7886917 -7593374 -1820020 -142278 120628 -126338 -43333 -30225 -3998 -65774 -10915 -3692 -7585 -3105 -974 -659 -223 -140 17 -307 -3 -22 -12 2 0 0 0 1 0 0 2 -1 0 0 0 -1 0 0 0 0 0 0 0 0 0 0 0 0 0 0 0 0 0 0 0 0 1583838187
-16057673 -15488294 21927894 5034377 -7796546 -7573087 -1847319 -142413 97455 -126416 -43391 6401 -3915 -62753 11619 24278 16725 -9435 -1490 6405 -98 -376 -1089 -252 -10 -26 -7 -2 3 2 0 3 18 0 2 -5 0 -1 1 5 1 0 -7 -2 4 0 -1 4 -3 -3 0 0 -1 0 0 0 0 -2 0 0 1583838187
-16086194 -15479227 21914269 5080200 -7426841 -7571541 -1895762 -142494 120607 -126576 -43440 -30085 -3905 -51964 -10768 -3568 61824 -4377 -1478 -1415 110 -297 -3348 2 -21 -7 -2 27 -4 -1 0 0 -14 0 -3 27 0 0 -3 3 0 0 11 -1 -5 0 0 6 -4 5 -1 0 5 0 -6 -1 0 0 0 0 1583838187
-16088137 -15510300 21977416 5024508 -7711687 -7594369 -1835835 -142249 119310 -126362 -43345 -28292 -3979 -61299 -8940 -2251 -7490 -2776 -952 -1086 -225 -97 -19 -220 -3 -27 -14 -6 1 0 0 1 -2 0 1 1 0 0 0 0 0 0 0 0 0 0 1 0 0 0 0 0 0 0 0 0 0 0 0 0 1583838187
-16002977 -15435615 21815150 5028230 -5410592 -7470084 -790327 -140409 117780 -123357 -41743 -26899 -4426 -61521 -8895 -1723 1805 -3158 -1051 -984 -174 -288 -782 1062 -11 -17 -47 -5 2 1 0 1 -9 0 0 2 0 -2 2 0 0 0 0 -2 0 0 0 2 -2 0 2 1 1 0 1 -1 0 0 0 0 1583838187
-16089705 -15493974 21910557 5755745 13057309 -7236725 -2611577 -141945 118671 -127623 -43461 -25298 -2521 426873 -9052 -1314 64647 -4042 -1530 -1299 -115 -194 1414 -460 -17 -32 3 -3 2 0 -1 2 24 0 -12 -10 -2 -3 14 -3 0 0 -4 -3 -1 0 0 2 -2 1 -1 -2 0 0 -2 2 0 0 0 0 1583838187
-16088155 -15508251 21971467 5058327 -6835533 -7579260 -937133 -140776 119304 -123853 -42027 -27869 -4420 -84665 -8696 -1900 -8487 -2958 -968 -891 -215 -263 -161 -296 -2 -23 -13 -5 2 1 0 2 -1 0 0 0 0 -2 1 1 0 0 0 0 0 0 0 0 0 0 0 0 0 0 0 0 0 0 0 0 1583838187
-15777216 -15226032 21341074 5446133 11744953 -6951484 5896859 -128601 108674 -104160 -31416 -8236 -7153 -4873 -2774 7597 35463 -6218 -1535 1624 -13 -499 10339 850 -14 -39 -27 -2 3 3 0 2 -14 0 -5 9 0 0 1 -2 0 0 -8 2 0 0 2 0 0 -1 1 1 0 0 1 0 0 0 0 0 1583838187
-16090703 -15500792 21938505 5419910 3319768 -7408491 2636619 -134389 120253 -113592 -36480 -28922 -5869 -38651 -10473 -3432 2761 -3345 -1141 -799 -172 -127 -1642 1267 -12 -23 -49 -6 1 0 0 0 -16 0 -5 -5 0 0 -4 2 0 0 0 -1 3 0 -2 3 -2 -1 2 -2 0 0 0 0 0 0 0 0 1583838187
-15495958 -15050026 20933643 5191605 2964261 -7376130 2499564 -135478 -325449 -113401 -36541 -32946 -5781 -34218 -10310 -3065 20572 -3162 -1220 -1618 -87 -188 1907 71 -28 -34 -25 -5 1 0 0 0 -6 0 -25 -6 -1 -2 9 2 0 0 -1 -1 3 0 0 0 0 1 0 -3 0 0 0 0 0 0 0 0 1583838187
-15875218 -15316797 21538937 5412904 8868410 -7103195 3288688 -132877 113476 -111468 -35252 -27851 -5944 53681 -8276 39 -4702 -3772 -1146 105 -255 -181 -1355 -453 -2 -20 -6 -5 1 0 0 1 -1 0 -6 -7 0 0 0 4 0 0 6 0 0 0 3 -1 1 -1 0 0 0 0 0 0 0 0 0 0 1583838187
-16088468 -15507127 21964899 5142870 -4430482 -7539051 -105728 -139284 119225 -121462 -40731 -27959 -4753 -71840 -9478 -1958 -8180 -3535 -1026 -161 -218 -244 -274 -316 -2 -25 -9 -6 1 0 0 1 0 0 -1 -1 0 -1 3 0 0 0 0 0 0 0 0 0 0 0 0 0 0 0 0 0 0 0 0 0 1583838187
-16088262 -15510534 21978340 5016813 -7893233 -7595967 -1818548 -142230 120737 -126322 -43328 -28261 -3996 -65999 -11031 -3710 -7189 -3121 -976 -676 -221 -140 -55 -313 -3 -25 -12 -4 2 1 0 2 0 0 3 0 0 0 0 1 0 0 0 0 0 0 0 0 0 0 -1 0 0 0 0 1 0 0 0 0 1583838187
-16085609 -15506822 21970442 5021116 -7878782 -7591621 -1822429 -142258 119571 -126338 -43337 -24498 -3986 -65506 -9241 -2292 -5128 -2898 -971 -1059 -211 -106 -116 -322 -3 -21 -13 1 13 -2 0 1 1 0 2 -2 0 0 0 0 -1 0 0 0 1 0 0 0 0 0 0 0 1 0 -1 0 0 0 0 0 1583838187
-16087783 -15506303 21968785 5041922 -7367071 -7586227 -1906570 -142355 119267 -126558 -43440 -26134 -3896 -50144 -5584 -819 48241 -2433 -1260 -3505 43 -641 -1811 -293 -15 -11 0 1 5 8 -1 7 32 0 7 -13 0 -7 3 -1 0 0 -10 0 15 0 -4 1 -1 -5 3 -2 -3 0 0 2 0 -2 0 0 1583838187
-16086819 -15509417 21975557 5023071 -7737827 -7592613 -1843086 -142265 119372 -126387 -43360 -26503 -3965 -61292 -8843 -887 11369 -4187 -1155 48 -132 -333 -899 -449 -7 -23 -3 -5 2 0 0 1 -3 0 0 8 0 0 -1 0 0 0 8 0 -1 0 2 0 0 3 0 -2 1 0 -4 1 0 0 0 0 1583838187
-16087166 -15508787 21974451 5020904 -7865992 -7595926 -1821682 -142248 118630 -126332 -43333 -26897 -3991 -65263 -8713 -1179 -6379 -3520 -1004 -192 -217 -209 -71 -316 -3 -25 -12 -5 2 0 0 1 -2 0 0 -1 0 -1 0 1 0 0 1 0 0 0 1 0 0 0 0 0 0 0 0 0 0 0 0 0 1583838187
-16051022 -15158625 21255716 5695252 -3169301 -7313942 2132028 -137065 120487 -115811 -37651 -30534 -5890 -149681 -10524 -3628 13367 -3653 406 -857 -63 -180 -2058 229 -10 0 -23 45 -8 -1 0 1 -3 0 -17 1 0 0 4 23 5 -1 -9 -12 -3 0 0 0 0 0 -1 1 -1 0 -3 -2 0 3 0 -1 1583838187
-16086455 -15492903 21912428 5606104 8445059 -7318508 4703115 -130780 116339 -107694 -33305 -23559 -6708 -23200 -7483 -172 35929 -4418 -1442 -621 -6 -307 -554 3217 -29 -25 -99 -5 2 2 0 0 -28 0 -5 2 -1 0 5 2 0 0 -1 -2 7 1 2 2 -2 0 7 3 7 -1 1 0 0 1 0 0 1583838187
-16085605 -15502313 21950857 5225041 -2156938 -7496465 266947 -138545 117916 -120344 -40099 -24216 -4838 -40961 -7943 -439 -1774 -3645 -1082 -238 -200 -246 -753 -59 -5 -23 -22 -4 2 1 0 2 -5 0 -6 1 0 0 0 1 0 0 -3 1 2 0 2 0 0 0 0 0 0 0 1 -1 0 0 0 0 1583838187
-16089351 -15507871 21973065 5022958 -7887745 -7596257 -1825387 -142258 120625 -126349 -43341 -30204 -3985 -65263 -10870 -3660 14101 -3506 -1132 -897 -117 -189 -1275 -605 -6 -23 3 -1 1 0 0 2 11 0 16 0 0 0 4 18 4 0 -4 -12 -7 0 -2 3 -2 -6 -15 -1 11 0 9 12 0 0 0 0 1583838187
-16090396 -15479030 21863622 6037446 20336180 -7116291 9086173 -123021 118366 -95133 -26512 -13365 -8498 28541 -2779 7917 -7000 -7013 -1418 3755 -236 -3757 -2423 -122 -3 31 -24 -17 -3 -14 0 -5 -8 1 -20 -2 0 10 -7 -1 0 0 -11 -1 3 0 1 -2 1 -1 0 0 1 0 0 0 0 0 0 0 1583838187
-15912978 -15380161 21681630 5152150 -6367211 -7442320 -582216 -141000 -8242 -122958 -41642 174566 -4302 -92888 167768 151045 -10347 5721 -157 -13131 -185 1410 -41 -235 4 -57 -14 -4 0 0 0 2 -1 0 1 2 0 -4 0 0 0 1 0 0 0 2 0 0 0 0 0 0 1 0 0 0 0 0 0 0 1583838187
-16068764 -15325270 21602924 5287527 -7905427 -7488507 -1820070 -142726 120632 -126624 -43413 -30228 -3997 -65927 -10910 -3690 -5739 -3164 613 -618 -210 -141 -142 -331 -3 60 -11 170 -34 -5 0 1 1 0 4 0 1 0 1 2 0 0 0 -1 -1 0 0 0 0 -1 -2 0 2 0 1 2 0 0 0 0 1583838187
-16088230 -15510274 21977806 5017384 -7886731 -7595676 -1819831 -142233 120754 -126326 -43330 -28219 -3995 -65814 -11034 -3711 -7101 -3122 -977 -675 -221 -140 -59 -283 -3 -25 -13 -4 2 1 0 2 -2 0 0 1 0 0 0 0 0 0 0 0 0 0 0 0 0 0 0 0 0 0 0 0 0 0 0 0 1583838187
-16088232 -15510265 21977698 5019259 -7831905 -7594745 -1826224 -142239 120748 -126341 -43337 -28208 -3988 -64283 -11035 -3707 -5975 -3143 -985 -682 -216 -144 241 -324 -3 -26 -12 -4 2 1 0 2 2 0 2 -1 0 0 0 -1 0 0 0 0 0 0 0 0 0 0 0 0 0 0 0 0 0 0 0 0 1583838187
-16087682 -15506098 21968854 5031061 -7678522 -7591605 -1847029 -142288 118943 -126405 -43369 -16002 -3946 -59914 -4510 6095 5823 -6493 -1272 3553 -157 -3502 -234 -451 -6 17 -7 -16 -2 -13 0 -3 7 0 4 -1 0 8 2 -1 0 0 2 0 -1 0 1 0 0 0 0 0 0 0 0 0 0 0 0 0 1583838187
-16089620 -15510258 21977898 5019550 -7886226 -7597648 -1819899 -142237 120627 -126326 -43329 -30225 -3998 -65775 -10915 -3693 -7611 -3104 -974 -659 -223 -140 18 -307 -3 -26 -12 -4 1 0 0 1 0 0 2 -1 0 0 0 -1 0 0 0 0 0 0 0 0 0 0 0 0 0 0 0 0 0 0 0 0 1583838187
-16088177 -15510627 21978365 5018127 -7886200 -7597496 -1819882 -142236 119342 -126325 -43330 -28344 -3995 -65788 -9472 -2267 -6904 -3191 -982 -583 -219 -147 -63 -305 -3 -27 -12 -6 1 0 0 1 -1 0 1 0 0 0 0 0 0 0 2 0 0 0 0 0 0 0 0 0 1 0 0 0 0 0 0 0 1583838187
-15115699 -14786383 20349348 5465085 -7343688 -6840437 -1978624 -146992 -567654 -127349 -44335 1103692 -2175 -53817 868248 853023 164196 -41290 -3141 35420 818 328 -7454 -1056 -25 -88 57 30 14 26 -3 16 76 -2 15 -19 0 -19 4 13 3 -1 -19 -4 32 0 -8 5 -4 -8 4 -1 0 -1 -7 4 0 -8 -1 2 1583838187
-15979879 -14535742 20001246 6458992 -7169826 -7008909 -1957521 -146259 120616 -128255 -43942 -30008 -3832 -41951 -10668 -3484 107014 -5266 2351 -1748 337 -387 -5794 -116 -33 443 -5 937 -190 -24 0 0 -9 0 -24 71 3 1 -13 -2 -2 1 29 -10 5 -2 -15 -1 1 -4 0 -5 0 0 4 -4 0 -1 0 0 1583838187
-16088155 -15510426 21977939 5018802 -7874215 -7597187 -1820975 -142238 119332 -126328 -43331 -28083 -3994 -65484 -9543 -2082 -7918 -3381 -987 -314 -224 -219 103 -302 -2 -26 -12 -6 1 0 0 1 0 0 2 -1 0 0 0 -1 0 0 0 0 0 0 0 0 0 0 0 0 0 0 0 0 0 0 0 0 1583838187
-16089620 -15509860 21976642 5029792 -7601610 -7592619 -1860773 -142280 120616 -126431 -43378 -30152 -3950 -57366 -10856 -3638 20095 -3608 -1174 -958 -92 -203 -864 -521 -8 -25 1 -3 1 0 0 1 3 0 1 6 0 0 0 -1 0 0 3 -1 0 0 -1 1 -1 2 0 -2 1 0 0 0 0 0 0 0 1583838187
-16087192 -15507375 21968149 5098966 -5557694 -7553275 -2166341 -142607 120732 -127217 -43748 -26216 -3591 2176 -10639 -3283 220875 -7278 -2620 -3134 866 -668 -6064 310 -60 -20 102 4 4 4 -2 4 43 -1 -10 70 0 0 -8 -18 -6 2 43 -14 -2 0 0 2 -2 4 -2 -1 5 0 -10 2 -1 -2 0 0 1583838187
-16085112 -15505081 21961050 5141159 -4451648 -7535788 -2136680 -142501 116641 -127055 -43621 -23814 -3652 22860 -6028 893 -560 -3107 -1019 -819 -233 -164 -88 -260 -4 -26 -11 -6 1 0 0 1 -4 0 -4 -5 0 0 -2 2 0 0 0 1 0 0 2 0 0 -1 0 0 0 0 0 0 0 0 0 0 1583838187
-16018436 -15431854 21786494 5554097 9305837 -7216912 -3076055 -142928 126748 -129051 -44303 -11001 -2434 365532 -11712 -2972 55569 -3883 -1448 -1327 -130 -206 392 48 -18 -27 -3 -4 1 0 -1 1 0 0 -34 -27 -2 -2 12 1 0 0 -1 1 -1 0 1 1 -1 -3 0 0 -2 0 0 1 0 0 0 0 1583838187
-16089293 -15503972 21961725 5089243 -6155559 -7566176 -371074 -139853 120574 -122273 -41191 -30345 -4697 -96618 -10794 -3685 -10345 -3103 -979 -640 -218 -131 -171 -279 -2 -24 -13 -1 0 0 0 1 1 0 2 0 0 0 0 1 0 0 0 0 0 0 0 0 0 0 0 0 0 0 0 0 0 0 0 0 1583838187
-16086668 -15507593 21969002 5073314 -6408606 -7571652 -581867 -140187 117988 -122857 -41503 -26013 -4589 -92213 -7726 -451 -8149 -3454 -1006 -301 -209 -292 -255 -240 -3 -24 -13 -6 1 -1 0 1 -3 0 0 0 0 0 0 1 0 0 -1 0 0 0 0 0 0 0 0 0 0 0 0 0 0 0 0 0 1583838187
-16089455 -15507351 21970385 5058174 -6874462 -7578925 -1919581 -142331 120595 -126563 -43425 -30055 -3889 -39074 -10880 -3630 5510 -3309 -1059 -782 -171 -177 3384 -447 -4 -34 -2 -2 1 0 0 1 5 0 6 -2 0 0 0 -1 0 0 0 1 0 0 -1 0 0 0 0 0 1 0 0 0 0 0 0 0 1583838187
-16087179 -15501644 21944717 5352225 1583713 -7432668 -2763058 -143034 117727 -128541 -44239 -24487 -2955 185378 -8202 43 138907 -6267 -2013 -1131 376 -659 23209 -1231 -25 -91 57 -1 2 0 0 1 28 0 -19 -22 0 -1 5 -11 -2 0 -3 1 0 0 -2 -1 0 1 0 -2 -1 0 0 2 0 0 0 0 1583838187
-16088406 -15508231 21968502 5127757 -4764550 -7543642 -2104330 -142454 119239 -126974 -43584 -27664 -3691 15475 -9546 -1996 -8265 -3283 -988 -319 -268 -190 145 -342 -2 -26 -11 -6 1 0 0 1 0 0 2 0 0 0 1 0 0 0 0 0 0 0 0 0 0 0 0 0 0 0 0 0 0 0 0 0 1583838187
-16089574 -15501888 21951989 5221352 -2309880 -7499016 -2329454 -142653 120458 -127498 -43787 -29357 -3453 79471 -10862 -3455 -6657 -2982 -987 -654 -293 -111 179 -393 -2 -24 -11 0 0 0 0 1 1 0 3 0 0 -1 1 0 0 0 0 0 0 0 0 0 0 0 0 0 0 0 0 0 0 0 0 0 1583838187
-16088296 -15509347 21973276 5068520 -6476610 -7573533 -1377269 -141435 119292 -125051 -42644 -28095 -4177 -60475 -9510 -2096 -5813 -3400 -1011 -368 -215 -208 -254 124 -5 -25 -23 -6 1 0 0 1 -5 0 1 0 0 0 0 1 0 0 0 -1 0 0 0 0 0 1 0 0 0 0 1 0 0 0 0 1 1583838187
-16112071 -15267157 21016155 14384551 253265482 -3167557 97069361 32647 112617 156855 109508 -19321 -44745 906365 -34 2655 20820 -4173 -3215 -1447 -316 661 -21616 -355 7 3 -14 2 -1 0 0 2 -3 0 -65 -60 9 6 -81 -21 -7 0 -21 -18 -10 0 2 -9 7 -12 1 2 9 -1 -1 -2 0 0 0 1 1583838187
