-16076429 -15496500 21949486 5006828 -7874170 -7577215 -1821077 -142235 125000 -126335 -43335 -21017 -3981 -65508 -11287 -3856 -7091 -2832 -976 -558 -220 -159 57 -313 -2 -26 -12 -6 1 0 0 1 0 0 2 -1 0 0 0 0 0 0 0 0 0 0 0 0 0 0 0 0 0 0 0 0 0 0 0 0 1583836345
-16085821 -15508107 21973241 5014520 -7878385 -7593647 -1822103 -142232 120831 -126330 -43332 -29065 -3994 -65475 -9673 -4227 -4789 -1082 -990 105 -204 -271 -124 -341 -3 -41 -8 -7 0 0 0 1 1 0 3 -1 0 0 0 0 0 0 0 1 0 0 1 0 0 0 0 0 0 0 0 0 0 0 0 0 1583836345
-14575336 -10068867 11014311 3651102 -7818398 -8381095 -1840752 -142473 205567 -126345 -43503 453656 -3153 -67864 20766 -31465 2960 90429 -631 30547 76 -5556 -910 23 -1 -729 -10 -6 -42 11 0 0 -4 2 0 4 0 -1 0 -5 23 5 0 0 0 -6 -1 0 0 -2 0 0 0 4 0 0 0 0 0 0 1583836345
-14692777 -14150868 19108378 4292335 5606592 -5681436 3090811 -133594 258548 -112254 -35848 402364 -5247 -8455 9970 -23464 -369 64601 -753 20166 -27 -1652 -1616 -309 2 -366 -7 18 4 6 0 1 -6 -1 -6 -7 0 -2 1 -9 37 0 0 -1 -2 1 -2 -1 0 0 0 0 0 2 0 0 0 -1 2 -1 1583836345
-16085762 -15500680 21951405 5160896 -3798181 -7516966 -461991 -139798 124961 -122426 -41212 -20663 -4516 -41402 -10918 -3839 -4212 -2574 -1026 -476 -214 -169 -473 -352 -3 -28 -13 -6 1 0 0 1 -7 0 0 -2 0 0 0 0 0 0 -1 0 0 0 -1 0 0 0 0 0 0 0 0 0 0 0 0 0 1583836345
-16075557 -15492087 21941004 5007155 -7886270 -7568886 -1820108 -142245 129362 -126347 -43343 -10807 -3967 -65894 -3581 -7269 -6890 10157 -941 4228 -185 -926 -93 -293 -2 -144 -11 -8 -6 0 0 1 0 0 2 0 0 0 0 0 -1 0 0 1 0 1 1 0 0 0 0 0 0 -1 0 0 0 0 0 0 1583836345
-16004077 -15421694 21793999 4946672 -7820609 -7476156 -1831570 -142260 139985 -126382 -43365 14089 -3908 -64040 -10338 -5193 2733 1425 -1011 400 -161 -409 -444 -274 -4 -36 -10 -3 3 0 0 1 0 0 0 3 0 0 0 -2 5 0 0 -1 0 0 0 0 0 0 0 -1 0 0 0 0 0 0 0 0 1583836345
-16088603 -15506288 21970240 5020680 -7834681 -7587668 -1830252 -142254 125451 -126367 -43351 -19822 -3968 -64260 -10274 -4288 3733 -1403 -1052 -51 -163 -281 -643 -150 -6 -42 -14 -2 5 -1 0 1 -5 0 0 7 0 0 -1 2 0 0 2 0 -2 0 2 -1 0 -1 0 1 -1 0 0 0 0 0 0 0 1583836345
-16047328 -15457421 21868017 5022915 -7019615 -7508091 -1905560 -142359 136417 -126571 -43440 16802 -3823 -42947 -10337 -5411 6600 1745 -1048 942 -151 -473 2038 -467 -4 -55 0 -5 1 0 0 1 1 0 6 -3 0 0 1 -2 0 -1 -1 1 0 0 -1 0 0 0 0 0 0 0 0 0 0 0 0 0 1583836345
-15643083 -14791808 20503802 4972848 3028630 -6670287 2507946 -134634 374372 -114360 -36902 328439 -5219 -37792 58795 -41985 -1003 136241 -572 47365 170 -8158 -866 -197 12 -1142 4 -25 -88 17 0 0 -4 2 4 -2 0 0 -6 -2 18 2 0 0 0 0 0 0 -1 0 0 -2 0 -3 -1 0 0 1 -2 0 1583836345
-16045699 -15454785 21834486 5532732 7585155 -7282262 4472905 -131183 124147 -108352 -33663 -17341 -6628 -29651 -6777 -5012 -4733 3265 -1091 1372 -195 -461 -1522 -420 -1 -62 -5 -5 0 0 0 1 2 0 7 -1 0 0 -4 0 2 1 0 0 1 0 1 0 0 0 0 -2 0 0 -1 0 0 0 0 0 1583836345
-16090550 -15488788 21893239 5837081 14943143 -7208377 7019819 -126640 120328 -101037 -29693 -26895 -7655 10683 -9808 -3260 5529 -2995 -1248 -690 -174 -120 -2255 -636 -3 -25 1 -1 7 -1 0 2 5 0 8 -2 -1 -1 5 -2 -1 0 -3 2 0 0 -2 1 -1 2 0 -3 0 0 -1 0 0 0 0 0 1583836345
-15971938 -15370037 21687012 4957798 -7747352 -7428635 -1841782 -142420 138726 -126469 -43423 82636 -3786 -62252 9332 -15196 9341 37862 -931 13250 -34 -2546 -601 -432 -3 -364 -1 -9 -23 5 0 1 5 1 4 -6 0 -1 2 -2 7 4 -1 0 2 -3 0 1 -1 0 0 0 0 0 -1 0 0 0 -1 0 1583836345
-16088242 -15506896 21971232 5022714 -7742156 -7586554 -1844034 -142265 124987 -126400 -43366 -20356 -3952 -61322 -10923 -3977 13349 -2681 -1122 -578 -120 -238 -615 -509 -6 -31 -5 -6 1 0 0 1 4 0 3 0 0 -1 1 -3 -1 0 1 0 0 0 -1 0 0 1 0 -1 0 0 0 0 0 0 0 0 1583836345
-15952656 -15326129 21597883 4977264 -7655423 -7376893 -1847450 -142566 149110 -126563 -43482 154043 -3669 -60586 41131 -29719 6307 93203 -690 31973 92 -5679 -1007 -156 0 -847 -1 -8 -49 11 0 0 -5 2 -1 6 0 -1 -1 -4 18 7 3 0 0 -1 3 -1 0 0 0 0 1 2 2 -2 0 0 0 0 1583836345
-16076213 -15390694 21734819 5208110 -7451492 -7519516 -1863419 -81529 120490 -126517 -43401 -30153 -3952 -54014 -10954 -3693 -900 -4564 82969 2432 7 -84 -20 -263 -2 -8 -7 13 -2 0 0 0 -1 0 -3 -3 -36 0 -2 1 0 0 0 0 0 0 0 0 0 0 0 0 0 0 0 0 0 0 0 0 1583836345
-15905181 -15327856 21553161 5665839 15056560 -7013405 6806480 -126906 123195 -101562 -29982 -16098 -7527 18964 -10881 -3113 142 -2976 -1206 -672 -205 -112 -2522 -490 -2 3 -10 -6 1 0 0 1 -7 0 4 -7 1 1 -14 4 0 0 1 0 1 0 0 0 0 1 0 -2 0 0 1 -1 0 0 0 0 1583836345
-16090702 -15490554 21905471 5683821 10730955 -7273675 4092171 -131560 124604 -109282 -34062 -19995 -6279 54259 -9798 -3679 1176 -1768 -1162 -213 -221 -183 -1437 -540 -2 -38 0 -4 3 0 0 1 -4 0 5 -7 1 0 -12 3 0 0 2 0 0 0 0 0 0 0 0 -5 0 0 -3 1 0 0 0 0 1583836345
-16077431 -15486353 21908854 5403305 3170663 -7390400 2926574 -133945 124660 -112807 -36082 -20721 -6026 -57260 -10630 -3683 -4485 -2694 -1088 -519 -199 -146 -1335 -355 -2 -27 -9 -6 1 0 0 1 -7 0 -4 -2 0 0 -2 4 0 0 1 0 2 0 -2 0 0 1 0 -2 0 0 1 -1 0 0 0 1 1583836345
-16066634 -15483077 21906979 5272753 -265479 -7443487 1824777 -135934 120466 -115970 -37793 -26840 -5591 -73995 -10039 -3516 -1900 -2734 -1048 -1466 -182 -97 -726 -380 -3 -16 -11 -4 4 -1 0 1 -9 0 -1 -3 0 0 0 4 0 0 1 0 0 0 0 0 0 0 0 -1 0 0 0 -1 0 0 0 0 1583836345
-16066483 -15491677 21938428 4997130 -7886434 -7573833 -1819939 -142227 120521 -126319 -43328 -27932 -3994 -65820 -10390 -3668 -6119 -2615 -950 -1362 -216 -110 -116 -252 -3 -18 -14 -6 1 0 0 1 -3 0 1 1 0 0 0 0 0 0 0 0 -1 0 0 0 0 0 0 0 0 0 0 0 0 0 0 0 1583836345
-16088563 -15498677 21935586 5392853 2511328 -7417292 2132668 -135258 120490 -115013 -37226 -25582 -5623 -28181 -9850 -3468 -7762 -2481 -1010 -1545 -233 -62 -833 -350 -1 -20 -11 1 13 -2 0 1 0 0 2 1 0 0 0 0 -1 0 -3 1 1 0 0 0 0 0 0 -1 0 0 0 0 0 0 0 0 1583836345
-16089589 -15507630 21965741 5155872 -4013620 -7531326 -722291 -140218 120692 -123141 -41587 -28908 -4402 -34188 -10821 -3594 -6717 -3098 -1004 -698 -232 -125 -335 -337 -2 -25 -12 -4 4 -1 0 1 -1 0 2 -2 0 0 0 0 0 0 0 0 0 0 0 0 0 0 0 0 0 0 0 0 0 0 0 0 1583836345
-16086022 -15478320 21913134 5066350 -7873839 -7578541 -1821395 -142419 120628 -126381 -43345 -30223 -3997 -65391 -10914 -3692 -7440 -3107 -975 -660 -223 -140 92 -308 -3 -26 -12 -4 1 0 0 1 0 0 2 -1 0 0 0 0 0 0 0 0 0 0 0 0 0 0 0 0 0 0 0 0 0 0 0 0 1583836345
-15976223 -15407482 21761049 4936171 -7674545 -7458990 -1881963 -142346 126136 -126497 -43427 428 -3866 -57745 -11978 -4118 67935 -3557 -1515 -1157 145 -375 -3474 -790 -19 66 15 74 116 -16 -1 3 15 -2 21 -13 0 0 2 16 -9 0 -6 4 11 1 7 -2 1 -1 2 3 1 0 2 -3 0 -1 0 0 1583836345
-15811514 -15287002 21490232 4876099 -7370535 -7463655 -1908306 -142552 -5309 -126364 -43397 -18009 -3864 -49963 -11148 -3406 72417 -3739 -1514 -2108 162 -327 -2919 -482 -26 6 1 -4 1 0 0 1 4 0 3 13 0 0 1 -4 -1 0 5 -1 -6 0 -3 0 0 0 0 2 -1 0 3 -3 0 0 0 0 1583836345
-16079444 -15419871 21794571 5153156 -7832796 -7542990 -1829005 74168 120179 -126126 -43293 -30179 -3983 -63970 -10893 -3678 -1283 -3279 2939 -577 -183 -151 -66 -385 -3 -26 -7 -5 1 0 0 1 1 0 3 -2 -1 0 1 -1 0 0 -1 1 0 0 0 0 0 0 0 0 0 0 0 0 0 0 0 0 1583836345
-16085370 -15502575 21960854 5052783 -6843701 -7567900 -1984906 -142422 124933 -126768 -43542 -20808 -3786 -35447 -10917 -3650 126343 -5171 -1941 -1965 422 -473 -4542 972 -41 -22 4 -2 1 0 -2 2 8 0 24 -4 -2 -2 11 -12 -3 0 4 -4 -9 0 0 -2 1 1 -1 1 -1 0 2 -1 0 0 0 0 1583836345
-15663109 -15151934 21214722 4675339 -6024197 -7150618 -1070595 -140735 111262 -124006 -42120 -29715 -4299 -60842 -9310 -4320 8103 -2328 -1084 -776 -143 -232 -326 21 -8 -32 -21 -4 1 1 0 0 -4 4 -7 -8 -1 -1 6 4 0 -1 0 0 -2 0 0 2 1 0 0 0 -1 0 0 0 0 0 0 0 1583836345
-15906794 -13887552 18688048 7388100 -7837724 -6631294 -1848537 4083459 111924 -121799 -42379 -29594 -3888 -61088 -10695 -3613 -6496 -3038 -2069 -697 -219 -140 29 -312 -3 -26 -10 -5 1 0 0 1 -2 0 0 -2 0 0 1 0 0 0 0 0 0 0 0 0 0 0 0 0 0 0 0 0 0 0 0 0 1583836345
-15715140 -15209636 21323144 4818211 -6416826 -7361195 -591521 -140362 -12218 -122635 -41450 -25134 -4575 -91980 -10576 -3467 -9445 -1660 -938 -1109 -214 -170 -180 -286 -7 24 -13 -8 0 -1 0 2 0 0 3 0 0 0 0 1 0 0 0 0 0 0 0 0 0 0 0 0 0 0 0 0 0 0 0 0 1583836345
-16079729 -15422283 21799332 5152348 -7754152 -7543090 -1833156 80740 120164 -126118 -43291 -30172 -3980 -62148 -10904 -3684 -7326 -3165 2928 -513 -214 -136 104 -296 -2 -26 -12 -5 1 0 0 1 0 0 0 -1 -1 0 0 0 0 0 0 0 0 0 0 0 0 0 0 0 0 0 0 0 0 0 0 0 1583836345
301637704 244483516 -529892463 -302723815 -1532254 310348928 -2131412 1387 -3370758 6266 866 -1406672 -1096 33555 426582 -236853 49501 -18174 -306 -4349 212 -16259 177 -205 -26 -173 21 3 18 -30 0 32 -18 -64 -20 -8 -1 -4 7 -5 9 -43 0 1 -2 -16 -1 0 -1 2 -1 1 0 -7 1 -1 0 0 0 0 1583836345
-12698191 -12710263 15971571 2398560 -4282284 -4910785 -2147189 -142665 -516172 -125269 -43107 278 -3538 26848 -15295 -280 -7108 355 -833 -2771 -262 -288 -98 -255 -29 456 -20 -22 0 -3 0 3 -5 -6 1 0 0 -1 -1 -1 0 -1 0 0 0 0 0 0 0 0 0 0 0 0 0 0 0 0 0 0 1583836345
-14523476 -14136941 19072969 3676761 -4371545 -5893110 -2139340 -142019 150728 -126584 -43491 86025 -3435 24290 -18368 -3576 -7263 -1233 -926 -989 -262 -262 -94 -245 -2 89 -16 0 11 0 0 1 -4 -1 1 0 0 0 -1 -4 10 0 0 0 0 0 0 0 0 0 0 0 0 0 0 0 0 0 0 0 1583836345
-15821986 -15276564 21481112 4837626 -6011522 -7285204 -1990568 -142297 123599 -126635 -43461 -11775 -3781 -17618 -12443 -3477 -7559 -3023 -974 -657 -247 -148 -58 -122 -3 45 -18 -8 1 0 0 1 -3 0 1 -1 0 0 -1 -1 0 0 0 1 -1 0 0 0 0 -1 0 0 0 0 0 0 0 0 0 0 1583836345
-14449170 -14089417 18972160 3514208 -7512913 -5919159 -1677029 -141525 117787 -125352 -42931 12581 -3959 -65035 -15811 -2471 -7319 -2900 -968 -648 -220 -252 -79 -138 -4 151 -19 -12 1 -1 0 2 -3 -2 0 -1 0 -1 0 0 0 0 0 1 0 0 0 1 -1 0 0 0 0 0 1 -1 0 0 0 0 1583836345
61374767 41195211 -99359955 -68782165 25618720 74852054 11831514 -82993 -626203 -54935 -11537 -359885 -9123 4113 -2956 12711 4131 -8225 -1124 -1729 -128 4865 1693 -665 4 -280 11 18 13 7 0 -12 7 23 18 0 0 1 4 -2 1 9 -3 3 0 -6 -1 0 -1 1 0 -1 0 0 0 0 0 1 -3 1 1583836345
-15911419 -15319250 21512623 6121810 27591836 -6806110 14500338 -113864 124745 -79860 -18454 -14057 -11051 -68616 -10471 -2845 8858 -3642 -1390 -919 -97 -105 2569 -739 0 -24 8 -5 1 0 0 2 6 0 20 -5 1 0 -7 0 0 0 0 3 0 0 0 -1 1 -1 0 0 0 0 0 0 0 0 0 0 1583836345
-16089413 -15511057 21978651 5033193 -7454886 -7590909 -1613432 -141874 120266 -125738 -43016 -29240 -4087 -66177 -10619 -3687 -7219 -2870 -964 -987 -221 -123 -66 -257 -3 -24 -14 -2 6 0 0 1 -2 0 0 0 0 0 0 0 4 0 0 0 1 0 1 0 0 0 0 0 0 0 0 0 0 0 0 0 1583836345
14802134 10487007 -33103143 -24839333 -5060299 23045271 -849309 -126609 -147236 -110780 -37623 -9555 -3904 -56720 138511 -108759 -9904 -11757 -887 -2014 -219 -894 -62 -290 -3 -196 -8 3 5 2 0 -2 0 6 0 0 0 0 2 0 -1 6 0 0 0 8 -1 0 0 0 0 0 0 3 0 0 0 0 -1 0 1583836345
-15592436 -15029967 20906205 5788479 26174819 -6492797 11651619 -118428 129250 -87674 -22535 -868 -9554 36784 -12057 -2510 5602 -3587 -1335 -980 -175 -79 -2477 -775 -1 241 7 -12 1 -1 0 3 8 -3 15 -3 -1 -2 8 -6 0 0 -5 3 -2 0 -5 0 0 1 0 0 0 0 0 0 0 0 0 0 1583836345
100358929 28431528 -78436349 -104770692 61336252 143632903 24193741 -41336 -344067 -3367 13321 -967942 -14462 206267 102854 -1723 34904 3554 -1852 12880 26 46877 6154 -1171 43 -720 62 31 18 -5 0 -13 17 0 27 -1 -2 5 13 -6 -8 12 -12 7 -3 4 -10 0 -1 3 0 -3 0 2 0 0 0 2 -5 1 1583836345
-14793944 -14415110 19658362 3780557 -7877420 -6299122 -1822153 -141726 112198 -125831 -43175 -8900 -3937 -65709 -7114 -5047 4697 8372 -1011 3123 -132 -912 -778 -456 -4 48 -6 -11 -3 0 0 2 3 -2 10 0 0 0 2 11 0 0 -2 -6 -3 -1 -1 1 -1 -3 -8 -1 6 0 4 6 0 0 0 0 1583836345
-15607822 -15107736 21124152 4560356 -7844406 -7122675 -1824694 -142045 111650 -126137 -43268 -32067 -3988 -64682 -11703 -3023 -4774 -3091 -990 -718 -210 -177 72 -343 -3 42 -11 -8 2 0 0 2 1 0 3 -1 0 -1 0 -1 0 0 0 0 0 0 0 0 0 0 0 0 0 0 0 0 0 0 0 0 1583836345
-16079425 -15497606 21943082 5175243 -3237611 -7508068 -26588 -139064 120571 -121191 -40562 -29098 -4742 -50666 -10485 -3709 -8376 -2617 -1004 -474 -229 -152 -397 -340 -2 -26 -14 -6 1 0 0 1 0 0 4 -2 0 0 -2 0 0 0 0 0 0 0 0 0 0 0 0 -1 0 0 0 0 0 0 0 0 1583836345
-14086683 -13734637 18230209 3194929 -7863568 -5493053 -1823013 -141820 151214 -125762 -43175 97404 -3745 -66200 -20641 -2996 -4348 -1130 -959 -418 -200 -371 -193 -337 -3 191 -14 -7 8 -1 0 2 0 0 2 -1 0 0 0 1 4 0 1 0 2 0 0 0 0 0 0 0 1 0 0 0 0 0 0 0 1583836345
-15950110 -15390168 21723643 4897114 -7853733 -7450700 -1824116 -142224 120093 -126298 -43325 -18854 -3973 -64956 -8117 -5146 -4151 2680 -985 1539 -191 -507 -130 -275 -3 8 -13 -11 -3 0 0 2 -1 -1 1 1 0 -1 0 0 -1 -1 0 0 0 0 -1 0 0 0 0 0 0 0 0 0 0 0 0 0 1583836345
10483559 6817234 -25332580 -20748751 -7570994 18648156 -1828453 -130194 -155077 -115220 -39627 -116966 -3718 -63379 -55480 31066 -3168 -3783 -909 -1817 -193 -1767 -247 -338 -3 -88 -8 1 5 4 0 -4 1 7 2 1 0 0 0 0 0 -2 4 0 0 -1 4 -2 -1 0 0 0 0 0 0 0 0 0 -1 0 1583836345
-16085799 -15507273 21970873 5030196 -7452144 -7585963 -1862072 -142266 120851 -126423 -43369 -29030 -3950 -54259 -10909 -3699 -1528 -3108 -1015 -684 -199 -160 779 -365 -3 -25 -10 -6 1 0 0 1 -1 0 0 -3 0 -1 2 0 0 0 0 0 0 0 0 0 0 0 0 0 0 0 0 0 0 0 0 0 1583836345
-10088339 29476354 -68015856 -914162 23524171 -26480764 -4787240 -141043 89829 -130395 -45063 -321002 -1362 736584 8205 726 7704 1029 -1116 666 -549 -217 -1509 -954 0 56 7 -4 5 0 0 2 -1 -1 11 -13 1 0 -11 -4 -1 0 -2 0 -3 -1 -5 1 -1 0 0 -1 1 0 0 -1 0 0 0 0 1583836345
-15946350 -15383723 21700116 5106510 -1476967 -7343072 -2405282 -142628 119757 -127609 -43839 -27121 -3370 99438 -11171 -3282 -5300 -2825 -998 -611 -296 -128 -278 -431 -2 -18 -7 -6 1 0 0 1 -2 0 4 -3 0 0 -2 -1 0 0 0 0 0 0 -1 0 0 0 0 0 0 0 0 0 0 0 0 0 1583836345
-15152863 -14682196 20219600 4320946 -5110064 -6627212 -2072732 -142414 80447 -126599 -43468 6057 -3653 5405 -14327 -2790 -6616 -2798 -957 -1131 -254 -162 -132 -359 -4 91 -13 -9 1 0 0 1 -2 -1 3 -2 0 0 -1 0 0 0 0 0 0 0 0 0 0 0 0 0 0 0 0 0 0 0 0 0 1583836345
-15857188 -15308991 21548291 4884976 -5512731 -7314390 -1101501 -140855 123481 -124174 -42176 -12768 -4238 -48483 -12327 -3499 -8210 -3137 -983 -684 -233 -141 -142 -324 -2 41 -11 -8 1 0 0 2 -1 0 3 -1 0 0 0 0 0 0 0 0 0 0 0 0 0 0 0 0 0 0 0 0 0 0 0 0 1583836345
-15747598 -15222234 21363384 4770585 -5699736 -7224722 -1258588 -141053 113624 -124545 -42379 -33454 -4197 -45052 -11346 -3105 -8384 -3055 -980 -670 -236 -151 -104 -320 -2 -4 -12 -6 2 0 0 1 -1 0 3 -1 0 0 -1 0 0 0 0 0 0 0 0 0 0 0 0 0 0 0 0 0 0 0 0 0 1583836345
17268352 12525964 -37448321 -26930402 3649464 25545098 2488232 -119501 -223895 -100036 -32028 -125575 -5418 -26146 -51849 29532 -1678 -4060 -965 -1893 -187 -2125 6357 -376 0 -242 -4 10 8 8 0 -9 -6 18 10 1 0 0 -3 3 0 -2 1 1 0 -1 0 0 0 0 0 0 0 -1 1 -1 0 0 1 0 1583836345
-308797 3817440 -18171039 -10500982 -7665713 3815041 -1840905 -134725 -186702 -119340 -40923 -409849 -4395 -62842 6246 4093 -6995 -1903 -944 -321 -213 -1047 -21 -301 -5 -77 -7 0 7 0 0 2 0 1 2 -1 0 0 0 0 0 2 0 0 0 1 0 0 0 0 0 0 0 -1 0 0 0 0 1 0 1583836345
9025285 5602871 -22756378 -19329851 -7521730 17244026 -1850198 -130914 -120285 -115947 -39895 -65017 -3626 -61181 -49752 24482 23769 -4751 -1109 -2138 -62 -1699 -1511 -286 -9 -169 -4 10 12 3 0 -2 7 14 3 -2 0 0 1 5 0 -2 -6 -1 2 -2 0 1 -3 0 0 1 0 0 0 -2 0 -1 0 1 1583836345
4784204 2234547 -15592122 -14905319 -7199704 13309416 -1900607 -134099 2044 -118437 -40832 275099 -3057 -52496 -42060 33047 60468 -6939 -1907 10587 131 61880 -2173 -515 -11 -147 17 -12 -8 -12 0 -4 5 -4 3 9 0 8 1 -7 -5 -3 0 1 3 -2 -9 -3 3 -4 0 -1 -3 0 3 0 0 0 -1 0 1583836345
-15833423 -15287713 21507161 4790400 -7497431 -7325113 -1890299 -142229 124485 -126430 -43398 -16391 -3886 -54170 -11983 -3412 58882 -4181 -1454 -1366 98 -315 -3134 418 -22 -9 -24 -5 1 0 0 1 -9 0 -1 26 0 0 -5 3 0 0 0 -8 0 0 -3 -6 4 -3 0 -1 -3 0 0 1 0 1 0 -1 1583836345
-272455 -2362458 -5917781 -10299962 -7219342 7745081 -1868911 -134935 -232752 -119367 -40928 -419388 -4361 -50243 -14827 19251 -10 -757 -993 -239 -183 -1249 -507 510 -13 181 -35 -8 7 -1 0 1 -10 -4 2 0 0 -1 1 1 0 0 1 1 0 -1 -1 0 0 -1 2 1 1 0 -1 0 0 0 0 0 1583836345
17848407 13052153 -38545584 -27637408 -692722 26136471 1386156 -121387 -173848 -103166 -33804 -13219 -4837 -68034 -8279 -6879 -3701 -7256 -944 -2417 -181 -1805 -974 -345 -1 -182 -6 -2 0 -1 0 2 -3 -3 0 0 0 0 1 6 1 0 -1 -2 -2 1 -1 0 0 0 0 0 0 0 -1 -1 0 0 0 0 1583836345
-15191439 -14733705 20326190 4387240 -1846818 -6567195 -2155612 -142030 126101 -126705 -43443 16279 -3385 81996 -14656 -2830 92113 -4556 -1674 -1655 195 -437 4919 -870 -21 119 93 -8 1 -1 0 1 -18 -1 -27 -25 -2 -3 17 4 1 -1 -6 3 -3 0 -7 0 0 3 -1 -2 0 0 1 -2 0 0 0 0 1583836345
-15819291 -15275783 21481287 4794082 -6950131 -7296176 -1906305 -142206 127455 -126442 -43388 -7198 -3862 -41854 -12716 -3558 -3243 -3099 -1004 -697 -213 -166 -177 -76 -5 15 -19 -7 1 0 0 1 -5 0 1 -1 0 -1 1 0 0 0 1 0 0 0 0 0 0 0 1 -1 0 0 0 1 0 0 0 0 1583836345
-15844893 -15285638 21472584 5472064 11792087 -7006123 -3622435 -143524 122604 -130364 -44928 -16005 -2052 443266 -11863 -2628 7253 -2931 -1105 -800 -410 -78 -982 -611 -4 -7 -4 -5 2 0 0 0 -5 0 6 -7 1 0 -13 -5 -1 0 -3 -1 -3 0 -2 0 0 0 0 0 1 0 0 0 0 0 0 0 1583836345
-16040723 -15435832 21760738 6207713 26666207 -6960087 11823125 -118189 119242 -87301 -22312 -26905 -9689 34723 -9656 -2817 1873 -3402 -1320 -840 -192 -51 -3438 -362 -2 -8 -9 -5 1 0 0 1 -10 0 -1 -7 1 0 -8 8 1 0 1 2 2 1 6 -3 2 -3 0 0 0 0 0 0 0 0 0 0 1583836345
-15250119 -14716795 20207439 6228498 48773789 -5759807 17827093 -106779 141962 -69585 -12660 9021 -11768 229257 -12000 -1654 46436 -3893 -1734 -1251 -49 -178 8767 -392 -7 134 7 -10 0 -1 0 1 -27 -2 -10 -9 0 0 -2 11 2 -1 -5 3 2 0 -2 0 0 -1 0 0 2 0 3 -5 0 0 0 0 1583836345
-15836012 -15057587 21063038 4777293 -3615916 -7137259 -362243 -139085 321919 -122214 -41061 -20057 -4555 -42053 -10156 -3927 1819 -841 -1051 152 -177 -321 4744 -247 4 -36 -12 -8 0 0 0 1 -8 0 0 -1 0 0 1 3 0 0 0 2 0 0 1 0 0 -1 0 0 0 0 0 0 0 0 0 0 1583836345
-15803451 -15216902 21266715 6612756 44347944 -6421868 19007495 -105478 117466 -66688 -11239 -24036 -12699 78097 -9433 -2110 10987 -3561 -1525 -957 -150 -39 -4055 -570 -2 -12 -4 -4 1 0 0 1 -6 0 -5 -1 -2 -2 9 0 0 0 -4 2 -1 -1 -7 2 -1 4 0 2 1 0 0 -1 0 0 0 -1 1583836345
-14588858 -14187924 19176810 3837132 -1867130 -5901288 -60222 -138616 156947 -120805 -40438 97183 -4417 -19283 -14538 -5576 -6230 7055 -984 3118 -206 -829 -268 -366 -1 156 -10 -20 -10 0 0 2 2 -3 4 0 0 -1 2 -1 -2 0 0 1 0 0 0 0 0 0 0 0 0 -1 0 0 0 0 0 0 1583836345
-16088313 -15416253 21633727 8081112 77615363 -6124315 31575924 -83386 126667 -30834 8144 -8676 -17815 208449 -8213 -1769 61643 -4503 -2066 -1437 75 -128 23667 -506 -3 -92 23 -3 0 -1 1 0 -29 -1 16 7 0 1 -5 12 2 0 -5 8 0 0 1 -2 1 -2 -1 0 0 0 1 -2 0 0 0 0 1583836345
-15626094 -15095887 21104741 4595780 -7745945 -7089255 -1832527 -142138 140257 -126247 -43320 24457 -3884 -62535 -14802 -3763 -6473 -2855 -975 -597 -218 -190 -41 -298 -2 34 -14 -9 0 0 0 1 -2 0 0 0 0 -1 0 0 0 0 -1 0 0 0 0 0 0 0 0 0 0 0 0 0 0 0 0 0 1583836345
-15763302 -15226449 21377747 4724258 -7745120 -7256637 -1832521 -142167 122207 -126257 -43316 -2222 -3931 -62325 -12571 -3585 -6719 -2618 -950 -1167 -220 -144 79 -310 -3 29 -13 0 10 0 0 1 -1 0 0 -1 0 0 1 -1 6 0 0 0 0 0 0 0 0 0 0 0 0 0 0 0 0 0 0 0 1583836345
43992973 35170561 -85371937 -53137450 -6525994 52046460 -1898487 -115528 -323832 -101873 -35271 99710 -2750 -45339 -90252 46969 3943 9041 -707 322 -115 -4421 518 -377 0 262 -4 -12 4 -5 0 5 0 -10 -1 -6 0 -2 3 0 0 0 0 0 0 -4 0 0 1 0 0 0 0 3 0 0 0 0 2 -1 1583836345
-6784149 -7520688 5083406 -3941609 -7781038 1829287 -1822578 -138383 175740 -122853 -42229 180696 -3490 -66491 -38174 5284 -6880 -65 -875 -1023 -206 -829 -70 -302 0 409 -17 -16 7 -4 0 4 -2 -6 1 0 0 -1 0 0 -1 -2 1 0 0 0 1 -1 0 0 0 0 0 0 0 0 0 0 0 0 1583836345
4322630 1630201 -14344890 -14740789 -7472901 12567520 -1839814 -133090 -104223 -117841 -40518 -84681 -3766 -65781 -44769 22722 -9003 0 -885 -152 -208 -1594 -35 3497 -29 232 9818 3 12 0 1 -7 -70 5 7 -3 0 1 0 -4 0 1 -3 -2 -3 -2 0 1 0 0 0 1 0 1 0 0 0 0 0 0 1583836345
-15665897 -15143498 21202981 4621425 -7688589 -7150323 -1838208 -142095 130026 -126234 -43310 271 -3920 -60874 -12782 -3886 -7899 -2658 -966 -499 -225 -193 527 -298 -2 7 -12 -8 0 0 0 2 4 0 2 0 0 0 0 0 0 0 0 0 0 0 0 0 0 0 0 0 0 0 0 0 0 0 0 0 1583836345
-16010337 -15440864 21831138 4951930 -7650871 -7508960 -1840922 -142224 123359 -126352 -43343 -22390 -3962 -59737 -9429 -4515 -8941 248 -955 628 -224 -342 715 -273 -2 -51 -13 -8 -1 0 0 1 1 0 2 0 0 0 0 0 -1 0 0 0 0 0 0 0 0 0 0 0 0 0 0 0 0 0 0 0 1583836345
-15602020 -15066877 21044653 4574940 -7324216 -7057021 -1875492 -142122 147993 -126336 -43354 18705 -3849 -51260 -13818 -3916 -5411 -1773 -976 -189 -215 -261 1960 -314 -2 59 -9 -10 0 0 0 2 17 -1 3 -1 0 -1 0 -1 0 0 0 -2 0 0 0 1 -1 0 0 0 0 0 0 0 0 0 0 0 1583836345
-16063964 -15489748 21934194 4996542 -7800164 -7570514 -1827356 -142227 120501 -126332 -43334 -28835 -3989 -64072 -11039 -3676 -9096 -3057 -963 -637 -231 -138 47 15 -4 -7 779 -5 2 0 0 1 -3 0 2 0 0 0 0 0 0 0 0 0 0 0 0 0 0 0 0 0 0 0 0 0 0 0 0 0 1583836345
44527303 35479198 -86051844 -53789912 -7032344 52339735 -1846057 -114698 -445069 -101108 -34942 -168920 -3267 -57495 -4688 -1173 -8566 -3093 -748 -1077 -193 -3584 -53 -265 0 -408 -7 4 -1 3 0 -3 5 0 3 0 0 0 1 3 -3 16 0 -2 0 -13 3 1 1 0 -1 0 0 1 0 0 0 0 -1 0 1583836345
1157439 -1038959 -8736941 -10812185 18886592 9775114 -4250053 -136139 -123015 -124601 -43169 -183789 -1547 621036 1106038 -766895 12224 -41169 -1257 128 -423 4739 -1471 5009 -52 -32 -133 4 22 -10 0 9 -56 -15 26 -24 0 0 -3 1 6 -22 -1 3 -1 -6 2 -9 7 2 0 -2 2 -2 0 0 0 0 0 0 1583836345
15944477 11469148 -35180996 -25961791 -3944281 24154907 -2150984 -127850 -150364 -113742 -39183 -103651 -3273 28372 -29071 12416 -6694 -3841 -871 -1481 -250 -1960 -211 182 -2 -235 -22 3 2 4 0 -5 -7 5 4 -2 0 0 0 1 -1 3 0 1 0 1 0 -2 0 0 0 0 0 -2 0 0 0 0 2 -1 1583836345
60188773 48602668 -113873594 -68986055 -4152466 67650091 -2092942 -107305 -681901 -94764 -32776 -515317 -3356 14706 33760 -10482 -6492 -7250 -746 -2449 -220 -4121 -239 573 -4 -486 -23 8 5 -2 0 2 -9 -9 5 -4 0 0 0 1 -3 15 0 1 0 9 0 0 3 0 0 0 0 4 0 0 0 0 -2 0 1583836345
-13196064 -13098079 16861036 2225916 -7181098 -4773268 -1881411 -140909 65743 -125189 -42951 -91347 -4000 -47672 60931 -50138 -6734 -5014 -980 -441 -223 24 1207 -316 -4 -36 -11 -4 3 -1 0 1 -2 -1 2 0 0 0 0 0 0 3 0 0 0 2 0 0 0 0 0 0 0 0 0 0 0 0 0 0 1583836345
12894775 8904509 -29760494 -22731923 3823906 21268504 -2862465 -129793 -127810 -116680 -40302 -78724 -2572 230143 391005 -279104 -5843 -19068 -958 -1369 -336 489 -328 1922 -18 -180 -61 0 8 -4 0 5 -19 -8 11 -11 0 -1 2 -2 1 -6 -2 -3 3 -1 1 0 0 -1 -3 0 -1 -2 -1 -1 0 -2 1 0 1583836345
-10891789 -11058313 12505914 1165707 23900950 -1814743 -4716012 -142436 106149 -130983 -45320 101843 -612 754613 16152 -18808 8507 -3749 -1262 2937 -548 17967 -1701 1991 -15 -159 -64 -4 1 -5 0 -3 -39 0 15 -15 -1 2 4 1 0 2 -7 1 -3 3 -6 -1 1 2 2 -1 0 0 0 0 0 -1 -1 0 1583836345
-1775765 -3638242 -3244411 -8375468 6581496 6439935 6137121 -121855 -242215 -97286 -29069 -475320 -8143 -129156 48857 -21167 -9758 -2680 -1087 -39 -170 -807 -1585 971 -13 22 -40 0 10 0 0 0 -11 7 13 0 0 0 4 1 0 6 -2 1 1 5 0 2 0 0 3 0 0 0 2 -1 0 0 1 0 1583836345
-15858802 -15311557 21550628 4931207 -4135581 -7301903 -141155 -139219 120001 -121458 -40739 -25185 -4712 -64167 -11482 -3356 -9911 -3040 -989 -639 -230 -140 -298 70 -4 -14 -23 -7 1 0 0 1 -4 0 4 -1 0 0 0 0 0 0 0 0 0 0 1 0 0 0 1 0 0 0 0 0 0 0 0 0 1583836345
-13791873 -13454202 17472807 5991182 79410801 -3768870 44990136 -61319 123700 6996 27534 62828 -24857 -391194 -16063 -211 -30848 -3440 -1670 -765 -38 -11 -9330 8379 -34 415 -243 -24 0 -1 0 1 -66 -5 61 -2 -2 -1 10 8 2 -1 -10 6 9 3 11 -5 3 3 13 -9 2 -2 -1 10 0 2 0 -1 1583836345
-11721055 -11729810 13963150 1367575 4979842 -2858734 4983985 -129165 162118 -105639 -32678 260350 -6497 -112165 30380 -40356 -12153 235 -1025 1158 -182 8868 -1305 954 -7 532 -50 -8 19 -5 0 2 -11 -6 11 -1 0 1 0 -3 22 13 -2 0 2 -13 4 0 0 0 3 -3 1 10 -1 2 0 0 4 -1 1583836345
-16089340 -15505998 21966116 5090797 -5843589 -7555997 -1219890 -141141 124823 -124598 -42386 -21519 -4209 -50125 -11076 -3844 -7881 -2694 -985 -506 -229 -156 -181 124 -4 -30 -24 -4 4 0 0 1 -4 0 4 -1 0 0 1 0 0 0 0 0 1 0 1 0 0 0 1 0 0 0 0 0 0 0 0 0 1583836345
-15976046 -15413544 21773419 4909379 -7873121 -7479677 -1820986 -142188 122725 -126290 -43320 -22704 -3982 -65527 -11323 -3722 -6282 -2732 -982 -526 -216 -174 -106 -261 -3 -18 -12 -6 1 0 0 1 -3 0 1 1 0 0 0 0 0 0 0 0 0 0 0 0 0 0 0 0 0 0 0 0 0 0 0 0 1583836345
-15782224 -15230652 21353292 5404177 11146455 -6962300 5917806 -128523 120813 -104118 -31420 -20097 -7253 -28280 -11196 -2956 73 -3221 -1184 -764 -183 -123 -2314 232 -6 -4 -24 -6 1 0 0 0 -22 0 -4 5 0 0 -5 5 1 0 -2 2 4 0 -2 3 -2 6 -2 4 -1 0 2 0 0 0 0 -1 1583836345
-10922571 -11017556 12491675 3033 -7835130 -2294041 -1820804 -139997 219293 -124489 -42759 142170 -3622 -66705 -30176 972 -6401 -1739 -945 -359 -209 -556 -101 -315 0 402 -16 -22 -2 -2 0 3 -2 -5 1 0 0 -1 0 0 0 -1 2 0 0 0 0 0 0 0 0 0 0 0 1 -1 0 0 0 0 1583836345
-16089235 -15507094 21970583 5042681 -7206903 -7579424 -1246139 -141282 124865 -124728 -42488 -21700 -4260 -78174 -11208 -3851 -7865 -2888 -981 -573 -216 -153 -135 -293 -2 -29 -13 -4 4 0 0 1 -1 0 0 0 0 0 1 1 0 0 0 0 0 0 0 0 0 0 0 0 0 0 0 0 0 0 0 0 1583836345
-16071439 -15490002 21935860 5006841 -7867425 -7571764 -1822942 -142253 123978 -126344 -43342 -13273 -3965 -65290 -11689 -3892 -4476 -2940 -987 -803 -208 -149 -135 -344 -3 -24 -8 -4 3 0 0 1 0 0 2 0 0 0 0 -1 1 0 1 0 0 0 1 0 0 0 0 0 0 0 0 0 0 0 0 0 1583836345
-15364399 -14897593 20680366 4332550 -7863406 -6859581 -1824851 -141981 118895 -126076 -43258 -554 -3929 -65270 -13888 -3092 302 -2938 -1025 -668 -183 -221 -443 -392 -4 120 -12 -10 1 -1 0 2 -3 -1 3 0 0 0 0 2 0 0 2 0 1 0 0 0 0 0 0 0 1 0 0 -1 0 0 0 0 1583836345
-15561691 -15054417 21014655 4519907 -7849897 -7046315 -1824177 -142058 129540 -126167 -43288 4799 -3925 -65155 -13523 -3599 -3127 -2729 -1001 -558 -199 -211 -290 -165 -4 46 -15 -9 0 0 0 1 -5 0 1 3 0 0 0 0 0 0 0 1 0 0 -2 0 0 -2 0 0 -1 0 0 0 0 0 0 0 1583836345
-15468271 -14979059 20852732 4454529 -7370413 -6955477 -1623628 -141691 119216 -125550 -42967 7705 -4005 -64173 -13407 -3446 -7584 -2041 -947 -864 -221 -200 201 -298 -3 71 -14 -4 6 0 0 2 -1 -1 0 -1 0 -1 1 -1 6 0 0 0 0 0 0 0 0 0 0 0 0 0 0 0 0 0 0 0 1583836345
-5885205 -7017671 3963215 -4893921 -7763619 2315859 -1823728 -137454 -87115 -121805 -41779 -254427 -4225 -63697 53438 -36614 -4681 -4301 -979 -442 -202 -480 -194 -158 -7 -54 -13 0 7 0 0 0 -1 6 0 0 0 0 0 3 0 1 -2 0 1 3 -1 3 1 -2 0 0 -1 0 0 0 0 0 0 0 1583836345
-16021726 -14907793 20756583 5896102 -7928334 -7240274 -1824622 1112010 118048 -125169 -43100 -30060 -3974 -65624 -10925 -3708 -6141 -4836 106324 3368 45 -53 -348 -187 0 -37 -8 -54 11 0 0 0 -2 0 0 1 35 0 5 0 0 0 2 0 0 0 0 0 0 0 0 0 0 0 0 0 0 0 0 0 1583836345
-16089185 -15510825 21978982 5018287 -7882067 -7597283 -1820384 -142233 120525 -126327 -43330 -28554 -3995 -65666 -10827 -3719 -6634 -2968 -973 -805 -218 -137 -75 -309 -3 -21 -12 -4 3 0 0 1 -2 0 1 0 0 0 0 0 2 0 1 0 0 0 0 0 0 0 0 0 0 0 1 -1 0 0 0 0 1583836345
-16076429 -15496500 21949486 5006828 -7874170 -7577215 -1821077 -142235 125000 -126335 -43335 -21017 -3981 -65508 -11287 -3856 -7091 -2832 -976 -558 -220 -159 57 -313 -2 -26 -12 -6 1 0 0 1 0 0 2 -1 0 0 0 0 0 0 0 0 0 0 0 0 0 0 0 0 0 0 0 0 0 0 0 0 1583838187
-16085821 -15508107 21973241 5014520 -7878385 -7593647 -1822103 -142232 120831 -126330 -43332 -29065 -3994 -65475 -9673 -4227 -4789 -1082 -990 105 -204 -271 -124 -341 -3 -41 -8 -7 0 0 0 1 1 0 3 -1 0 0 0 0 0 0 0 1 0 0 1 0 0 0 0 0 0 0 0 0 0 0 0 0 1583838187
-14575336 -10068867 11014311 3651102 -7818398 -8381095 -1840752 -142473 205567 -126345 -43503 453656 -3153 -67864 20766 -31465 2960 90429 -631 30547 76 -5556 -910 23 -1 -729 -10 -6 -42 11 0 0 -4 2 0 4 0 -1 0 -5 23 5 0 0 0 -6 -1 0 0 -2 0 0 0 4 0 0 0 0 0 0 1583838187
-14692777 -14150868 19108378 4292335 5606592 -5681436 3090811 -133594 258548 -112254 -35848 402364 -5247 -8455 9970 -23464 -369 64601 -753 20166 -27 -1652 -1616 -309 2 -366 -7 18 4 6 0 1 -6 -1 -6 -7 0 -2 1 -9 37 0 0 -1 -2 1 -2 -1 0 0 0 0 0 2 0 0 0 -1 2 -1 1583838187
-16085762 -15500680 21951405 5160896 -3798181 -7516966 -461991 -139798 124961 -122426 -41212 -20663 -4516 -41402 -10918 -3839 -4212 -2574 -1026 -476 -214 -169 -473 -352 -3 -28 -13 -6 1 0 0 1 -7 0 0 -2 0 0 0 0 0 0 -1 0 0 0 -1 0 0 0 0 0 0 0 0 0 0 0 0 0 1583838187
-16075557 -15492087 21941004 5007155 -7886270 -7568886 -1820108 -142245 129362 -126347 -43343 -10807 -3967 -65894 -3581 -7269 -6890 10157 -941 4228 -185 -926 -93 -293 -2 -144 -11 -8 -6 0 0 1 0 0 2 0 0 0 0 0 -1 0 0 1 0 1 1 0 0 0 0 0 0 -1 0 0 0 0 0 0 1583838187
-16004077 -15421694 21793999 4946672 -7820609 -7476156 -1831570 -142260 139985 -126382 -43365 14089 -3908 -64040 -10338 -5193 2733 1425 -1011 400 -161 -409 -444 -274 -4 -36 -10 -3 3 0 0 1 0 0 0 3 0 0 0 -2 5 0 0 -1 0 0 0 0 0 0 0 -1 0 0 0 0 0 0 0 0 1583838187
-16088603 -15506288 21970240 5020680 -7834681 -7587668 -1830252 -142254 125451 -126367 -43351 -19822 -3968 -64260 -10274 -4288 3733 -1403 -1052 -51 -163 -281 -643 -150 -6 -42 -14 -2 5 -1 0 1 -5 0 0 7 0 0 -1 2 0 0 2 0 -2 0 2 -1 0 -1 0 1 -1 0 0 0 0 0 0 0 1583838187
-16047328 -15457421 21868017 5022915 -7019615 -7508091 -1905560 -142359 136417 -126571 -43440 16802 -3823 -42947 -10337 -5411 6600 1745 -1048 942 -151 -473 2038 -467 -4 -55 0 -5 1 0 0 1 1 0 6 -3 0 0 1 -2 0 -1 -1 1 0 0 -1 0 0 0 0 0 0 0 0 0 0 0 0 0 1583838187
-15643083 -14791808 20503802 4972848 3028630 -6670287 2507946 -134634 374372 -114360 -36902 328439 -5219 -37792 58795 -41985 -1003 136241 -572 47365 170 -8158 -866 -197 12 -1142 4 -25 -88 17 0 0 -4 2 4 -2 0 0 -6 -2 18 2 0 0 0 0 0 0 -1 0 0 -2 0 -3 -1 0 0 1 -2 0 1583838187
-16045699 -15454785 21834486 5532732 7585155 -7282262 4472905 -131183 124147 -108352 -33663 -17341 -6628 -29651 -6777 -5012 -4733 3265 -1091 1372 -195 -461 -1522 -420 -1 -62 -5 -5 0 0 0 1 2 0 7 -1 0 0 -4 0 2 1 0 0 1 0 1 0 0 0 0 -2 0 0 -1 0 0 0 0 0 1583838187
-16090550 -15488788 21893239 5837081 14943143 -7208377 7019819 -126640 120328 -101037 -29693 -26895 -7655 10683 -9808 -3260 5529 -2995 -1248 -690 -174 -120 -2255 -636 -3 -25 1 -1 7 -1 0 2 5 0 8 -2 -1 -1 5 -2 -1 0 -3 2 0 0 -2 1 -1 2 0 -3 0 0 -1 0 0 0 0 0 1583838187
-15971938 -15370037 21687012 4957798 -7747352 -7428635 -1841782 -142420 138726 -126469 -43423 82636 -3786 -62252 9332 -15196 9341 37862 -931 13250 -34 -2546 -601 -432 -3 -364 -1 -9 -23 5 0 1 5 1 4 -6 0 -1 2 -2 7 4 -1 0 2 -3 0 1 -1 0 0 0 0 0 -1 0 0 0 -1 0 1583838187
-16088242 -15506896 21971232 5022714 -7742156 -7586554 -1844034 -142265 124987 -126400 -43366 -20356 -3952 -61322 -10923 -3977 13349 -2681 -1122 -578 -120 -238 -615 -509 -6 -31 -5 -6 1 0 0 1 4 0 3 0 0 -1 1 -3 -1 0 1 0 0 0 -1 0 0 1 0 -1 0 0 0 0 0 0 0 0 1583838187
-15952656 -15326129 21597883 4977264 -7655423 -7376893 -1847450 -142566 149110 -126563 -43482 154043 -3669 -60586 41131 -29719 6307 93203 -690 31973 92 -5679 -1007 -156 0 -847 -1 -8 -49 11 0 0 -5 2 -1 6 0 -1 -1 -4 18 7 3 0 0 -1 3 -1 0 0 0 0 1 2 2 -2 0 0 0 0 1583838187
-16076213 -15390694 21734819 5208110 -7451492 -7519516 -1863419 -81529 120490 -126517 -43401 -30153 -3952 -54014 -10954 -3693 -900 -4564 82969 2432 7 -84 -20 -263 -2 -8 -7 13 -2 0 0 0 -1 0 -3 -3 -36 0 -2 1 0 0 0 0 0 0 0 0 0 0 0 0 0 0 0 0 0 0 0 0 1583838187
-15905181 -15327856 21553161 5665839 15056560 -7013405 6806480 -126906 123195 -101562 -29982 -16098 -7527 18964 -10881 -3113 142 -2976 -1206 -672 -205 -112 -2522 -490 -2 3 -10 -6 1 0 0 1 -7 0 4 -7 1 1 -14 4 0 0 1 0 1 0 0 0 0 1 0 -2 0 0 1 -1 0 0 0 0 1583838187
-16090702 -15490554 21905471 5683821 10730955 -7273675 4092171 -131560 124604 -109282 -34062 -19995 -6279 54259 -9798 -3679 1176 -1768 -1162 -213 -221 -183 -1437 -540 -2 -38 0 -4 3 0 0 1 -4 0 5 -7 1 0 -12 3 0 0 2 0 0 0 0 0 0 0 0 -5 0 0 -3 1 0 0 0 0 1583838187
-16077431 -15486353 21908854 5403305 3170663 -7390400 2926574 -133945 124660 -112807 -36082 -20721 -6026 -57260 -10630 -3683 -4485 -2694 -1088 -519 -199 -146 -1335 -355 -2 -27 -9 -6 1 0 0 1 -7 0 -4 -2 0 0 -2 4 0 0 1 0 2 0 -2 0 0 1 0 -2 0 0 1 -1 0 0 0 1 1583838187
-16066634 -15483077 21906979 5272753 -265479 -7443487 1824777 -135934 120466 -115970 -37793 -26840 -5591 -73995 -10039 -3516 -1900 -2734 -1048 -1466 -182 -97 -726 -380 -3 -16 -11 -4 4 -1 0 1 -9 0 -1 -3 0 0 0 4 0 0 1 0 0 0 0 0 0 0 0 -1 0 0 0 -1 0 0 0 0 1583838187
-16066483 -15491677 21938428 4997130 -7886434 -7573833 -1819939 -142227 120521 -126319 -43328 -27932 -3994 -65820 -10390 -3668 -6119 -2615 -950 -1362 -216 -110 -116 -252 -3 -18 -14 -6 1 0 0 1 -3 0 1 1 0 0 0 0 0 0 0 0 -1 0 0 0 0 0 0 0 0 0 0 0 0 0 0 0 1583838187
-16088563 -15498677 21935586 5392853 2511328 -7417292 2132668 -135258 120490 -115013 -37226 -25582 -5623 -28181 -9850 -3468 -7762 -2481 -1010 -1545 -233 -62 -833 -350 -1 -20 -11 1 13 -2 0 1 0 0 2 1 0 0 0 0 -1 0 -3 1 1 0 0 0 0 0 0 -1 0 0 0 0 0 0 0 0 1583838187
-16089589 -15507630 21965741 5155872 -4013620 -7531326 -722291 -140218 120692 -123141 -41587 -28908 -4402 -34188 -10821 -3594 -6717 -3098 -1004 -698 -232 -125 -335 -337 -2 -25 -12 -4 4 -1 0 1 -1 0 2 -2 0 0 0 0 0 0 0 0 0 0 0 0 0 0 0 0 0 0 0 0 0 0 0 0 1583838187
-16086022 -15478320 21913134 5066350 -7873839 -7578541 -1821395 -142419 120628 -126381 -43345 -30223 -3997 -65391 -10914 -3692 -7440 -3107 -975 -660 -223 -140 92 -308 -3 -26 -12 -4 1 0 0 1 0 0 2 -1 0 0 0 0 0 0 0 0 0 0 0 0 0 0 0 0 0 0 0 0 0 0 0 0 1583838187
-15976223 -15407482 21761049 4936171 -7674545 -7458990 -1881963 -142346 126136 -126497 -43427 428 -3866 -57745 -11978 -4118 67935 -3557 -1515 -1157 145 -375 -3474 -790 -19 66 15 74 116 -16 -1 3 15 -2 21 -13 0 0 2 16 -9 0 -6 4 11 1 7 -2 1 -1 2 3 1 0 2 -3 0 -1 0 0 1583838187
-15811514 -15287002 21490232 4876099 -7370535 -7463655 -1908306 -142552 -5309 -126364 -43397 -18009 -3864 -49963 -11148 -3406 72417 -3739 -1514 -2108 162 -327 -2919 -482 -26 6 1 -4 1 0 0 1 4 0 3 13 0 0 1 -4 -1 0 5 -1 -6 0 -3 0 0 0 0 2 -1 0 3 -3 0 0 0 0 1583838187
-16079444 -15419871 21794571 5153156 -7832796 -7542990 -1829005 74168 120179 -126126 -43293 -30179 -3983 -63970 -10893 -3678 -1283 -3279 2939 -577 -183 -151 -66 -385 -3 -26 -7 -5 1 0 0 1 1 0 3 -2 -1 0 1 -1 0 0 -1 1 0 0 0 0 0 0 0 0 0 0 0 0 0 0 0 0 1583838187
-16085370 -15502575 21960854 5052783 -6843701 -7567900 -1984906 -142422 124933 -126768 -43542 -20808 -3786 -35447 -10917 -3650 126343 -5171 -1941 -1965 422 -473 -4542 972 -41 -22 4 -2 1 0 -2 2 8 0 24 -4 -2 -2 11 -12 -3 0 4 -4 -9 0 0 -2 1 1 -1 1 -1 0 2 -1 0 0 0 0 1583838187
-15663109 -15151934 21214722 4675339 -6024197 -7150618 -1070595 -140735 111262 -124006 -42120 -29715 -4299 -60842 -9310 -4320 8103 -2328 -1084 -776 -143 -232 -326 21 -8 -32 -21 -4 1 1 0 0 -4 4 -7 -8 -1 -1 6 4 0 -1 0 0 -2 0 0 2 1 0 0 0 -1 0 0 0 0 0 0 0 1583838187
-15906794 -13887552 18688048 7388100 -7837724 -6631294 -1848537 4083459 111924 -121799 -42379 -29594 -3888 -61088 -10695 -3613 -6496 -3038 -2069 -697 -219 -140 29 -312 -3 -26 -10 -5 1 0 0 1 -2 0 0 -2 0 0 1 0 0 0 0 0 0 0 0 0 0 0 0 0 0 0 0 0 0 0 0 0 1583838187
-15715140 -15209636 21323144 4818211 -6416826 -7361195 -591521 -140362 -12218 -122635 -41450 -25134 -4575 -91980 -10576 -3467 -9445 -1660 -938 -1109 -214 -170 -180 -286 -7 24 -13 -8 0 -1 0 2 0 0 3 0 0 0 0 1 0 0 0 0 0 0 0 0 0 0 0 0 0 0 0 0 0 0 0 0 1583838187
-16079729 -15422283 21799332 5152348 -7754152 -7543090 -1833156 80740 120164 -126118 -43291 -30172 -3980 -62148 -10904 -3684 -7326 -3165 2928 -513 -214 -136 104 -296 -2 -26 -12 -5 1 0 0 1 0 0 0 -1 -1 0 0 0 0 0 0 0 0 0 0 0 0 0 0 0 0 0 0 0 0 0 0 0 1583838187
301637704 244483516 -529892463 -302723815 -1532254 310348928 -2131412 1387 -3370758 6266 866 -1406672 -1096 33555 426582 -236853 49501 -18174 -306 -4349 212 -16259 177 -205 -26 -173 21 3 18 -30 0 32 -18 -64 -20 -8 -1 -4 7 -5 9 -43 0 1 -2 -16 -1 0 -1 2 -1 1 0 -7 1 -1 0 0 0 0 1583838187
-12698191 -12710263 15971571 2398560 -4282284 -4910785 -2147189 -142665 -516172 -125269 -43107 278 -3538 26848 -15295 -280 -7108 355 -833 -2771 -262 -288 -98 -255 -29 456 -20 -22 0 -3 0 3 -5 -6 1 0 0 -1 -1 -1 0 -1 0 0 0 0 0 0 0 0 0 0 0 0 0 0 0 0 0 0 1583838187
-14523476 -14136941 19072969 3676761 -4371545 -5893110 -2139340 -142019 150728 -126584 -43491 86025 -3435 24290 -18368 -3576 -7263 -1233 -926 -989 -262 -262 -94 -245 -2 89 -16 0 11 0 0 1 -4 -1 1 0 0 0 -1 -4 10 0 0 0 0 0 0 0 0 0 0 0 0 0 0 0 0 0 0 0 1583838187
-15821986 -15276564 21481112 4837626 -6011522 -7285204 -1990568 -142297 123599 -126635 -43461 -11775 -3781 -17618 -12443 -3477 -7559 -3023 -974 -657 -247 -148 -58 -122 -3 45 -18 -8 1 0 0 1 -3 0 1 -1 0 0 -1 -1 0 0 0 1 -1 0 0 0 0 -1 0 0 0 0 0 0 0 0 0 0 1583838187
-14449170 -14089417 18972160 3514208 -7512913 -5919159 -1677029 -141525 117787 -125352 -42931 12581 -3959 -65035 -15811 -2471 -7319 -2900 -968 -648 -220 -252 -79 -138 -4 151 -19 -12 1 -1 0 2 -3 -2 0 -1 0 -1 0 0 0 0 0 1 0 0 0 1 -1 0 0 0 0 0 1 -1 0 0 0 0 1583838187
61374767 41195211 -99359955 -68782165 25618720 74852054 11831514 -82993 -626203 -54935 -11537 -359885 -9123 4113 -2956 12711 4131 -8225 -1124 -1729 -128 4865 1693 -665 4 -280 11 18 13 7 0 -12 7 23 18 0 0 1 4 -2 1 9 -3 3 0 -6 -1 0 -1 1 0 -1 0 0 0 0 0 1 -3 1 1583838187
-15911419 -15319250 21512623 6121810 27591836 -6806110 14500338 -113864 124745 -79860 -18454 -14057 -11051 -68616 -10471 -2845 8858 -3642 -1390 -919 -97 -105 2569 -739 0 -24 8 -5 1 0 0 2 6 0 20 -5 1 0 -7 0 0 0 0 3 0 0 0 -1 1 -1 0 0 0 0 0 0 0 0 0 0 1583838187
-16089413 -15511057 21978651 5033193 -7454886 -7590909 -1613432 -141874 120266 -125738 -43016 -29240 -4087 -66177 -10619 -3687 -7219 -2870 -964 -987 -221 -123 -66 -257 -3 -24 -14 -2 6 0 0 1 -2 0 0 0 0 0 0 0 4 0 0 0 1 0 1 0 0 0 0 0 0 0 0 0 0 0 0 0 1583838187
14802134 10487007 -33103143 -24839333 -5060299 23045271 -849309 -126609 -147236 -110780 -37623 -9555 -3904 -56720 138511 -108759 -9904 -11757 -887 -2014 -219 -894 -62 -290 -3 -196 -8 3 5 2 0 -2 0 6 0 0 0 0 2 0 -1 6 0 0 0 8 -1 0 0 0 0 0 0 3 0 0 0 0 -1 0 1583838187
-15592436 -15029967 20906205 5788479 26174819 -6492797 11651619 -118428 129250 -87674 -22535 -868 -9554 36784 -12057 -2510 5602 -3587 -1335 -980 -175 -79 -2477 -775 -1 241 7 -12 1 -1 0 3 8 -3 15 -3 -1 -2 8 -6 0 0 -5 3 -2 0 -5 0 0 1 0 0 0 0 0 0 0 0 0 0 1583838187
100358929 28431528 -78436349 -104770692 61336252 143632903 24193741 -41336 -344067 -3367 13321 -967942 -14462 206267 102854 -1723 34904 3554 -1852 12880 26 46877 6154 -1171 43 -720 62 31 18 -5 0 -13 17 0 27 -1 -2 5 13 -6 -8 12 -12 7 -3 4 -10 0 -1 3 0 -3 0 2 0 0 0 2 -5 1 1583838187
-14793944 -14415110 19658362 3780557 -7877420 -6299122 -1822153 -141726 112198 -125831 -43175 -8900 -3937 -65709 -7114 -5047 4697 8372 -1011 3123 -132 -912 -778 -456 -4 48 -6 -11 -3 0 0 2 3 -2 10 0 0 0 2 11 0 0 -2 -6 -3 -1 -1 1 -1 -3 -8 -1 6 0 4 6 0 0 0 0 1583838187
-15607822 -15107736 21124152 4560356 -7844406 -7122675 -1824694 -142045 111650 -126137 -43268 -32067 -3988 -64682 -11703 -3023 -4774 -3091 -990 -718 -210 -177 72 -343 -3 42 -11 -8 2 0 0 2 1 0 3 -1 0 -1 0 -1 0 0 0 0 0 0 0 0 0 0 0 0 0 0 0 0 0 0 0 0 1583838187
-16079425 -15497606 21943082 5175243 -3237611 -7508068 -26588 -139064 120571 -121191 -40562 -29098 -4742 -50666 -10485 -3709 -8376 -2617 -1004 -474 -229 -152 -397 -340 -2 -26 -14 -6 1 0 0 1 0 0 4 -2 0 0 -2 0 0 0 0 0 0 0 0 0 0 0 0 -1 0 0 0 0 0 0 0 0 1583838187
-14086683 -13734637 18230209 3194929 -7863568 -5493053 -1823013 -141820 151214 -125762 -43175 97404 -3745 -66200 -20641 -2996 -4348 -1130 -959 -418 -200 -371 -193 -337 -3 191 -14 -7 8 -1 0 2 0 0 2 -1 0 0 0 1 4 0 1 0 2 0 0 0 0 0 0 0 1 0 0 0 0 0 0 0 1583838187
-15950110 -15390168 21723643 4897114 -7853733 -7450700 -1824116 -142224 120093 -126298 -43325 -18854 -3973 -64956 -8117 -5146 -4151 2680 -985 1539 -191 -507 -130 -275 -3 8 -13 -11 -3 0 0 2 -1 -1 1 1 0 -1 0 0 -1 -1 0 0 0 0 -1 0 0 0 0 0 0 0 0 0 0 0 0 0 1583838187
10483559 6817234 -25332580 -20748751 -7570994 18648156 -1828453 -130194 -155077 -115220 -39627 -116966 -3718 -63379 -55480 31066 -3168 -3783 -909 -1817 -193 -1767 -247 -338 -3 -88 -8 1 5 4 0 -4 1 7 2 1 0 0 0 0 0 -2 4 0 0 -1 4 -2 -1 0 0 0 0 0 0 0 0 0 -1 0 1583838187
-16085799 -15507273 21970873 5030196 -7452144 -7585963 -1862072 -142266 120851 -126423 -43369 -29030 -3950 -54259 -10909 -3699 -1528 -3108 -1015 -684 -199 -160 779 -365 -3 -25 -10 -6 1 0 0 1 -1 0 0 -3 0 -1 2 0 0 0 0 0 0 0 0 0 0 0 0 0 0 0 0 0 0 0 0 0 1583838187
-10088339 29476354 -68015856 -914162 23524171 -26480764 -4787240 -141043 89829 -130395 -45063 -321002 -1362 736584 8205 726 7704 1029 -1116 666 -549 -217 -1509 -954 0 56 7 -4 5 0 0 2 -1 -1 11 -13 1 0 -11 -4 -1 0 -2 0 -3 -1 -5 1 -1 0 0 -1 1 0 0 -1 0 0 0 0 1583838187
-15946350 -15383723 21700116 5106510 -1476967 -7343072 -2405282 -142628 119757 -127609 -43839 -27121 -3370 99438 -11171 -3282 -5300 -2825 -998 -611 -296 -128 -278 -431 -2 -18 -7 -6 1 0 0 1 -2 0 4 -3 0 0 -2 -1 0 0 0 0 0 0 -1 0 0 0 0 0 0 0 0 0 0 0 0 0 1583838187
-15152863 -14682196 20219600 4320946 -5110064 -6627212 -2072732 -142414 80447 -126599 -43468 6057 -3653 5405 -14327 -2790 -6616 -2798 -957 -1131 -254 -162 -132 -359 -4 91 -13 -9 1 0 0 1 -2 -1 3 -2 0 0 -1 0 0 0 0 0 0 0 0 0 0 0 0 0 0 0 0 0 0 0 0 0 1583838187
-15857188 -15308991 21548291 4884976 -5512731 -7314390 -1101501 -140855 123481 -124174 -42176 -12768 -4238 -48483 -12327 -3499 -8210 -3137 -983 -684 -233 -141 -142 -324 -2 41 -11 -8 1 0 0 2 -1 0 3 -1 0 0 0 0 0 0 0 0 0 0 0 0 0 0 0 0 0 0 0 0 0 0 0 0 1583838187
-15747598 -15222234 21363384 4770585 -5699736 -7224722 -1258588 -141053 113624 -124545 -42379 -33454 -4197 -45052 -11346 -3105 -8384 -3055 -980 -670 -236 -151 -104 -320 -2 -4 -12 -6 2 0 0 1 -1 0 3 -1 0 0 -1 0 0 0 0 0 0 0 0 0 0 0 0 0 0 0 0 0 0 0 0 0 1583838187
17268352 12525964 -37448321 -26930402 3649464 25545098 2488232 -119501 -223895 -100036 -32028 -125575 -5418 -26146 -51849 29532 -1678 -4060 -965 -1893 -187 -2125 6357 -376 0 -242 -4 10 8 8 0 -9 -6 18 10 1 0 0 -3 3 0 -2 1 1 0 -1 0 0 0 0 0 0 0 -1 1 -1 0 0 1 0 1583838187
-308797 3817440 -18171039 -10500982 -7665713 3815041 -1840905 -134725 -186702 -119340 -40923 -409849 -4395 -62842 6246 4093 -6995 -1903 -944 -321 -213 -1047 -21 -301 -5 -77 -7 0 7 0 0 2 0 1 2 -1 0 0 0 0 0 2 0 0 0 1 0 0 0 0 0 0 0 -1 0 0 0 0 1 0 1583838187
9025285 5602871 -22756378 -19329851 -7521730 17244026 -1850198 -130914 -120285 -115947 -39895 -65017 -3626 -61181 -49752 24482 23769 -4751 -1109 -2138 -62 -1699 -1511 -286 -9 -169 -4 10 12 3 0 -2 7 14 3 -2 0 0 1 5 0 -2 -6 -1 2 -2 0 1 -3 0 0 1 0 0 0 -2 0 -1 0 1 1583838187
4784204 2234547 -15592122 -14905319 -7199704 13309416 -1900607 -134099 2044 -118437 -40832 275099 -3057 -52496 -42060 33047 60468 -6939 -1907 10587 131 61880 -2173 -515 -11 -147 17 -12 -8 -12 0 -4 5 -4 3 9 0 8 1 -7 -5 -3 0 1 3 -2 -9 -3 3 -4 0 -1 -3 0 3 0 0 0 -1 0 1583838187
-15833423 -15287713 21507161 4790400 -7497431 -7325113 -1890299 -142229 124485 -126430 -43398 -16391 -3886 -54170 -11983 -3412 58882 -4181 -1454 -1366 98 -315 -3134 418 -22 -9 -24 -5 1 0 0 1 -9 0 -1 26 0 0 -5 3 0 0 0 -8 0 0 -3 -6 4 -3 0 -1 -3 0 0 1 0 1 0 -1 1583838187
-272455 -2362458 -5917781 -10299962 -7219342 7745081 -1868911 -134935 -232752 -119367 -40928 -419388 -4361 -50243 -14827 19251 -10 -757 -993 -239 -183 -1249 -507 510 -13 181 -35 -8 7 -1 0 1 -10 -4 2 0 0 -1 1 1 0 0 1 1 0 -1 -1 0 0 -1 2 1 1 0 -1 0 0 0 0 0 1583838187
17848407 13052153 -38545584 -27637408 -692722 26136471 1386156 -121387 -173848 -103166 -33804 -13219 -4837 -68034 -8279 -6879 -3701 -7256 -944 -2417 -181 -1805 -974 -345 -1 -182 -6 -2 0 -1 0 2 -3 -3 0 0 0 0 1 6 1 0 -1 -2 -2 1 -1 0 0 0 0 0 0 0 -1 -1 0 0 0 0 1583838187
-15191439 -14733705 20326190 4387240 -1846818 -6567195 -2155612 -142030 126101 -126705 -43443 16279 -3385 81996 -14656 -2830 92113 -4556 -1674 -1655 195 -437 4919 -870 -21 119 93 -8 1 -1 0 1 -18 -1 -27 -25 -2 -3 17 4 1 -1 -6 3 -3 0 -7 0 0 3 -1 -2 0 0 1 -2 0 0 0 0 1583838187
-15819291 -15275783 21481287 4794082 -6950131 -7296176 -1906305 -142206 127455 -126442 -43388 -7198 -3862 -41854 -12716 -3558 -3243 -3099 -1004 -697 -213 -166 -177 -76 -5 15 -19 -7 1 0 0 1 -5 0 1 -1 0 -1 1 0 0 0 1 0 0 0 0 0 0 0 1 -1 0 0 0 1 0 0 0 0 1583838187
-15844893 -15285638 21472584 5472064 11792087 -7006123 -3622435 -143524 122604 -130364 -44928 -16005 -2052 443266 -11863 -2628 7253 -2931 -1105 -800 -410 -78 -982 -611 -4 -7 -4 -5 2 0 0 0 -5 0 6 -7 1 0 -13 -5 -1 0 -3 -1 -3 0 -2 0 0 0 0 0 1 0 0 0 0 0 0 0 1583838187
-16040723 -15435832 21760738 6207713 26666207 -6960087 11823125 -118189 119242 -87301 -22312 -26905 -9689 34723 -9656 -2817 1873 -3402 -1320 -840 -192 -51 -3438 -362 -2 -8 -9 -5 1 0 0 1 -10 0 -1 -7 1 0 -8 8 1 0 1 2 2 1 6 -3 2 -3 0 0 0 0 0 0 0 0 0 0 1583838187
-15250119 -14716795 20207439 6228498 48773789 -5759807 17827093 -106779 141962 -69585 -12660 9021 -11768 229257 -12000 -1654 46436 -3893 -1734 -1251 -49 -178 8767 -392 -7 134 7 -10 0 -1 0 1 -27 -2 -10 -9 0 0 -2 11 2 -1 -5 3 2 0 -2 0 0 -1 0 0 2 0 3 -5 0 0 0 0 1583838187
-15836012 -15057587 21063038 4777293 -3615916 -7137259 -362243 -139085 321919 -122214 -41061 -20057 -4555 -42053 -10156 -3927 1819 -841 -1051 152 -177 -321 4744 -247 4 -36 -12 -8 0 0 0 1 -8 0 0 -1 0 0 1 3 0 0 0 2 0 0 1 0 0 -1 0 0 0 0 0 0 0 0 0 0 1583838187
-15803451 -15216902 21266715 6612756 44347944 -6421868 19007495 -105478 117466 -66688 -11239 -24036 -12699 78097 -9433 -2110 10987 -3561 -1525 -957 -150 -39 -4055 -570 -2 -12 -4 -4 1 0 0 1 -6 0 -5 -1 -2 -2 9 0 0 0 -4 2 -1 -1 -7 2 -1 4 0 2 1 0 0 -1 0 0 0 -1 1583838187
-14588858 -14187924 19176810 3837132 -1867130 -5901288 -60222 -138616 156947 -120805 -40438 97183 -4417 -19283 -14538 -5576 -6230 7055 -984 3118 -206 -829 -268 -366 -1 156 -10 -20 -10 0 0 2 2 -3 4 0 0 -1 2 -1 -2 0 0 1 0 0 0 0 0 0 0 0 0 -1 0 0 0 0 0 0 1583838187
-16088313 -15416253 21633727 8081112 77615363 -6124315 31575924 -83386 126667 -30834 8144 -8676 -17815 208449 -8213 -1769 61643 -4503 -2066 -1437 75 -128 23667 -506 -3 -92 23 -3 0 -1 1 0 -29 -1 16 7 0 1 -5 12 2 0 -5 8 0 0 1 -2 1 -2 -1 0 0 0 1 -2 0 0 0 0 1583838187
-15626094 -15095887 21104741 4595780 -7745945 -7089255 -1832527 -142138 140257 -126247 -43320 24457 -3884 -62535 -14802 -3763 -6473 -2855 -975 -597 -218 -190 -41 -298 -2 34 -14 -9 0 0 0 1 -2 0 0 0 0 -1 0 0 0 0 -1 0 0 0 0 0 0 0 0 0 0 0 0 0 0 0 0 0 1583838187
-15763302 -15226449 21377747 4724258 -7745120 -7256637 -1832521 -142167 122207 -126257 -43316 -2222 -3931 -62325 -12571 -3585 -6719 -2618 -950 -1167 -220 -144 79 -310 -3 29 -13 0 10 0 0 1 -1 0 0 -1 0 0 1 -1 6 0 0 0 0 0 0 0 0 0 0 0 0 0 0 0 0 0 0 0 1583838187
43992973 35170561 -85371937 -53137450 -6525994 52046460 -1898487 -115528 -323832 -101873 -35271 99710 -2750 -45339 -90252 46969 3943 9041 -707 322 -115 -4421 518 -377 0 262 -4 -12 4 -5 0 5 0 -10 -1 -6 0 -2 3 0 0 0 0 0 0 -4 0 0 1 0 0 0 0 3 0 0 0 0 2 -1 1583838187
-6784149 -7520688 5083406 -3941609 -7781038 1829287 -1822578 -138383 175740 -122853 -42229 180696 -3490 -66491 -38174 5284 -6880 -65 -875 -1023 -206 -829 -70 -302 0 409 -17 -16 7 -4 0 4 -2 -6 1 0 0 -1 0 0 -1 -2 1 0 0 0 1 -1 0 0 0 0 0 0 0 0 0 0 0 0 1583838187
4322630 1630201 -14344890 -14740789 -7472901 12567520 -1839814 -133090 -104223 -117841 -40518 -84681 -3766 -65781 -44769 22722 -9003 0 -885 -152 -208 -1594 -35 3497 -29 232 9818 3 12 0 1 -7 -70 5 7 -3 0 1 0 -4 0 1 -3 -2 -3 -2 0 1 0 0 0 1 0 1 0 0 0 0 0 0 1583838187
-15665897 -15143498 21202981 4621425 -7688589 -7150323 -1838208 -142095 130026 -126234 -43310 271 -3920 -60874 -12782 -3886 -7899 -2658 -966 -499 -225 -193 527 -298 -2 7 -12 -8 0 0 0 2 4 0 2 0 0 0 0 0 0 0 0 0 0 0 0 0 0 0 0 0 0 0 0 0 0 0 0 0 1583838187
-16010337 -15440864 21831138 4951930 -7650871 -7508960 -1840922 -142224 123359 -126352 -43343 -22390 -3962 -59737 -9429 -4515 -8941 248 -955 628 -224 -342 715 -273 -2 -51 -13 -8 -1 0 0 1 1 0 2 0 0 0 0 0 -1 0 0 0 0 0 0 0 0 0 0 0 0 0 0 0 0 0 0 0 1583838187
-15602020 -15066877 21044653 4574940 -7324216 -7057021 -1875492 -142122 147993 -126336 -43354 18705 -3849 -51260 -13818 -3916 -5411 -1773 -976 -189 -215 -261 1960 -314 -2 59 -9 -10 0 0 0 2 17 -1 3 -1 0 -1 0 -1 0 0 0 -2 0 0 0 1 -1 0 0 0 0 0 0 0 0 0 0 0 1583838187
-16063964 -15489748 21934194 4996542 -7800164 -7570514 -1827356 -142227 120501 -126332 -43334 -28835 -3989 -64072 -11039 -3676 -9096 -3057 -963 -637 -231 -138 47 15 -4 -7 779 -5 2 0 0 1 -3 0 2 0 0 0 0 0 0 0 0 0 0 0 0 0 0 0 0 0 0 0 0 0 0 0 0 0 1583838187
44527303 35479198 -86051844 -53789912 -7032344 52339735 -1846057 -114698 -445069 -101108 -34942 -168920 -3267 -57495 -4688 -1173 -8566 -3093 -748 -1077 -193 -3584 -53 -265 0 -408 -7 4 -1 3 0 -3 5 0 3 0 0 0 1 3 -3 16 0 -2 0 -13 3 1 1 0 -1 0 0 1 0 0 0 0 -1 0 1583838187
1157439 -1038959 -8736941 -10812185 18886592 9775114 -4250053 -136139 -123015 -124601 -43169 -183789 -1547 621036 1106038 -766895 12224 -41169 -1257 128 -423 4739 -1471 5009 -52 -32 -133 4 22 -10 0 9 -56 -15 26 -24 0 0 -3 1 6 -22 -1 3 -1 -6 2 -9 7 2 0 -2 2 -2 0 0 0 0 0 0 1583838187
15944477 11469148 -35180996 -25961791 -3944281 24154907 -2150984 -127850 -150364 -113742 -39183 -103651 -3273 28372 -29071 12416 -6694 -3841 -871 -1481 -250 -1960 -211 182 -2 -235 -22 3 2 4 0 -5 -7 5 4 -2 0 0 0 1 -1 3 0 1 0 1 0 -2 0 0 0 0 0 -2 0 0 0 0 2 -1 1583838187
60188773 48602668 -113873594 -68986055 -4152466 67650091 -2092942 -107305 -681901 -94764 -32776 -515317 -3356 14706 33760 -10482 -6492 -7250 -746 -2449 -220 -4121 -239 573 -4 -486 -23 8 5 -2 0 2 -9 -9 5 -4 0 0 0 1 -3 15 0 1 0 9 0 0 3 0 0 0 0 4 0 0 0 0 -2 0 1583838187
-13196064 -13098079 16861036 2225916 -7181098 -4773268 -1881411 -140909 65743 -125189 -42951 -91347 -4000 -47672 60931 -50138 -6734 -5014 -980 -441 -223 24 1207 -316 -4 -36 -11 -4 3 -1 0 1 -2 -1 2 0 0 0 0 0 0 3 0 0 0 2 0 0 0 0 0 0 0 0 0 0 0 0 0 0 1583838187
12894775 8904509 -29760494 -22731923 3823906 21268504 -2862465 -129793 -127810 -116680 -40302 -78724 -2572 230143 391005 -279104 -5843 -19068 -958 -1369 -336 489 -328 1922 -18 -180 -61 0 8 -4 0 5 -19 -8 11 -11 0 -1 2 -2 1 -6 -2 -3 3 -1 1 0 0 -1 -3 0 -1 -2 -1 -1 0 -2 1 0 1583838187
-10891789 -11058313 12505914 1165707 23900950 -1814743 -4716012 -142436 106149 -130983 -45320 101843 -612 754613 16152 -18808 8507 -3749 -1262 2937 -548 17967 -1701 1991 -15 -159 -64 -4 1 -5 0 -3 -39 0 15 -15 -1 2 4 1 0 2 -7 1 -3 3 -6 -1 1 2 2 -1 0 0 0 0 0 -1 -1 0 1583838187
-1775765 -3638242 -3244411 -8375468 6581496 6439935 6137121 -121855 -242215 -97286 -29069 -475320 -8143 -129156 48857 -21167 -9758 -2680 -1087 -39 -170 -807 -1585 971 -13 22 -40 0 10 0 0 0 -11 7 13 0 0 0 4 1 0 6 -2 1 1 5 0 2 0 0 3 0 0 0 2 -1 0 0 1 0 1583838187
-15858802 -15311557 21550628 4931207 -4135581 -7301903 -141155 -139219 120001 -121458 -40739 -25185 -4712 -64167 -11482 -3356 -9911 -3040 -989 -639 -230 -140 -298 70 -4 -14 -23 -7 1 0 0 1 -4 0 4 -1 0 0 0 0 0 0 0 0 0 0 1 0 0 0 1 0 0 0 0 0 0 0 0 0 1583838187
-13791873 -13454202 17472807 5991182 79410801 -3768870 44990136 -61319 123700 6996 27534 62828 -24857 -391194 -16063 -211 -30848 -3440 -1670 -765 -38 -11 -9330 8379 -34 415 -243 -24 0 -1 0 1 -66 -5 61 -2 -2 -1 10 8 2 -1 -10 6 9 3 11 -5 3 3 13 -9 2 -2 -1 10 0 2 0 -1 1583838187
-11721055 -11729810 13963150 1367575 4979842 -2858734 4983985 -129165 162118 -105639 -32678 260350 -6497 -112165 30380 -40356 -12153 235 -1025 1158 -182 8868 -1305 954 -7 532 -50 -8 19 -5 0 2 -11 -6 11 -1 0 1 0 -3 22 13 -2 0 2 -13 4 0 0 0 3 -3 1 10 -1 2 0 0 4 -1 1583838187
-16089340 -15505998 21966116 5090797 -5843589 -7555997 -1219890 -141141 124823 -124598 -42386 -21519 -4209 -50125 -11076 -3844 -7881 -2694 -985 -506 -229 -156 -181 124 -4 -30 -24 -4 4 0 0 1 -4 0 4 -1 0 0 1 0 0 0 0 0 1 0 1 0 0 0 1 0 0 0 0 0 0 0 0 0 1583838187
-15976046 -15413544 21773419 4909379 -7873121 -7479677 -1820986 -142188 122725 -126290 -43320 -22704 -3982 -65527 -11323 -3722 -6282 -2732 -982 -526 -216 -174 -106 -261 -3 -18 -12 -6 1 0 0 1 -3 0 1 1 0 0 0 0 0 0 0 0 0 0 0 0 0 0 0 0 0 0 0 0 0 0 0 0 1583838187
-15782224 -15230652 21353292 5404177 11146455 -6962300 5917806 -128523 120813 -104118 -31420 -20097 -7253 -28280 -11196 -2956 73 -3221 -1184 -764 -183 -123 -2314 232 -6 -4 -24 -6 1 0 0 0 -22 0 -4 5 0 0 -5 5 1 0 -2 2 4 0 -2 3 -2 6 -2 4 -1 0 2 0 0 0 0 -1 1583838187
-10922571 -11017556 12491675 3033 -7835130 -2294041 -1820804 -139997 219293 -124489 -42759 142170 -3622 -66705 -30176 972 -6401 -1739 -945 -359 -209 -556 -101 -315 0 402 -16 -22 -2 -2 0 3 -2 -5 1 0 0 -1 0 0 0 -1 2 0 0 0 0 0 0 0 0 0 0 0 1 -1 0 0 0 0 1583838187
-16089235 -15507094 21970583 5042681 -7206903 -7579424 -1246139 -141282 124865 -124728 -42488 -21700 -4260 -78174 -11208 -3851 -7865 -2888 -981 -573 -216 -153 -135 -293 -2 -29 -13 -4 4 0 0 1 -1 0 0 0 0 0 1 1 0 0 0 0 0 0 0 0 0 0 0 0 0 0 0 0 0 0 0 0 1583838187
-16071439 -15490002 21935860 5006841 -7867425 -7571764 -1822942 -142253 123978 -126344 -43342 -13273 -3965 -65290 -11689 -3892 -4476 -2940 -987 -803 -208 -149 -135 -344 -3 -24 -8 -4 3 0 0 1 0 0 2 0 0 0 0 -1 1 0 1 0 0 0 1 0 0 0 0 0 0 0 0 0 0 0 0 0 1583838187
-15364399 -14897593 20680366 4332550 -7863406 -6859581 -1824851 -141981 118895 -126076 -43258 -554 -3929 -65270 -13888 -3092 302 -2938 -1025 -668 -183 -221 -443 -392 -4 120 -12 -10 1 -1 0 2 -3 -1 3 0 0 0 0 2 0 0 2 0 1 0 0 0 0 0 0 0 1 0 0 -1 0 0 0 0 1583838187
-15561691 -15054417 21014655 4519907 -7849897 -7046315 -1824177 -142058 129540 -126167 -43288 4799 -3925 -65155 -13523 -3599 -3127 -2729 -1001 -558 -199 -211 -290 -165 -4 46 -15 -9 0 0 0 1 -5 0 1 3 0 0 0 0 0 0 0 1 0 0 -2 0 0 -2 0 0 -1 0 0 0 0 0 0 0 1583838187
-15468271 -14979059 20852732 4454529 -7370413 -6955477 -1623628 -141691 119216 -125550 -42967 7705 -4005 -64173 -13407 -3446 -7584 -2041 -947 -864 -221 -200 201 -298 -3 71 -14 -4 6 0 0 2 -1 -1 0 -1 0 -1 1 -1 6 0 0 0 0 0 0 0 0 0 0 0 0 0 0 0 0 0 0 0 1583838187
-5885205 -7017671 3963215 -4893921 -7763619 2315859 -1823728 -137454 -87115 -121805 -41779 -254427 -4225 -63697 53438 -36614 -4681 -4301 -979 -442 -202 -480 -194 -158 -7 -54 -13 0 7 0 0 0 -1 6 0 0 0 0 0 3 0 1 -2 0 1 3 -1 3 1 -2 0 0 -1 0 0 0 0 0 0 0 1583838187
-16021726 -14907793 20756583 5896102 -7928334 -7240274 -1824622 1112010 118048 -125169 -43100 -30060 -3974 -65624 -10925 -3708 -6141 -4836 106324 3368 45 -53 -348 -187 0 -37 -8 -54 11 0 0 0 -2 0 0 1 35 0 5 0 0 0 2 0 0 0 0 0 0 0 0 0 0 0 0 0 0 0 0 0 1583838187
-16089185 -15510825 21978982 5018287 -7882067 -7597283 -1820384 -142233 120525 -126327 -43330 -28554 -3995 -65666 -10827 -3719 -6634 -2968 -973 -805 -218 -137 -75 -309 -3 -21 -12 -4 3 0 0 1 -2 0 1 0 0 0 0 0 2 0 1 0 0 0 0 0 0 0 0 0 0 0 1 -1 0 0 0 0 1583838187
