-16089182 -15507132 21967675 5104153 -5516134 -7555925 -2047159 -142429 119935 -126858 -43549 -22274 -3758 -5796 -1975 -426 -10052 3315 -978 2803 -242 -2364 47 2232 -14 -60 -23 -15 -6 -4 0 0 19 0 -5 1 0 3 -1 2 0 1 5 10 0 -1 -3 0 0 3 3 0 6 -2 0 0 0 1 0 0 1583836345
-16094572 -15454498 21752802 7477095 61993859 -6390702 -8209621 -147180 118511 -140945 -49081 -19469 2786 1738180 -10309 -785 -20933 -1134 -973 -344 -1204 280 -599 2788 -12 -7 -2 -4 2 1 0 1 15 0 -6 -10 3 0 -22 -10 -1 0 -1 17 -15 -2 -5 -2 2 1 0 -3 0 0 1 2 0 0 1 3 1583836345
-16091341 -15492847 21905876 5823767 15017340 -7202577 -3913747 -143852 119934 -131066 -45210 -26695 -1773 526667 -10722 -2742 -15311 -2398 -952 -521 612 5 52 663 -4 -20 -1 -4 1 0 0 1 8 0 -2 -3 1 0 -7 -4 0 0 0 9 -6 0 -1 0 0 -1 0 1 -1 0 1 0 0 0 0 0 1583836345
-16091412 -15492146 21902957 5856562 15951814 -7186459 -4004290 -143925 119905 -131282 -45312 -26601 -1701 543192 -10719 -2717 -15420 -2381 -953 -519 607 9 -102 1720 -10 -19 -5 -5 1 0 0 1 11 0 -3 -3 2 1 -18 0 0 0 3 9 -1 0 4 -3 2 5 -1 -2 -1 0 0 4 0 -1 -1 -1 1583836345
-16089425 -15505232 21964006 5105402 -5576528 -7555872 -2030715 -142420 120559 -126828 -34365 -29912 -3794 -13061 -10902 -3611 -10115 -3008 -959 -627 -261 -122 38 899 -8 -24 -37 -3 1 0 0 1 -5 0 5 -4 0 -1 1 -1 0 0 1 0 1 0 0 -1 0 0 0 0 -1 0 0 0 0 0 0 0 1583836345
-16089182 -15507132 21967675 5104153 -5516134 -7555925 -2047159 -142429 119935 -126858 -43549 -22274 -3758 -5796 -1975 -426 -10052 3315 -978 2803 -242 -2364 47 2232 -14 -60 -23 -15 -6 -4 0 0 19 0 -5 1 0 3 -1 2 0 1 5 10 0 -1 -3 0 0 3 3 0 6 -2 0 0 0 1 0 0 1583838187
-16094572 -15454498 21752802 7477095 61993859 -6390702 -8209621 -147180 118511 -140945 -49081 -19469 2786 1738180 -10309 -785 -20933 -1134 -973 -344 -1204 280 -599 2788 -12 -7 -2 -4 2 1 0 1 15 0 -6 -10 3 0 -22 -10 -1 0 -1 17 -15 -2 -5 -2 2 1 0 -3 0 0 1 2 0 0 1 3 1583838187
-16091341 -15492847 21905876 5823767 15017340 -7202577 -3913747 -143852 119934 -131066 -45210 -26695 -1773 526667 -10722 -2742 -15311 -2398 -952 -521 612 5 52 663 -4 -20 -1 -4 1 0 0 1 8 0 -2 -3 1 0 -7 -4 0 0 0 9 -6 0 -1 0 0 -1 0 1 -1 0 1 0 0 0 0 0 1583838187
-16091412 -15492146 21902957 5856562 15951814 -7186459 -4004290 -143925 119905 -131282 -45312 -26601 -1701 543192 -10719 -2717 -15420 -2381 -953 -519 607 9 -102 1720 -10 -19 -5 -5 1 0 0 1 11 0 -3 -3 2 1 -18 0 0 0 3 9 -1 0 4 -3 2 5 -1 -2 -1 0 0 4 0 -1 -1 -1 1583838187
-16089425 -15505232 21964006 5105402 -5576528 -7555872 -2030715 -142420 120559 -126828 -34365 -29912 -3794 -13061 -10902 -3611 -10115 -3008 -959 -627 -261 -122 38 899 -8 -24 -37 -3 1 0 0 1 -5 0 5 -4 0 -1 1 -1 0 0 1 0 1 0 0 -1 0 0 0 0 -1 0 0 0 0 0 0 0 1583838187
