-16089287 -15511410 21980151 5017562 -7890507 -7598211 -1820197 -142232 120216 -126326 -43331 -29295 -4000 -66404 -9548 -3061 -9641 -2550 -924 -1331 -232 -294 80 266 -5 -16 461 -5 2 0 0 2 2 0 3 0 0 -1 0 1 0 0 0 0 -1 0 0 0 0 0 0 0 0 0 0 0 0 0 0 0 1583838658
-16089380 -15508133 21973600 5022426 -7892420 -7596495 -1819045 -142248 120628 -126328 -43330 -30230 -4001 -66329 -10919 -3697 -9644 -3068 -960 -637 -232 -135 81 91 -4 -21 327 -4 2 0 0 1 0 0 2 0 0 0 0 0 0 0 0 1 0 0 0 0 0 0 0 0 0 0 0 0 0 0 0 0 1583838658
-16089369 -15508041 21973415 5022558 -7892442 -7596441 -1819041 -142249 120628 -126008 -43329 -30230 -4001 -66236 -10920 -3697 -9685 -3082 -979 -651 7738 -134 79 61 -4 -24 123 -4 1 0 0 1 0 0 2 0 0 0 0 0 0 0 0 0 0 0 0 0 0 0 1 0 0 0 0 0 0 0 0 0 1583838658
-15923992 -14041042 18999656 7150375 -7993162 -6729821 -1831700 -152177 121660 -132866 3932270 -28312 -3799 -75326 -10268 -3495 -8984 -2898 -902 -601 -211 -130 79 156 -5 -17 544 -5 2 0 0 1 -2 0 2 0 0 0 0 0 0 0 0 1 -1 0 0 0 0 0 0 0 0 0 0 0 0 0 0 0 1583838658
-16088515 -15484425 21907489 5440332 3385975 -7392923 -2937549 -143267 120287 -128566 -44389 -28478 -2861 228409 -10830 -3226 -12369 -2752 -976 -597 9196 -64 7 -290 -1 -12 9 18 -2 0 0 1 5 0 -3 0 0 0 -3 -1 0 0 0 1 0 0 0 -1 1 3 -1 1 0 0 1 1 0 -1 0 2 1583838658
-13682155 5907091 -21506625 37558009 33983405 5782868 -6304114 -290504 134327 -231467 57757315 4382 3313 933888 -1097 1034 -10323 677 -103 104 -559 206 -471 -434 5 3 29 -3 1 0 0 0 2 0 -5 7 0 0 -1 2 0 0 -3 0 4 0 3 -4 3 5 -1 3 -3 0 2 2 0 1 2 3 1583838658
-16090186 -15505129 21956082 5269568 -752090 -7474718 -2526584 -142824 120412 -127892 -43994 -29120 -3279 120306 -10862 -3398 -11350 -2858 -958 -603 756 -91 0 -263 -2 -24 -7 -4 1 0 0 1 0 0 0 0 0 0 0 0 0 0 0 1 0 0 0 0 0 1 0 0 0 0 0 0 0 0 0 0 1583838658
-16092667 -15471092 21824097 6654382 38511382 -6795016 -6058945 -145529 119225 -132501 -47195 -23248 433 1106915 -10536 -1813 -20830 -1751 -959 -423 7730 146 -553 -462 2 -14 56 -3 2 0 0 2 17 0 -21 5 1 0 -5 6 1 0 3 -8 15 2 4 4 -4 11 -1 -5 -7 0 -3 6 -1 6 7 13 1583838658
-16087984 -15489048 21927373 5209996 -3192118 -7506240 -2247723 -142667 120487 -127339 -38877 -29515 -3549 53474 -10879 -3504 -10792 -2931 -957 -613 -300 -106 23 -291 -2 -16 -6 13 -1 -1 0 1 0 0 0 0 0 0 0 0 0 0 0 0 1 0 0 0 0 1 0 -1 0 0 -1 1 0 1 1 1 1583838658
80 -502 -164 422 343 -481 696 -309 -637 284 191 468 -117 854 -107 262 394 121 534 192 -191 -371 -72 -194 443 -389 230 19 31 -455 -518 -345 152 190 316 356 -357 -397 523 -257 -414 -317 25 214 162 -100 127 -133 -605 -8 -269 159 -606 -152 -501 -58 350 45 -376 69 -134 -196 -159 254 76 -479 297 71 -90 -101 -333 -465 -316 -279 127 -541 -118 -359 445 149 393 -270 -64 189 129 -45 33 -282 -66 -105 -69 78 438 201 -258 -386 214 -659 582 -255 -188 -168 -503 370 69 -245 -311 -131 -63 156 173 347 -788 -82 -178 -168 86 -173 169 -319 -7 -592 147 91 -112 -268 458 239 -23 98 -37 -2 317 -463 -79 126 -202 60 151 490 -56 56 -461 -49 -231 -83 -139 -283 357 414 -260 22 -116 -81 -20 482 -230 432 92 -246 11 -276 -202 36 -516 144 363 -352 238 425 180 -57 -426 144 -718 -276 -62 -517 534 -295 -81 392 -60 -262 257 89 59 212 498 107 -43 -212 -118 -281 -10 210 244 -76 427 -65 198 121 13 482 121 80 493 405 -182 -499 -209 -17 -96 78 240 690 -531 91 90 -171 -190 429 401 -165 -66 -95 -501 165 391 -475 -267 -200 135 225 -77 -4 -193 -371 -297 230 24 159 -68 26 -81 -177 107 105 6 -27 -250 -256 178 54 -35 -214 74 -703 -8 145 114 -182 -381 197 -413 -100 -250 534 139 127 -47 43 -199 -175 18 -318 74 434 127 -98 -6 323 -151 352 -198 -91 -117 428 -42 -261 -318 -349 -377 100 88 -45 546 121 -53 167 16 -339 114 -212 -257 421 30 323 329 50 -159 -247 -63 19 -302 -289 48 117 -284 -461 311 -297 241 -156 -17 -296 66 -384 -225 207 179 -217 -258 203 196 243 -126 148 158 486 -52 -248 171 -208 84 -150 94 239 301 -541 -240 379 -267 308 103 166 84 -156 -83 -106 160 13 318 324 -47 650 -209 15 -115 172 -151 -430 349 232 -434 195 -132 100 -27 618 -449 59 339 93 461 -201 -466 477 -48 -84 164 414 6 -15 -514 -54 224 456 -362 360 336 127 330 -5 518 238 270 -36 196 -2 170 21 319 -90 37 146 -340 198 -7 -3 -49 86 117 -178 358 -20 1583863281
45 -42 -601 -595 -97 -371 53 245 387 211 -549 429 -250 356 17 118 139 -536 617 -292 -817 -17 68 571 15 -462 194 337 -750 176 -171 122 583 -148 -643 473 -447 -421 329 219 -356 401 184 -35 -372 585 559 -206 284 -262 560 -473 33 -45 -302 361 216 -129 217 -266 144 -265 219 -101 205 419 56 205 -189 16 110 -419 -144 944 -75 112 105 -251 568 590 -120 15 -126 387 -157 198 -479 -64 99 50 -524 266 562 -153 373 -348 -70 -262 0 -351 -280 -49 -550 251 584 123 -97 -133 343 114 -173 -351 -102 296 509 331 -519 440 -37 134 218 -550 -129 24 -439 -196 -497 -63 -12 -561 155 499 -91 -55 315 252 173 -284 -197 -523 -50 224 -476 86 -146 55 -438 -51 -117 557 96 -111 -383 -87 124 13 462 -42 284 194 717 277 -129 -644 -127 -116 -46 446 28 10 -236 -71 342 -56 151 -85 -164 255 56 -36 -371 165 -88 -258 605 159 71 -159 177 -227 -34 -206 -81 -59 -355 65 -208 -205 -266 244 290 -175 -521 130 -588 -318 -163 116 -354 -64 267 151 -194 501 -305 91 76 -161 -352 273 111 -64 313 187 191 313 -84 -22 -16 161 305 -4 75 41 -194 20 266 -290 440 162 500 62 -116 -193 -359 242 407 332 121 211 -78 324 -220 342 -133 499 -3 244 427 239 116 132 -43 -424 441 155 27 -657 426 117 6 -180 -224 571 304 131 46 258 -508 80 -27 137 22 -218 -327 -470 -83 93 68 253 215 -674 -656 11 198 142 60 -304 123 -343 -56 -398 1 -178 433 213 89 236 117 55 -103 -436 -233 434 288 -562 -177 27 -63 -938 50 168 501 -130 448 -267 -129 385 -233 -111 108 -76 -175 53 400 119 433 -101 52 -51 -428 492 177 -189 96 -29 -564 129 14 -294 -86 -340 122 112 269 -400 0 183 -15 -305 -224 -4 -260 260 179 -11 414 -302 -78 -190 -46 -452 334 86 159 -175 -193 -368 -161 -426 135 -304 -83 -55 -171 135 99 42 -83 -50 -383 48 -57 123 124 110 -10 88 -271 -190 155 -287 -141 512 -107 464 216 31 119 56 -466 -4 -239 -158 -322 -183 -39 209 245 31 -22 329 -138 167 -9 58 1583863281
248 -195 269 183 -491 -153 663 -412 -296 181 -65 261 -127 -425 533 12 -191 176 -62 450 24 155 -327 488 -280 0 -121 -308 208 90 -20 -425 395 214 -564 -349 384 -488 169 -240 -171 323 804 14 301 352 333 156 110 -93 406 -229 -399 -475 408 -80 219 -374 -60 335 -518 -372 299 415 -401 263 125 -297 -208 125 -727 -102 58 -132 351 -113 456 -36 -38 94 -346 -81 -51 366 -262 -247 778 262 -181 693 140 348 -121 212 -331 -423 35 -396 -83 -614 157 -413 78 40 626 -59 -304 392 225 -3 -10 -16 533 677 33 276 -234 258 554 -59 -715 815 285 202 62 135 -14 67 -122 63 -104 -369 396 211 454 62 329 12 -77 -301 -191 -104 249 -117 452 -50 -423 -307 63 114 -203 -199 16 -86 -173 2 -2 -415 345 -537 -151 448 -400 -34 -54 37 -132 -110 -300 343 629 -394 622 -74 107 -171 -156 -521 276 -4 -551 448 220 -227 -434 8 -513 -326 -189 -200 -179 214 -239 -29 757 -155 193 -61 731 -207 -88 73 98 7 80 -199 -229 68 -5 296 120 -478 484 -504 123 7 -147 -5 271 871 152 -216 -367 165 26 -42 -564 -287 -92 -70 9 337 396 424 -60 -2 17 231 298 -274 410 284 -235 192 -12 83 411 69 107 176 -60 564 310 -92 204 -31 259 70 -508 4 121 205 278 125 108 -57 20 96 -336 188 0 -78 -242 -166 -69 134 303 -169 236 157 -412 -69 -243 189 122 248 241 210 77 110 -480 119 -55 107 354 -129 -44 -100 90 181 110 -114 73 -174 23 118 -151 205 691 -79 -396 244 366 -32 51 47 108 -95 -197 -82 -239 152 -151 -120 -238 212 33 -469 226 -92 68 433 -157 -267 -109 417 36 -195 -144 -27 -108 158 -203 -37 82 223 -124 122 365 -107 149 -522 -11 -271 -35 206 -150 -18 -132 179 -321 -141 50 3 -304 -314 -514 56 198 -333 -201 -230 -264 14 -171 -171 7 -347 29 55 -174 -96 96 478 268 85 -138 -121 156 -61 -213 -85 -179 -126 208 -247 -405 -82 -111 -217 -80 101 65 -196 -428 -130 -212 -4 240 -576 -183 150 -40 336 -519 172 -175 287 -94 -263 88 245 -514 417 -95 89 1583863281
393 -533 358 -61 -72 -25 375 33 -326 -222 -130 258 -333 473 -56 -21 49 -86 -613 -333 96 50 -210 -383 -147 -195 149 597 -219 -146 2 -212 50 -71 -372 343 -123 -17 -169 283 273 -475 194 64 -371 98 -8 -283 -339 -65 -477 289 52 -114 532 -255 -39 -464 618 -143 114 -70 385 -143 42 246 -249 -176 217 -184 -602 -248 20 606 -617 396 -6 -246 113 344 362 255 -437 -325 450 -238 363 120 -108 104 -164 266 -128 -61 -222 -316 32 -112 122 292 131 -99 -46 -451 -135 -342 -576 -34 1059 -340 18 -118 217 540 66 459 502 -228 -207 -221 28 377 194 -611 623 395 -268 3 -284 -317 258 -319 -24 -120 157 3 -212 -45 -549 -64 340 -434 388 81 -44 27 366 -216 1137 -168 89 -101 290 31 260 -346 -205 141 154 155 -188 36 -818 -458 -120 307 119 -53 371 -335 297 -322 324 -120 317 843 571 44 -46 410 -84 -591 -339 -251 142 -222 -139 -428 -206 291 -208 -572 -291 -506 149 657 -634 -179 268 79 13 179 -518 -249 -151 -77 -124 -102 10 342 127 316 21 -233 -535 -102 365 413 -301 286 531 54 196 -13 623 205 -56 -415 121 -379 -118 209 588 110 657 -313 -431 477 4 -66 -249 540 24 97 79 -7 141 -344 -582 179 -595 -87 217 -107 -79 47 -222 -39 -250 172 519 307 454 -83 325 -59 -21 311 -265 275 -56 -139 145 265 162 197 -171 -165 0 -650 351 -305 566 -147 -573 320 -398 -114 -99 -233 209 108 75 -306 118 -197 -14 15 -117 612 34 -16 153 -360 -154 -51 -233 -73 89 280 430 -436 -501 -15 -203 115 334 443 -392 -66 214 -321 256 -110 -88 -55 -294 119 255 129 -369 -326 -62 20 334 164 69 -166 113 260 88 222 -235 305 133 -156 325 459 -289 -2 -164 119 -33 98 -346 -213 41 180 -7 63 455 -354 92 -42 -93 -329 -184 -91 154 169 359 266 -473 -99 -364 -23 -58 288 148 14 241 -141 375 16 65 224 64 -142 -219 62 -200 -383 -126 79 744 -59 207 -200 312 -543 351 -315 6 -109 75 83 -29 -508 -13 0 110 -161 -384 11 198 -70 -451 -110 141 223 -169 549 155 -164 -251 -46 1583863281
1057 477 54 -330 122 139 380 405 -130 -176 -8 -262 -59 280 87 287 673 157 -59 -110 31 -482 31 -5 -243 -116 -605 24 -275 -302 -161 -92 619 -33 -446 177 195 -182 -516 -192 -527 -60 -231 91 199 -206 542 -537 99 -368 28 -232 354 -121 -1051 18 -404 -579 -554 146 -315 248 4 373 136 -281 -269 227 26 210 -3 -189 -55 -558 -151 -65 -253 238 221 126 276 240 59 -352 282 577 -391 97 -687 385 502 32 133 100 270 9 444 -554 38 -316 568 145 253 -110 367 -575 -78 -137 448 -76 -39 8 -126 244 -354 -405 -13 7 -550 268 -155 278 -501 10 -73 595 -172 -679 -74 304 -382 83 -154 -89 111 -383 154 -54 -515 76 -217 -55 -195 132 254 106 154 336 -102 -480 -37 -416 99 412 102 103 243 495 -43 -167 1 -265 86 117 -222 418 -207 727 -430 307 -244 -11 333 -34 34 201 256 -10 607 -318 244 -252 -235 155 -161 -204 136 295 -765 32 -230 -146 -187 736 301 -55 277 459 47 73 267 136 551 -234 -655 -8 273 -654 99 393 -15 52 -366 -105 -96 -114 -63 34 118 161 -272 52 360 65 -86 -101 -142 63 206 152 301 -90 -431 -113 -352 47 633 60 -187 -205 108 -176 -94 312 22 415 -835 320 -150 -128 -96 261 272 -285 353 110 160 -494 -61 -337 -312 56 -194 -145 -379 -157 -419 -451 299 -85 359 -284 -52 -493 636 369 58 -196 209 78 -616 376 109 -52 -167 -325 -75 -310 96 -489 26 -260 -344 -258 17 -77 -62 383 57 -146 -253 -81 -209 -74 -292 11 -104 -311 147 224 103 -97 -325 -159 43 -70 92 197 -144 221 -40 187 705 268 28 -274 306 234 -183 7 -337 547 -244 -751 417 188 -576 45 -321 -36 0 -507 -78 277 -403 79 44 313 18 162 -286 75 -95 46 421 -231 -208 245 -60 -98 182 14 196 64 -282 -142 -42 69 -290 -48 -13 353 340 -351 -111 -100 51 41 -128 -491 114 -64 560 41 168 47 61 346 -83 313 18 -54 217 135 25 -141 -103 284 79 50 -20 -112 -26 -587 335 -11 -26 232 -74 244 -35 255 74 110 153 -347 -179 8 19 -388 49 -143 65 -136 85 -266 1583863281
232 -106 196 -269 -210 56 -126 -283 -839 390 -254 -482 285 -103 337 -146 -58 698 923 544 -171 211 -679 -456 236 -453 311 582 164 297 -178 -851 -833 263 -117 -103 36 97 -619 -28 264 -25 -100 36 -313 -58 186 -204 381 -452 -433 178 -51 -239 348 450 -170 -69 -76 336 0 -44 -66 172 -348 66 -149 10 -43 -635 -329 -249 -609 -455 242 450 -182 -243 -684 393 -31 86 162 -170 -492 -196 298 343 0 55 122 195 -472 357 -167 -165 -167 2 3 393 45 41 83 -361 -850 -209 -116 -307 96 214 -342 32 -259 -297 -235 53 -382 -267 129 -486 -309 -366 417 -298 313 454 -237 -138 -177 -80 241 156 -43 457 311 173 -466 -101 -109 -108 -188 -36 341 -120 453 -430 -87 293 -225 39 -195 531 -318 -237 -191 -47 -149 -86 -77 669 -442 78 26 876 -108 -65 115 282 10 -14 -174 105 368 530 194 304 -70 -270 235 -67 -135 525 32 121 -265 25 -676 -272 -53 3 -309 -50 -438 192 -356 277 -385 -149 247 69 22 328 456 139 238 -334 -201 -364 -84 61 -188 -131 -360 -104 268 -191 -324 29 -313 181 -565 -8 -83 36 207 622 -453 149 359 -307 -168 38 -253 103 131 174 501 -400 -16 53 -470 -346 -472 376 -2 118 37 101 -295 -544 234 -32 -38 -122 224 -239 -303 51 66 -193 198 367 -231 -312 401 -29 -258 -24 569 336 324 76 -400 137 107 291 485 139 -177 -2 16 -382 -351 -340 154 458 113 -356 -48 -123 32 -237 -603 -121 273 85 -338 -344 -124 302 172 264 187 -180 496 -253 -78 231 -471 -107 45 118 -18 -249 -226 388 -240 -208 60 -138 206 278 338 -288 -211 -378 -233 315 -605 145 -144 10 -45 -99 115 679 65 22 178 36 -55 -190 43 108 -629 -78 -335 -17 357 78 -114 -50 -138 -384 -49 418 -369 270 332 212 142 -46 -49 -238 -394 -16 -247 355 142 19 -293 -187 297 234 -79 67 -5 -269 256 -95 153 -282 253 -119 -200 173 156 -244 -388 -92 55 293 -48 -20 51 -126 5 72 -52 316 265 22 -82 58 361 68 -379 29 416 -141 -362 173 -40 298 -292 -282 -192 144 172 463 195 53 -194 97 -18 -530 1583863281
-401 197 393 89 -35 -27 286 212 394 -528 -345 264 166 -462 78 333 560 -250 3 -686 396 -194 343 123 222 55 -407 -73 251 -576 210 -74 31 -249 75 342 -327 -12 132 217 332 223 -87 34 129 -405 79 -415 638 -168 179 115 599 74 539 -78 545 -558 135 -336 -362 -6 -296 378 19 -82 -129 -48 294 200 -16 325 326 307 263 -178 278 13 353 -53 -22 410 -299 129 278 -134 -181 -19 -404 307 -281 -164 -98 -335 -175 143 -478 0 168 -313 280 -250 54 -458 152 -115 -84 76 -61 -104 -318 382 -88 84 115 263 135 288 -302 424 -59 234 -102 242 -450 96 254 -706 393 31 237 456 -351 -98 -54 341 -153 -148 -2 563 -464 340 -658 -489 -550 153 -264 553 -241 -251 -261 -105 -138 -406 -396 -386 181 400 365 118 -161 -137 -674 -96 84 -121 201 72 386 -460 118 504 -45 201 467 -157 282 736 230 69 -309 106 61 87 -41 -368 532 643 47 171 -247 -289 320 -86 -178 100 -305 -70 453 -343 0 437 -334 134 -23 341 -30 -370 240 0 -272 117 -66 -656 -9 136 227 86 52 31 -116 110 319 60 140 -220 -236 -278 -514 -78 -157 -292 -221 -233 -15 134 106 -116 -83 -90 -207 -392 53 -36 -151 -218 -118 -156 488 -359 164 -58 -283 412 850 -158 -54 472 437 -75 122 -144 294 34 -31 25 -111 -316 191 128 -63 136 -267 99 -118 35 -132 60 -511 221 116 117 -200 305 144 111 151 699 -357 -245 -278 -273 -108 302 -343 -86 332 -102 151 -428 -518 446 -121 276 842 82 238 -247 -293 84 -187 87 -48 -65 -106 125 279 -252 -219 255 -143 -102 353 60 421 -23 -108 147 -624 126 4 -112 126 46 -670 -451 107 -130 100 -20 5 -302 290 305 -186 -315 -83 -234 64 -46 165 175 87 73 29 -234 157 -308 -258 -348 -97 -392 98 167 -175 232 -219 -334 -161 177 -64 -393 258 241 -636 -334 -229 72 392 -75 10 309 164 110 -446 -5 77 21 70 446 -37 -29 -20 113 148 289 73 180 -57 -311 180 296 -58 -96 342 295 171 88 -42 -121 47 -95 -88 83 229 -187 -252 -201 80 -173 -56 152 284 16 -248 -33 1583863281
-15 309 -81 -527 569 182 -169 299 -354 -604 -77 548 -206 -6 9 374 -157 610 177 -329 61 47 63 -84 223 -144 263 -444 -141 336 370 -147 519 -58 -36 -541 72 308 -182 151 -364 -233 21 -255 135 98 277 71 -82 330 -129 154 559 64 -290 40 265 49 -225 682 -324 123 -81 202 -330 216 136 -616 -323 245 39 111 624 146 -115 -165 -132 65 82 241 79 -56 6 236 -35 -228 -112 176 -125 422 62 271 323 -514 181 -315 78 546 -514 -150 322 -90 227 158 675 -35 528 -105 -223 135 -22 112 559 -40 -133 104 -182 417 -67 -409 -437 -190 168 -202 77 -161 -189 -273 616 -133 360 297 -175 947 112 402 60 544 -227 -104 80 -486 509 241 -526 341 -588 -183 -245 -249 459 -136 -408 117 -404 180 135 36 -236 -116 31 61 292 417 704 -417 98 697 -250 -117 230 441 -699 -8 -585 -201 0 -101 146 -396 65 -371 -205 -211 -33 -17 83 -424 -145 159 -91 285 251 -270 365 344 -24 317 -647 80 -68 -292 -54 299 -11 392 672 -152 335 89 21 -142 352 108 183 544 -492 151 781 -65 -180 433 498 -118 64 -153 -145 108 161 -513 -945 -84 -165 -38 -312 -335 45 96 485 -169 394 293 -397 126 -404 326 243 125 271 3 -533 172 69 228 70 -456 -43 330 -321 -82 -34 66 -324 -364 -105 -18 539 210 434 -4 299 191 -81 -148 34 -97 -166 297 -243 326 -138 -56 61 156 440 -333 390 -195 -449 -112 -73 34 347 430 -6 249 323 28 -93 375 260 313 -152 68 27 382 -78 -72 -49 160 -69 -255 -129 398 209 -205 312 104 174 279 -24 43 231 -558 380 -281 61 -14 87 -216 79 372 -235 43 -134 185 392 -175 -275 352 69 19 299 203 26 360 -238 151 -766 42 -213 -190 -250 -537 -234 314 444 -24 -236 -501 198 110 -35 80 -164 -133 -213 -17 150 213 -187 351 175 44 -114 -297 178 101 207 -270 563 -185 -486 80 226 98 166 -26 180 33 -67 -199 53 -321 -327 167 -12 289 -61 -367 -452 -431 -136 88 -500 -86 -99 -210 454 -522 -129 -33 22 92 94 76 339 58 155 -357 -177 153 155 332 -27 153 1583863281
-20 -344 -130 -75 149 -447 389 170 -43 -345 -148 758 22 -85 138 -681 703 -83 212 -42 -47 148 267 -214 -122 -105 -511 -627 -90 493 -39 191 -909 -86 -88 -280 909 -316 95 -191 -134 243 672 218 -40 121 -178 -381 -281 355 233 208 393 304 -195 -617 -40 64 -214 -92 -2 712 12 -309 -235 341 488 397 49 351 621 -295 300 22 205 387 -475 -546 175 222 399 65 378 -2 728 -116 88 176 163 -350 186 -191 204 -495 390 671 -287 181 74 660 103 355 -208 -264 152 -88 -219 -647 46 -311 -129 168 15 324 -606 206 159 247 -148 286 -41 243 -242 -163 -321 134 420 -146 9 -321 -49 -69 332 303 390 -337 22 -107 -77 154 139 -27 142 -357 222 -315 -204 -84 206 -378 -177 35 -49 -58 140 406 -162 188 -64 -39 -73 79 -116 350 -364 127 175 -457 -351 -150 -402 254 227 461 -453 -411 -110 225 432 -117 58 -459 135 -365 -557 -63 -392 38 -479 -35 -50 -186 -5 66 84 8 202 -416 -134 39 83 -96 -182 -223 437 -375 -159 104 37 -574 -353 103 73 -64 -251 -60 -246 -15 258 275 -100 34 -361 421 -136 128 530 94 -32 -132 302 -148 -190 84 358 114 114 -102 25 -342 -232 -81 393 387 85 -172 -409 69 -242 -183 110 -286 -295 395 267 408 -309 2 370 -395 -525 134 138 -65 -121 -121 71 331 72 -156 -133 -662 201 -8 400 -45 228 -151 -27 -27 -272 -171 59 -273 -36 -129 42 -183 119 -303 45 121 -89 172 -244 287 -305 -432 -330 370 23 -167 348 480 103 432 612 377 154 -288 -189 -140 -78 -105 548 -177 -129 1 -83 -191 -265 -335 404 109 406 -123 -97 7 181 -546 375 -200 382 -363 -116 330 -47 -206 133 453 -8 -86 492 149 229 121 -98 53 -84 52 -86 -222 163 -224 -411 88 -410 -180 -316 242 -89 -147 -193 135 944 17 -333 -383 -267 -307 -341 385 135 -182 125 -284 145 271 6 -320 392 89 -87 -124 89 -198 -259 -159 83 -247 -325 -173 92 -118 -59 383 -42 375 -115 -39 88 30 -4 58 -321 -306 -1 -391 -201 -400 301 359 101 213 98 116 -216 201 283 42 -19 -190 -288 201 441 -326 1583863281
