-16086961 -15504366 21956440 5199745 -2859005 -7510701 -95461 -139162 117926 -121368 -40643 -26267 -4680 -38335 -8681 -759 -8512 -3849 -1048 281 -236 -280 -290 -322 -2 -24 -12 -6 2 0 0 1 -1 0 0 -2 0 -1 1 0 0 0 1 0 0 0 0 0 0 0 0 0 0 0 0 0 0 0 0 0 1583836345
-16088086 -15507456 21969393 5071789 -6462428 -7572241 -1312474 -141343 119275 -124872 -42543 -27618 -4198 -58734 -8700 -1788 -5236 -3037 -983 -838 -212 -298 2945 -312 -2 -29 -11 -3 3 3 0 3 -3 0 4 0 0 -3 0 0 0 0 0 0 0 0 0 0 0 0 0 0 0 0 0 0 0 0 0 0 1583836345
-16052215 -15481401 21909565 5084988 -5704777 -7556968 -956980 -140775 92105 -123824 -41993 -27207 -4354 -59351 -9726 -2224 -8895 -3286 -992 -417 -230 -125 -125 -304 -3 -22 -12 -6 1 0 0 1 -1 0 0 -1 0 -1 1 0 0 0 0 0 0 0 0 0 0 0 0 0 0 0 0 0 0 0 0 0 1583836345
-16086615 -15507843 21970125 5065922 -6591117 -7574209 -1355821 -141420 118007 -124994 -42610 -26304 -4181 -59589 -8377 -728 -8394 -3612 -1007 -12 -228 -190 83 -301 -2 -26 -12 -6 2 0 0 1 0 0 0 -1 0 0 1 0 0 0 0 0 0 0 0 0 0 0 0 0 0 0 0 0 0 0 0 0 1583836345
-16088182 -15509992 21976376 5032353 -7501151 -7590824 -1650588 -141942 119326 -125843 -43071 -28165 -4068 -65406 -9584 -2138 -7150 -3389 -995 -331 -220 -206 142 -308 -3 -26 -12 -6 1 0 0 1 -1 0 0 -1 0 0 1 0 0 0 0 0 0 0 0 0 0 0 0 0 0 0 0 0 0 0 0 0 1583836345
-9991731 -10929423 11743057 3036877 -6826711 -7041704 -1068464 -150390 -4460497 -118548 -40962 90603 -4095 -80333 281307 195129 -9748 57609 3189 -76550 -177 1254 255 -234 -160 73 -9 -13 -5 -6 0 0 0 -1 0 -1 0 8 2 0 -1 2 0 0 0 0 0 0 0 0 0 0 0 1 0 0 0 0 0 0 1583836345
-16060884 -15481283 21914529 5029769 -7748947 -7585731 -1832468 -142352 98784 -126356 -43354 -1451 -3936 -62398 -8225 -3152 -7572 184 -900 -1069 -218 -205 -3 -259 -3 -44 -15 -8 -1 0 0 1 -1 0 0 1 0 0 0 -1 -1 0 0 0 0 -1 0 0 0 0 0 0 0 0 0 0 0 0 0 0 1583836345
-16086601 -15508135 21971293 5051498 -7010410 -7581616 -1082663 -141020 118024 -124260 -42243 -26432 -4348 -81602 -8369 -763 -8604 -3631 -1008 -13 -218 -199 -125 -300 -2 -26 -12 -6 2 0 0 1 0 0 2 0 0 0 0 1 0 0 0 0 0 0 0 0 0 0 0 0 0 0 0 0 0 0 0 0 1583836345
-16061049 -15488017 21923805 5095835 -5449110 -7554488 -621049 -140206 98732 -122903 -41526 -28903 -4552 -79588 -10287 -3862 -9059 -2872 -968 -985 -221 -115 -222 -301 -3 -22 -13 -6 1 0 0 1 -1 0 3 0 0 0 0 1 0 0 0 0 0 0 0 0 0 0 0 0 0 0 0 0 0 0 0 0 1583836345
-16088285 -15508394 21969957 5097649 -5666199 -7559502 -1258659 -141190 119238 -124686 -42426 -28218 -4191 -44056 -9817 -2210 -8709 -3458 -1002 -162 -238 -130 100 -315 -2 -27 -12 -6 2 0 0 1 0 0 2 0 0 0 1 0 0 0 0 0 0 0 0 0 0 0 0 0 0 0 0 0 0 0 0 0 1583836345
-15634080 -15165092 21203051 4953107 -5326503 -7518790 -947426 -141354 -221556 -123392 -41880 -27003 -4348 -52955 53753 6311 -8577 37697 1695 -53088 -235 2308 -90 -231 -4 -44 -11 -17 -7 -13 0 -3 -2 1 0 0 0 0 0 1 0 0 0 0 1 1 0 0 0 1 0 0 0 0 1 0 0 0 0 0 1583836345
-15687526 -11937925 14730467 10315489 -4744475 -5432202 -691675 -160451 120629 -128824 -43169 -30132 -4434 -47527 -10753 -3597 -6754 -3109 -1000 -670 -225 -126 -308 -335 -3 183 -13 420 -85 -11 0 1 -2 0 0 -3 0 0 0 0 0 0 1 0 0 0 0 0 0 0 0 -1 0 0 0 0 0 0 0 0 1583836345
-16083142 -15503715 21963685 5029477 -7625096 -7578804 -1593961 -141887 122287 -125706 -43004 -17860 -4086 -70849 -11658 -3815 -7610 -3190 -977 -694 -220 -135 -77 -299 -3 4 -13 1 6 9 0 -14 0 -8 0 -1 0 0 0 1 0 0 0 0 0 0 0 0 0 0 0 0 0 0 0 0 0 0 0 0 1583836345
-16086004 -15505042 21962722 5109012 -5345416 -7545953 -1385333 -141376 121548 -125030 -42596 -22552 -4092 -30896 -11285 -3669 2257 -3304 -1051 -779 -191 -156 1616 -405 -4 -13 -10 -1 4 5 0 -8 -2 -5 -5 -6 0 -1 4 0 0 0 2 0 -1 0 0 0 0 0 0 0 0 0 0 0 0 0 0 0 1583836345
-15917228 -15355316 21639658 5138088 -5898554 -7326387 -1055546 -141638 72194 -124366 -42346 198671 -4004 -60875 283870 116080 -9204 125657 7640 -167348 -223 11970 314 -146 40 -25 -8 5 -4 21 0 -92 2 -43 2 -3 0 -5 -1 1 0 -9 1 0 1 -6 3 -1 0 -1 0 0 0 -3 0 0 0 0 1 0 1583836345
-16077393 -15486008 21928387 5027788 -7894233 -7570870 -1818620 -142318 124017 -126369 -43361 17268 -3925 -66345 2833 18653 -8014 -10458 -1441 9458 -216 -7398 -46 -313 -4 72 -14 -29 -8 -28 0 -10 0 1 2 0 0 19 3 0 0 0 0 0 -1 0 0 0 0 0 -1 0 0 0 0 1 0 0 0 0 1583836345
-16082311 -15499812 21956976 5012135 -7886287 -7578862 -1819996 -142239 127726 -126341 -43339 -15417 -3973 -65860 -11775 -3859 -6894 -3129 -978 -674 -220 -142 -64 -305 -3 -24 -12 -6 1 0 0 1 0 0 1 -1 0 0 0 1 0 0 0 0 1 0 0 0 0 0 0 0 1 0 -1 0 0 0 0 0 1583836345
-16086569 -15509316 21975412 5019574 -7874290 -7596142 -1820975 -142245 118063 -126329 -43332 -26068 -3991 -65495 -8627 -562 -7347 -3949 -1025 372 -221 -352 -10 -307 -3 -24 -12 -6 2 0 0 1 -1 0 1 0 0 0 0 0 0 0 1 0 0 0 1 0 0 0 0 0 0 0 0 0 0 0 0 0 1583836345
-16088280 -15509859 21975272 5046398 -7111307 -7584607 -1166694 -141150 119327 -124494 -42365 -28200 -4310 -79854 -9821 -2123 -8159 -3619 -1011 -39 -217 -268 -135 -224 -3 -25 -14 -6 1 0 0 1 -2 0 0 0 0 0 0 1 0 0 -1 0 0 0 0 0 0 0 0 0 0 0 0 0 0 0 0 0 1583836345
-16088310 -15498435 21953713 5041360 -7749748 -7588360 -1832381 -142313 120623 -126374 -43346 -30202 -3984 -62174 -10909 -3684 -5551 -3139 -989 -680 -215 -144 12 -330 -3 -21 -10 6 0 0 0 1 -3 0 0 -2 0 0 1 0 0 0 0 0 0 0 0 0 0 0 0 0 0 0 0 0 0 0 0 0 1583836345
-16088171 -15510594 21978301 5018082 -7888003 -7597522 -1819648 -142236 119330 -126325 -43330 -27985 -3995 -65838 -9371 -2019 -7070 -3315 -989 -411 -220 -238 -42 -313 -3 -25 -12 -6 1 0 0 1 0 0 2 0 0 0 0 0 0 0 0 0 0 0 0 0 0 0 0 -1 0 0 0 0 0 0 0 0 1583836345
-16089435 -15496509 21922931 5552737 7007101 -7344851 3992640 -131991 118875 -109699 -34367 -27548 -6411 -17957 -8726 -1765 -6491 -3277 -1105 -576 -226 -148 -1159 -305 -2 -25 -14 -6 1 0 0 1 0 0 -3 0 0 -1 3 0 0 0 -4 0 1 0 0 0 0 0 0 0 0 0 0 0 0 0 0 0 1583836345
-16088540 -15506750 21962940 5171039 -3609220 -7524780 -478503 -139810 119201 -122453 -41223 -27756 -4512 -36802 -7279 -1965 -4462 -1830 -935 -2420 -218 -105 51 -242 -3 -27 -13 -6 1 -1 0 1 -4 0 -3 -1 0 0 0 0 0 0 -1 0 0 -1 0 0 0 0 0 -1 0 0 -1 0 0 0 0 0 1583836345
-16090793 -15493100 21913872 5607152 8422462 -7319743 4258464 -131479 120127 -108918 -33937 -29561 -6508 -6600 -10246 -3304 -6085 -3167 -1111 -706 -230 -89 -1626 -315 -2 -22 -12 -2 1 0 0 1 -3 0 -3 -2 0 0 -5 4 0 0 4 -1 2 0 0 0 0 2 0 2 1 0 0 0 0 0 0 -1 1583836345
-16088319 -15508555 21970559 5090641 -5870275 -7563162 -1091765 -140942 119267 -124236 -42200 -28017 -4291 -56525 -9469 -2051 -8697 -3358 -996 -319 -231 -203 -104 -266 -2 -26 -13 -6 1 0 0 1 -2 0 0 1 0 0 0 -1 0 0 0 0 0 0 0 0 0 0 0 0 0 0 0 0 0 0 0 0 1583836345
-16088172 -15510436 21977960 5018868 -7874218 -7597153 -1820974 -142238 119350 -126328 -43331 -28230 -3994 -65478 -9202 -2210 -7419 -3022 -967 -784 -222 -216 15 -307 -2 -26 -12 -6 1 0 0 1 0 0 2 -1 0 0 0 0 0 0 0 0 0 0 0 0 0 0 0 0 0 0 0 0 0 0 0 0 1583836345
-16088033 -15509405 21975867 5020262 -7874295 -7596588 -1820975 -142243 119315 -126330 -43332 -27681 -3993 -65494 -8173 -1836 -6784 -2560 -940 -1422 -219 -249 -71 -282 -3 -23 -13 -5 2 0 0 2 -2 0 0 1 0 -1 0 0 0 0 0 0 0 0 0 0 0 0 0 0 1 0 0 0 0 0 0 0 1583836345
-14464213 -14237631 19159615 4509450 -5708702 -7148612 -967307 -143178 -927325 -122675 -41812 132052 -4088 -60261 138388 100511 -8916 27473 1220 -41542 -210 -382 46 -284 -30 5 -11 -17 -6 -12 0 -3 0 0 3 0 0 7 2 0 0 0 0 0 0 1 0 0 0 0 0 0 0 0 0 0 0 0 0 0 1583836345
-16077403 -15496793 21946783 5060806 -6834793 -7574986 -1371430 -141504 111108 -125051 -42650 -13456 -4161 -64188 -10149 -2189 -8467 -3266 -972 -565 -226 -217 2584 -271 -2 -29 -12 -7 1 0 0 1 -2 0 2 0 0 0 0 0 0 0 0 0 0 0 0 0 0 0 0 0 0 0 0 0 0 0 0 0 1583836345
-16088150 -15510368 21977789 5019556 -7854613 -7596818 -1824073 -142241 119330 -126336 -43335 -28056 -3990 -64875 -9513 -2063 -3926 -3449 -1016 -367 -205 -237 -214 -327 -3 -25 -11 -6 1 0 0 1 -2 0 1 1 0 0 0 0 0 0 3 0 0 0 0 0 0 1 0 -1 0 0 0 0 0 0 0 0 1583836345
-16090049 -15499053 21932044 5479364 4981993 -7379248 2775026 -134054 119566 -113137 -36197 -28118 -5857 -6361 -10173 -3380 -4249 -2954 -1080 -1021 -225 -88 -1365 -347 -2 -20 -12 -6 1 0 0 1 -9 0 -1 -5 0 0 -6 6 1 0 3 0 1 1 5 -3 2 -2 0 1 0 0 0 0 0 0 0 0 1583836345
-16088139 -15510304 21977710 5018562 -7886773 -7597320 -1819832 -142237 119333 -126325 -43330 -28107 -3995 -65814 -9489 -2101 -7817 -3327 -984 -389 -224 -216 -7 -297 -3 -26 -12 -6 1 0 0 1 0 0 1 0 0 0 0 0 0 0 2 0 0 0 0 0 0 0 0 0 0 0 1 -1 0 0 0 0 1583836345
-16000367 -14718160 20371852 6174949 -7740601 -7126651 -1648625 -146443 120644 -127121 -43432 -30258 -4078 -69709 -10893 -3690 -7612 -3108 -976 -659 -221 -138 -66 -301 -3 47 -13 146 -29 -4 0 1 0 0 0 -1 0 0 0 1 0 0 0 0 0 0 0 0 0 0 0 0 0 0 0 0 0 0 0 0 1583836345
-16069216 -15484577 21920683 5105809 -5656110 -7511494 -1218093 -141225 126376 -124621 -42395 9485 -4147 -45957 -13299 -4017 -9455 -3321 -971 -754 -241 -114 206 -304 -2 68 -13 17 15 31 0 -47 2 -27 3 -1 0 0 0 0 0 1 0 0 0 0 0 0 0 0 0 0 0 0 0 0 0 0 0 0 1583836345
-16088333 -15508823 21971149 5090938 -5842807 -7562678 -1317574 -141295 119261 -124856 -42519 -27941 -4167 -45091 -8843 -2045 -8122 -2859 -965 -949 -234 -158 151 -320 -2 -27 -12 -6 1 0 0 1 0 0 2 0 0 0 1 0 0 0 0 0 0 0 0 0 0 0 0 0 0 0 0 0 0 0 0 0 1583836345
-16089780 -15507978 21969336 5099168 -5672291 -7559890 -1069066 -140893 120559 -124167 -42158 -30107 -4294 -53177 -10821 -3630 -3692 -3176 -1018 -704 -208 -141 -244 -276 -3 -26 -12 -4 1 0 0 1 -2 0 -4 -1 0 -1 2 0 0 0 -2 0 0 0 0 0 0 0 0 0 0 0 0 0 0 0 0 0 1583836345
-15880246 -15333240 21597643 4928001 -4781680 -7337873 -2111379 -142382 116359 -126913 -43571 -27547 -3677 15083 -9902 -1663 10446 -3602 -1121 -576 -174 -240 -814 533 -11 -16 -35 -6 2 0 0 0 -12 0 -4 10 0 -1 0 -7 -1 0 -3 0 -1 0 0 1 -1 2 0 0 1 0 0 0 0 0 0 0 1583836345
-16088171 -15510104 21976573 5034321 -7431630 -7589552 -1861254 -142268 119305 -126420 -43367 -28075 -3951 -54138 -9808 -2097 -7408 -3558 -1004 -89 -227 -217 -47 29 -4 -25 -21 -6 2 0 0 1 -3 0 2 0 0 0 0 0 0 0 1 0 0 0 0 0 0 0 1 -1 0 0 0 1 0 0 0 0 1583836345
-16088360 -15508206 21968958 5113632 -5194857 -7551225 -1616847 -141719 119249 -125653 -42913 -27831 -3972 -16805 -9440 -2024 -3139 -3356 -1022 -440 -224 -206 1563 -378 -3 -30 -9 -6 1 0 0 1 0 0 4 -1 0 0 0 0 0 0 0 1 0 0 0 0 0 0 0 0 0 0 0 0 0 0 0 0 1583836345
-16089316 -15504138 21961918 5095294 -5957052 -7562583 -822338 -140548 120568 -123506 -41822 -30209 -4443 -70928 -10821 -3658 -9131 -3083 -972 -632 -224 -143 3618 -253 -1 -33 -13 -1 0 0 0 1 -4 0 3 1 0 0 0 1 0 0 0 0 0 0 0 0 0 0 0 0 0 0 0 0 0 0 0 0 1583836345
-16011771 -15449391 21837169 5139815 -5698087 -7508096 -1252010 -141573 58659 -124715 -42481 63880 -4061 -45817 50931 66786 -7483 -13995 -1585 12690 -213 -1556 -108 -351 -4 -12 -13 -5 3 0 0 1 -2 0 3 0 0 0 1 0 0 0 0 1 0 0 0 0 0 0 0 0 0 0 0 0 0 0 0 0 1583836345
-16079721 -15422453 21799910 5146853 -7892181 -7545791 -1820387 -142735 120630 -126469 -43369 -30227 -3998 -65770 -10914 -3692 -7544 -3105 -974 -659 -223 -139 16 -308 -3 14 -12 78 -15 -2 0 1 0 0 2 -1 0 0 0 -1 0 0 0 0 0 0 0 0 0 0 0 0 0 0 0 0 0 0 0 0 1583836345
-16072981 -15478136 21911429 5042764 -7894908 -7565860 -1818667 -142393 117859 -126396 -43386 43065 -3896 -66587 41110 39036 -7272 10831 -1951 33222 -122 -15344 -235 -282 -4 -129 -12 -58 -45 -46 0 -21 0 3 2 -1 0 36 5 1 -6 0 0 0 -1 3 0 0 -1 0 -1 0 0 -3 1 1 0 0 1 0 1583836345
-16081299 -15493758 21944209 5027755 -7880685 -7576301 -1821820 -142306 123533 -126370 -43360 7171 -3940 -65808 6077 22468 -4722 -11672 -1540 10998 -199 -7202 -217 -345 -5 66 -13 -27 -7 -26 0 -10 -1 1 1 1 0 18 2 -1 0 0 3 0 -1 0 0 1 0 1 0 0 0 0 2 -2 0 0 0 0 1583836345
-16051879 -15419176 21793459 5074833 -7614942 -7471254 -1582395 -142192 148816 -125882 -43130 157751 -3841 -72554 101726 113900 -7232 531 -3599 75260 -47 -39859 -473 -222 -8 41 -20 -134 -90 -127 0 -60 0 8 0 0 -1 99 12 -2 -8 -4 0 -1 -3 3 0 0 -1 0 0 0 0 -3 0 0 0 0 0 0 1583836345
-16087180 -15500197 21948310 5201539 -2960491 -7510681 -122155 -139235 118114 -121459 -40696 -13137 -4652 -39886 -3157 8192 -8306 -7023 -1248 4487 -231 -3647 -417 -195 -4 22 -16 -17 -2 -13 0 -4 -4 0 0 2 0 9 -2 -2 0 0 0 0 -1 0 1 0 0 0 0 0 0 0 0 0 0 0 0 0 1583836345
-16087772 -15503998 21961420 5092746 -5987180 -7562908 -871866 -140631 118845 -123648 -41903 -14959 -4395 -69454 -4030 6827 -8552 -6526 -1206 4096 -219 -3732 -140 -269 -3 21 -15 -17 -3 -14 0 -4 -2 0 0 1 0 9 1 -1 0 0 0 0 0 0 0 0 0 0 0 0 0 0 0 0 0 0 0 0 1583836345
-16085490 -15500578 21957704 5030397 -7886797 -7591748 -1819931 -142296 117252 -126351 -43350 -2152 -3958 -66000 6429 13386 -7396 -1447 -1360 11009 -194 -7074 -81 -305 -4 -13 -13 -29 -14 -24 0 -9 0 1 2 0 0 17 2 0 -1 0 0 0 0 0 1 0 0 0 0 0 0 0 0 0 0 0 0 0 1583836345
-16087730 -15505415 21968610 5017403 -7886951 -7585782 -1819836 -142241 126635 -126343 -43340 -16321 -3978 -65916 -2625 4784 -7272 -2634 -1169 5009 -208 -3526 -78 -276 -3 -17 -13 -17 -5 -12 0 -3 -1 0 0 1 0 8 0 0 0 0 0 0 0 0 0 0 0 0 0 0 0 0 0 0 0 0 0 0 1583836345
-16087878 -15503896 21960036 5117186 -5278038 -7550972 -841705 -140529 118851 -123538 -41834 -15942 -4390 -58853 276 3919 -8270 1558 -1172 6604 -202 -3820 -304 416 -6 -54 -29 -19 -10 -11 0 -4 -7 1 3 -3 0 8 2 0 -1 0 0 0 1 0 -1 0 0 0 0 0 -1 0 0 0 0 0 0 1 1583836345
-16082715 -15442202 21832687 5259037 -3804101 -7490217 -470377 -140176 120504 -122544 -41249 -30013 -4531 -41972 -10758 -3587 -7271 -3111 -1008 -669 -227 -125 -436 1615 -12 3 -63 50 -9 -1 0 1 -13 0 8 -3 -1 -1 4 -3 0 0 1 -2 0 0 1 0 0 0 0 -1 0 0 0 0 0 0 0 0 1583836345
-13775556 -13643868 17956088 3230642 -7864551 -6025184 -1821285 -142583 -473434 -124910 -42922 -60447 -4011 -65504 9651 -2349 -7214 -4525 -1030 717 -218 -259 -52 -295 -26 -16 -12 -3 3 1 0 3 0 0 1 -1 0 0 0 1 0 3 0 0 1 0 0 0 0 -1 0 0 0 -1 0 0 0 0 0 0 1583836345
-16047527 -15133273 21210057 5630761 -6064561 -7345382 -275820 -141796 120580 -122604 -41218 -30353 -4738 -98605 -10764 -3670 -1431 -3270 -1045 -738 -172 -151 -703 -318 -4 -19 -13 7 0 0 0 1 -1 0 -2 0 0 0 1 7 1 0 -2 -3 -1 0 0 0 0 0 0 0 0 0 -1 -1 0 1 0 0 1583836345
-16088384 -15508918 21971339 5083467 -6089922 -7567685 -316735 -139735 119291 -122112 -41109 -28495 -4720 -97767 -9608 -2269 -9126 -3392 -1004 -322 -210 -146 -253 -290 -2 -27 -13 -6 1 0 0 1 -1 0 1 0 0 0 1 1 0 0 0 0 0 0 0 0 0 0 0 0 0 0 0 0 0 0 0 0 1583836345
-16084839 -15502554 21958925 5076356 -6404941 -7569358 -1384380 -141473 116659 -125073 -42649 -15026 -4135 -54275 -9772 -4048 -5590 -1167 -928 -1616 -215 -135 -35 -326 -3 -34 -11 -7 0 0 0 1 -1 0 0 -2 0 0 1 1 0 0 1 0 0 0 1 0 0 0 0 0 0 0 0 0 0 0 0 0 1583836345
-16090099 -15497683 21934655 5376079 1903116 -7429885 2312465 -135027 120325 -114565 -37049 -30072 -5821 -72859 -10496 -3516 -8717 -3148 -1046 -671 -215 -111 -715 -251 -2 -24 -12 -2 1 0 0 1 0 0 1 3 0 0 0 0 0 0 -1 0 0 0 -1 0 0 2 0 2 0 0 0 0 0 0 0 0 1583836345
-16087994 -15505646 21968355 5024424 -7892979 -7595180 -1819257 -142263 119235 -126338 -43340 -14581 -3974 -66037 -4153 7152 -5070 -7006 -1219 4036 -207 -3852 -195 -347 -4 26 -14 -17 -2 -14 0 -4 0 0 4 0 0 9 2 2 1 0 0 -1 -1 0 0 0 0 -1 -2 0 2 0 1 2 0 0 0 0 1583836345
-16086164 -15499203 21955079 5032399 -7886795 -7591410 -1820040 -142302 117843 -126354 -43352 1053 -3951 -66016 2988 17826 -7325 -10322 -1423 8853 -214 -7565 -79 -305 -4 75 -14 -29 -8 -28 0 -11 0 1 1 -1 0 20 3 0 0 0 0 0 0 0 0 0 0 0 0 0 1 0 -1 0 0 0 0 0 1583836345
-16089331 -15504117 21961669 5100769 -5792739 -7559700 -972328 -140772 120563 -123912 -42028 -30153 -4356 -60669 -10827 -3646 -9095 -3084 -980 -647 -231 -129 -133 -295 -2 -24 -13 -1 0 0 0 1 -1 0 1 -1 0 0 -1 0 0 0 1 0 0 0 1 0 0 0 0 0 0 0 0 0 0 0 0 0 1583836345
-16085178 -15504127 21957775 5157773 -4058439 -7530041 -434465 -139792 116630 -122353 -41183 -24231 -4553 -48524 -6880 814 -8192 -3772 -1036 182 -230 -208 -278 -325 -2 -26 -16 -6 1 0 0 1 0 0 -1 -3 0 0 0 0 0 0 1 0 0 0 0 0 0 0 0 0 0 0 0 0 0 0 0 0 1583836345
-16089119 -15505793 21968829 5026428 -7874606 -7594811 -1820991 -142263 120627 -126336 -43332 -30223 -3997 -65464 -10914 -3691 -7232 -3111 -977 -663 -222 -140 -31 -303 -3 -24 -12 -1 0 0 0 1 -1 0 1 0 0 0 0 0 0 0 2 0 0 0 0 0 0 0 0 -1 0 0 0 0 0 0 0 0 1583836345
-16086846 -15502953 21962163 5046062 -7109999 -7570541 -1478507 -141652 126828 -125384 -42848 -13490 -4155 -77910 -3478 7930 -7675 -7037 -1225 4566 -213 -3629 -111 -276 -3 20 -14 -17 -2 -13 0 -4 -2 0 0 0 0 9 0 1 0 0 -1 0 0 0 0 0 0 0 0 0 0 0 0 0 0 0 0 0 1583836345
-16089872 -15506916 21965227 5137455 -4611480 -7541959 -536677 -139977 120527 -122657 -41351 -30095 -4531 -55364 -10771 -3611 -5132 -3159 -1018 -692 -213 -135 -348 -117 -4 -25 -16 -4 1 0 0 1 -3 0 -2 3 0 -1 1 -3 0 0 -3 0 0 0 0 0 0 0 0 0 0 0 0 0 0 0 0 0 1583836345
-15869157 -15341223 21586272 5362692 -1078660 -7319021 307830 -139423 -40845 -120313 -40179 225623 -4477 -33360 152041 191168 -7816 -39473 -3087 44494 -184 -1738 -658 -261 -7 -22 -16 8 11 14 0 7 -7 0 0 6 0 -5 -3 0 0 3 0 0 2 -2 -3 -1 1 0 0 0 -3 0 0 1 0 1 1 3 1583836345
-15905138 -15352794 21638918 4953166 -4729638 -7360120 -934709 -140528 118990 -123685 -41907 -27893 -4328 -43505 -10442 -3976 -6461 -3159 -1001 -690 -226 -137 -294 -289 -3 -23 -13 -6 1 0 0 1 -3 0 0 0 0 0 0 0 0 0 0 0 0 0 -1 0 0 0 0 0 -1 0 0 0 0 0 0 1 1583836345
-16088132 -15510606 21978327 5017849 -7893241 -7597619 -1818551 -142234 119301 -126321 -43328 -28124 -3996 -66006 -9837 -2091 -7412 -3608 -1005 -36 -222 -193 -43 -311 -3 -26 -12 -6 1 0 0 1 0 0 3 0 0 0 0 1 0 0 0 0 0 0 0 0 0 0 -1 0 0 0 0 1 0 0 0 0 1583836345
-16086436 -15509152 21975028 5020311 -7854605 -7595750 -1824186 -142249 117966 -126337 -43336 -26079 -3987 -64888 -8870 -527 -5405 -4195 -1053 638 -212 -235 17 -337 -3 -26 -10 -6 2 0 0 1 2 0 2 -1 0 0 0 -1 0 0 0 0 0 0 0 0 0 0 0 0 0 0 0 0 0 0 0 0 1583836345
-16068685 -15495945 21945195 5029321 -7869278 -7584093 -1823027 -142337 103889 -126344 -43349 -5414 -3958 -65448 5435 15151 -4156 -6233 -1168 3063 -202 -490 -225 -273 -4 -23 -13 -5 2 0 0 1 -4 0 0 4 0 0 0 0 0 0 0 0 1 0 -1 -1 0 -1 0 0 0 0 0 0 0 0 0 0 1583836345
-16088552 -15506605 21962114 5178622 -3407567 -7521707 -928 -139042 119176 -121129 -40533 -28185 -4761 -54629 -9688 -2151 -8894 -3491 -1025 -145 -230 -140 -257 -332 -2 -27 -11 -6 1 0 0 1 2 0 3 0 0 -1 2 -1 0 0 0 0 0 0 0 0 0 0 0 0 0 0 0 0 0 0 0 0 1583836345
-15715582 -15227870 21343865 4969291 -5674881 -7528771 -2023151 -142959 -160777 -126443 -43442 -16093 -3758 -10962 -1350 2253 -4597 -486 -811 -4220 -235 -27 -240 -316 -14 -10 -14 -6 2 0 0 2 -4 0 -1 -2 0 -1 -2 2 0 0 0 0 1 -1 0 1 0 1 0 0 0 0 2 -1 0 0 0 0 1583836345
-15404440 -14930710 20748731 4399139 -6779600 -6894058 -1920180 -142027 116294 -126284 -43334 -22193 -3869 -38258 -12464 -2991 -5598 -3205 -986 -744 -227 -175 -167 -344 -3 -21 -12 -4 2 1 0 2 -4 0 1 -2 0 0 -1 1 0 0 1 0 0 0 0 0 0 0 0 0 0 0 0 -1 0 0 0 0 1583836345
-16088870 -15503398 21948630 5348443 1518301 -7435231 -2682701 -142902 119044 -128311 -44136 -26735 -3109 165266 -9368 -1721 644 -3237 -1055 -490 -301 -177 -736 -505 -3 -23 -5 -5 2 0 0 1 -5 0 -3 -6 0 0 -1 6 1 0 6 -1 4 0 -2 2 -1 6 0 4 -1 0 2 0 0 0 0 0 1583836345
-16044397 -15475007 21894962 5113579 -5924402 -7534408 -915770 -140892 84474 -123780 -41988 24325 -4312 -66220 28499 37561 -9218 -7067 -1166 4095 -218 -905 2110 -282 -2 -24 -12 -6 2 -1 0 1 -2 0 3 0 0 0 0 0 0 0 0 0 0 0 0 0 0 0 0 0 0 0 0 0 0 0 0 0 1583836345
-16088672 -15507944 21968049 5117177 -5101712 -7548916 -638386 -140167 120689 -122956 -41519 -28350 -4496 -61009 -10898 -3642 -5136 -3172 -1013 -693 -210 -139 602 -340 -2 -27 -12 -4 2 1 0 2 -4 0 0 -2 0 0 2 0 0 0 0 0 0 0 0 0 0 0 0 0 0 0 0 0 0 0 0 0 1583836345
-16031859 -14997288 20937378 5777900 -7490882 -7287464 -1864156 -144887 120628 -127255 -43602 -30165 -3950 -54397 -10902 -3668 -2424 -3312 6815 -417 -184 -141 1 -299 -4 125 -13 302 -61 -8 0 1 -1 0 -3 -3 15 0 4 0 0 0 0 0 0 0 1 0 0 0 0 0 0 0 0 0 0 0 0 0 1583836345
-16086845 -15506513 21963632 5152822 -4074783 -7530673 -2167327 -142511 117938 -127121 -43647 -25664 -3628 30692 -8197 -525 -8255 -3435 -998 -112 -275 -207 -95 -346 -2 -25 -11 -6 2 0 0 1 -2 0 1 -1 0 0 0 1 0 0 1 0 0 0 0 0 0 1 0 0 -1 0 0 0 0 0 0 1 1583836345
-16089417 -15508415 21974112 5023293 -7854810 -7596029 -1824084 -142251 120626 -126340 -43335 -30218 -3994 -64866 -10911 -3688 -5744 -3137 -987 -678 -215 -144 97 -331 -3 -25 -12 -2 1 0 0 1 2 0 2 -1 0 0 0 -1 0 0 0 0 0 0 0 0 0 0 0 0 0 0 0 0 0 0 0 0 1583836345
-16086961 -15504366 21956440 5199745 -2859005 -7510701 -95461 -139162 117926 -121368 -40643 -26267 -4680 -38335 -8681 -759 -8512 -3849 -1048 281 -236 -280 -290 -322 -2 -24 -12 -6 2 0 0 1 -1 0 0 -2 0 -1 1 0 0 0 1 0 0 0 0 0 0 0 0 0 0 0 0 0 0 0 0 0 1583838187
-16088086 -15507456 21969393 5071789 -6462428 -7572241 -1312474 -141343 119275 -124872 -42543 -27618 -4198 -58734 -8700 -1788 -5236 -3037 -983 -838 -212 -298 2945 -312 -2 -29 -11 -3 3 3 0 3 -3 0 4 0 0 -3 0 0 0 0 0 0 0 0 0 0 0 0 0 0 0 0 0 0 0 0 0 0 1583838187
-16052215 -15481401 21909565 5084988 -5704777 -7556968 -956980 -140775 92105 -123824 -41993 -27207 -4354 -59351 -9726 -2224 -8895 -3286 -992 -417 -230 -125 -125 -304 -3 -22 -12 -6 1 0 0 1 -1 0 0 -1 0 -1 1 0 0 0 0 0 0 0 0 0 0 0 0 0 0 0 0 0 0 0 0 0 1583838187
-16086615 -15507843 21970125 5065922 -6591117 -7574209 -1355821 -141420 118007 -124994 -42610 -26304 -4181 -59589 -8377 -728 -8394 -3612 -1007 -12 -228 -190 83 -301 -2 -26 -12 -6 2 0 0 1 0 0 0 -1 0 0 1 0 0 0 0 0 0 0 0 0 0 0 0 0 0 0 0 0 0 0 0 0 1583838187
-16088182 -15509992 21976376 5032353 -7501151 -7590824 -1650588 -141942 119326 -125843 -43071 -28165 -4068 -65406 -9584 -2138 -7150 -3389 -995 -331 -220 -206 142 -308 -3 -26 -12 -6 1 0 0 1 -1 0 0 -1 0 0 1 0 0 0 0 0 0 0 0 0 0 0 0 0 0 0 0 0 0 0 0 0 1583838187
-9991731 -10929423 11743057 3036877 -6826711 -7041704 -1068464 -150390 -4460497 -118548 -40962 90603 -4095 -80333 281307 195129 -9748 57609 3189 -76550 -177 1254 255 -234 -160 73 -9 -13 -5 -6 0 0 0 -1 0 -1 0 8 2 0 -1 2 0 0 0 0 0 0 0 0 0 0 0 1 0 0 0 0 0 0 1583838187
-16060884 -15481283 21914529 5029769 -7748947 -7585731 -1832468 -142352 98784 -126356 -43354 -1451 -3936 -62398 -8225 -3152 -7572 184 -900 -1069 -218 -205 -3 -259 -3 -44 -15 -8 -1 0 0 1 -1 0 0 1 0 0 0 -1 -1 0 0 0 0 -1 0 0 0 0 0 0 0 0 0 0 0 0 0 0 1583838187
-16086601 -15508135 21971293 5051498 -7010410 -7581616 -1082663 -141020 118024 -124260 -42243 -26432 -4348 -81602 -8369 -763 -8604 -3631 -1008 -13 -218 -199 -125 -300 -2 -26 -12 -6 2 0 0 1 0 0 2 0 0 0 0 1 0 0 0 0 0 0 0 0 0 0 0 0 0 0 0 0 0 0 0 0 1583838187
-16061049 -15488017 21923805 5095835 -5449110 -7554488 -621049 -140206 98732 -122903 -41526 -28903 -4552 -79588 -10287 -3862 -9059 -2872 -968 -985 -221 -115 -222 -301 -3 -22 -13 -6 1 0 0 1 -1 0 3 0 0 0 0 1 0 0 0 0 0 0 0 0 0 0 0 0 0 0 0 0 0 0 0 0 1583838187
-16088285 -15508394 21969957 5097649 -5666199 -7559502 -1258659 -141190 119238 -124686 -42426 -28218 -4191 -44056 -9817 -2210 -8709 -3458 -1002 -162 -238 -130 100 -315 -2 -27 -12 -6 2 0 0 1 0 0 2 0 0 0 1 0 0 0 0 0 0 0 0 0 0 0 0 0 0 0 0 0 0 0 0 0 1583838187
-15634080 -15165092 21203051 4953107 -5326503 -7518790 -947426 -141354 -221556 -123392 -41880 -27003 -4348 -52955 53753 6311 -8577 37697 1695 -53088 -235 2308 -90 -231 -4 -44 -11 -17 -7 -13 0 -3 -2 1 0 0 0 0 0 1 0 0 0 0 1 1 0 0 0 1 0 0 0 0 1 0 0 0 0 0 1583838187
-15687526 -11937925 14730467 10315489 -4744475 -5432202 -691675 -160451 120629 -128824 -43169 -30132 -4434 -47527 -10753 -3597 -6754 -3109 -1000 -670 -225 -126 -308 -335 -3 183 -13 420 -85 -11 0 1 -2 0 0 -3 0 0 0 0 0 0 1 0 0 0 0 0 0 0 0 -1 0 0 0 0 0 0 0 0 1583838187
-16083142 -15503715 21963685 5029477 -7625096 -7578804 -1593961 -141887 122287 -125706 -43004 -17860 -4086 -70849 -11658 -3815 -7610 -3190 -977 -694 -220 -135 -77 -299 -3 4 -13 1 6 9 0 -14 0 -8 0 -1 0 0 0 1 0 0 0 0 0 0 0 0 0 0 0 0 0 0 0 0 0 0 0 0 1583838187
-16086004 -15505042 21962722 5109012 -5345416 -7545953 -1385333 -141376 121548 -125030 -42596 -22552 -4092 -30896 -11285 -3669 2257 -3304 -1051 -779 -191 -156 1616 -405 -4 -13 -10 -1 4 5 0 -8 -2 -5 -5 -6 0 -1 4 0 0 0 2 0 -1 0 0 0 0 0 0 0 0 0 0 0 0 0 0 0 1583838187
-15917228 -15355316 21639658 5138088 -5898554 -7326387 -1055546 -141638 72194 -124366 -42346 198671 -4004 -60875 283870 116080 -9204 125657 7640 -167348 -223 11970 314 -146 40 -25 -8 5 -4 21 0 -92 2 -43 2 -3 0 -5 -1 1 0 -9 1 0 1 -6 3 -1 0 -1 0 0 0 -3 0 0 0 0 1 0 1583838187
-16077393 -15486008 21928387 5027788 -7894233 -7570870 -1818620 -142318 124017 -126369 -43361 17268 -3925 -66345 2833 18653 -8014 -10458 -1441 9458 -216 -7398 -46 -313 -4 72 -14 -29 -8 -28 0 -10 0 1 2 0 0 19 3 0 0 0 0 0 -1 0 0 0 0 0 -1 0 0 0 0 1 0 0 0 0 1583838187
-16082311 -15499812 21956976 5012135 -7886287 -7578862 -1819996 -142239 127726 -126341 -43339 -15417 -3973 -65860 -11775 -3859 -6894 -3129 -978 -674 -220 -142 -64 -305 -3 -24 -12 -6 1 0 0 1 0 0 1 -1 0 0 0 1 0 0 0 0 1 0 0 0 0 0 0 0 1 0 -1 0 0 0 0 0 1583838187
-16086569 -15509316 21975412 5019574 -7874290 -7596142 -1820975 -142245 118063 -126329 -43332 -26068 -3991 -65495 -8627 -562 -7347 -3949 -1025 372 -221 -352 -10 -307 -3 -24 -12 -6 2 0 0 1 -1 0 1 0 0 0 0 0 0 0 1 0 0 0 1 0 0 0 0 0 0 0 0 0 0 0 0 0 1583838187
-16088280 -15509859 21975272 5046398 -7111307 -7584607 -1166694 -141150 119327 -124494 -42365 -28200 -4310 -79854 -9821 -2123 -8159 -3619 -1011 -39 -217 -268 -135 -224 -3 -25 -14 -6 1 0 0 1 -2 0 0 0 0 0 0 1 0 0 -1 0 0 0 0 0 0 0 0 0 0 0 0 0 0 0 0 0 1583838187
-16088310 -15498435 21953713 5041360 -7749748 -7588360 -1832381 -142313 120623 -126374 -43346 -30202 -3984 -62174 -10909 -3684 -5551 -3139 -989 -680 -215 -144 12 -330 -3 -21 -10 6 0 0 0 1 -3 0 0 -2 0 0 1 0 0 0 0 0 0 0 0 0 0 0 0 0 0 0 0 0 0 0 0 0 1583838187
-16088171 -15510594 21978301 5018082 -7888003 -7597522 -1819648 -142236 119330 -126325 -43330 -27985 -3995 -65838 -9371 -2019 -7070 -3315 -989 -411 -220 -238 -42 -313 -3 -25 -12 -6 1 0 0 1 0 0 2 0 0 0 0 0 0 0 0 0 0 0 0 0 0 0 0 -1 0 0 0 0 0 0 0 0 1583838187
-16089435 -15496509 21922931 5552737 7007101 -7344851 3992640 -131991 118875 -109699 -34367 -27548 -6411 -17957 -8726 -1765 -6491 -3277 -1105 -576 -226 -148 -1159 -305 -2 -25 -14 -6 1 0 0 1 0 0 -3 0 0 -1 3 0 0 0 -4 0 1 0 0 0 0 0 0 0 0 0 0 0 0 0 0 0 1583838187
-16088540 -15506750 21962940 5171039 -3609220 -7524780 -478503 -139810 119201 -122453 -41223 -27756 -4512 -36802 -7279 -1965 -4462 -1830 -935 -2420 -218 -105 51 -242 -3 -27 -13 -6 1 -1 0 1 -4 0 -3 -1 0 0 0 0 0 0 -1 0 0 -1 0 0 0 0 0 -1 0 0 -1 0 0 0 0 0 1583838187
-16090793 -15493100 21913872 5607152 8422462 -7319743 4258464 -131479 120127 -108918 -33937 -29561 -6508 -6600 -10246 -3304 -6085 -3167 -1111 -706 -230 -89 -1626 -315 -2 -22 -12 -2 1 0 0 1 -3 0 -3 -2 0 0 -5 4 0 0 4 -1 2 0 0 0 0 2 0 2 1 0 0 0 0 0 0 -1 1583838187
-16088319 -15508555 21970559 5090641 -5870275 -7563162 -1091765 -140942 119267 -124236 -42200 -28017 -4291 -56525 -9469 -2051 -8697 -3358 -996 -319 -231 -203 -104 -266 -2 -26 -13 -6 1 0 0 1 -2 0 0 1 0 0 0 -1 0 0 0 0 0 0 0 0 0 0 0 0 0 0 0 0 0 0 0 0 1583838187
-16088172 -15510436 21977960 5018868 -7874218 -7597153 -1820974 -142238 119350 -126328 -43331 -28230 -3994 -65478 -9202 -2210 -7419 -3022 -967 -784 -222 -216 15 -307 -2 -26 -12 -6 1 0 0 1 0 0 2 -1 0 0 0 0 0 0 0 0 0 0 0 0 0 0 0 0 0 0 0 0 0 0 0 0 1583838187
-16088033 -15509405 21975867 5020262 -7874295 -7596588 -1820975 -142243 119315 -126330 -43332 -27681 -3993 -65494 -8173 -1836 -6784 -2560 -940 -1422 -219 -249 -71 -282 -3 -23 -13 -5 2 0 0 2 -2 0 0 1 0 -1 0 0 0 0 0 0 0 0 0 0 0 0 0 0 1 0 0 0 0 0 0 0 1583838187
-14464213 -14237631 19159615 4509450 -5708702 -7148612 -967307 -143178 -927325 -122675 -41812 132052 -4088 -60261 138388 100511 -8916 27473 1220 -41542 -210 -382 46 -284 -30 5 -11 -17 -6 -12 0 -3 0 0 3 0 0 7 2 0 0 0 0 0 0 1 0 0 0 0 0 0 0 0 0 0 0 0 0 0 1583838187
-16077403 -15496793 21946783 5060806 -6834793 -7574986 -1371430 -141504 111108 -125051 -42650 -13456 -4161 -64188 -10149 -2189 -8467 -3266 -972 -565 -226 -217 2584 -271 -2 -29 -12 -7 1 0 0 1 -2 0 2 0 0 0 0 0 0 0 0 0 0 0 0 0 0 0 0 0 0 0 0 0 0 0 0 0 1583838187
-16088150 -15510368 21977789 5019556 -7854613 -7596818 -1824073 -142241 119330 -126336 -43335 -28056 -3990 -64875 -9513 -2063 -3926 -3449 -1016 -367 -205 -237 -214 -327 -3 -25 -11 -6 1 0 0 1 -2 0 1 1 0 0 0 0 0 0 3 0 0 0 0 0 0 1 0 -1 0 0 0 0 0 0 0 0 1583838187
-16090049 -15499053 21932044 5479364 4981993 -7379248 2775026 -134054 119566 -113137 -36197 -28118 -5857 -6361 -10173 -3380 -4249 -2954 -1080 -1021 -225 -88 -1365 -347 -2 -20 -12 -6 1 0 0 1 -9 0 -1 -5 0 0 -6 6 1 0 3 0 1 1 5 -3 2 -2 0 1 0 0 0 0 0 0 0 0 1583838187
-16088139 -15510304 21977710 5018562 -7886773 -7597320 -1819832 -142237 119333 -126325 -43330 -28107 -3995 -65814 -9489 -2101 -7817 -3327 -984 -389 -224 -216 -7 -297 -3 -26 -12 -6 1 0 0 1 0 0 1 0 0 0 0 0 0 0 2 0 0 0 0 0 0 0 0 0 0 0 1 -1 0 0 0 0 1583838187
-16000367 -14718160 20371852 6174949 -7740601 -7126651 -1648625 -146443 120644 -127121 -43432 -30258 -4078 -69709 -10893 -3690 -7612 -3108 -976 -659 -221 -138 -66 -301 -3 47 -13 146 -29 -4 0 1 0 0 0 -1 0 0 0 1 0 0 0 0 0 0 0 0 0 0 0 0 0 0 0 0 0 0 0 0 1583838187
-16069216 -15484577 21920683 5105809 -5656110 -7511494 -1218093 -141225 126376 -124621 -42395 9485 -4147 -45957 -13299 -4017 -9455 -3321 -971 -754 -241 -114 206 -304 -2 68 -13 17 15 31 0 -47 2 -27 3 -1 0 0 0 0 0 1 0 0 0 0 0 0 0 0 0 0 0 0 0 0 0 0 0 0 1583838187
-16088333 -15508823 21971149 5090938 -5842807 -7562678 -1317574 -141295 119261 -124856 -42519 -27941 -4167 -45091 -8843 -2045 -8122 -2859 -965 -949 -234 -158 151 -320 -2 -27 -12 -6 1 0 0 1 0 0 2 0 0 0 1 0 0 0 0 0 0 0 0 0 0 0 0 0 0 0 0 0 0 0 0 0 1583838187
-16089780 -15507978 21969336 5099168 -5672291 -7559890 -1069066 -140893 120559 -124167 -42158 -30107 -4294 -53177 -10821 -3630 -3692 -3176 -1018 -704 -208 -141 -244 -276 -3 -26 -12 -4 1 0 0 1 -2 0 -4 -1 0 -1 2 0 0 0 -2 0 0 0 0 0 0 0 0 0 0 0 0 0 0 0 0 0 1583838187
-15880246 -15333240 21597643 4928001 -4781680 -7337873 -2111379 -142382 116359 -126913 -43571 -27547 -3677 15083 -9902 -1663 10446 -3602 -1121 -576 -174 -240 -814 533 -11 -16 -35 -6 2 0 0 0 -12 0 -4 10 0 -1 0 -7 -1 0 -3 0 -1 0 0 1 -1 2 0 0 1 0 0 0 0 0 0 0 1583838187
-16088171 -15510104 21976573 5034321 -7431630 -7589552 -1861254 -142268 119305 -126420 -43367 -28075 -3951 -54138 -9808 -2097 -7408 -3558 -1004 -89 -227 -217 -47 29 -4 -25 -21 -6 2 0 0 1 -3 0 2 0 0 0 0 0 0 0 1 0 0 0 0 0 0 0 1 -1 0 0 0 1 0 0 0 0 1583838187
-16088360 -15508206 21968958 5113632 -5194857 -7551225 -1616847 -141719 119249 -125653 -42913 -27831 -3972 -16805 -9440 -2024 -3139 -3356 -1022 -440 -224 -206 1563 -378 -3 -30 -9 -6 1 0 0 1 0 0 4 -1 0 0 0 0 0 0 0 1 0 0 0 0 0 0 0 0 0 0 0 0 0 0 0 0 1583838187
-16089316 -15504138 21961918 5095294 -5957052 -7562583 -822338 -140548 120568 -123506 -41822 -30209 -4443 -70928 -10821 -3658 -9131 -3083 -972 -632 -224 -143 3618 -253 -1 -33 -13 -1 0 0 0 1 -4 0 3 1 0 0 0 1 0 0 0 0 0 0 0 0 0 0 0 0 0 0 0 0 0 0 0 0 1583838187
-16011771 -15449391 21837169 5139815 -5698087 -7508096 -1252010 -141573 58659 -124715 -42481 63880 -4061 -45817 50931 66786 -7483 -13995 -1585 12690 -213 -1556 -108 -351 -4 -12 -13 -5 3 0 0 1 -2 0 3 0 0 0 1 0 0 0 0 1 0 0 0 0 0 0 0 0 0 0 0 0 0 0 0 0 1583838187
-16079721 -15422453 21799910 5146853 -7892181 -7545791 -1820387 -142735 120630 -126469 -43369 -30227 -3998 -65770 -10914 -3692 -7544 -3105 -974 -659 -223 -139 16 -308 -3 14 -12 78 -15 -2 0 1 0 0 2 -1 0 0 0 -1 0 0 0 0 0 0 0 0 0 0 0 0 0 0 0 0 0 0 0 0 1583838187
-16072981 -15478136 21911429 5042764 -7894908 -7565860 -1818667 -142393 117859 -126396 -43386 43065 -3896 -66587 41110 39036 -7272 10831 -1951 33222 -122 -15344 -235 -282 -4 -129 -12 -58 -45 -46 0 -21 0 3 2 -1 0 36 5 1 -6 0 0 0 -1 3 0 0 -1 0 -1 0 0 -3 1 1 0 0 1 0 1583838187
-16081299 -15493758 21944209 5027755 -7880685 -7576301 -1821820 -142306 123533 -126370 -43360 7171 -3940 -65808 6077 22468 -4722 -11672 -1540 10998 -199 -7202 -217 -345 -5 66 -13 -27 -7 -26 0 -10 -1 1 1 1 0 18 2 -1 0 0 3 0 -1 0 0 1 0 1 0 0 0 0 2 -2 0 0 0 0 1583838187
-16051879 -15419176 21793459 5074833 -7614942 -7471254 -1582395 -142192 148816 -125882 -43130 157751 -3841 -72554 101726 113900 -7232 531 -3599 75260 -47 -39859 -473 -222 -8 41 -20 -134 -90 -127 0 -60 0 8 0 0 -1 99 12 -2 -8 -4 0 -1 -3 3 0 0 -1 0 0 0 0 -3 0 0 0 0 0 0 1583838187
-16087180 -15500197 21948310 5201539 -2960491 -7510681 -122155 -139235 118114 -121459 -40696 -13137 -4652 -39886 -3157 8192 -8306 -7023 -1248 4487 -231 -3647 -417 -195 -4 22 -16 -17 -2 -13 0 -4 -4 0 0 2 0 9 -2 -2 0 0 0 0 -1 0 1 0 0 0 0 0 0 0 0 0 0 0 0 0 1583838187
-16087772 -15503998 21961420 5092746 -5987180 -7562908 -871866 -140631 118845 -123648 -41903 -14959 -4395 -69454 -4030 6827 -8552 -6526 -1206 4096 -219 -3732 -140 -269 -3 21 -15 -17 -3 -14 0 -4 -2 0 0 1 0 9 1 -1 0 0 0 0 0 0 0 0 0 0 0 0 0 0 0 0 0 0 0 0 1583838187
-16085490 -15500578 21957704 5030397 -7886797 -7591748 -1819931 -142296 117252 -126351 -43350 -2152 -3958 -66000 6429 13386 -7396 -1447 -1360 11009 -194 -7074 -81 -305 -4 -13 -13 -29 -14 -24 0 -9 0 1 2 0 0 17 2 0 -1 0 0 0 0 0 1 0 0 0 0 0 0 0 0 0 0 0 0 0 1583838187
-16087730 -15505415 21968610 5017403 -7886951 -7585782 -1819836 -142241 126635 -126343 -43340 -16321 -3978 -65916 -2625 4784 -7272 -2634 -1169 5009 -208 -3526 -78 -276 -3 -17 -13 -17 -5 -12 0 -3 -1 0 0 1 0 8 0 0 0 0 0 0 0 0 0 0 0 0 0 0 0 0 0 0 0 0 0 0 1583838187
-16087878 -15503896 21960036 5117186 -5278038 -7550972 -841705 -140529 118851 -123538 -41834 -15942 -4390 -58853 276 3919 -8270 1558 -1172 6604 -202 -3820 -304 416 -6 -54 -29 -19 -10 -11 0 -4 -7 1 3 -3 0 8 2 0 -1 0 0 0 1 0 -1 0 0 0 0 0 -1 0 0 0 0 0 0 1 1583838187
-16082715 -15442202 21832687 5259037 -3804101 -7490217 -470377 -140176 120504 -122544 -41249 -30013 -4531 -41972 -10758 -3587 -7271 -3111 -1008 -669 -227 -125 -436 1615 -12 3 -63 50 -9 -1 0 1 -13 0 8 -3 -1 -1 4 -3 0 0 1 -2 0 0 1 0 0 0 0 -1 0 0 0 0 0 0 0 0 1583838187
-13775556 -13643868 17956088 3230642 -7864551 -6025184 -1821285 -142583 -473434 -124910 -42922 -60447 -4011 -65504 9651 -2349 -7214 -4525 -1030 717 -218 -259 -52 -295 -26 -16 -12 -3 3 1 0 3 0 0 1 -1 0 0 0 1 0 3 0 0 1 0 0 0 0 -1 0 0 0 -1 0 0 0 0 0 0 1583838187
-16047527 -15133273 21210057 5630761 -6064561 -7345382 -275820 -141796 120580 -122604 -41218 -30353 -4738 -98605 -10764 -3670 -1431 -3270 -1045 -738 -172 -151 -703 -318 -4 -19 -13 7 0 0 0 1 -1 0 -2 0 0 0 1 7 1 0 -2 -3 -1 0 0 0 0 0 0 0 0 0 -1 -1 0 1 0 0 1583838187
-16088384 -15508918 21971339 5083467 -6089922 -7567685 -316735 -139735 119291 -122112 -41109 -28495 -4720 -97767 -9608 -2269 -9126 -3392 -1004 -322 -210 -146 -253 -290 -2 -27 -13 -6 1 0 0 1 -1 0 1 0 0 0 1 1 0 0 0 0 0 0 0 0 0 0 0 0 0 0 0 0 0 0 0 0 1583838187
-16084839 -15502554 21958925 5076356 -6404941 -7569358 -1384380 -141473 116659 -125073 -42649 -15026 -4135 -54275 -9772 -4048 -5590 -1167 -928 -1616 -215 -135 -35 -326 -3 -34 -11 -7 0 0 0 1 -1 0 0 -2 0 0 1 1 0 0 1 0 0 0 1 0 0 0 0 0 0 0 0 0 0 0 0 0 1583838187
-16090099 -15497683 21934655 5376079 1903116 -7429885 2312465 -135027 120325 -114565 -37049 -30072 -5821 -72859 -10496 -3516 -8717 -3148 -1046 -671 -215 -111 -715 -251 -2 -24 -12 -2 1 0 0 1 0 0 1 3 0 0 0 0 0 0 -1 0 0 0 -1 0 0 2 0 2 0 0 0 0 0 0 0 0 1583838187
-16087994 -15505646 21968355 5024424 -7892979 -7595180 -1819257 -142263 119235 -126338 -43340 -14581 -3974 -66037 -4153 7152 -5070 -7006 -1219 4036 -207 -3852 -195 -347 -4 26 -14 -17 -2 -14 0 -4 0 0 4 0 0 9 2 2 1 0 0 -1 -1 0 0 0 0 -1 -2 0 2 0 1 2 0 0 0 0 1583838187
-16086164 -15499203 21955079 5032399 -7886795 -7591410 -1820040 -142302 117843 -126354 -43352 1053 -3951 -66016 2988 17826 -7325 -10322 -1423 8853 -214 -7565 -79 -305 -4 75 -14 -29 -8 -28 0 -11 0 1 1 -1 0 20 3 0 0 0 0 0 0 0 0 0 0 0 0 0 1 0 -1 0 0 0 0 0 1583838187
-16089331 -15504117 21961669 5100769 -5792739 -7559700 -972328 -140772 120563 -123912 -42028 -30153 -4356 -60669 -10827 -3646 -9095 -3084 -980 -647 -231 -129 -133 -295 -2 -24 -13 -1 0 0 0 1 -1 0 1 -1 0 0 -1 0 0 0 1 0 0 0 1 0 0 0 0 0 0 0 0 0 0 0 0 0 1583838187
-16085178 -15504127 21957775 5157773 -4058439 -7530041 -434465 -139792 116630 -122353 -41183 -24231 -4553 -48524 -6880 814 -8192 -3772 -1036 182 -230 -208 -278 -325 -2 -26 -16 -6 1 0 0 1 0 0 -1 -3 0 0 0 0 0 0 1 0 0 0 0 0 0 0 0 0 0 0 0 0 0 0 0 0 1583838187
-16089119 -15505793 21968829 5026428 -7874606 -7594811 -1820991 -142263 120627 -126336 -43332 -30223 -3997 -65464 -10914 -3691 -7232 -3111 -977 -663 -222 -140 -31 -303 -3 -24 -12 -1 0 0 0 1 -1 0 1 0 0 0 0 0 0 0 2 0 0 0 0 0 0 0 0 -1 0 0 0 0 0 0 0 0 1583838187
-16086846 -15502953 21962163 5046062 -7109999 -7570541 -1478507 -141652 126828 -125384 -42848 -13490 -4155 -77910 -3478 7930 -7675 -7037 -1225 4566 -213 -3629 -111 -276 -3 20 -14 -17 -2 -13 0 -4 -2 0 0 0 0 9 0 1 0 0 -1 0 0 0 0 0 0 0 0 0 0 0 0 0 0 0 0 0 1583838187
-16089872 -15506916 21965227 5137455 -4611480 -7541959 -536677 -139977 120527 -122657 -41351 -30095 -4531 -55364 -10771 -3611 -5132 -3159 -1018 -692 -213 -135 -348 -117 -4 -25 -16 -4 1 0 0 1 -3 0 -2 3 0 -1 1 -3 0 0 -3 0 0 0 0 0 0 0 0 0 0 0 0 0 0 0 0 0 1583838187
-15869157 -15341223 21586272 5362692 -1078660 -7319021 307830 -139423 -40845 -120313 -40179 225623 -4477 -33360 152041 191168 -7816 -39473 -3087 44494 -184 -1738 -658 -261 -7 -22 -16 8 11 14 0 7 -7 0 0 6 0 -5 -3 0 0 3 0 0 2 -2 -3 -1 1 0 0 0 -3 0 0 1 0 1 1 3 1583838187
-15905138 -15352794 21638918 4953166 -4729638 -7360120 -934709 -140528 118990 -123685 -41907 -27893 -4328 -43505 -10442 -3976 -6461 -3159 -1001 -690 -226 -137 -294 -289 -3 -23 -13 -6 1 0 0 1 -3 0 0 0 0 0 0 0 0 0 0 0 0 0 -1 0 0 0 0 0 -1 0 0 0 0 0 0 1 1583838187
-16088132 -15510606 21978327 5017849 -7893241 -7597619 -1818551 -142234 119301 -126321 -43328 -28124 -3996 -66006 -9837 -2091 -7412 -3608 -1005 -36 -222 -193 -43 -311 -3 -26 -12 -6 1 0 0 1 0 0 3 0 0 0 0 1 0 0 0 0 0 0 0 0 0 0 -1 0 0 0 0 1 0 0 0 0 1583838187
-16086436 -15509152 21975028 5020311 -7854605 -7595750 -1824186 -142249 117966 -126337 -43336 -26079 -3987 -64888 -8870 -527 -5405 -4195 -1053 638 -212 -235 17 -337 -3 -26 -10 -6 2 0 0 1 2 0 2 -1 0 0 0 -1 0 0 0 0 0 0 0 0 0 0 0 0 0 0 0 0 0 0 0 0 1583838187
-16068685 -15495945 21945195 5029321 -7869278 -7584093 -1823027 -142337 103889 -126344 -43349 -5414 -3958 -65448 5435 15151 -4156 -6233 -1168 3063 -202 -490 -225 -273 -4 -23 -13 -5 2 0 0 1 -4 0 0 4 0 0 0 0 0 0 0 0 1 0 -1 -1 0 -1 0 0 0 0 0 0 0 0 0 0 1583838187
-16088552 -15506605 21962114 5178622 -3407567 -7521707 -928 -139042 119176 -121129 -40533 -28185 -4761 -54629 -9688 -2151 -8894 -3491 -1025 -145 -230 -140 -257 -332 -2 -27 -11 -6 1 0 0 1 2 0 3 0 0 -1 2 -1 0 0 0 0 0 0 0 0 0 0 0 0 0 0 0 0 0 0 0 0 1583838187
-15715582 -15227870 21343865 4969291 -5674881 -7528771 -2023151 -142959 -160777 -126443 -43442 -16093 -3758 -10962 -1350 2253 -4597 -486 -811 -4220 -235 -27 -240 -316 -14 -10 -14 -6 2 0 0 2 -4 0 -1 -2 0 -1 -2 2 0 0 0 0 1 -1 0 1 0 1 0 0 0 0 2 -1 0 0 0 0 1583838187
-15404440 -14930710 20748731 4399139 -6779600 -6894058 -1920180 -142027 116294 -126284 -43334 -22193 -3869 -38258 -12464 -2991 -5598 -3205 -986 -744 -227 -175 -167 -344 -3 -21 -12 -4 2 1 0 2 -4 0 1 -2 0 0 -1 1 0 0 1 0 0 0 0 0 0 0 0 0 0 0 0 -1 0 0 0 0 1583838187
-16088870 -15503398 21948630 5348443 1518301 -7435231 -2682701 -142902 119044 -128311 -44136 -26735 -3109 165266 -9368 -1721 644 -3237 -1055 -490 -301 -177 -736 -505 -3 -23 -5 -5 2 0 0 1 -5 0 -3 -6 0 0 -1 6 1 0 6 -1 4 0 -2 2 -1 6 0 4 -1 0 2 0 0 0 0 0 1583838187
-16044397 -15475007 21894962 5113579 -5924402 -7534408 -915770 -140892 84474 -123780 -41988 24325 -4312 -66220 28499 37561 -9218 -7067 -1166 4095 -218 -905 2110 -282 -2 -24 -12 -6 2 -1 0 1 -2 0 3 0 0 0 0 0 0 0 0 0 0 0 0 0 0 0 0 0 0 0 0 0 0 0 0 0 1583838187
-16088672 -15507944 21968049 5117177 -5101712 -7548916 -638386 -140167 120689 -122956 -41519 -28350 -4496 -61009 -10898 -3642 -5136 -3172 -1013 -693 -210 -139 602 -340 -2 -27 -12 -4 2 1 0 2 -4 0 0 -2 0 0 2 0 0 0 0 0 0 0 0 0 0 0 0 0 0 0 0 0 0 0 0 0 1583838187
-16031859 -14997288 20937378 5777900 -7490882 -7287464 -1864156 -144887 120628 -127255 -43602 -30165 -3950 -54397 -10902 -3668 -2424 -3312 6815 -417 -184 -141 1 -299 -4 125 -13 302 -61 -8 0 1 -1 0 -3 -3 15 0 4 0 0 0 0 0 0 0 1 0 0 0 0 0 0 0 0 0 0 0 0 0 1583838187
-16086845 -15506513 21963632 5152822 -4074783 -7530673 -2167327 -142511 117938 -127121 -43647 -25664 -3628 30692 -8197 -525 -8255 -3435 -998 -112 -275 -207 -95 -346 -2 -25 -11 -6 2 0 0 1 -2 0 1 -1 0 0 0 1 0 0 1 0 0 0 0 0 0 1 0 0 -1 0 0 0 0 0 0 1 1583838187
-16089417 -15508415 21974112 5023293 -7854810 -7596029 -1824084 -142251 120626 -126340 -43335 -30218 -3994 -64866 -10911 -3688 -5744 -3137 -987 -678 -215 -144 97 -331 -3 -25 -12 -2 1 0 0 1 2 0 2 -1 0 0 0 -1 0 0 0 0 0 0 0 0 0 0 0 0 0 0 0 0 0 0 0 0 1583838187
