-15865435 -15334885 21591029 4918080 -7846272 -7541157 -1826331 -142501 -16096 -126156 -43294 -22724 -3973 -64703 -10649 -3853 -2786 -2166 -982 -937 -198 -181 -302 -225 -10 -21 -10 -7 1 0 0 1 -3 0 -1 6 0 0 -1 0 0 0 0 0 2 0 -2 -1 1 -1 0 0 -1 0 0 0 0 0 0 0 1583836345
-16083627 -15369522 21599770 7008846 43823506 -6665300 17675099 128196 118556 -70236 -13132 -28006 -12012 131781 -8756 -2428 -2139 -3335 994 -712 -239 14 -2098 -767 1 -27 -12 -6 1 0 0 2 10 0 -3 -19 1 0 -6 -8 -2 0 3 -3 -8 -1 -4 0 0 -1 0 0 0 0 0 0 0 0 0 0 1583836345
-16047041 -15456828 21862191 5109065 -4386196 -7464485 -850819 -140475 137893 -123546 -41809 7978 -4288 -36186 -8634 -5777 -7115 3872 -981 1998 -214 -552 -288 -290 -2 -79 -11 -10 -5 0 0 1 -1 0 -1 -2 0 -1 0 0 -1 -2 0 0 0 0 0 0 0 0 0 0 0 0 0 0 0 0 0 0 1583836345
-16048258 -15473320 21900301 4979092 -7873899 -7549598 -1820986 -142220 124577 -126322 -43331 -20952 -3981 -65529 -10404 -4202 -8079 -1311 -965 27 -221 -249 106 -296 -2 -41 -11 -7 0 0 0 1 1 0 2 -1 0 0 0 -1 0 0 0 0 0 0 0 0 0 0 0 0 0 0 0 0 0 0 0 0 1583836345
-15137398 -14579756 20027848 4238715 -7166283 -6469164 -1890788 -142412 194375 -126493 -43493 266466 -3418 -48950 30548 -30392 3038 82866 -708 28811 47 -5147 -868 118 -1 -632 -11 -15 -47 10 0 0 -4 2 -3 10 0 -1 -3 -3 14 9 0 -1 2 -11 5 0 0 2 0 -3 0 1 -1 0 0 1 -4 2 1583836345
-16089327 -15502811 21954662 5188399 -3149208 -7509767 155589 -138780 124835 -120700 -40305 -20436 -4820 -56741 -10310 -4023 -9075 -1721 -992 -315 -226 -191 -379 -191 -2 -36 -17 -3 5 0 0 1 -2 0 0 -1 0 0 0 0 1 0 0 0 0 0 1 0 0 0 0 0 0 0 0 0 0 0 0 0 1583836345
-15573394 -14949438 20817154 4593272 -7857562 -6840117 -1828654 -142427 251627 -126575 -43508 282364 -3459 -66889 8274 -21228 1484 55117 -786 18918 -23 -3527 -739 98 0 -427 -16 9 0 3 0 1 1 0 0 1 0 -1 0 1 13 0 0 -3 0 2 0 1 -2 -1 0 0 -1 -3 0 1 0 0 0 0 1583836345
-16089290 -15509332 21974450 5053802 -6879906 -7578720 -1919033 -142317 121319 -126559 -43425 -27994 -3886 -39006 -10421 -3891 4700 -2376 -1049 -419 -173 -233 4491 -414 -3 -44 -7 -2 6 -1 0 1 5 0 3 -3 0 0 0 -2 -1 0 0 0 0 0 0 0 0 0 0 0 0 0 0 0 0 0 0 0 1583836345
-16076600 -15495829 21945817 5051793 -6603579 -7556101 -1288643 -141300 124884 -124815 -42518 -21117 -4207 -63184 -11080 -3883 -6824 -2621 -988 -479 -218 -169 -142 -205 -3 -28 -16 -6 1 0 0 1 -1 0 -2 0 0 0 0 0 0 0 -2 0 1 0 1 0 0 0 0 0 0 0 0 0 0 0 0 0 1583836345
-16090183 -15499880 21936904 5419134 3301356 -7406226 2190088 -135099 121012 -114819 -37103 -27639 -5618 -13111 -10078 -3644 -7889 -2307 -1053 -365 -239 -150 -388 -383 -1 -31 -10 -2 6 -1 0 2 4 0 0 -2 0 -1 3 0 0 0 1 0 0 0 1 0 0 0 0 0 0 0 0 0 0 0 0 0 1583836345
-16062628 -15473869 21896308 5139774 -3871393 -7480884 -346112 -139632 132979 -122125 -41061 -3072 -4554 -48542 -9119 -5123 -7608 1853 -984 1041 -215 -414 -285 -326 -2 -63 -11 -4 1 0 0 1 0 0 1 -1 0 -1 2 0 0 0 0 0 0 0 0 0 0 0 0 0 0 0 0 0 0 0 0 0 1583836345
-16074183 -15388379 21734332 5000205 -7885409 -7652279 -1820309 -142225 120445 -126320 -43328 -28136 -3994 -65788 -11042 -3714 -7535 -3120 -974 -665 -223 -139 16 -308 -3 -27 -12 -6 1 0 0 1 0 0 2 -1 0 0 0 0 0 0 0 0 0 0 0 0 0 0 0 0 0 0 0 0 0 0 0 0 1583836345
-16061946 -15475668 21903178 5072675 -5747374 -7512782 -1013484 -140822 132382 -124040 -42097 -4174 -4287 -57720 -9887 -4921 -9151 841 -969 853 -222 -368 -102 -300 -2 -56 -12 -6 0 0 0 1 0 0 2 0 0 -1 1 0 -1 -1 0 0 0 0 0 0 0 0 0 0 0 0 0 0 0 0 0 0 1583836345
-16066410 -15490770 21936586 4998539 -7893126 -7573439 -1818560 -142232 120373 -126317 -43327 -26585 -3993 -66023 -10546 -3896 -8151 -2225 -961 -504 -224 -179 -2 -298 -2 -23 -12 -5 3 0 0 1 0 0 3 0 0 0 0 0 2 0 0 0 0 0 0 0 0 0 -1 0 0 0 0 1 0 0 0 0 1583836345
-16088858 -15507924 21973057 5022984 -7854769 -7595294 -1824093 -142254 120278 -126343 -43340 -20883 -3978 -64967 -10767 -4011 -6067 -2187 -975 -506 -214 -187 -2 -258 -3 -30 -14 -5 3 0 0 1 0 0 1 1 0 0 0 -1 1 0 0 0 0 0 0 0 0 0 0 0 0 0 0 0 0 0 0 0 1583836345
-15895097 -15297721 21519052 5195960 1322917 -7187947 1734945 -136048 147298 -116213 -37903 73752 -5311 -35656 41599 -27827 -6198 88788 -815 33689 20 -5588 -1234 -204 2 -838 -4 -35 -78 10 0 0 -1 0 -3 -6 0 -1 -3 4 -12 -5 3 0 -1 11 0 -2 0 -1 0 0 0 -1 0 0 0 0 1 0 1583836345
-16088853 -15507925 21973111 5021888 -7886927 -7595836 -1819844 -142250 120278 -126333 -43335 -20848 -3983 -65882 -10179 -4260 -7710 -1210 -961 -117 -219 -240 -30 -252 -3 -38 -15 -5 2 0 0 1 -1 0 0 1 0 0 0 -1 1 0 0 0 0 0 0 0 0 0 0 0 0 0 0 0 0 0 0 0 1583836345
-16044017 -15453392 21850399 5182327 -2460728 -7442117 138720 -138795 127818 -120732 -40311 8074 -4732 -40913 -613 -8765 -9800 16097 -932 6123 -191 -1230 -241 -283 0 -193 -9 -9 -11 2 0 1 0 0 -1 -2 0 -1 1 -1 1 1 1 0 0 -2 0 0 0 0 0 0 0 0 0 0 0 0 -1 0 1583836345
-16066245 -15484882 21925135 5002657 -7886287 -7565894 -1820017 -142254 124127 -126338 -43340 -11078 -3966 -65935 -9950 -4612 -7688 -39 -950 119 -216 -297 -37 -237 -3 -44 -13 -4 2 0 0 1 0 0 0 0 0 0 0 0 4 0 -1 0 0 0 0 0 0 0 0 0 0 0 0 0 0 0 0 0 1583836345
-15970686 -15367331 21682511 4947642 -7875849 -7417583 -1821139 -142387 147198 -126430 -43407 86193 -3813 -66275 34209 -25074 -6239 77353 -695 27443 -6 -4790 -272 -182 1 -713 -5 -16 -50 9 0 0 0 1 1 -1 0 -1 0 -2 7 0 0 0 0 2 0 0 0 0 0 0 0 1 0 0 0 0 -1 0 1583836345
-16083805 -15441460 21820218 5468600 2225139 -7391060 2146017 -107310 120261 -115033 -37233 -29842 -5653 -34728 -10526 -3475 -8839 -3962 51949 1329 -106 -60 -945 -280 0 -25 -10 -17 4 0 0 1 0 0 -3 -4 3 0 0 1 0 0 3 0 0 0 2 -1 0 -1 0 0 0 0 0 0 0 0 0 0 1583836345
-15882163 -15326118 21575566 5088815 -337840 -7256529 784199 -137495 122308 -118765 -39249 -20615 -5016 -24950 -11316 -3409 -2783 -2797 -1061 -580 -212 -163 -331 -347 -3 -14 -10 -6 1 0 0 1 0 0 -6 -3 -1 -1 5 0 0 0 0 0 0 0 0 0 0 0 0 0 0 0 0 0 0 0 0 0 1583836345
-16081240 -15498077 21948789 5096795 -5534235 -7540986 -858861 -140556 125024 -123591 -41858 -19161 -4385 -60196 -11373 -3796 -9767 -2938 -976 -592 -234 -136 -51 -243 -2 -15 -14 -7 1 0 0 1 -1 0 0 0 0 -1 1 0 0 0 -1 0 0 0 0 0 0 0 0 0 0 0 0 0 0 0 0 0 1583836345
-5701963 -6815124 3542003 -5016267 -5966369 2597296 -1100083 -136108 -35458 -119761 -40684 -186630 -4404 -59267 -5361 972 -7657 -627 -955 173 -214 -877 -103 -302 -3 -93 -11 -4 1 -1 0 2 -2 -1 0 -1 0 0 1 0 0 2 0 0 0 0 0 0 0 0 0 0 0 -1 0 0 0 0 1 0 1583836345
-12468737 -12513199 15616584 1497754 -7806327 -4111123 -1830748 -140519 27347 -124710 -42783 -140562 -4132 -63346 129059 -94741 6991 -7595 -1092 -549 -147 298 -677 -459 -9 -22 -2 -1 6 0 0 0 1 2 2 -1 0 0 0 2 0 6 0 1 3 6 -2 0 0 0 0 0 1 2 0 -1 0 0 0 0 1583836345
-15904796 -15354651 21648303 4843739 -7872455 -7409249 -1821001 -142167 120426 -126261 -43311 -21944 -3980 -65533 -11768 -3529 -6860 -3124 -978 -681 -219 -152 -71 -259 -3 18 -14 -7 1 0 0 1 -2 0 0 1 0 0 0 0 0 0 0 0 0 0 0 0 0 0 0 0 0 0 0 0 0 0 0 0 1583836345
-15741044 -15207409 21335282 4753705 -6294611 -7204048 -1977230 -142279 124553 -126592 -43454 -3328 -3773 -23945 -12926 -3470 21371 -3353 -1182 -896 -100 -235 -1383 30 -11 43 -17 -8 1 0 0 0 -15 0 -9 17 0 -1 -2 -8 -2 0 -6 2 -3 0 1 1 -1 2 0 0 0 0 2 0 0 0 0 0 1583836345
-15819555 -15280378 21487532 4832830 -5759004 -7289947 -977183 -140631 120636 -123812 -42000 -24064 -4335 -60238 -11507 -3442 -2610 -3032 -1026 -663 -198 -172 -484 288 -6 -21 -28 -6 1 0 0 1 -8 0 2 -1 0 0 0 0 0 0 -1 1 0 0 -1 1 -1 0 0 1 2 0 -1 0 0 0 0 0 1583836345
-16063397 -15445141 21772503 6418893 31912109 -6886209 13620720 -114993 123520 -82158 -19532 -19752 -10410 57395 -9610 -2879 4088 -3150 -1374 -763 -186 -55 -4469 141 -5 -19 -20 -5 1 0 0 1 -21 0 7 4 4 3 -31 7 0 0 2 1 3 1 5 4 -3 1 -1 -9 -1 0 -4 1 0 0 0 0 1583836345
-16072659 -15492502 21933614 5138464 -4103405 -7516190 62385 -138985 120630 -120980 -40475 -29042 -4829 -72792 -10541 -3725 -7845 -2685 -1006 -496 -215 -157 -214 -250 -2 -26 -11 -6 1 0 0 1 -1 0 3 0 0 0 -1 0 0 0 -1 1 1 0 0 0 0 0 0 0 0 0 0 0 0 0 0 0 1583836345
-16071593 -15492201 21940393 5002945 -7878480 -7572149 -1822016 -142238 124864 -126337 -43337 -20563 -3980 -65562 -10196 -4307 -5384 -1085 -985 104 -207 -270 -141 -302 -3 -43 -11 -7 0 0 0 1 0 0 1 0 0 0 0 1 0 0 0 0 3 0 0 0 0 -1 0 0 0 0 0 0 0 0 0 0 1583836345
-16003590 -15425675 21788918 5123139 -4499985 -7508236 -1434874 -141575 68021 -125101 -42639 15699 -3939 -9950 -9258 -5267 39550 2036 -1232 -94 -1 -546 10189 -629 -11 -88 14 -8 -4 0 0 1 5 0 11 -3 0 0 0 -1 -1 -1 -4 2 -3 0 -3 1 -1 0 0 0 -1 0 0 0 0 0 0 0 1583836345
-15729493 -15204813 21328800 4718011 -6672371 -7213743 -804445 -140402 119869 -123344 -41787 -19925 -4464 -87526 -11962 -3384 -8537 -2806 -981 -554 -213 -177 -188 -259 -3 19 -14 -8 1 0 0 1 -2 0 1 2 0 0 0 0 0 0 0 0 -1 0 0 0 0 0 0 0 0 0 0 0 0 0 0 0 1583836345
-15550153 -15016266 20870766 5794298 27777844 -6433178 12115680 -117517 119353 -86294 -21813 4269 -9749 39086 -9280 -4619 146 -3301 -1310 -779 -200 -68 -3737 45 -5 170 -22 -7 7 -2 0 2 -13 -2 2 12 2 1 -20 1 0 0 -10 3 7 0 2 0 0 1 -1 6 1 0 -1 1 0 0 -1 -1 1583836345
7872 -1999148 -6664619 -10386053 -2797537 8377141 241862 -131423 -67638 -113703 -37923 -76690 -4698 -55864 -22484 6962 -4327 -2453 -975 -827 -196 -1123 -596 -270 -4 149 -13 13 16 22 0 -25 -3 38 1 4 0 -1 0 -2 -1 -5 -3 0 0 -1 0 3 5 0 0 0 0 -1 0 0 0 0 0 0 1583836345
-16083835 -15499235 21956128 5015574 -7893604 -7576547 -1818564 -142248 129497 -126346 -43341 -10552 -3966 -66116 -10400 -4588 -7245 -507 -969 332 -214 -299 -61 -308 -2 -45 -12 -7 0 0 0 1 0 0 3 0 0 0 0 1 0 0 0 0 0 0 0 0 0 0 -1 0 0 0 0 1 0 0 0 0 1583836345
-16085474 -15473264 21902684 5078067 -7751841 -7573385 -1832611 -51027 120435 -126259 -43320 -30191 -3983 -62196 -10912 -3687 -7831 -3142 2083 -537 -218 -138 798 -291 -2 -28 -12 -5 1 0 0 1 0 0 2 0 -1 0 0 0 0 0 0 0 0 0 0 0 0 0 0 0 0 0 0 0 0 0 0 0 1583836345
-15862434 -15311688 21554929 4876869 -5796680 -7323621 -998728 -140706 125879 -123907 -42046 -13090 -4311 -60320 -12240 -3543 -9731 -3011 -973 -630 -234 -147 -115 -207 -2 -7 -15 -7 1 0 0 1 -2 0 0 0 0 0 -1 0 0 0 0 0 0 0 0 0 0 0 0 0 0 0 0 -1 0 0 0 0 1583836345
-15360165 -14897830 20672858 4451242 -4184714 -6817038 -756691 -139984 107370 -122939 -41547 -33540 -4396 -38745 -11929 -2605 -8305 -2962 -989 -664 -237 -173 -298 -261 -3 65 -16 -9 2 -1 0 2 -2 -1 -2 0 0 0 -1 1 0 0 0 0 2 0 0 1 -1 3 0 1 -1 0 2 0 0 0 0 -1 1583836345
-15650527 -15130084 21160781 4859111 -784117 -7029861 1126596 -136922 119664 -117762 -38769 -13465 -5223 -55943 -12454 -3121 -9779 -3085 -1013 -676 -231 -140 -634 -342 -2 74 -13 -9 1 -1 0 2 2 -1 5 0 0 0 -2 1 0 0 2 0 2 0 -1 1 -1 3 0 2 0 0 -2 1 0 0 0 -1 1583836345
-15888754 -15341735 21620852 4825502 -7852548 -7395953 -1824091 -142150 119879 -126257 -43309 -26187 -3983 -64940 -11477 -3483 -4739 -3041 -993 -656 -209 -165 -191 -232 -4 -10 -14 -6 1 0 0 1 -3 0 0 4 0 0 -1 0 0 0 0 0 1 0 -1 -1 0 -1 0 0 0 0 0 0 0 0 0 0 1583836345
-16082628 -15498866 21945888 5175326 -3557759 -7522372 -112068 -139254 114830 -121443 -40702 -20540 -4695 -52882 -10160 -4099 -9643 -1404 -982 -187 -231 -209 -251 -316 -2 -38 -13 -7 0 0 0 1 2 0 3 -1 0 0 0 -2 0 0 0 0 0 0 0 0 0 0 0 0 0 0 0 0 0 0 0 0 1583836345
-16089357 -15507923 21973168 5022887 -7888408 -7596293 -1819760 -133964 120610 -126316 -43327 -30224 -3998 -65824 -10915 -3693 -7503 -3121 -75 -626 -221 -139 0 -307 -2 -27 -12 -6 1 0 0 1 0 0 2 -1 0 0 0 0 0 0 0 0 0 0 0 0 0 0 0 0 0 0 0 0 0 0 0 0 1583836345
-13798025 -13569345 17867776 2822587 -7853679 -5304366 -1823814 -141310 107330 -125440 -43049 6586 -3896 -65583 -15269 -2118 -3958 -1230 -973 -312 -199 -386 -211 -231 -4 60 -15 -8 1 0 0 2 1 1 0 3 0 0 0 0 1 -1 -1 -1 -1 0 0 0 0 0 0 0 0 0 0 0 0 0 0 0 1583836345
4911426 2136003 -15431389 -15054432 -6788949 13074478 -1542364 -133091 -234840 -116780 -39983 -122201 -3944 -58666 9855 1415 -5830 68397 -587 21596 -26 -5362 -345 -162 -6 296 -18 -29 -24 1 0 5 -3 -11 -1 0 0 -2 0 -3 12 -3 -1 0 0 5 -1 -1 -1 0 0 0 0 -6 0 0 0 0 0 0 1583836345
-15592602 -15088910 21081890 4614702 -5849886 -7065700 -867084 -140380 117614 -123422 -41817 -22641 -4394 -66847 -12205 -3086 -9381 -3047 -977 -650 -228 -163 -120 -218 -2 11 -15 -7 1 0 0 1 -1 0 0 0 0 -1 1 0 0 0 -1 0 0 0 0 0 0 0 0 0 0 0 0 0 0 0 0 0 1583836345
-15665267 -15149050 21207823 4718453 -4893168 -7120588 -731265 -140127 118773 -123038 -41589 -21675 -4420 -52613 -12131 -3127 -7674 -3061 -994 -662 -227 -159 -248 -118 -3 12 -17 -7 1 0 0 1 -2 0 -1 0 0 -1 1 0 0 0 -1 1 1 0 1 0 0 -1 0 0 0 0 0 0 0 0 0 0 1583836345
-15781715 -15239623 21406513 4740733 -7868571 -7267636 -1824354 -142185 127068 -126260 -43318 -45 -3935 -65339 -12444 -3936 607 -1970 -1027 -270 -179 -256 -494 -362 -4 22 -10 -8 0 0 0 1 -3 0 1 -1 0 0 1 3 0 0 2 0 2 0 -2 0 0 -1 0 0 0 0 0 0 0 -1 0 0 1583836345
-15721257 -15169093 21193261 6066939 32174909 -6540501 -5485056 -144901 114434 -134553 -46565 -24974 -69 976103 -10973 -1563 15433 -2374 -1192 -762 -638 -3 -731 1167 -14 -2 -43 -5 2 0 0 0 -32 0 0 10 0 -1 -2 -12 -3 0 -7 -4 -7 0 0 -1 1 1 3 1 2 0 0 1 0 0 0 0 1583836345
-15809786 -15269895 21463899 4874490 -4463923 -7250746 -2131579 -142378 121537 -126941 -43580 -14434 -3634 23208 -11866 -3575 -8129 -2539 -971 -473 -270 -165 135 -293 -2 46 -13 -8 1 0 0 1 -2 0 0 1 0 -1 0 -1 0 0 0 0 0 0 0 0 0 0 0 0 0 0 0 0 0 0 0 0 1583836345
-15677828 -15155242 21213099 4921520 585656 -7036369 -2594259 -142668 118934 -127938 -43973 -19289 -3145 154887 -12208 -2871 -3496 -2943 -1011 -689 -315 -130 130 -284 -3 17 -13 -7 1 0 0 1 -5 0 -1 5 0 -1 0 -3 0 0 -2 0 -1 0 0 0 0 0 0 0 0 0 0 0 0 0 0 0 1583836345
1129080 -1082970 -8602512 -11672946 -7705594 9335389 -1820791 -134408 -109774 -119018 -40882 -163007 -3966 -64585 71576 -53712 -6851 -3976 -931 -48 -203 -828 -76 -68 -6 4 -19 -7 2 -2 0 4 -3 -2 2 -1 0 0 1 2 0 0 -1 0 0 2 0 0 0 0 1 0 0 0 0 0 0 0 0 0 1583836345
-16063697 -15485020 21916088 5161987 -3185220 -7492431 242226 -138629 119912 -120440 -40173 -29577 -4882 -61179 -10792 -3559 -9261 -3104 -1002 -654 -228 -123 -247 -295 -2 -17 -12 -6 1 0 0 1 0 0 0 -1 0 -1 3 0 0 0 1 0 0 0 0 0 0 0 0 0 0 0 0 0 0 0 0 0 1583836345
134025856 110068395 -244257742 -140508758 -4924868 139504463 -1503114 -72847 -2202048 -60718 -20891 -1897112 -4949 -35641 52153 52116 -6378 18558 -458 4624 -104 -9881 -250 -188 -20 242 -6 12 32 -4 0 6 -2 5 0 -1 0 -1 1 0 3 9 0 0 0 -14 2 -5 -7 0 0 0 0 3 0 0 0 0 -3 1 1583836345
-662944 -2607388 -5376683 -9983072 -7702791 7480859 -1822706 -134998 -120556 -119609 -41032 -283830 -4186 -63337 -24675 18856 -7439 -1750 -932 -616 -216 -1167 -66 -227 -4 -104 -12 -2 4 -1 0 2 -1 0 0 1 0 0 0 0 0 0 0 0 0 -1 0 0 0 0 0 0 0 0 0 0 0 0 0 0 1583836345
-16045509 -15469794 21890388 5027105 -6493667 -7522872 -1265264 -141247 124233 -124734 -42476 -19986 -4212 -61941 -11294 -3814 -7043 -2755 -988 -531 -219 -162 -146 -7 -4 -12 -21 -7 1 0 0 1 -2 0 0 2 0 -1 0 -2 0 0 0 0 0 0 1 0 0 0 1 0 0 0 0 1 0 0 0 0 1583836345
-15030177 -14610529 20073414 4007558 -7875862 -6523737 -1820049 -141826 120684 -125933 -43208 2574 -3926 -65957 -13901 -3150 -8144 -2094 -961 -314 -222 -264 44 -296 -3 81 -15 -10 0 0 0 2 1 -1 2 -1 0 -1 0 -1 0 0 0 0 0 0 0 0 0 0 0 0 0 0 0 0 0 0 0 0 1583836345
-16067695 -15492383 21939959 4998401 -7874126 -7575059 -1821075 -142227 120650 -126321 -43328 -28628 -3994 -65498 -10951 -3720 -7481 -2948 -974 -603 -222 -150 -36 -258 -3 -19 -13 -6 1 0 0 1 -1 0 0 1 0 0 0 0 0 0 0 0 0 0 0 0 0 0 0 0 0 0 0 0 0 0 0 0 1583836345
-14942791 -14525913 19889267 4063652 -4537513 -6365067 -508848 -139562 121886 -122185 -41197 30221 -4422 -55748 -14704 -3412 -4224 -584 -1000 -42 -200 -344 -449 221 -6 167 -26 -9 4 0 0 0 -3 -3 0 5 0 -1 0 -4 0 0 0 0 -1 0 2 2 1 0 1 0 0 0 0 1 0 0 0 0 1583836345
-15633061 -15125800 21163440 4581493 -7811315 -7139214 -1830339 -142052 118360 -126172 -43285 -22220 -3967 -63979 -12170 -3214 -2009 -3157 -1012 -719 -196 -183 -330 62 -6 12 -21 -7 1 0 0 1 -1 0 0 4 0 0 0 0 0 0 5 -1 -2 0 0 1 -1 0 1 0 -1 0 0 0 0 0 0 0 1583836345
-15353163 -14871351 20628243 4326663 -7868137 -6825360 -1821113 -142004 134025 -126104 -43273 23073 -3899 -65797 -50 -9533 -6363 21313 -922 8662 -152 -1659 -164 -273 -1 -193 -11 -16 -20 1 0 1 -1 0 1 0 0 -1 0 1 -6 0 1 0 0 0 1 -1 0 0 0 0 0 -2 0 0 0 0 -1 0 1583836345
-15885562 -15310172 21547087 5061486 -2227281 -7273634 713964 -137890 124526 -119107 -39481 29019 -4980 -63472 -9911 -5418 13221 1526 -1098 -573 -103 -371 -1555 153 -9 -4 -18 0 7 0 0 0 -14 0 -7 19 0 0 -2 -7 8 0 -3 0 0 0 0 0 0 2 0 0 3 0 0 -1 0 0 0 0 1583836345
-11391140 -11574320 13634000 482883 -7143922 -2967435 -1622052 -139717 58244 -123759 -42354 -65636 -4069 -59917 70011 -57293 -7285 -2795 -970 520 -211 -182 -84 -175 -5 -71 -16 -5 0 0 0 0 -3 -1 1 1 0 0 0 0 -2 8 0 2 -1 6 0 2 0 0 0 -1 0 2 0 0 0 0 0 0 1583836345
-14892933 -14499213 19836429 3875258 -7862375 -6397872 -1821147 -141761 112945 -125864 -43184 -9773 -3946 -65609 -6215 -5779 -7246 9110 -942 3935 -188 -944 -97 -212 -3 -44 -14 -14 -10 0 0 1 -2 0 0 1 0 0 0 0 -3 0 0 0 0 -2 0 0 0 0 0 0 0 1 0 0 0 0 0 0 1583836345
-2260389 -4051264 -2341415 -8428635 -7732694 5730411 -1821138 -135636 -224998 -120004 -41118 -466306 -4525 -62937 -4945 15018 -6311 373 -956 348 -207 -1167 -145 324 -10 -69 -26 -1 7 0 0 1 -6 1 3 -1 0 -1 1 0 0 0 0 -1 -1 -1 0 0 0 0 0 0 0 0 0 0 0 0 0 0 1583836345
-16084628 -15463648 21880796 5142732 -6255210 -7542646 -1974635 -129318 120550 -126737 -43493 -29974 -3836 -24943 -10895 -3618 5405 -3796 29272 343 -104 -135 -884 1360 -13 -29 -51 -23 5 0 0 0 -19 0 6 0 13 0 0 -1 0 0 4 -2 0 0 -2 0 0 0 6 0 1 0 2 0 0 0 0 0 1583836345
-15685094 -15161295 21225182 4942799 638486 -7043671 -2620203 -142751 113590 -128034 -44042 -8282 -3114 148819 -9705 -3076 40781 -1568 -1207 -3760 -83 -110 -2989 7013 -50 110 -191 -13 1 0 -1 -1 -71 0 24 -5 -1 -1 0 -7 -2 0 13 -12 -1 0 -4 4 -3 1 17 -1 5 -1 4 3 0 0 0 0 1583836345
-16088265 -15498214 21953465 5037436 -7875240 -7590325 -1821040 -133255 120609 -126333 -43332 -30224 -3998 -65473 -10927 -3698 -7672 -3385 16612 3 -181 -125 -51 -270 -2 -38 -13 -32 7 0 0 1 0 0 1 0 26 0 4 0 0 0 2 0 0 0 0 0 0 0 0 -1 0 0 0 0 0 0 0 0 1583836345
-15342817 -14841300 20545015 4752313 4535638 -6606946 3034460 -133411 138259 -112202 -35775 9944 -5939 -26721 -13480 -3136 -9214 -2849 -1044 -873 -237 -136 -945 -395 -1 157 -10 -10 3 -1 0 2 6 -2 6 -3 0 0 -1 -5 1 0 0 0 -1 0 -1 0 0 0 0 0 0 0 0 0 0 0 0 0 1583836345
-16080592 -15499056 21949071 5123573 -4760028 -7533347 -1033811 -140771 120990 -124031 -42066 -27567 -4269 -35841 -10858 -3663 -7143 -2922 -995 -602 -233 -140 -190 -308 -2 -19 -12 -6 1 0 0 1 -1 0 -1 -1 0 0 0 0 0 0 0 0 0 0 0 0 0 0 0 -1 0 0 0 0 0 0 0 0 1583836345
-15312308 -14850190 20577128 4340794 -6479009 -6792721 -1376498 -141181 111461 -124758 -42546 -4470 -4113 -56386 -11490 -256 -6570 -3247 -1029 359 -220 9012 1081 -312 -2 -50 -9 -8 0 -3 0 0 1 -1 3 0 0 0 0 -1 0 0 0 0 0 0 0 0 0 0 0 0 0 0 0 0 0 0 0 0 1583836345
-15906552 -15353363 21644088 4883966 -6778434 -7389627 -1312283 -141286 122587 -124820 -42538 -18920 -4196 -65758 -11872 -3553 -7959 -3089 -978 -660 -223 -150 509 -300 -2 6 -13 -7 1 0 0 1 -1 0 0 -1 0 -1 1 0 0 0 0 0 0 0 0 0 0 0 0 0 0 0 0 0 0 0 0 0 1583836345
-15905092 -15353000 21645178 4844141 -7852785 -7407601 -1824211 -142170 122079 -126272 -43315 -21035 -3975 -64917 -11789 -3550 -6312 -3081 -981 -662 -217 -158 131 -322 -3 -11 -10 -6 1 0 0 1 3 0 2 -1 0 -1 0 -1 0 0 0 0 0 0 0 0 0 0 0 0 0 0 0 0 0 0 0 0 1583836345
-15817622 -15269353 21469879 4767615 -7885600 -7305121 -1819976 -142172 129003 -126260 -43319 7274 -3931 -66353 -12468 -3875 -7716 -2249 -925 -1483 -222 -126 -30 238 -5 12 -27 -1 9 0 0 1 -3 0 3 0 0 0 0 -2 8 1 0 -1 -1 0 0 0 0 0 0 0 0 0 0 0 0 0 0 0 1583836345
-16088402 -15499450 21955992 5035201 -7888444 -7591274 -1819854 -129603 120602 -126322 -43329 -30225 -3999 -65815 -10923 -3697 -7929 -3275 10000 -242 -198 -130 3 -287 -2 -31 -13 -17 4 0 0 1 0 0 2 -1 10 0 2 -1 0 0 0 0 0 0 0 0 0 0 0 0 0 0 0 0 0 0 0 0 1583836345
-998928 -2895334 -4767853 -9621812 -7577245 7182851 -1834641 -135285 -115233 -119836 -41128 -226150 -4080 -60455 -25235 16194 -7811 -2269 -928 -772 -220 -1110 -47 18 -5 -54 -19 -4 3 -1 0 2 -2 0 2 0 0 0 0 0 0 0 1 0 0 -1 0 0 0 0 1 0 1 0 0 0 0 0 0 0 1583836345
1037387579 837598382 -1790226189 -1015100128 5037428 1049096947 -2005067 334940 -13087741 318906 106065 -7160063 532 61843 -189657 509090 -3139 20316 2198 1510 363 -8348 -1570 525 -49 -530 37 18 44 -80 0 68 -10 -175 -5 -5 0 1 -4 -1 0 -36 2 0 0 0 0 1 2 0 0 0 1 9 0 0 0 0 -1 0 1583836345
-14841108 -14451989 19735943 3851757 -6999657 -6326011 -1908635 -141802 117439 -126055 -43264 -3748 -3838 -42880 -14232 -2536 7117 -2507 -1073 -539 -159 -299 -759 131 -8 46 -21 -7 3 -1 0 1 -5 -1 -6 16 0 0 -5 -1 -1 0 0 0 2 1 6 0 0 1 0 -1 0 0 2 -1 0 0 0 0 1583836345
-15877581 -15303090 21494083 5761343 18505541 -6930120 9098390 -123022 121884 -95086 -26545 -17827 -8591 -9801 -10442 -3100 -11752 -2457 -1158 -419 -242 -102 -1822 -456 0 -1 -10 -7 0 0 0 2 13 0 -1 -4 -1 -2 6 -5 -1 0 1 0 -2 0 0 0 0 0 0 0 0 0 0 0 0 0 0 0 1583836345
-15904478 -15317267 21573288 4890981 -5807789 -7357232 -1087492 -140781 150312 -124175 -42172 -25850 -4284 -55595 -11316 -3414 -8737 -3006 -973 -818 -232 -132 -128 -303 -1 -7 -13 -5 3 0 0 1 -1 0 0 -2 0 0 0 -1 2 0 0 0 0 0 0 0 0 0 0 0 0 0 0 0 0 0 0 0 1583836345
412799033 223060727 -500023207 -408083716 -1201380 490585297 -460018 56816 -5442466 60478 20569 -4473416 -5462 -7213 919223 -417485 -8106 -32590 147 -3923 -8 -11998 -348 -102 -25 -553 30 57 76 -37 0 33 -2 -63 0 -1 0 -1 0 -5 13 -58 3 -1 1 -8 1 -3 -3 0 0 0 0 0 0 0 0 0 -2 0 1583836345
9890147 6494606 -24613172 -20147531 -7612634 18256664 -1823242 -130671 -1622 -115793 -39847 42557 -3464 -65418 -53743 22760 -7079 393 -840 -702 -199 -1906 -110 -234 0 421 -20 -17 5 -3 0 5 -2 -7 0 1 0 -1 0 0 6 -1 0 0 0 0 0 0 0 0 0 0 0 -1 0 0 0 0 0 0 1583836345
9013877 5995066 -23527381 -18866347 -7632913 17625199 -1827278 -132743 46432 -116817 -40266 335500 -2978 -66956 -55788 36310 -4401 2893 -1266 10987 -160 52410 -43 -322 3 654 -18 -29 1 -12 0 0 2 -13 2 -1 0 5 0 0 2 -9 0 0 0 2 0 0 2 0 0 0 0 0 0 0 0 0 0 0 1583836345
-12014018 -11995667 14527593 1372384 -7781758 -3631593 -1831521 -141465 -33627 -124804 -42841 -6939 -3879 -63648 -17214 1003 677 -1307 -905 -2932 -181 -321 -158 -415 -9 282 -12 -14 4 -3 0 3 3 -4 4 -3 0 -1 1 -2 0 0 -1 1 0 -1 0 0 0 0 0 0 0 0 0 0 0 0 0 0 1583836345
-15230629 -14766018 20401464 4285766 -5893680 -6668658 -1064519 -140638 131202 -123891 -42087 25861 -4198 -58549 -15173 -3293 -5730 -2251 -972 -548 -211 -249 5230 -279 -1 119 -14 -8 5 -1 0 2 -6 -1 4 1 0 0 -1 1 2 0 0 0 0 0 0 0 0 0 0 0 0 0 0 0 0 0 0 0 1583836345
4644125 1922207 -14966061 -14920756 -5087564 12938485 -1529961 -132456 -111515 -116797 -39926 -81202 -3796 -23933 -32590 16112 -7107 9992 -882 3738 -197 -2182 -278 -309 -3 169 -15 -20 -10 0 0 3 -2 0 3 0 0 -1 0 1 -2 0 0 0 0 0 0 -1 -2 1 0 0 -1 -3 0 0 0 0 0 0 1583836345
-16025324 -15450307 21842062 5149062 -2632044 -7440408 -87677 -139111 120439 -121318 -40615 -24268 -4667 -33875 -11106 -3557 -5904 -3019 -1009 -632 -225 -150 4498 -318 -1 7 -11 -7 1 0 0 1 -4 0 5 0 0 0 -2 1 0 0 1 0 0 0 0 0 0 0 0 0 0 0 0 0 0 0 0 0 1583836345
-16066991 -15491685 21938336 5001615 -7748817 -7571672 -1832320 -142234 121063 -126347 -43338 -27776 -3981 -62223 -10913 -3761 -8110 -2793 -969 -539 -227 -158 267 -293 -2 -21 -12 -6 1 0 0 1 0 0 0 -1 0 -1 1 0 0 0 0 0 0 0 0 0 0 0 0 0 0 0 0 0 0 0 0 0 1583836345
75978961 61750725 -141760928 -84203209 -6005751 83136969 -1573098 -99998 -982748 -86738 -29905 -567091 -3550 -52151 -142148 113557 -7702 -2763 -638 -3944 -193 -5802 -103 -253 -4 -148 -8 12 19 -1 0 1 -1 -2 0 -1 0 -1 1 -1 5 -4 1 0 0 0 0 -2 -2 0 0 0 0 0 0 0 0 0 0 0 1583836345
-15692518 -15159525 21237768 4643973 -7866797 -7187812 -1824747 -142107 127385 -126211 -43299 -8575 -3950 -65313 -12545 -3420 -3096 -2793 -988 -961 -200 -171 -229 -296 -3 26 -9 -4 5 0 0 1 1 0 0 0 0 0 0 -1 4 0 0 0 2 0 -1 0 0 0 0 0 0 0 0 0 0 0 0 0 1583836345
-10752035 -10955811 12333930 -31526 -7834569 -2293495 -1820832 -140278 60485 -124227 -42630 -30427 -3916 -65654 -15964 9442 -7688 -3857 -1106 2691 -217 17592 15 -251 -1 -192 -9 -1 1 0 0 1 -1 1 0 2 0 -1 0 0 -1 -1 0 0 0 0 0 -1 0 0 0 0 0 0 0 0 0 0 0 0 1583836345
-16085452 -15504174 21965098 5028762 -7480731 -7579495 -1859293 -142268 125056 -126427 -43372 -20869 -3940 -55182 -11293 -3836 -4028 -2925 -998 -607 -210 -162 202 -227 -4 -26 -14 -6 1 0 0 1 0 0 -2 0 0 -1 1 -1 0 0 1 0 0 0 0 0 0 0 0 0 0 0 1 -1 0 0 0 0 1583836345
92869827 76278054 -172507134 -100022501 -6370936 100030458 -1694160 -94788 -1149121 -80823 -28122 -266537 -2768 -59526 -40722 139563 -6572 25300 -2287 52069 -23 206848 190 -15 14 -1833 28 20 -16 -40 0 -6 3 -35 -4 0 0 23 1 0 1 -8 1 0 0 3 0 2 1 0 0 0 0 0 0 -1 0 0 0 0 1583836345
-1170905 -2996129 -4553664 -9267876 -2491211 7175891 39621 -132102 -65247 -114656 -38312 -136954 -4696 -39470 -33597 17545 -8840 -2868 -954 -1062 -232 -1062 -407 -321 -2 -112 -10 -3 2 -1 0 2 -1 0 0 -3 0 0 -1 0 0 -1 1 0 -1 0 0 0 0 0 0 0 0 0 0 0 0 0 0 0 1583836345
-15767055 -15230059 21385214 4727082 -7868354 -7266160 -1824117 -142173 119462 -126234 -43304 -16531 -3965 -65280 -11847 -3477 -3852 -2637 -983 -883 -204 -173 -139 -345 -3 30 -12 0 11 -1 0 2 3 0 2 0 0 0 0 -2 3 0 1 0 0 0 0 0 0 0 0 0 1 0 0 0 0 0 0 0 1583836345
-15880176 -15331753 21600244 4818706 -7813212 -7382996 -1830420 -142156 122541 -126276 -43318 -22503 -3970 -63745 -11776 -3474 -1643 -3207 -1015 -732 -195 -168 -108 -305 -4 -25 -14 -6 1 0 0 1 2 0 1 1 0 0 0 -2 0 0 1 0 0 0 0 -1 0 0 0 0 0 0 0 0 0 0 0 0 1583836345
-15366069 -14852105 20589936 4396551 -5541170 -6791901 -2052471 -142122 155833 -126652 -43486 6701 -3670 -3853 -13939 -3246 24660 -3504 -1189 -965 -94 -268 4187 -394 -7 216 -4 -13 1 -1 0 2 7 -3 -4 0 0 -1 1 -3 0 0 -1 -1 0 0 1 0 0 1 0 0 0 0 0 0 0 0 0 0 1583836345
172510691 142759477 -313459810 -177466426 -3432349 178193806 -851419 -55809 -2274662 -43961 -15137 -1252191 -3536 -45972 -61282 101865 -6708 1794 -458 733 -112 4449 -491 -97 -14 619 -14 1 28 2 0 -2 -1 -5 -3 0 0 -2 0 0 0 -15 0 0 1 2 0 -2 -3 0 0 -1 0 5 -1 0 0 0 -1 0 1583836345
-15802101 -15264388 21453558 4824382 -5639776 -7266738 -796103 -140345 121350 -123308 -41737 -18628 -4416 -65350 -11935 -3427 -6318 -2926 -987 -594 -212 -182 4887 -276 -1 2 -10 -8 1 0 0 1 0 0 4 0 0 0 0 0 0 0 0 0 0 0 0 0 0 0 0 0 0 0 0 0 0 0 0 0 1583836345
28043647 21762177 -57030888 -36435516 17439937 36573736 7743049 -107011 -364974 -80967 -22591 -33810 -7266 23148 -72673 42789 -9128 9820 -907 1696 -197 -3448 -1232 -425 -3 955 -25 -25 13 -7 0 9 11 -12 -1 -5 -1 -3 4 -6 6 -1 1 -1 -2 -1 0 0 -1 0 0 0 0 -1 0 0 0 0 0 0 1583836345
-10127228 -10252862 10853725 -40719 8676867 -1133418 3530315 -130536 234436 -108959 -34371 226023 -5573 30972 -30215 -590 -232 5655 -1027 1380 -193 -944 3600 -344 0 1029 -23 -34 4 -4 0 6 6 -10 1 0 0 -1 -3 -1 10 -1 1 -1 1 0 0 0 0 2 0 1 0 0 -1 1 0 0 0 1 1583836345
-15886287 -15337635 21612514 4825265 -7773925 -7389380 -1836725 -142162 122094 -126292 -43326 -23455 -3965 -62538 -11649 -3497 2575 -3277 -1045 -771 -175 -178 -82 -344 -5 -25 -8 -6 1 0 0 2 7 0 3 -1 0 -1 1 -4 -1 0 -1 0 0 0 -1 0 0 0 0 0 0 0 0 0 0 0 0 0 1583836345
-15959121 -15400965 21746284 4892515 -7891871 -7468783 -1818569 -142175 119277 -126268 -43310 -30185 -3997 -65988 -11120 -3536 -7644 -2994 -973 -621 -223 -154 -30 -306 -3 -24 -12 -6 1 0 0 1 0 0 3 0 0 0 0 1 0 0 0 0 0 0 0 0 0 0 -1 0 0 0 0 1 0 0 0 0 1583836345
-15638667 -15103305 21120725 4616865 -7867832 -7099256 -1824708 -142189 139019 -126250 -43322 29198 -3885 -65539 -13837 -4278 -4424 -1073 -980 -68 -202 -292 -155 -342 -3 80 -17 -7 4 -1 0 2 4 -1 2 -2 0 -1 0 1 0 0 0 0 0 0 0 0 -1 0 0 -1 0 0 0 0 0 0 0 0 1583836345
-4608342 -5874221 1544912 -5982004 -7516760 3598501 -1859847 -137468 -125443 -121553 -41771 -70305 -3860 -57793 15011 64929 14597 -9890 -2453 29931 -81 171750 461 -570 10 -2992 58 50 -18 -33 0 -18 31 -4 3 -4 0 23 5 -5 -9 -2 0 -1 0 1 0 2 0 1 0 0 0 1 0 0 0 0 0 0 1583836345
-15918638 -15366844 21673881 4857426 -7880451 -7426622 -1821671 -142175 118450 -126265 -43311 -26316 -3987 -65609 -11358 -3482 -6138 -3044 -976 -840 -216 -145 -107 -321 -3 -2 -13 -5 4 0 0 1 1 0 2 0 0 0 0 0 2 0 1 0 0 0 0 0 0 0 0 0 1 0 0 0 0 0 0 0 1583836345
-15945923 -15385051 21707605 5004101 -4497517 -7392767 -2146314 -142457 119799 -127033 -43619 -24662 -3634 23360 -11364 -3383 20631 -3443 -1166 -908 -128 -219 4747 -244 -8 -3 -7 -6 1 0 0 1 9 0 1 6 0 0 -2 -7 -1 0 -2 0 1 0 1 1 -1 3 0 -4 0 0 -2 2 0 0 0 0 1583836345
-16081508 -15501101 21958990 5015949 -7749417 -7579886 -1832393 -142245 125040 -126363 -43346 -20316 -3968 -62337 -11497 -3793 -7214 -3121 -976 -669 -223 -140 -45 -200 -3 -19 -15 -6 1 0 0 1 -2 0 1 1 0 0 0 0 0 0 0 0 0 0 0 0 0 0 0 0 0 0 1 -1 0 0 0 0 1583836345
-11145238 -11348999 13139012 682599 5550537 -2501180 -3044026 -140888 62460 -127021 -43718 -70992 -2687 281860 -17156 3437 -5254 -2632 -992 -735 -387 -387 -205 -477 -1 -50 -8 -4 2 0 0 2 1 0 3 -3 0 0 -5 -4 -1 0 -1 -1 -1 0 -1 0 0 0 0 0 0 0 0 0 0 0 0 0 1583836345
252242442 203427263 -442925642 -255082321 -295147 259004515 -2261117 -19046 -3910038 -11819 -4641 -3209803 -4802 86051 396153 -124239 -5537 -17454 -268 -4297 -157 -13601 -291 -261 -33 -1109 26 249 149 190 0 -239 11 232 11 -1 0 -1 0 1 -5 -24 2 1 -1 11 -3 -5 -6 0 0 -1 1 8 0 0 0 1 -5 2 1583836345
22441025 16770301 -46445422 -32348076 -7008346 30283350 -1646684 -124276 -393152 -109397 -37523 -366400 -4034 -60856 -64200 49996 -7692 -2067 -850 -1496 -209 -2590 -126 -105 -5 -226 -15 15 15 8 0 -9 -1 18 0 0 0 -1 0 1 0 -6 0 1 0 -1 0 0 -1 0 0 0 0 0 1 0 0 0 0 0 1583836345
-5090984 -6318386 2484709 -5571526 -5398952 3206564 -996719 -135688 -56356 -119206 -40441 -175284 -4411 -52011 70795 -52674 -3348 -5732 -1002 -696 -199 -375 -311 -205 -7 -59 -12 4 9 6 0 -7 -3 13 -4 0 0 -1 2 0 0 2 -4 0 1 0 0 0 0 0 0 0 0 3 0 0 0 0 0 0 1583836345
126678644 103898353 -231194620 -133110947 5343910 132501562 2579074 -68682 -2055436 -52154 -15650 -1782489 -6554 -7246 -121752 162309 -9098 983 -625 -2810 -188 -8976 -1125 -286 -13 -578 7 146 87 123 0 -153 13 149 9 -2 0 -2 -1 -2 -1 -33 3 0 0 -4 0 -5 -8 1 0 0 0 2 1 0 0 0 1 -1 1583836345
16197621 11866046 -36009355 -25596691 5440605 24905107 3942701 -118602 -24738 -97149 -30391 301734 -5420 -57400 32017 -38386 -244 59304 -832 23199 20 -5659 5883 246 -1 1055 -35 -82 -59 0 0 7 0 -25 -5 3 0 -3 1 3 -13 -14 -1 2 1 12 0 2 2 -2 0 1 0 2 0 0 0 0 -1 0 1583836345
-16046456 -15471246 21895972 4978115 -7877635 -7547625 -1822667 -142226 124561 -126328 -43334 -20979 -3979 -65611 -9755 -4454 -4152 -367 -992 374 -199 -319 -242 -120 -4 -49 -16 -7 0 0 0 1 -2 0 0 -1 0 0 0 4 0 0 -3 0 0 0 0 1 -1 -1 0 0 0 0 0 0 0 0 0 0 1583836345
40360535 31901000 -78494992 -49577990 -4818196 48163711 -2071752 -117028 -510549 -103249 -35667 -250252 -3207 2643 -113531 78026 33029 -3282 -1058 -3090 -35 -3778 -1964 225 -15 54 -19 4 9 8 0 -11 -15 5 -17 30 0 -1 -6 -14 -1 -9 -9 0 -2 0 4 0 0 6 -2 -5 0 0 -3 4 0 -1 0 0 1583836345
-15240058 -14741266 20287212 5672187 32491207 -6053485 -5513732 -144937 96346 -134491 -46575 37297 66 982540 -2957 15600 17597 -5623 -1664 9357 -624 54542 -1411 -222 -2 -814 4 9 -4 -7 0 -4 -30 -2 -5 8 1 7 -17 -12 -6 -1 -7 0 -13 0 -4 3 -1 -2 0 1 0 0 0 0 0 -1 0 0 1583836345
-15559442 -15051044 21001720 4641195 -4335958 -6986737 -2143078 -142300 127106 -126889 -43569 919 -3593 25807 -13273 -3343 -7640 -2316 -972 -413 -267 -196 -86 -178 -3 40 -17 -9 0 0 0 1 -4 0 2 0 0 0 -1 -1 0 0 0 1 -1 0 0 0 0 -1 0 0 0 0 0 0 0 0 0 0 1583836345
-14994930 -14573724 19993612 4048690 -6197232 -6445284 -1973058 -141994 123404 -126298 -43356 21334 -3730 -22463 -14973 -3157 -7528 -1403 -964 -82 -239 -298 -16 -168 -4 204 -19 -14 0 -1 0 2 -2 -2 1 0 0 -1 0 -1 0 -1 0 1 -1 0 0 0 0 0 0 0 0 0 0 0 0 0 0 0 1583836345
-15147217 -14711034 20285932 4117782 -7880262 -6645247 -1815972 -141859 119464 -125960 -43213 -4659 -3942 -66174 -13914 -2847 -7784 -2535 -965 -482 -222 -232 -25 -304 -3 73 -13 -10 1 -1 0 2 0 -1 3 0 0 0 0 1 0 0 0 0 0 0 0 0 0 0 0 0 0 0 0 0 0 0 0 0 1583836345
-13267046 -13104145 16886568 2329974 -7832942 -4721149 -1825452 -141182 128978 -125326 -43036 76570 -3776 -65569 12329 -15108 -2301 52142 -857 20010 -49 -3627 -371 -227 -1 -217 -9 -29 -42 6 0 -1 2 -6 1 0 0 -1 0 0 -8 -8 0 0 0 8 -2 3 5 0 0 0 0 0 0 0 0 0 0 0 1583836345
-15157604 -14710696 20287062 4138684 -7683251 -6631370 -1849296 -141928 131197 -126087 -43276 21668 -3867 -60657 -5210 -7339 7513 12805 -1041 5349 -107 -1205 -678 171 -7 -56 -22 -16 -14 1 0 1 3 -1 -2 11 0 0 -1 0 -4 1 0 -4 2 -2 -3 -1 2 -3 0 0 -1 0 1 1 0 0 0 0 1583836345
141485897 116254019 -257373828 -147914752 -5258689 146766153 -1643804 -69096 -2298800 -57730 -19931 -2048933 -5014 -37009 -105029 163761 -7152 882 -516 -2839 -167 -9836 1347 -184 -15 -865 7 31 23 -8 0 8 -2 -20 1 0 0 0 0 0 -1 -4 0 0 0 -2 0 1 1 0 0 0 0 -1 0 0 0 0 0 0 1583836345
-15768111 -15228690 21372793 4915104 -2142085 -7167754 682521 -137743 125580 -119085 -39469 -12338 -5032 -59118 -12198 -3377 -7061 -2885 -991 -556 -213 -197 11841 -200 0 -41 -16 -7 1 0 0 0 -7 0 6 5 0 0 -3 2 0 0 2 0 0 0 0 0 1 0 0 0 0 0 0 0 0 0 0 0 1583836345
-15915380 -15362305 21664658 4855221 -7715114 -7417399 -1846321 -142185 122258 -126330 -43343 -23599 -3950 -60578 -11506 -3513 18465 -3438 -1161 -895 -98 -219 -1304 -578 -7 -24 0 -5 1 0 0 1 -8 0 1 7 0 0 0 1 0 0 13 0 -4 1 7 -2 1 0 0 1 0 0 2 -1 0 -1 0 1 1583836345
-16085390 -15503165 21962544 5041082 -7160887 -7573502 -1892815 -142301 125060 -126509 -43408 -20778 -3903 -47302 -11223 -3823 8301 -3085 -1091 -721 -152 -191 -941 1001 -13 -20 -41 -6 1 0 0 0 -17 0 4 5 0 -1 1 0 0 0 3 -1 0 0 -3 0 1 -1 7 -2 0 0 2 3 0 0 0 0 1583836345
-13843431 -13164087 17095674 2905767 -7733586 -4968011 -1737569 -141540 437473 -125886 -43168 217871 -3581 -68203 -22205 -6432 -6394 8402 -929 3577 -181 -978 -121 -296 7 487 -20 -32 -13 -1 0 4 -2 -6 0 -2 0 -1 1 0 -2 -2 0 0 0 0 0 0 0 0 0 0 0 0 0 0 0 0 -1 0 1583836345
-15934778 -15378030 21698362 4869619 -7872728 -7437246 -1820994 -142171 123306 -126275 -43315 -20893 -3979 -65527 -11679 -3623 -8256 -2956 -967 -608 -226 -157 122 -297 -2 -16 -12 -6 1 0 0 1 1 0 2 -1 0 0 0 -1 0 0 0 0 0 0 0 0 0 0 0 0 0 0 0 0 0 0 0 0 1583836345
-15787900 -15245142 21411593 4863515 -4592954 -7239861 -2136912 -142436 113613 -126961 -43598 -14538 -3623 20474 -11873 -3222 26689 -3384 -1200 -1559 -98 -190 -1549 12 -13 54 -23 -7 2 0 0 0 -13 0 -14 21 0 -1 -3 -10 -2 0 -7 0 -2 0 2 0 0 3 -1 -1 1 0 -2 1 0 0 0 0 1583836345
-14588221 -14200755 19212385 3617596 -7737210 -6017474 -1832682 -141795 149843 -125901 -43220 79668 -3773 -62921 -19155 -2154 -6871 -2634 -982 -98 -217 1965 -59 -224 -2 104 -16 -11 0 0 0 2 -3 -2 1 1 0 -1 0 0 0 0 0 0 0 0 0 0 0 0 0 -1 0 0 0 0 0 0 0 0 1583836345
-15329834 -14832794 20528237 4762578 4883547 -6570995 -2987407 -142939 137285 -128782 -44327 33479 -2637 263437 -15187 -3093 -518 -1843 -1031 -336 -353 -200 -574 -533 -2 61 -7 -9 0 0 0 1 -7 0 -2 -8 0 0 -2 1 0 0 2 0 -1 0 -1 0 0 1 0 0 0 0 0 0 0 0 0 0 1583836345
-15992345 -15417061 21763914 5317656 3320368 -7300268 -2846580 -142989 123564 -128646 -44246 -19158 -2882 225215 -10792 -3475 2518 -1851 -1058 -300 -319 -177 -504 -551 -3 -28 0 -6 0 0 0 1 -5 0 -4 -9 0 -1 0 0 0 0 1 0 -2 0 -1 0 0 0 0 0 0 0 0 0 0 0 0 0 1583836345
-15975647 -15402557 21752294 4920160 -7885949 -7456849 -1819935 -142241 133215 -126328 -43340 4569 -3937 -65997 -12797 -4089 -7797 -2577 -968 -464 -222 -180 27 -303 -2 9 -12 -8 0 0 0 1 0 0 2 -1 0 0 0 -1 0 0 0 0 0 0 0 0 0 0 0 0 0 0 0 0 0 0 0 0 1583836345
-15930593 -15372759 21687387 4868928 -7872839 -7431424 -1821001 -142182 123502 -126278 -43316 -19681 -3977 -65531 -11825 -3602 -8027 -3067 -969 -652 -225 -151 109 -298 -2 -16 -14 -6 1 0 0 1 0 0 2 -1 0 0 0 -1 0 0 0 0 0 0 0 0 0 0 0 0 0 0 0 0 0 0 0 0 1583836345
19620640 14423642 -41469562 -29650218 -6354631 27458505 -1699773 -125348 -358112 -110599 -37894 -459779 -4179 -43004 -44064 41117 -7733 -1617 -869 -1089 -219 -2399 -64 -291 -3 -214 -7 4 7 0 0 1 0 6 2 0 0 -1 0 0 0 0 0 0 0 -4 0 0 0 0 0 0 0 0 0 0 0 0 0 0 1583836345
398525619 335069201 -720685599 -396958993 853440 398310316 -7475 50014 -5313543 55239 18892 -3571048 -4274 -25888 -500872 516308 -5587 24658 421 -3123 -2 -27179 2556 -1 -16 -624 9 29 29 -15 0 14 -7 -47 2 -1 0 -2 -3 1 -5 -14 1 0 0 -11 2 7 10 0 0 0 -1 -11 0 0 0 -1 4 -1 1583836345
-15768873 -15231654 21382799 4840327 -4305984 -7203900 -374748 -139576 125449 -122091 -41078 -9737 -4567 -56680 -7198 -5586 -8361 5421 -976 2598 -205 -659 -259 -313 -1 -63 -13 -11 -6 0 0 1 2 0 3 0 0 -1 1 -1 -2 0 0 0 0 -1 0 0 0 0 0 0 0 0 0 0 0 0 0 0 1583836345
-15653628 -15141977 21198040 4602290 -7850460 -7155843 -1829059 -142073 120263 -126187 -43292 -16103 -3958 -64641 -12469 -3286 -448 -3005 -1022 -669 -188 -198 -179 -400 -4 33 -8 -8 1 0 0 2 9 0 3 -3 0 -1 1 -4 0 0 -1 0 0 0 0 0 0 0 0 0 0 0 0 0 0 0 0 0 1583836345
16131837 11974143 -36196346 -26014120 -7460555 24398097 -1838736 -128575 -73002 -113470 -39122 170564 -3131 -63250 -65654 26641 298 8000 -764 -35 -142 -2631 -72 -360 -1 609 -17 -19 11 -7 0 7 7 -14 2 -2 0 -2 0 -3 0 -5 1 0 0 0 0 0 -1 0 0 -1 0 0 0 0 0 0 -1 0 1583836345
-16072134 -15492355 21938605 5040478 -6814316 -7555794 -919596 -140732 124693 -123806 -42003 -21448 -4417 -85123 -11164 -3857 -9007 -2772 -978 -523 -217 -157 -137 -213 -2 -27 -15 -6 1 0 0 1 -1 0 0 0 0 0 0 1 0 0 -1 0 0 0 0 0 0 0 0 0 0 0 0 0 0 0 0 0 1583836345
-13622569 -13305670 17330235 2739807 -5937986 -4938156 -861632 -139742 215523 -122927 -41735 192878 -4039 -83374 -24926 -673 -8879 -1363 -1004 1195 -208 8789 -152 -280 0 158 -15 -11 3 -4 0 1 -1 -4 0 -1 0 0 0 0 6 0 0 0 0 1 0 0 0 0 0 0 0 0 0 0 0 0 0 0 1583836345
-3173890 -4441053 -1452315 -7001352 -1565841 5612488 737123 -133099 126017 -114327 -37951 354001 -4221 -54764 -39700 232 -5447 8458 -811 115 -174 -1377 -729 -10 -4 987 -35 -14 23 5 0 10 -4 -10 -5 0 0 0 0 1 -1 -4 -3 1 2 0 2 0 1 -1 0 0 0 1 0 0 0 0 3 -1 1583836345
-14412716 -14100742 18988731 3439941 -6782668 -5927767 -1591293 -141067 97091 -124958 -42731 -27537 -4046 -52854 56742 -49988 -8116 -3771 -939 -630 -224 54 4143 -260 -3 -39 -11 2 9 3 0 2 -4 3 3 1 0 0 -1 1 -1 2 0 0 0 3 0 1 2 0 0 0 0 0 0 0 0 0 0 0 1583836345
-15974951 -15404944 21743811 5149725 -1153101 -7362399 923717 -137375 123407 -118456 -39109 -20434 -5143 -52352 -11213 -3571 -9122 -2798 -1014 -561 -229 -141 15 -318 -1 -18 -13 -6 1 0 0 1 2 0 2 0 0 -1 1 0 0 0 1 0 1 0 -1 0 0 0 0 0 -1 0 0 0 0 0 0 1 1583836345
-15101878 -14641248 20127909 4430201 -499020 -6399415 1493381 -136447 130713 -116680 -38237 97253 -5192 -62602 -19438 -3870 -5855 -2564 -1015 -496 -202 -244 7012 -239 -2 509 -17 -24 0 -2 0 3 -3 -6 0 2 0 -1 0 0 0 -1 0 0 0 0 0 0 0 0 0 0 0 0 0 0 0 0 0 0 1583836345
-13194027 -12917826 16512663 2376074 -7834680 -4502869 -1829559 -141650 201220 -125601 -43154 209682 -3535 -66039 -20892 -6900 -342 8622 -962 3494 -152 -1041 -233 -385 -2 331 -13 -26 -11 0 0 4 9 -5 3 -3 0 -1 1 -4 -1 -1 -1 0 0 0 0 0 0 0 0 0 0 -1 0 0 0 0 0 0 1583836345
-14621609 -14204534 19224944 3682270 -7594472 -5997437 -1866361 -141976 173341 -126097 -43316 137204 -3637 -58237 -21910 -4185 22326 -1321 -1164 -198 -71 -449 -610 -443 -8 196 -2 -15 -3 -1 0 3 19 -3 1 4 0 -1 0 -7 -2 -1 4 -1 2 0 0 -1 0 0 0 -1 -1 0 1 0 0 0 0 0 1583836345
-15696263 -15171311 21261214 4650347 -7870664 -7191471 -1821063 -142111 123682 -126198 -43292 -10602 -3957 -65610 -12767 -3401 -7176 -2972 -974 -629 -220 -175 -56 -237 -3 8 -14 -7 1 0 0 1 -2 0 0 1 0 0 0 0 0 0 0 0 0 0 0 0 0 0 0 0 0 0 0 0 0 0 0 0 1583836345
-14374130 -14003380 18796263 3447828 -7803244 -5781449 -1835272 -141861 151993 -125883 -43225 102617 -3728 -64489 -18397 -4664 5166 324 -1041 524 -148 -498 -612 85 -7 195 -25 -17 -3 -1 0 2 0 -3 0 5 0 -1 0 -1 -1 -1 5 -3 -3 0 2 0 0 1 0 1 0 0 2 -2 0 0 0 0 1583836345
181052070 150468392 -329757520 -186565914 -4654887 184568332 -969212 -48817 -2938822 -38299 -12861 -3039281 -6458 -58338 13566 134437 -7316 9410 -440 1098 -112 -12332 -527 -37 -18 -1024 11 47 33 -3 0 1 -2 -19 -1 0 0 0 0 3 -6 19 -2 0 0 1 0 0 -1 0 0 0 0 -4 0 0 0 0 2 -1 1583836345
30366818 21775991 -57281322 -39965323 -4738228 39072419 -1521569 -120093 -518328 -105468 -36041 -551097 -4185 -16755 55679 -22583 21059 -2533 -1034 -273 -72 -2788 6949 -573 -8 -285 11 8 7 2 0 -2 15 -2 5 -6 0 0 2 -3 -2 4 -1 0 -1 3 -2 1 0 0 0 0 0 1 0 0 0 1 -1 0 1583836345
-7615381 -8408974 6923622 -3154784 -6434736 756839 -990561 -136944 9071 -120375 -40870 -101447 -4367 -74774 -22684 8199 -7509 -2216 -960 -591 -211 -719 -136 -301 -3 -66 -10 -5 1 -1 0 2 2 -1 0 -1 0 -1 1 -1 0 0 0 0 0 0 0 0 0 0 0 0 0 0 0 0 0 0 0 0 1583836345
204651055 169443542 -370081994 -209000193 8973328 209091325 3127940 -30676 -2943007 -17029 -3321 -2817470 -7261 37056 -118914 214276 -4911 7570 -439 -1499 -138 -13915 -1554 -101 -8 -1237 14 51 29 -2 0 0 -1 -18 -9 -5 0 0 3 0 -5 7 -1 0 0 -2 0 -1 -1 0 0 0 0 -1 0 0 0 -1 3 -1 1583836345
641320289 535186948 -1145352435 -633582387 13978565 636830075 3176098 173528 -9175495 171920 61066 -8938689 -10859 92235 -291406 644435 5498 15324 724 -7936 64 -40394 2093 105 -21 -3579 73 150 93 -44 0 41 -5 -113 -8 -3 0 0 4 0 -7 -11 -1 0 0 6 -1 2 4 0 0 0 1 5 0 0 0 0 -1 0 1583836345
115653989 94617706 -211515409 -123083783 -5710741 121031697 -1418825 -79604 -2032941 -67535 -22959 -2380394 -6121 -50341 -49055 143328 -6722 5254 -642 -470 -165 -8488 -334 -202 -13 -667 5 29 28 -10 0 10 -2 -24 0 -2 0 0 1 0 -1 -2 0 0 0 0 0 0 0 0 0 0 0 0 0 0 0 0 0 0 1583836345
123787102 101643970 -226416351 -129874508 24326937 129894055 11268641 -54009 -1915600 -28465 -2663 -2032672 -10813 -8841 -63593 136569 -5286 1932 -826 -1755 -140 -8718 7587 -54 -4 -778 4 28 22 -8 0 8 -2 -23 3 13 0 0 -2 0 -2 -2 3 -1 3 1 -3 2 0 6 -1 7 1 2 -1 0 0 -1 -2 -1 1583836345
115508091 92958942 -208285080 -121406758 36097840 122590206 14928802 -50873 -2038312 -20900 2119 -2364662 -12996 63544 406247 -169953 11369 -10048 -1132 39 -71 -6135 7264 -179 -19 -670 15 32 34 -16 0 15 -1 -33 -17 7 0 0 -5 1 1 -15 12 -7 7 -5 -8 0 2 3 -1 5 -5 1 4 1 0 0 0 1 1583836345
73031640 59163575 -136302073 -81617662 -6890560 79776793 -1831184 -100710 -1111868 -87963 -30307 -1174798 -4560 -54895 71296 -2225 -7154 -4179 -731 -1265 -181 -5004 -31 -255 -6 -506 0 15 14 -5 0 5 0 -16 1 -1 0 0 0 0 -3 10 0 1 0 10 -1 3 3 0 0 0 0 4 0 0 0 0 -1 0 1583836345
-15761414 -15162784 21248443 4847013 -7621919 -7216490 -1862393 -142641 119445 -126459 -43390 -7516 -3901 -57667 -11970 -3774 30651 -2505 -1245 -593 -36 -324 -1805 -717 -10 73 9 -8 0 -1 0 1 -6 -1 0 11 0 0 -1 1 0 0 20 0 -5 2 11 -2 1 2 0 -2 0 0 0 1 0 -2 0 1 1583836345
-16041352 -15458715 21869728 5001331 -7428504 -7523451 -1430411 -141623 128214 -125255 -42771 1474 -4131 -74504 -12303 -4071 -6867 -2629 -968 -868 -213 -148 -155 -156 -3 -8 -17 -3 5 0 0 1 -3 0 1 0 0 0 0 1 4 0 0 0 0 0 0 0 0 -1 0 0 0 0 0 0 0 0 0 0 1583836345
-13536192 -13235475 17179090 2723600 -6009540 -4820064 -266184 -139025 206450 -121317 -40885 222086 -4275 -100388 -26635 -4851 -6034 1086 -964 608 -179 -549 -459 -226 -2 523 -21 -22 1 -3 0 4 -3 -6 0 1 0 -1 0 3 2 -2 -3 0 0 1 0 0 0 0 0 0 0 0 0 0 0 0 0 0 1583836345
-15775572 -15245749 21414737 4769535 -6379606 -7259243 -1115029 -140877 118065 -124196 -42216 -26079 -4293 -66461 -11748 -3252 -5549 -3187 -1001 -712 -211 -158 -188 -253 -3 9 -14 -7 1 0 0 1 -2 0 0 0 0 0 0 0 0 0 -3 1 1 0 1 0 0 0 0 0 0 0 0 0 0 0 0 0 1583836345
-13661070 -13359553 17351859 4444890 39931908 -4242263 15850340 -110125 158513 -74962 -15889 138028 -11060 72757 -22534 -1592 7711 -2282 -1423 -593 -166 -253 -5562 255 -6 344 -31 -12 4 0 0 0 -26 4 8 30 2 2 -20 7 0 -2 -9 -1 25 -1 -24 1 1 16 -5 17 -4 1 -1 6 0 4 5 9 1583836345
-14667885 -14205678 19100636 6186932 62733182 -4928437 25522540 -93452 139905 -47645 -1088 42546 -15275 133628 -13781 -1174 47142 -3407 -1903 -1489 20 -158 -9179 999 -17 96 -42 -2 4 2 0 -3 -53 5 -17 45 4 3 -35 1 4 -2 -34 4 28 -1 -19 4 -2 19 -6 22 2 1 2 2 0 0 -3 -7 1583836345
-15010065 -14552756 19958589 4020971 -7884611 -6444542 -1819520 -141968 151759 -126035 -43257 62789 -3822 -66488 -17396 -3752 -5787 -1774 -972 -220 -209 -297 -142 -330 -2 140 -13 -13 0 -1 0 2 1 -2 4 0 0 -1 0 3 0 -1 0 -1 -1 0 0 0 0 -1 -2 0 2 0 1 2 0 0 0 0 1583836345
-15604975 -15100313 21109859 4558299 -7869488 -7104989 -1821150 -142055 120163 -126151 -43277 -11855 -3958 -65562 -12869 -3269 -7992 -2952 -967 -622 -224 -178 109 -300 -3 76 -13 -9 1 -1 0 2 0 -1 2 -1 0 -1 0 -1 0 0 0 0 0 0 0 0 0 0 0 0 0 0 0 0 0 0 0 0 1583836345
-16084305 -15503521 21964273 5015239 -7855002 -7584435 -1828829 -142249 124994 -126361 -43349 -20246 -3969 -64723 -11252 -3871 5932 -3027 -1071 -683 -156 -191 -762 -205 -6 -19 -12 -4 4 0 0 1 -4 0 2 1 0 0 0 7 1 0 -5 -1 1 0 1 0 0 0 0 0 0 0 0 -1 0 0 0 0 1583836345
-16085422 -15504469 21966325 5014977 -7874315 -7586311 -1820981 -142236 125046 -126337 -43336 -20987 -3981 -65521 -11437 -3802 -7229 -3099 -976 -660 -221 -142 -25 -305 -3 -24 -12 -6 1 0 0 1 -1 0 1 0 0 0 0 0 0 0 1 0 0 0 1 0 0 0 0 0 0 0 0 0 0 0 0 0 1583836345
-15670133 -15142085 21200038 4643863 -7576720 -7149637 -1868067 -142187 128078 -126332 -43358 988 -3879 -56772 -12558 -3763 35533 -2460 -1280 -600 -12 -351 -2177 -360 -13 31 6 -7 0 0 0 1 -12 0 -2 19 0 0 -4 2 0 0 16 0 0 1 6 -6 5 -5 0 1 -2 0 3 0 0 -1 0 0 1583836345
22859683 17875377 -48634782 -32889788 -7457397 31230912 -1831304 -124418 163612 -110791 -38211 191318 -3001 -65269 -70807 30217 1805 11281 -709 208 -122 -3166 -643 -284 9 813 -21 -12 19 0 0 5 -4 -8 0 4 0 -1 -1 -4 23 -1 5 -2 -1 1 -1 1 2 0 0 0 0 0 0 -1 0 0 2 0 1583836345
-15939312 -15382366 21707053 4882288 -7637996 -7438543 -1905756 -142286 122586 -126519 -43446 -21547 -3866 -55972 -10765 -3742 122816 -4985 -1919 -1888 414 -477 -6935 135 -37 -5 -1 -2 1 0 -1 0 -21 0 11 32 0 0 -1 22 4 0 38 -5 -12 0 1 12 -9 8 -1 1 8 0 0 -12 0 0 0 1 1583836345
-16044498 -15472622 21897422 4991334 -7474251 -7544605 -1858690 -142251 120159 -126400 -43361 -27574 -3951 -55113 -11154 -3634 -4429 -3170 -997 -703 -213 -146 -164 -219 -4 -12 -14 -6 1 0 0 1 -3 0 0 3 0 0 0 -1 0 0 0 0 0 0 0 0 0 1 0 -1 0 0 0 0 0 0 0 0 1583836345
29038947 22740491 -59017548 -38328499 -657290 37589937 -2068994 -122601 -58117 -108749 -37523 412325 -2048 90911 -88332 33623 53751 2826 -1200 -221 47 5911 -2928 1232 -21 1750 -71 -40 22 -9 0 5 -37 -18 -12 31 0 -1 -4 -17 20 -3 -10 4 -7 0 3 4 -2 3 0 -3 -1 0 -2 4 0 -1 1 0 1583836345
-15906466 -15353601 21644605 4880975 -6813839 -7391595 -1261711 -141202 122429 -124680 -42468 -20962 -4225 -68943 -11626 -3561 888 -3079 -1044 -688 -178 -180 -571 -182 -5 -6 -13 -6 1 0 0 1 -7 0 -2 6 0 0 -1 2 0 0 -2 0 1 0 2 -1 0 0 0 0 0 0 1 -1 0 0 0 0 1583836345
-13643591 -13369182 17455721 2772166 -6862672 -5004107 -1587260 -141103 169014 -124930 -42776 186844 -3666 -56331 -24350 -4058 -7393 208 -873 -1446 -217 -351 -61 -222 -3 510 -23 -7 17 -1 0 3 -3 -5 1 1 0 -1 0 -6 21 1 0 0 0 1 0 0 0 0 0 0 0 0 0 0 0 0 0 0 1583836345
-14073778 -13752999 18242394 3573959 5101365 -5281772 3819311 -131708 150945 -109604 -34524 97130 -6157 -51629 -17613 -4497 8912 -1932 -1176 -520 -127 -339 -1583 110 -8 359 -22 -15 3 -2 0 2 -10 -4 -4 6 0 -1 3 0 2 -1 -12 5 3 0 0 0 0 0 0 0 0 0 0 0 0 0 0 0 1583836345
-15206702 -14757282 20372018 4407230 -1204464 -6597450 848654 -137169 117962 -118358 -39115 -13232 -5063 -47080 -12649 -2860 13799 -3027 -1177 -745 -119 -253 -1307 -325 -7 23 -11 -7 1 0 0 1 -7 0 -12 -2 -1 -1 6 1 0 0 -1 0 0 0 1 -1 0 1 0 -2 0 0 -1 0 0 0 0 0 1583836345
-15551236 -15027004 20955675 4613333 -5219181 -6955926 -705506 -140152 148584 -123033 -41605 48044 -4330 -61449 -10583 -7525 -6443 -1738 -994 -102 -211 -241 -345 17 -4 82 -22 -11 0 0 0 1 -5 0 0 1 0 0 0 1 0 1 0 0 1 0 2 0 0 0 1 0 0 0 0 1 0 0 0 0 1583836345
-13243753 -12868174 16417707 2456003 921900 -4447818 1971098 -134039 311463 -114608 -37225 50964 -5432 -54799 -19338 -1366 2826 -2765 -1101 -672 -163 -352 552 22 1 245 -24 -15 0 -1 0 2 -9 -3 -4 2 0 -1 3 0 0 -1 -3 3 0 0 1 0 0 -1 0 1 0 0 0 0 0 0 0 0 1583836345
-13371736 -13196426 17081390 2370985 -7863990 -4894703 -1818924 -140973 116476 -125218 -42961 -26188 -3950 -65922 -14353 -1276 -7376 -2568 -949 -905 -220 -310 -49 -308 -2 10 -12 -4 5 0 0 2 0 0 3 0 0 0 0 0 4 0 0 0 0 0 0 0 0 0 -1 0 1 0 0 1 0 0 0 0 1583836345
-10038661 -10432213 11216489 -862249 -7807858 -1645946 -1821678 -139429 48940 -123753 -42461 -84580 -3995 -64909 -15369 2184 -7680 -2671 -953 -634 -220 -529 -10 -296 -2 -62 -11 -5 1 0 0 2 0 0 1 0 0 0 0 0 0 1 1 0 0 -1 2 0 0 0 0 0 0 0 0 0 0 0 0 0 1583836345
-16021202 -14903219 20747321 5901887 -7915985 -7238009 -1824981 597083 119112 -126055 -43311 -30148 -3987 -65387 -11020 -3752 -6118 -6403 203441 7022 280 27 -591 -16 1 32 -6 66 -13 -1 0 0 -1 0 0 4 -116 0 -17 3 0 0 0 0 1 0 0 -1 0 0 0 0 0 0 0 0 0 0 0 0 1583836345
-16088422 -15500704 21953665 5127700 -4972262 -7538229 -637412 -140184 124531 -122968 -41523 -12067 -4463 -58300 -11205 -4031 -6925 -2262 -976 -505 -216 -191 6154 -258 -1 -45 -11 -3 5 0 0 1 -6 0 4 2 0 0 -1 1 2 0 0 0 0 0 0 0 0 0 0 0 0 0 0 0 0 0 0 0 1583836345
-16066588 -15485000 21924163 5024542 -7261057 -7556089 -1291229 -141371 124242 -124854 -42558 -12400 -4224 -77532 -11503 -3988 -8796 -2544 -965 -627 -220 -159 -77 133 -4 -23 -26 -5 3 0 0 1 -2 0 1 -1 0 -1 1 0 2 0 0 -1 0 0 0 0 0 0 1 0 0 0 0 0 0 0 0 0 1583836345
-15865435 -15334885 21591029 4918080 -7846272 -7541157 -1826331 -142501 -16096 -126156 -43294 -22724 -3973 -64703 -10649 -3853 -2786 -2166 -982 -937 -198 -181 -302 -225 -10 -21 -10 -7 1 0 0 1 -3 0 -1 6 0 0 -1 0 0 0 0 0 2 0 -2 -1 1 -1 0 0 -1 0 0 0 0 0 0 0 1583838187
-16083627 -15369522 21599770 7008846 43823506 -6665300 17675099 128196 118556 -70236 -13132 -28006 -12012 131781 -8756 -2428 -2139 -3335 994 -712 -239 14 -2098 -767 1 -27 -12 -6 1 0 0 2 10 0 -3 -19 1 0 -6 -8 -2 0 3 -3 -8 -1 -4 0 0 -1 0 0 0 0 0 0 0 0 0 0 1583838187
-16047041 -15456828 21862191 5109065 -4386196 -7464485 -850819 -140475 137893 -123546 -41809 7978 -4288 -36186 -8634 -5777 -7115 3872 -981 1998 -214 -552 -288 -290 -2 -79 -11 -10 -5 0 0 1 -1 0 -1 -2 0 -1 0 0 -1 -2 0 0 0 0 0 0 0 0 0 0 0 0 0 0 0 0 0 0 1583838187
-16048258 -15473320 21900301 4979092 -7873899 -7549598 -1820986 -142220 124577 -126322 -43331 -20952 -3981 -65529 -10404 -4202 -8079 -1311 -965 27 -221 -249 106 -296 -2 -41 -11 -7 0 0 0 1 1 0 2 -1 0 0 0 -1 0 0 0 0 0 0 0 0 0 0 0 0 0 0 0 0 0 0 0 0 1583838187
-15137398 -14579756 20027848 4238715 -7166283 -6469164 -1890788 -142412 194375 -126493 -43493 266466 -3418 -48950 30548 -30392 3038 82866 -708 28811 47 -5147 -868 118 -1 -632 -11 -15 -47 10 0 0 -4 2 -3 10 0 -1 -3 -3 14 9 0 -1 2 -11 5 0 0 2 0 -3 0 1 -1 0 0 1 -4 2 1583838187
-16089327 -15502811 21954662 5188399 -3149208 -7509767 155589 -138780 124835 -120700 -40305 -20436 -4820 -56741 -10310 -4023 -9075 -1721 -992 -315 -226 -191 -379 -191 -2 -36 -17 -3 5 0 0 1 -2 0 0 -1 0 0 0 0 1 0 0 0 0 0 1 0 0 0 0 0 0 0 0 0 0 0 0 0 1583838187
-15573394 -14949438 20817154 4593272 -7857562 -6840117 -1828654 -142427 251627 -126575 -43508 282364 -3459 -66889 8274 -21228 1484 55117 -786 18918 -23 -3527 -739 98 0 -427 -16 9 0 3 0 1 1 0 0 1 0 -1 0 1 13 0 0 -3 0 2 0 1 -2 -1 0 0 -1 -3 0 1 0 0 0 0 1583838187
-16089290 -15509332 21974450 5053802 -6879906 -7578720 -1919033 -142317 121319 -126559 -43425 -27994 -3886 -39006 -10421 -3891 4700 -2376 -1049 -419 -173 -233 4491 -414 -3 -44 -7 -2 6 -1 0 1 5 0 3 -3 0 0 0 -2 -1 0 0 0 0 0 0 0 0 0 0 0 0 0 0 0 0 0 0 0 1583838187
-16076600 -15495829 21945817 5051793 -6603579 -7556101 -1288643 -141300 124884 -124815 -42518 -21117 -4207 -63184 -11080 -3883 -6824 -2621 -988 -479 -218 -169 -142 -205 -3 -28 -16 -6 1 0 0 1 -1 0 -2 0 0 0 0 0 0 0 -2 0 1 0 1 0 0 0 0 0 0 0 0 0 0 0 0 0 1583838187
-16090183 -15499880 21936904 5419134 3301356 -7406226 2190088 -135099 121012 -114819 -37103 -27639 -5618 -13111 -10078 -3644 -7889 -2307 -1053 -365 -239 -150 -388 -383 -1 -31 -10 -2 6 -1 0 2 4 0 0 -2 0 -1 3 0 0 0 1 0 0 0 1 0 0 0 0 0 0 0 0 0 0 0 0 0 1583838187
-16062628 -15473869 21896308 5139774 -3871393 -7480884 -346112 -139632 132979 -122125 -41061 -3072 -4554 -48542 -9119 -5123 -7608 1853 -984 1041 -215 -414 -285 -326 -2 -63 -11 -4 1 0 0 1 0 0 1 -1 0 -1 2 0 0 0 0 0 0 0 0 0 0 0 0 0 0 0 0 0 0 0 0 0 1583838187
-16074183 -15388379 21734332 5000205 -7885409 -7652279 -1820309 -142225 120445 -126320 -43328 -28136 -3994 -65788 -11042 -3714 -7535 -3120 -974 -665 -223 -139 16 -308 -3 -27 -12 -6 1 0 0 1 0 0 2 -1 0 0 0 0 0 0 0 0 0 0 0 0 0 0 0 0 0 0 0 0 0 0 0 0 1583838187
-16061946 -15475668 21903178 5072675 -5747374 -7512782 -1013484 -140822 132382 -124040 -42097 -4174 -4287 -57720 -9887 -4921 -9151 841 -969 853 -222 -368 -102 -300 -2 -56 -12 -6 0 0 0 1 0 0 2 0 0 -1 1 0 -1 -1 0 0 0 0 0 0 0 0 0 0 0 0 0 0 0 0 0 0 1583838187
-16066410 -15490770 21936586 4998539 -7893126 -7573439 -1818560 -142232 120373 -126317 -43327 -26585 -3993 -66023 -10546 -3896 -8151 -2225 -961 -504 -224 -179 -2 -298 -2 -23 -12 -5 3 0 0 1 0 0 3 0 0 0 0 0 2 0 0 0 0 0 0 0 0 0 -1 0 0 0 0 1 0 0 0 0 1583838187
-16088858 -15507924 21973057 5022984 -7854769 -7595294 -1824093 -142254 120278 -126343 -43340 -20883 -3978 -64967 -10767 -4011 -6067 -2187 -975 -506 -214 -187 -2 -258 -3 -30 -14 -5 3 0 0 1 0 0 1 1 0 0 0 -1 1 0 0 0 0 0 0 0 0 0 0 0 0 0 0 0 0 0 0 0 1583838187
-15895097 -15297721 21519052 5195960 1322917 -7187947 1734945 -136048 147298 -116213 -37903 73752 -5311 -35656 41599 -27827 -6198 88788 -815 33689 20 -5588 -1234 -204 2 -838 -4 -35 -78 10 0 0 -1 0 -3 -6 0 -1 -3 4 -12 -5 3 0 -1 11 0 -2 0 -1 0 0 0 -1 0 0 0 0 1 0 1583838187
-16088853 -15507925 21973111 5021888 -7886927 -7595836 -1819844 -142250 120278 -126333 -43335 -20848 -3983 -65882 -10179 -4260 -7710 -1210 -961 -117 -219 -240 -30 -252 -3 -38 -15 -5 2 0 0 1 -1 0 0 1 0 0 0 -1 1 0 0 0 0 0 0 0 0 0 0 0 0 0 0 0 0 0 0 0 1583838187
-16044017 -15453392 21850399 5182327 -2460728 -7442117 138720 -138795 127818 -120732 -40311 8074 -4732 -40913 -613 -8765 -9800 16097 -932 6123 -191 -1230 -241 -283 0 -193 -9 -9 -11 2 0 1 0 0 -1 -2 0 -1 1 -1 1 1 1 0 0 -2 0 0 0 0 0 0 0 0 0 0 0 0 -1 0 1583838187
-16066245 -15484882 21925135 5002657 -7886287 -7565894 -1820017 -142254 124127 -126338 -43340 -11078 -3966 -65935 -9950 -4612 -7688 -39 -950 119 -216 -297 -37 -237 -3 -44 -13 -4 2 0 0 1 0 0 0 0 0 0 0 0 4 0 -1 0 0 0 0 0 0 0 0 0 0 0 0 0 0 0 0 0 1583838187
-15970686 -15367331 21682511 4947642 -7875849 -7417583 -1821139 -142387 147198 -126430 -43407 86193 -3813 -66275 34209 -25074 -6239 77353 -695 27443 -6 -4790 -272 -182 1 -713 -5 -16 -50 9 0 0 0 1 1 -1 0 -1 0 -2 7 0 0 0 0 2 0 0 0 0 0 0 0 1 0 0 0 0 -1 0 1583838187
-16083805 -15441460 21820218 5468600 2225139 -7391060 2146017 -107310 120261 -115033 -37233 -29842 -5653 -34728 -10526 -3475 -8839 -3962 51949 1329 -106 -60 -945 -280 0 -25 -10 -17 4 0 0 1 0 0 -3 -4 3 0 0 1 0 0 3 0 0 0 2 -1 0 -1 0 0 0 0 0 0 0 0 0 0 1583838187
-15882163 -15326118 21575566 5088815 -337840 -7256529 784199 -137495 122308 -118765 -39249 -20615 -5016 -24950 -11316 -3409 -2783 -2797 -1061 -580 -212 -163 -331 -347 -3 -14 -10 -6 1 0 0 1 0 0 -6 -3 -1 -1 5 0 0 0 0 0 0 0 0 0 0 0 0 0 0 0 0 0 0 0 0 0 1583838187
-16081240 -15498077 21948789 5096795 -5534235 -7540986 -858861 -140556 125024 -123591 -41858 -19161 -4385 -60196 -11373 -3796 -9767 -2938 -976 -592 -234 -136 -51 -243 -2 -15 -14 -7 1 0 0 1 -1 0 0 0 0 -1 1 0 0 0 -1 0 0 0 0 0 0 0 0 0 0 0 0 0 0 0 0 0 1583838187
-5701963 -6815124 3542003 -5016267 -5966369 2597296 -1100083 -136108 -35458 -119761 -40684 -186630 -4404 -59267 -5361 972 -7657 -627 -955 173 -214 -877 -103 -302 -3 -93 -11 -4 1 -1 0 2 -2 -1 0 -1 0 0 1 0 0 2 0 0 0 0 0 0 0 0 0 0 0 -1 0 0 0 0 1 0 1583838187
-12468737 -12513199 15616584 1497754 -7806327 -4111123 -1830748 -140519 27347 -124710 -42783 -140562 -4132 -63346 129059 -94741 6991 -7595 -1092 -549 -147 298 -677 -459 -9 -22 -2 -1 6 0 0 0 1 2 2 -1 0 0 0 2 0 6 0 1 3 6 -2 0 0 0 0 0 1 2 0 -1 0 0 0 0 1583838187
-15904796 -15354651 21648303 4843739 -7872455 -7409249 -1821001 -142167 120426 -126261 -43311 -21944 -3980 -65533 -11768 -3529 -6860 -3124 -978 -681 -219 -152 -71 -259 -3 18 -14 -7 1 0 0 1 -2 0 0 1 0 0 0 0 0 0 0 0 0 0 0 0 0 0 0 0 0 0 0 0 0 0 0 0 1583838187
-15741044 -15207409 21335282 4753705 -6294611 -7204048 -1977230 -142279 124553 -126592 -43454 -3328 -3773 -23945 -12926 -3470 21371 -3353 -1182 -896 -100 -235 -1383 30 -11 43 -17 -8 1 0 0 0 -15 0 -9 17 0 -1 -2 -8 -2 0 -6 2 -3 0 1 1 -1 2 0 0 0 0 2 0 0 0 0 0 1583838187
-15819555 -15280378 21487532 4832830 -5759004 -7289947 -977183 -140631 120636 -123812 -42000 -24064 -4335 -60238 -11507 -3442 -2610 -3032 -1026 -663 -198 -172 -484 288 -6 -21 -28 -6 1 0 0 1 -8 0 2 -1 0 0 0 0 0 0 -1 1 0 0 -1 1 -1 0 0 1 2 0 -1 0 0 0 0 0 1583838187
-16063397 -15445141 21772503 6418893 31912109 -6886209 13620720 -114993 123520 -82158 -19532 -19752 -10410 57395 -9610 -2879 4088 -3150 -1374 -763 -186 -55 -4469 141 -5 -19 -20 -5 1 0 0 1 -21 0 7 4 4 3 -31 7 0 0 2 1 3 1 5 4 -3 1 -1 -9 -1 0 -4 1 0 0 0 0 1583838187
-16072659 -15492502 21933614 5138464 -4103405 -7516190 62385 -138985 120630 -120980 -40475 -29042 -4829 -72792 -10541 -3725 -7845 -2685 -1006 -496 -215 -157 -214 -250 -2 -26 -11 -6 1 0 0 1 -1 0 3 0 0 0 -1 0 0 0 -1 1 1 0 0 0 0 0 0 0 0 0 0 0 0 0 0 0 1583838187
-16071593 -15492201 21940393 5002945 -7878480 -7572149 -1822016 -142238 124864 -126337 -43337 -20563 -3980 -65562 -10196 -4307 -5384 -1085 -985 104 -207 -270 -141 -302 -3 -43 -11 -7 0 0 0 1 0 0 1 0 0 0 0 1 0 0 0 0 3 0 0 0 0 -1 0 0 0 0 0 0 0 0 0 0 1583838187
-16003590 -15425675 21788918 5123139 -4499985 -7508236 -1434874 -141575 68021 -125101 -42639 15699 -3939 -9950 -9258 -5267 39550 2036 -1232 -94 -1 -546 10189 -629 -11 -88 14 -8 -4 0 0 1 5 0 11 -3 0 0 0 -1 -1 -1 -4 2 -3 0 -3 1 -1 0 0 0 -1 0 0 0 0 0 0 0 1583838187
-15729493 -15204813 21328800 4718011 -6672371 -7213743 -804445 -140402 119869 -123344 -41787 -19925 -4464 -87526 -11962 -3384 -8537 -2806 -981 -554 -213 -177 -188 -259 -3 19 -14 -8 1 0 0 1 -2 0 1 2 0 0 0 0 0 0 0 0 -1 0 0 0 0 0 0 0 0 0 0 0 0 0 0 0 1583838187
-15550153 -15016266 20870766 5794298 27777844 -6433178 12115680 -117517 119353 -86294 -21813 4269 -9749 39086 -9280 -4619 146 -3301 -1310 -779 -200 -68 -3737 45 -5 170 -22 -7 7 -2 0 2 -13 -2 2 12 2 1 -20 1 0 0 -10 3 7 0 2 0 0 1 -1 6 1 0 -1 1 0 0 -1 -1 1583838187
7872 -1999148 -6664619 -10386053 -2797537 8377141 241862 -131423 -67638 -113703 -37923 -76690 -4698 -55864 -22484 6962 -4327 -2453 -975 -827 -196 -1123 -596 -270 -4 149 -13 13 16 22 0 -25 -3 38 1 4 0 -1 0 -2 -1 -5 -3 0 0 -1 0 3 5 0 0 0 0 -1 0 0 0 0 0 0 1583838187
-16083835 -15499235 21956128 5015574 -7893604 -7576547 -1818564 -142248 129497 -126346 -43341 -10552 -3966 -66116 -10400 -4588 -7245 -507 -969 332 -214 -299 -61 -308 -2 -45 -12 -7 0 0 0 1 0 0 3 0 0 0 0 1 0 0 0 0 0 0 0 0 0 0 -1 0 0 0 0 1 0 0 0 0 1583838187
-16085474 -15473264 21902684 5078067 -7751841 -7573385 -1832611 -51027 120435 -126259 -43320 -30191 -3983 -62196 -10912 -3687 -7831 -3142 2083 -537 -218 -138 798 -291 -2 -28 -12 -5 1 0 0 1 0 0 2 0 -1 0 0 0 0 0 0 0 0 0 0 0 0 0 0 0 0 0 0 0 0 0 0 0 1583838187
-15862434 -15311688 21554929 4876869 -5796680 -7323621 -998728 -140706 125879 -123907 -42046 -13090 -4311 -60320 -12240 -3543 -9731 -3011 -973 -630 -234 -147 -115 -207 -2 -7 -15 -7 1 0 0 1 -2 0 0 0 0 0 -1 0 0 0 0 0 0 0 0 0 0 0 0 0 0 0 0 -1 0 0 0 0 1583838187
-15360165 -14897830 20672858 4451242 -4184714 -6817038 -756691 -139984 107370 -122939 -41547 -33540 -4396 -38745 -11929 -2605 -8305 -2962 -989 -664 -237 -173 -298 -261 -3 65 -16 -9 2 -1 0 2 -2 -1 -2 0 0 0 -1 1 0 0 0 0 2 0 0 1 -1 3 0 1 -1 0 2 0 0 0 0 -1 1583838187
-15650527 -15130084 21160781 4859111 -784117 -7029861 1126596 -136922 119664 -117762 -38769 -13465 -5223 -55943 -12454 -3121 -9779 -3085 -1013 -676 -231 -140 -634 -342 -2 74 -13 -9 1 -1 0 2 2 -1 5 0 0 0 -2 1 0 0 2 0 2 0 -1 1 -1 3 0 2 0 0 -2 1 0 0 0 -1 1583838187
-15888754 -15341735 21620852 4825502 -7852548 -7395953 -1824091 -142150 119879 -126257 -43309 -26187 -3983 -64940 -11477 -3483 -4739 -3041 -993 -656 -209 -165 -191 -232 -4 -10 -14 -6 1 0 0 1 -3 0 0 4 0 0 -1 0 0 0 0 0 1 0 -1 -1 0 -1 0 0 0 0 0 0 0 0 0 0 1583838187
-16082628 -15498866 21945888 5175326 -3557759 -7522372 -112068 -139254 114830 -121443 -40702 -20540 -4695 -52882 -10160 -4099 -9643 -1404 -982 -187 -231 -209 -251 -316 -2 -38 -13 -7 0 0 0 1 2 0 3 -1 0 0 0 -2 0 0 0 0 0 0 0 0 0 0 0 0 0 0 0 0 0 0 0 0 1583838187
-16089357 -15507923 21973168 5022887 -7888408 -7596293 -1819760 -133964 120610 -126316 -43327 -30224 -3998 -65824 -10915 -3693 -7503 -3121 -75 -626 -221 -139 0 -307 -2 -27 -12 -6 1 0 0 1 0 0 2 -1 0 0 0 0 0 0 0 0 0 0 0 0 0 0 0 0 0 0 0 0 0 0 0 0 1583838187
-13798025 -13569345 17867776 2822587 -7853679 -5304366 -1823814 -141310 107330 -125440 -43049 6586 -3896 -65583 -15269 -2118 -3958 -1230 -973 -312 -199 -386 -211 -231 -4 60 -15 -8 1 0 0 2 1 1 0 3 0 0 0 0 1 -1 -1 -1 -1 0 0 0 0 0 0 0 0 0 0 0 0 0 0 0 1583838187
4911426 2136003 -15431389 -15054432 -6788949 13074478 -1542364 -133091 -234840 -116780 -39983 -122201 -3944 -58666 9855 1415 -5830 68397 -587 21596 -26 -5362 -345 -162 -6 296 -18 -29 -24 1 0 5 -3 -11 -1 0 0 -2 0 -3 12 -3 -1 0 0 5 -1 -1 -1 0 0 0 0 -6 0 0 0 0 0 0 1583838187
-15592602 -15088910 21081890 4614702 -5849886 -7065700 -867084 -140380 117614 -123422 -41817 -22641 -4394 -66847 -12205 -3086 -9381 -3047 -977 -650 -228 -163 -120 -218 -2 11 -15 -7 1 0 0 1 -1 0 0 0 0 -1 1 0 0 0 -1 0 0 0 0 0 0 0 0 0 0 0 0 0 0 0 0 0 1583838187
-15665267 -15149050 21207823 4718453 -4893168 -7120588 -731265 -140127 118773 -123038 -41589 -21675 -4420 -52613 -12131 -3127 -7674 -3061 -994 -662 -227 -159 -248 -118 -3 12 -17 -7 1 0 0 1 -2 0 -1 0 0 -1 1 0 0 0 -1 1 1 0 1 0 0 -1 0 0 0 0 0 0 0 0 0 0 1583838187
-15781715 -15239623 21406513 4740733 -7868571 -7267636 -1824354 -142185 127068 -126260 -43318 -45 -3935 -65339 -12444 -3936 607 -1970 -1027 -270 -179 -256 -494 -362 -4 22 -10 -8 0 0 0 1 -3 0 1 -1 0 0 1 3 0 0 2 0 2 0 -2 0 0 -1 0 0 0 0 0 0 0 -1 0 0 1583838187
-15721257 -15169093 21193261 6066939 32174909 -6540501 -5485056 -144901 114434 -134553 -46565 -24974 -69 976103 -10973 -1563 15433 -2374 -1192 -762 -638 -3 -731 1167 -14 -2 -43 -5 2 0 0 0 -32 0 0 10 0 -1 -2 -12 -3 0 -7 -4 -7 0 0 -1 1 1 3 1 2 0 0 1 0 0 0 0 1583838187
-15809786 -15269895 21463899 4874490 -4463923 -7250746 -2131579 -142378 121537 -126941 -43580 -14434 -3634 23208 -11866 -3575 -8129 -2539 -971 -473 -270 -165 135 -293 -2 46 -13 -8 1 0 0 1 -2 0 0 1 0 -1 0 -1 0 0 0 0 0 0 0 0 0 0 0 0 0 0 0 0 0 0 0 0 1583838187
-15677828 -15155242 21213099 4921520 585656 -7036369 -2594259 -142668 118934 -127938 -43973 -19289 -3145 154887 -12208 -2871 -3496 -2943 -1011 -689 -315 -130 130 -284 -3 17 -13 -7 1 0 0 1 -5 0 -1 5 0 -1 0 -3 0 0 -2 0 -1 0 0 0 0 0 0 0 0 0 0 0 0 0 0 0 1583838187
1129080 -1082970 -8602512 -11672946 -7705594 9335389 -1820791 -134408 -109774 -119018 -40882 -163007 -3966 -64585 71576 -53712 -6851 -3976 -931 -48 -203 -828 -76 -68 -6 4 -19 -7 2 -2 0 4 -3 -2 2 -1 0 0 1 2 0 0 -1 0 0 2 0 0 0 0 1 0 0 0 0 0 0 0 0 0 1583838187
-16063697 -15485020 21916088 5161987 -3185220 -7492431 242226 -138629 119912 -120440 -40173 -29577 -4882 -61179 -10792 -3559 -9261 -3104 -1002 -654 -228 -123 -247 -295 -2 -17 -12 -6 1 0 0 1 0 0 0 -1 0 -1 3 0 0 0 1 0 0 0 0 0 0 0 0 0 0 0 0 0 0 0 0 0 1583838187
134025856 110068395 -244257742 -140508758 -4924868 139504463 -1503114 -72847 -2202048 -60718 -20891 -1897112 -4949 -35641 52153 52116 -6378 18558 -458 4624 -104 -9881 -250 -188 -20 242 -6 12 32 -4 0 6 -2 5 0 -1 0 -1 1 0 3 9 0 0 0 -14 2 -5 -7 0 0 0 0 3 0 0 0 0 -3 1 1583838187
-662944 -2607388 -5376683 -9983072 -7702791 7480859 -1822706 -134998 -120556 -119609 -41032 -283830 -4186 -63337 -24675 18856 -7439 -1750 -932 -616 -216 -1167 -66 -227 -4 -104 -12 -2 4 -1 0 2 -1 0 0 1 0 0 0 0 0 0 0 0 0 -1 0 0 0 0 0 0 0 0 0 0 0 0 0 0 1583838187
-16045509 -15469794 21890388 5027105 -6493667 -7522872 -1265264 -141247 124233 -124734 -42476 -19986 -4212 -61941 -11294 -3814 -7043 -2755 -988 -531 -219 -162 -146 -7 -4 -12 -21 -7 1 0 0 1 -2 0 0 2 0 -1 0 -2 0 0 0 0 0 0 1 0 0 0 1 0 0 0 0 1 0 0 0 0 1583838187
-15030177 -14610529 20073414 4007558 -7875862 -6523737 -1820049 -141826 120684 -125933 -43208 2574 -3926 -65957 -13901 -3150 -8144 -2094 -961 -314 -222 -264 44 -296 -3 81 -15 -10 0 0 0 2 1 -1 2 -1 0 -1 0 -1 0 0 0 0 0 0 0 0 0 0 0 0 0 0 0 0 0 0 0 0 1583838187
-16067695 -15492383 21939959 4998401 -7874126 -7575059 -1821075 -142227 120650 -126321 -43328 -28628 -3994 -65498 -10951 -3720 -7481 -2948 -974 -603 -222 -150 -36 -258 -3 -19 -13 -6 1 0 0 1 -1 0 0 1 0 0 0 0 0 0 0 0 0 0 0 0 0 0 0 0 0 0 0 0 0 0 0 0 1583838187
-14942791 -14525913 19889267 4063652 -4537513 -6365067 -508848 -139562 121886 -122185 -41197 30221 -4422 -55748 -14704 -3412 -4224 -584 -1000 -42 -200 -344 -449 221 -6 167 -26 -9 4 0 0 0 -3 -3 0 5 0 -1 0 -4 0 0 0 0 -1 0 2 2 1 0 1 0 0 0 0 1 0 0 0 0 1583838187
-15633061 -15125800 21163440 4581493 -7811315 -7139214 -1830339 -142052 118360 -126172 -43285 -22220 -3967 -63979 -12170 -3214 -2009 -3157 -1012 -719 -196 -183 -330 62 -6 12 -21 -7 1 0 0 1 -1 0 0 4 0 0 0 0 0 0 5 -1 -2 0 0 1 -1 0 1 0 -1 0 0 0 0 0 0 0 1583838187
-15353163 -14871351 20628243 4326663 -7868137 -6825360 -1821113 -142004 134025 -126104 -43273 23073 -3899 -65797 -50 -9533 -6363 21313 -922 8662 -152 -1659 -164 -273 -1 -193 -11 -16 -20 1 0 1 -1 0 1 0 0 -1 0 1 -6 0 1 0 0 0 1 -1 0 0 0 0 0 -2 0 0 0 0 -1 0 1583838187
-15885562 -15310172 21547087 5061486 -2227281 -7273634 713964 -137890 124526 -119107 -39481 29019 -4980 -63472 -9911 -5418 13221 1526 -1098 -573 -103 -371 -1555 153 -9 -4 -18 0 7 0 0 0 -14 0 -7 19 0 0 -2 -7 8 0 -3 0 0 0 0 0 0 2 0 0 3 0 0 -1 0 0 0 0 1583838187
-11391140 -11574320 13634000 482883 -7143922 -2967435 -1622052 -139717 58244 -123759 -42354 -65636 -4069 -59917 70011 -57293 -7285 -2795 -970 520 -211 -182 -84 -175 -5 -71 -16 -5 0 0 0 0 -3 -1 1 1 0 0 0 0 -2 8 0 2 -1 6 0 2 0 0 0 -1 0 2 0 0 0 0 0 0 1583838187
-14892933 -14499213 19836429 3875258 -7862375 -6397872 -1821147 -141761 112945 -125864 -43184 -9773 -3946 -65609 -6215 -5779 -7246 9110 -942 3935 -188 -944 -97 -212 -3 -44 -14 -14 -10 0 0 1 -2 0 0 1 0 0 0 0 -3 0 0 0 0 -2 0 0 0 0 0 0 0 1 0 0 0 0 0 0 1583838187
-2260389 -4051264 -2341415 -8428635 -7732694 5730411 -1821138 -135636 -224998 -120004 -41118 -466306 -4525 -62937 -4945 15018 -6311 373 -956 348 -207 -1167 -145 324 -10 -69 -26 -1 7 0 0 1 -6 1 3 -1 0 -1 1 0 0 0 0 -1 -1 -1 0 0 0 0 0 0 0 0 0 0 0 0 0 0 1583838187
-16084628 -15463648 21880796 5142732 -6255210 -7542646 -1974635 -129318 120550 -126737 -43493 -29974 -3836 -24943 -10895 -3618 5405 -3796 29272 343 -104 -135 -884 1360 -13 -29 -51 -23 5 0 0 0 -19 0 6 0 13 0 0 -1 0 0 4 -2 0 0 -2 0 0 0 6 0 1 0 2 0 0 0 0 0 1583838187
-15685094 -15161295 21225182 4942799 638486 -7043671 -2620203 -142751 113590 -128034 -44042 -8282 -3114 148819 -9705 -3076 40781 -1568 -1207 -3760 -83 -110 -2989 7013 -50 110 -191 -13 1 0 -1 -1 -71 0 24 -5 -1 -1 0 -7 -2 0 13 -12 -1 0 -4 4 -3 1 17 -1 5 -1 4 3 0 0 0 0 1583838187
-16088265 -15498214 21953465 5037436 -7875240 -7590325 -1821040 -133255 120609 -126333 -43332 -30224 -3998 -65473 -10927 -3698 -7672 -3385 16612 3 -181 -125 -51 -270 -2 -38 -13 -32 7 0 0 1 0 0 1 0 26 0 4 0 0 0 2 0 0 0 0 0 0 0 0 -1 0 0 0 0 0 0 0 0 1583838187
-15342817 -14841300 20545015 4752313 4535638 -6606946 3034460 -133411 138259 -112202 -35775 9944 -5939 -26721 -13480 -3136 -9214 -2849 -1044 -873 -237 -136 -945 -395 -1 157 -10 -10 3 -1 0 2 6 -2 6 -3 0 0 -1 -5 1 0 0 0 -1 0 -1 0 0 0 0 0 0 0 0 0 0 0 0 0 1583838187
-16080592 -15499056 21949071 5123573 -4760028 -7533347 -1033811 -140771 120990 -124031 -42066 -27567 -4269 -35841 -10858 -3663 -7143 -2922 -995 -602 -233 -140 -190 -308 -2 -19 -12 -6 1 0 0 1 -1 0 -1 -1 0 0 0 0 0 0 0 0 0 0 0 0 0 0 0 -1 0 0 0 0 0 0 0 0 1583838187
-15312308 -14850190 20577128 4340794 -6479009 -6792721 -1376498 -141181 111461 -124758 -42546 -4470 -4113 -56386 -11490 -256 -6570 -3247 -1029 359 -220 9012 1081 -312 -2 -50 -9 -8 0 -3 0 0 1 -1 3 0 0 0 0 -1 0 0 0 0 0 0 0 0 0 0 0 0 0 0 0 0 0 0 0 0 1583838187
-15906552 -15353363 21644088 4883966 -6778434 -7389627 -1312283 -141286 122587 -124820 -42538 -18920 -4196 -65758 -11872 -3553 -7959 -3089 -978 -660 -223 -150 509 -300 -2 6 -13 -7 1 0 0 1 -1 0 0 -1 0 -1 1 0 0 0 0 0 0 0 0 0 0 0 0 0 0 0 0 0 0 0 0 0 1583838187
-15905092 -15353000 21645178 4844141 -7852785 -7407601 -1824211 -142170 122079 -126272 -43315 -21035 -3975 -64917 -11789 -3550 -6312 -3081 -981 -662 -217 -158 131 -322 -3 -11 -10 -6 1 0 0 1 3 0 2 -1 0 -1 0 -1 0 0 0 0 0 0 0 0 0 0 0 0 0 0 0 0 0 0 0 0 1583838187
-15817622 -15269353 21469879 4767615 -7885600 -7305121 -1819976 -142172 129003 -126260 -43319 7274 -3931 -66353 -12468 -3875 -7716 -2249 -925 -1483 -222 -126 -30 238 -5 12 -27 -1 9 0 0 1 -3 0 3 0 0 0 0 -2 8 1 0 -1 -1 0 0 0 0 0 0 0 0 0 0 0 0 0 0 0 1583838187
-16088402 -15499450 21955992 5035201 -7888444 -7591274 -1819854 -129603 120602 -126322 -43329 -30225 -3999 -65815 -10923 -3697 -7929 -3275 10000 -242 -198 -130 3 -287 -2 -31 -13 -17 4 0 0 1 0 0 2 -1 10 0 2 -1 0 0 0 0 0 0 0 0 0 0 0 0 0 0 0 0 0 0 0 0 1583838187
-998928 -2895334 -4767853 -9621812 -7577245 7182851 -1834641 -135285 -115233 -119836 -41128 -226150 -4080 -60455 -25235 16194 -7811 -2269 -928 -772 -220 -1110 -47 18 -5 -54 -19 -4 3 -1 0 2 -2 0 2 0 0 0 0 0 0 0 1 0 0 -1 0 0 0 0 1 0 1 0 0 0 0 0 0 0 1583838187
1037387579 837598382 -1790226189 -1015100128 5037428 1049096947 -2005067 334940 -13087741 318906 106065 -7160063 532 61843 -189657 509090 -3139 20316 2198 1510 363 -8348 -1570 525 -49 -530 37 18 44 -80 0 68 -10 -175 -5 -5 0 1 -4 -1 0 -36 2 0 0 0 0 1 2 0 0 0 1 9 0 0 0 0 -1 0 1583838187
-14841108 -14451989 19735943 3851757 -6999657 -6326011 -1908635 -141802 117439 -126055 -43264 -3748 -3838 -42880 -14232 -2536 7117 -2507 -1073 -539 -159 -299 -759 131 -8 46 -21 -7 3 -1 0 1 -5 -1 -6 16 0 0 -5 -1 -1 0 0 0 2 1 6 0 0 1 0 -1 0 0 2 -1 0 0 0 0 1583838187
-15877581 -15303090 21494083 5761343 18505541 -6930120 9098390 -123022 121884 -95086 -26545 -17827 -8591 -9801 -10442 -3100 -11752 -2457 -1158 -419 -242 -102 -1822 -456 0 -1 -10 -7 0 0 0 2 13 0 -1 -4 -1 -2 6 -5 -1 0 1 0 -2 0 0 0 0 0 0 0 0 0 0 0 0 0 0 0 1583838187
-15904478 -15317267 21573288 4890981 -5807789 -7357232 -1087492 -140781 150312 -124175 -42172 -25850 -4284 -55595 -11316 -3414 -8737 -3006 -973 -818 -232 -132 -128 -303 -1 -7 -13 -5 3 0 0 1 -1 0 0 -2 0 0 0 -1 2 0 0 0 0 0 0 0 0 0 0 0 0 0 0 0 0 0 0 0 1583838187
412799033 223060727 -500023207 -408083716 -1201380 490585297 -460018 56816 -5442466 60478 20569 -4473416 -5462 -7213 919223 -417485 -8106 -32590 147 -3923 -8 -11998 -348 -102 -25 -553 30 57 76 -37 0 33 -2 -63 0 -1 0 -1 0 -5 13 -58 3 -1 1 -8 1 -3 -3 0 0 0 0 0 0 0 0 0 -2 0 1583838187
9890147 6494606 -24613172 -20147531 -7612634 18256664 -1823242 -130671 -1622 -115793 -39847 42557 -3464 -65418 -53743 22760 -7079 393 -840 -702 -199 -1906 -110 -234 0 421 -20 -17 5 -3 0 5 -2 -7 0 1 0 -1 0 0 6 -1 0 0 0 0 0 0 0 0 0 0 0 -1 0 0 0 0 0 0 1583838187
9013877 5995066 -23527381 -18866347 -7632913 17625199 -1827278 -132743 46432 -116817 -40266 335500 -2978 -66956 -55788 36310 -4401 2893 -1266 10987 -160 52410 -43 -322 3 654 -18 -29 1 -12 0 0 2 -13 2 -1 0 5 0 0 2 -9 0 0 0 2 0 0 2 0 0 0 0 0 0 0 0 0 0 0 1583838187
-12014018 -11995667 14527593 1372384 -7781758 -3631593 -1831521 -141465 -33627 -124804 -42841 -6939 -3879 -63648 -17214 1003 677 -1307 -905 -2932 -181 -321 -158 -415 -9 282 -12 -14 4 -3 0 3 3 -4 4 -3 0 -1 1 -2 0 0 -1 1 0 -1 0 0 0 0 0 0 0 0 0 0 0 0 0 0 1583838187
-15230629 -14766018 20401464 4285766 -5893680 -6668658 -1064519 -140638 131202 -123891 -42087 25861 -4198 -58549 -15173 -3293 -5730 -2251 -972 -548 -211 -249 5230 -279 -1 119 -14 -8 5 -1 0 2 -6 -1 4 1 0 0 -1 1 2 0 0 0 0 0 0 0 0 0 0 0 0 0 0 0 0 0 0 0 1583838187
4644125 1922207 -14966061 -14920756 -5087564 12938485 -1529961 -132456 -111515 -116797 -39926 -81202 -3796 -23933 -32590 16112 -7107 9992 -882 3738 -197 -2182 -278 -309 -3 169 -15 -20 -10 0 0 3 -2 0 3 0 0 -1 0 1 -2 0 0 0 0 0 0 -1 -2 1 0 0 -1 -3 0 0 0 0 0 0 1583838187
-16025324 -15450307 21842062 5149062 -2632044 -7440408 -87677 -139111 120439 -121318 -40615 -24268 -4667 -33875 -11106 -3557 -5904 -3019 -1009 -632 -225 -150 4498 -318 -1 7 -11 -7 1 0 0 1 -4 0 5 0 0 0 -2 1 0 0 1 0 0 0 0 0 0 0 0 0 0 0 0 0 0 0 0 0 1583838187
-16066991 -15491685 21938336 5001615 -7748817 -7571672 -1832320 -142234 121063 -126347 -43338 -27776 -3981 -62223 -10913 -3761 -8110 -2793 -969 -539 -227 -158 267 -293 -2 -21 -12 -6 1 0 0 1 0 0 0 -1 0 -1 1 0 0 0 0 0 0 0 0 0 0 0 0 0 0 0 0 0 0 0 0 0 1583838187
75978961 61750725 -141760928 -84203209 -6005751 83136969 -1573098 -99998 -982748 -86738 -29905 -567091 -3550 -52151 -142148 113557 -7702 -2763 -638 -3944 -193 -5802 -103 -253 -4 -148 -8 12 19 -1 0 1 -1 -2 0 -1 0 -1 1 -1 5 -4 1 0 0 0 0 -2 -2 0 0 0 0 0 0 0 0 0 0 0 1583838187
-15692518 -15159525 21237768 4643973 -7866797 -7187812 -1824747 -142107 127385 -126211 -43299 -8575 -3950 -65313 -12545 -3420 -3096 -2793 -988 -961 -200 -171 -229 -296 -3 26 -9 -4 5 0 0 1 1 0 0 0 0 0 0 -1 4 0 0 0 2 0 -1 0 0 0 0 0 0 0 0 0 0 0 0 0 1583838187
-10752035 -10955811 12333930 -31526 -7834569 -2293495 -1820832 -140278 60485 -124227 -42630 -30427 -3916 -65654 -15964 9442 -7688 -3857 -1106 2691 -217 17592 15 -251 -1 -192 -9 -1 1 0 0 1 -1 1 0 2 0 -1 0 0 -1 -1 0 0 0 0 0 -1 0 0 0 0 0 0 0 0 0 0 0 0 1583838187
-16085452 -15504174 21965098 5028762 -7480731 -7579495 -1859293 -142268 125056 -126427 -43372 -20869 -3940 -55182 -11293 -3836 -4028 -2925 -998 -607 -210 -162 202 -227 -4 -26 -14 -6 1 0 0 1 0 0 -2 0 0 -1 1 -1 0 0 1 0 0 0 0 0 0 0 0 0 0 0 1 -1 0 0 0 0 1583838187
92869827 76278054 -172507134 -100022501 -6370936 100030458 -1694160 -94788 -1149121 -80823 -28122 -266537 -2768 -59526 -40722 139563 -6572 25300 -2287 52069 -23 206848 190 -15 14 -1833 28 20 -16 -40 0 -6 3 -35 -4 0 0 23 1 0 1 -8 1 0 0 3 0 2 1 0 0 0 0 0 0 -1 0 0 0 0 1583838187
-1170905 -2996129 -4553664 -9267876 -2491211 7175891 39621 -132102 -65247 -114656 -38312 -136954 -4696 -39470 -33597 17545 -8840 -2868 -954 -1062 -232 -1062 -407 -321 -2 -112 -10 -3 2 -1 0 2 -1 0 0 -3 0 0 -1 0 0 -1 1 0 -1 0 0 0 0 0 0 0 0 0 0 0 0 0 0 0 1583838187
-15767055 -15230059 21385214 4727082 -7868354 -7266160 -1824117 -142173 119462 -126234 -43304 -16531 -3965 -65280 -11847 -3477 -3852 -2637 -983 -883 -204 -173 -139 -345 -3 30 -12 0 11 -1 0 2 3 0 2 0 0 0 0 -2 3 0 1 0 0 0 0 0 0 0 0 0 1 0 0 0 0 0 0 0 1583838187
-15880176 -15331753 21600244 4818706 -7813212 -7382996 -1830420 -142156 122541 -126276 -43318 -22503 -3970 -63745 -11776 -3474 -1643 -3207 -1015 -732 -195 -168 -108 -305 -4 -25 -14 -6 1 0 0 1 2 0 1 1 0 0 0 -2 0 0 1 0 0 0 0 -1 0 0 0 0 0 0 0 0 0 0 0 0 1583838187
-15366069 -14852105 20589936 4396551 -5541170 -6791901 -2052471 -142122 155833 -126652 -43486 6701 -3670 -3853 -13939 -3246 24660 -3504 -1189 -965 -94 -268 4187 -394 -7 216 -4 -13 1 -1 0 2 7 -3 -4 0 0 -1 1 -3 0 0 -1 -1 0 0 1 0 0 1 0 0 0 0 0 0 0 0 0 0 1583838187
172510691 142759477 -313459810 -177466426 -3432349 178193806 -851419 -55809 -2274662 -43961 -15137 -1252191 -3536 -45972 -61282 101865 -6708 1794 -458 733 -112 4449 -491 -97 -14 619 -14 1 28 2 0 -2 -1 -5 -3 0 0 -2 0 0 0 -15 0 0 1 2 0 -2 -3 0 0 -1 0 5 -1 0 0 0 -1 0 1583838187
-15802101 -15264388 21453558 4824382 -5639776 -7266738 -796103 -140345 121350 -123308 -41737 -18628 -4416 -65350 -11935 -3427 -6318 -2926 -987 -594 -212 -182 4887 -276 -1 2 -10 -8 1 0 0 1 0 0 4 0 0 0 0 0 0 0 0 0 0 0 0 0 0 0 0 0 0 0 0 0 0 0 0 0 1583838187
28043647 21762177 -57030888 -36435516 17439937 36573736 7743049 -107011 -364974 -80967 -22591 -33810 -7266 23148 -72673 42789 -9128 9820 -907 1696 -197 -3448 -1232 -425 -3 955 -25 -25 13 -7 0 9 11 -12 -1 -5 -1 -3 4 -6 6 -1 1 -1 -2 -1 0 0 -1 0 0 0 0 -1 0 0 0 0 0 0 1583838187
-10127228 -10252862 10853725 -40719 8676867 -1133418 3530315 -130536 234436 -108959 -34371 226023 -5573 30972 -30215 -590 -232 5655 -1027 1380 -193 -944 3600 -344 0 1029 -23 -34 4 -4 0 6 6 -10 1 0 0 -1 -3 -1 10 -1 1 -1 1 0 0 0 0 2 0 1 0 0 -1 1 0 0 0 1 1583838187
-15886287 -15337635 21612514 4825265 -7773925 -7389380 -1836725 -142162 122094 -126292 -43326 -23455 -3965 -62538 -11649 -3497 2575 -3277 -1045 -771 -175 -178 -82 -344 -5 -25 -8 -6 1 0 0 2 7 0 3 -1 0 -1 1 -4 -1 0 -1 0 0 0 -1 0 0 0 0 0 0 0 0 0 0 0 0 0 1583838187
-15959121 -15400965 21746284 4892515 -7891871 -7468783 -1818569 -142175 119277 -126268 -43310 -30185 -3997 -65988 -11120 -3536 -7644 -2994 -973 -621 -223 -154 -30 -306 -3 -24 -12 -6 1 0 0 1 0 0 3 0 0 0 0 1 0 0 0 0 0 0 0 0 0 0 -1 0 0 0 0 1 0 0 0 0 1583838187
-15638667 -15103305 21120725 4616865 -7867832 -7099256 -1824708 -142189 139019 -126250 -43322 29198 -3885 -65539 -13837 -4278 -4424 -1073 -980 -68 -202 -292 -155 -342 -3 80 -17 -7 4 -1 0 2 4 -1 2 -2 0 -1 0 1 0 0 0 0 0 0 0 0 -1 0 0 -1 0 0 0 0 0 0 0 0 1583838187
-4608342 -5874221 1544912 -5982004 -7516760 3598501 -1859847 -137468 -125443 -121553 -41771 -70305 -3860 -57793 15011 64929 14597 -9890 -2453 29931 -81 171750 461 -570 10 -2992 58 50 -18 -33 0 -18 31 -4 3 -4 0 23 5 -5 -9 -2 0 -1 0 1 0 2 0 1 0 0 0 1 0 0 0 0 0 0 1583838187
-15918638 -15366844 21673881 4857426 -7880451 -7426622 -1821671 -142175 118450 -126265 -43311 -26316 -3987 -65609 -11358 -3482 -6138 -3044 -976 -840 -216 -145 -107 -321 -3 -2 -13 -5 4 0 0 1 1 0 2 0 0 0 0 0 2 0 1 0 0 0 0 0 0 0 0 0 1 0 0 0 0 0 0 0 1583838187
-15945923 -15385051 21707605 5004101 -4497517 -7392767 -2146314 -142457 119799 -127033 -43619 -24662 -3634 23360 -11364 -3383 20631 -3443 -1166 -908 -128 -219 4747 -244 -8 -3 -7 -6 1 0 0 1 9 0 1 6 0 0 -2 -7 -1 0 -2 0 1 0 1 1 -1 3 0 -4 0 0 -2 2 0 0 0 0 1583838187
-16081508 -15501101 21958990 5015949 -7749417 -7579886 -1832393 -142245 125040 -126363 -43346 -20316 -3968 -62337 -11497 -3793 -7214 -3121 -976 -669 -223 -140 -45 -200 -3 -19 -15 -6 1 0 0 1 -2 0 1 1 0 0 0 0 0 0 0 0 0 0 0 0 0 0 0 0 0 0 1 -1 0 0 0 0 1583838187
-11145238 -11348999 13139012 682599 5550537 -2501180 -3044026 -140888 62460 -127021 -43718 -70992 -2687 281860 -17156 3437 -5254 -2632 -992 -735 -387 -387 -205 -477 -1 -50 -8 -4 2 0 0 2 1 0 3 -3 0 0 -5 -4 -1 0 -1 -1 -1 0 -1 0 0 0 0 0 0 0 0 0 0 0 0 0 1583838187
252242442 203427263 -442925642 -255082321 -295147 259004515 -2261117 -19046 -3910038 -11819 -4641 -3209803 -4802 86051 396153 -124239 -5537 -17454 -268 -4297 -157 -13601 -291 -261 -33 -1109 26 249 149 190 0 -239 11 232 11 -1 0 -1 0 1 -5 -24 2 1 -1 11 -3 -5 -6 0 0 -1 1 8 0 0 0 1 -5 2 1583838187
22441025 16770301 -46445422 -32348076 -7008346 30283350 -1646684 -124276 -393152 -109397 -37523 -366400 -4034 -60856 -64200 49996 -7692 -2067 -850 -1496 -209 -2590 -126 -105 -5 -226 -15 15 15 8 0 -9 -1 18 0 0 0 -1 0 1 0 -6 0 1 0 -1 0 0 -1 0 0 0 0 0 1 0 0 0 0 0 1583838187
-5090984 -6318386 2484709 -5571526 -5398952 3206564 -996719 -135688 -56356 -119206 -40441 -175284 -4411 -52011 70795 -52674 -3348 -5732 -1002 -696 -199 -375 -311 -205 -7 -59 -12 4 9 6 0 -7 -3 13 -4 0 0 -1 2 0 0 2 -4 0 1 0 0 0 0 0 0 0 0 3 0 0 0 0 0 0 1583838187
126678644 103898353 -231194620 -133110947 5343910 132501562 2579074 -68682 -2055436 -52154 -15650 -1782489 -6554 -7246 -121752 162309 -9098 983 -625 -2810 -188 -8976 -1125 -286 -13 -578 7 146 87 123 0 -153 13 149 9 -2 0 -2 -1 -2 -1 -33 3 0 0 -4 0 -5 -8 1 0 0 0 2 1 0 0 0 1 -1 1583838187
16197621 11866046 -36009355 -25596691 5440605 24905107 3942701 -118602 -24738 -97149 -30391 301734 -5420 -57400 32017 -38386 -244 59304 -832 23199 20 -5659 5883 246 -1 1055 -35 -82 -59 0 0 7 0 -25 -5 3 0 -3 1 3 -13 -14 -1 2 1 12 0 2 2 -2 0 1 0 2 0 0 0 0 -1 0 1583838187
-16046456 -15471246 21895972 4978115 -7877635 -7547625 -1822667 -142226 124561 -126328 -43334 -20979 -3979 -65611 -9755 -4454 -4152 -367 -992 374 -199 -319 -242 -120 -4 -49 -16 -7 0 0 0 1 -2 0 0 -1 0 0 0 4 0 0 -3 0 0 0 0 1 -1 -1 0 0 0 0 0 0 0 0 0 0 1583838187
40360535 31901000 -78494992 -49577990 -4818196 48163711 -2071752 -117028 -510549 -103249 -35667 -250252 -3207 2643 -113531 78026 33029 -3282 -1058 -3090 -35 -3778 -1964 225 -15 54 -19 4 9 8 0 -11 -15 5 -17 30 0 -1 -6 -14 -1 -9 -9 0 -2 0 4 0 0 6 -2 -5 0 0 -3 4 0 -1 0 0 1583838187
-15240058 -14741266 20287212 5672187 32491207 -6053485 -5513732 -144937 96346 -134491 -46575 37297 66 982540 -2957 15600 17597 -5623 -1664 9357 -624 54542 -1411 -222 -2 -814 4 9 -4 -7 0 -4 -30 -2 -5 8 1 7 -17 -12 -6 -1 -7 0 -13 0 -4 3 -1 -2 0 1 0 0 0 0 0 -1 0 0 1583838187
-15559442 -15051044 21001720 4641195 -4335958 -6986737 -2143078 -142300 127106 -126889 -43569 919 -3593 25807 -13273 -3343 -7640 -2316 -972 -413 -267 -196 -86 -178 -3 40 -17 -9 0 0 0 1 -4 0 2 0 0 0 -1 -1 0 0 0 1 -1 0 0 0 0 -1 0 0 0 0 0 0 0 0 0 0 1583838187
-14994930 -14573724 19993612 4048690 -6197232 -6445284 -1973058 -141994 123404 -126298 -43356 21334 -3730 -22463 -14973 -3157 -7528 -1403 -964 -82 -239 -298 -16 -168 -4 204 -19 -14 0 -1 0 2 -2 -2 1 0 0 -1 0 -1 0 -1 0 1 -1 0 0 0 0 0 0 0 0 0 0 0 0 0 0 0 1583838187
-15147217 -14711034 20285932 4117782 -7880262 -6645247 -1815972 -141859 119464 -125960 -43213 -4659 -3942 -66174 -13914 -2847 -7784 -2535 -965 -482 -222 -232 -25 -304 -3 73 -13 -10 1 -1 0 2 0 -1 3 0 0 0 0 1 0 0 0 0 0 0 0 0 0 0 0 0 0 0 0 0 0 0 0 0 1583838187
-13267046 -13104145 16886568 2329974 -7832942 -4721149 -1825452 -141182 128978 -125326 -43036 76570 -3776 -65569 12329 -15108 -2301 52142 -857 20010 -49 -3627 -371 -227 -1 -217 -9 -29 -42 6 0 -1 2 -6 1 0 0 -1 0 0 -8 -8 0 0 0 8 -2 3 5 0 0 0 0 0 0 0 0 0 0 0 1583838187
-15157604 -14710696 20287062 4138684 -7683251 -6631370 -1849296 -141928 131197 -126087 -43276 21668 -3867 -60657 -5210 -7339 7513 12805 -1041 5349 -107 -1205 -678 171 -7 -56 -22 -16 -14 1 0 1 3 -1 -2 11 0 0 -1 0 -4 1 0 -4 2 -2 -3 -1 2 -3 0 0 -1 0 1 1 0 0 0 0 1583838187
141485897 116254019 -257373828 -147914752 -5258689 146766153 -1643804 -69096 -2298800 -57730 -19931 -2048933 -5014 -37009 -105029 163761 -7152 882 -516 -2839 -167 -9836 1347 -184 -15 -865 7 31 23 -8 0 8 -2 -20 1 0 0 0 0 0 -1 -4 0 0 0 -2 0 1 1 0 0 0 0 -1 0 0 0 0 0 0 1583838187
-15768111 -15228690 21372793 4915104 -2142085 -7167754 682521 -137743 125580 -119085 -39469 -12338 -5032 -59118 -12198 -3377 -7061 -2885 -991 -556 -213 -197 11841 -200 0 -41 -16 -7 1 0 0 0 -7 0 6 5 0 0 -3 2 0 0 2 0 0 0 0 0 1 0 0 0 0 0 0 0 0 0 0 0 1583838187
-15915380 -15362305 21664658 4855221 -7715114 -7417399 -1846321 -142185 122258 -126330 -43343 -23599 -3950 -60578 -11506 -3513 18465 -3438 -1161 -895 -98 -219 -1304 -578 -7 -24 0 -5 1 0 0 1 -8 0 1 7 0 0 0 1 0 0 13 0 -4 1 7 -2 1 0 0 1 0 0 2 -1 0 -1 0 1 1583838187
-16085390 -15503165 21962544 5041082 -7160887 -7573502 -1892815 -142301 125060 -126509 -43408 -20778 -3903 -47302 -11223 -3823 8301 -3085 -1091 -721 -152 -191 -941 1001 -13 -20 -41 -6 1 0 0 0 -17 0 4 5 0 -1 1 0 0 0 3 -1 0 0 -3 0 1 -1 7 -2 0 0 2 3 0 0 0 0 1583838187
-13843431 -13164087 17095674 2905767 -7733586 -4968011 -1737569 -141540 437473 -125886 -43168 217871 -3581 -68203 -22205 -6432 -6394 8402 -929 3577 -181 -978 -121 -296 7 487 -20 -32 -13 -1 0 4 -2 -6 0 -2 0 -1 1 0 -2 -2 0 0 0 0 0 0 0 0 0 0 0 0 0 0 0 0 -1 0 1583838187
-15934778 -15378030 21698362 4869619 -7872728 -7437246 -1820994 -142171 123306 -126275 -43315 -20893 -3979 -65527 -11679 -3623 -8256 -2956 -967 -608 -226 -157 122 -297 -2 -16 -12 -6 1 0 0 1 1 0 2 -1 0 0 0 -1 0 0 0 0 0 0 0 0 0 0 0 0 0 0 0 0 0 0 0 0 1583838187
-15787900 -15245142 21411593 4863515 -4592954 -7239861 -2136912 -142436 113613 -126961 -43598 -14538 -3623 20474 -11873 -3222 26689 -3384 -1200 -1559 -98 -190 -1549 12 -13 54 -23 -7 2 0 0 0 -13 0 -14 21 0 -1 -3 -10 -2 0 -7 0 -2 0 2 0 0 3 -1 -1 1 0 -2 1 0 0 0 0 1583838187
-14588221 -14200755 19212385 3617596 -7737210 -6017474 -1832682 -141795 149843 -125901 -43220 79668 -3773 -62921 -19155 -2154 -6871 -2634 -982 -98 -217 1965 -59 -224 -2 104 -16 -11 0 0 0 2 -3 -2 1 1 0 -1 0 0 0 0 0 0 0 0 0 0 0 0 0 -1 0 0 0 0 0 0 0 0 1583838187
-15329834 -14832794 20528237 4762578 4883547 -6570995 -2987407 -142939 137285 -128782 -44327 33479 -2637 263437 -15187 -3093 -518 -1843 -1031 -336 -353 -200 -574 -533 -2 61 -7 -9 0 0 0 1 -7 0 -2 -8 0 0 -2 1 0 0 2 0 -1 0 -1 0 0 1 0 0 0 0 0 0 0 0 0 0 1583838187
-15992345 -15417061 21763914 5317656 3320368 -7300268 -2846580 -142989 123564 -128646 -44246 -19158 -2882 225215 -10792 -3475 2518 -1851 -1058 -300 -319 -177 -504 -551 -3 -28 0 -6 0 0 0 1 -5 0 -4 -9 0 -1 0 0 0 0 1 0 -2 0 -1 0 0 0 0 0 0 0 0 0 0 0 0 0 1583838187
-15975647 -15402557 21752294 4920160 -7885949 -7456849 -1819935 -142241 133215 -126328 -43340 4569 -3937 -65997 -12797 -4089 -7797 -2577 -968 -464 -222 -180 27 -303 -2 9 -12 -8 0 0 0 1 0 0 2 -1 0 0 0 -1 0 0 0 0 0 0 0 0 0 0 0 0 0 0 0 0 0 0 0 0 1583838187
-15930593 -15372759 21687387 4868928 -7872839 -7431424 -1821001 -142182 123502 -126278 -43316 -19681 -3977 -65531 -11825 -3602 -8027 -3067 -969 -652 -225 -151 109 -298 -2 -16 -14 -6 1 0 0 1 0 0 2 -1 0 0 0 -1 0 0 0 0 0 0 0 0 0 0 0 0 0 0 0 0 0 0 0 0 1583838187
19620640 14423642 -41469562 -29650218 -6354631 27458505 -1699773 -125348 -358112 -110599 -37894 -459779 -4179 -43004 -44064 41117 -7733 -1617 -869 -1089 -219 -2399 -64 -291 -3 -214 -7 4 7 0 0 1 0 6 2 0 0 -1 0 0 0 0 0 0 0 -4 0 0 0 0 0 0 0 0 0 0 0 0 0 0 1583838187
398525619 335069201 -720685599 -396958993 853440 398310316 -7475 50014 -5313543 55239 18892 -3571048 -4274 -25888 -500872 516308 -5587 24658 421 -3123 -2 -27179 2556 -1 -16 -624 9 29 29 -15 0 14 -7 -47 2 -1 0 -2 -3 1 -5 -14 1 0 0 -11 2 7 10 0 0 0 -1 -11 0 0 0 -1 4 -1 1583838187
-15768873 -15231654 21382799 4840327 -4305984 -7203900 -374748 -139576 125449 -122091 -41078 -9737 -4567 -56680 -7198 -5586 -8361 5421 -976 2598 -205 -659 -259 -313 -1 -63 -13 -11 -6 0 0 1 2 0 3 0 0 -1 1 -1 -2 0 0 0 0 -1 0 0 0 0 0 0 0 0 0 0 0 0 0 0 1583838187
-15653628 -15141977 21198040 4602290 -7850460 -7155843 -1829059 -142073 120263 -126187 -43292 -16103 -3958 -64641 -12469 -3286 -448 -3005 -1022 -669 -188 -198 -179 -400 -4 33 -8 -8 1 0 0 2 9 0 3 -3 0 -1 1 -4 0 0 -1 0 0 0 0 0 0 0 0 0 0 0 0 0 0 0 0 0 1583838187
16131837 11974143 -36196346 -26014120 -7460555 24398097 -1838736 -128575 -73002 -113470 -39122 170564 -3131 -63250 -65654 26641 298 8000 -764 -35 -142 -2631 -72 -360 -1 609 -17 -19 11 -7 0 7 7 -14 2 -2 0 -2 0 -3 0 -5 1 0 0 0 0 0 -1 0 0 -1 0 0 0 0 0 0 -1 0 1583838187
-16072134 -15492355 21938605 5040478 -6814316 -7555794 -919596 -140732 124693 -123806 -42003 -21448 -4417 -85123 -11164 -3857 -9007 -2772 -978 -523 -217 -157 -137 -213 -2 -27 -15 -6 1 0 0 1 -1 0 0 0 0 0 0 1 0 0 -1 0 0 0 0 0 0 0 0 0 0 0 0 0 0 0 0 0 1583838187
-13622569 -13305670 17330235 2739807 -5937986 -4938156 -861632 -139742 215523 -122927 -41735 192878 -4039 -83374 -24926 -673 -8879 -1363 -1004 1195 -208 8789 -152 -280 0 158 -15 -11 3 -4 0 1 -1 -4 0 -1 0 0 0 0 6 0 0 0 0 1 0 0 0 0 0 0 0 0 0 0 0 0 0 0 1583838187
-3173890 -4441053 -1452315 -7001352 -1565841 5612488 737123 -133099 126017 -114327 -37951 354001 -4221 -54764 -39700 232 -5447 8458 -811 115 -174 -1377 -729 -10 -4 987 -35 -14 23 5 0 10 -4 -10 -5 0 0 0 0 1 -1 -4 -3 1 2 0 2 0 1 -1 0 0 0 1 0 0 0 0 3 -1 1583838187
-14412716 -14100742 18988731 3439941 -6782668 -5927767 -1591293 -141067 97091 -124958 -42731 -27537 -4046 -52854 56742 -49988 -8116 -3771 -939 -630 -224 54 4143 -260 -3 -39 -11 2 9 3 0 2 -4 3 3 1 0 0 -1 1 -1 2 0 0 0 3 0 1 2 0 0 0 0 0 0 0 0 0 0 0 1583838187
-15974951 -15404944 21743811 5149725 -1153101 -7362399 923717 -137375 123407 -118456 -39109 -20434 -5143 -52352 -11213 -3571 -9122 -2798 -1014 -561 -229 -141 15 -318 -1 -18 -13 -6 1 0 0 1 2 0 2 0 0 -1 1 0 0 0 1 0 1 0 -1 0 0 0 0 0 -1 0 0 0 0 0 0 1 1583838187
-15101878 -14641248 20127909 4430201 -499020 -6399415 1493381 -136447 130713 -116680 -38237 97253 -5192 -62602 -19438 -3870 -5855 -2564 -1015 -496 -202 -244 7012 -239 -2 509 -17 -24 0 -2 0 3 -3 -6 0 2 0 -1 0 0 0 -1 0 0 0 0 0 0 0 0 0 0 0 0 0 0 0 0 0 0 1583838187
-13194027 -12917826 16512663 2376074 -7834680 -4502869 -1829559 -141650 201220 -125601 -43154 209682 -3535 -66039 -20892 -6900 -342 8622 -962 3494 -152 -1041 -233 -385 -2 331 -13 -26 -11 0 0 4 9 -5 3 -3 0 -1 1 -4 -1 -1 -1 0 0 0 0 0 0 0 0 0 0 -1 0 0 0 0 0 0 1583838187
-14621609 -14204534 19224944 3682270 -7594472 -5997437 -1866361 -141976 173341 -126097 -43316 137204 -3637 -58237 -21910 -4185 22326 -1321 -1164 -198 -71 -449 -610 -443 -8 196 -2 -15 -3 -1 0 3 19 -3 1 4 0 -1 0 -7 -2 -1 4 -1 2 0 0 -1 0 0 0 -1 -1 0 1 0 0 0 0 0 1583838187
-15696263 -15171311 21261214 4650347 -7870664 -7191471 -1821063 -142111 123682 -126198 -43292 -10602 -3957 -65610 -12767 -3401 -7176 -2972 -974 -629 -220 -175 -56 -237 -3 8 -14 -7 1 0 0 1 -2 0 0 1 0 0 0 0 0 0 0 0 0 0 0 0 0 0 0 0 0 0 0 0 0 0 0 0 1583838187
-14374130 -14003380 18796263 3447828 -7803244 -5781449 -1835272 -141861 151993 -125883 -43225 102617 -3728 -64489 -18397 -4664 5166 324 -1041 524 -148 -498 -612 85 -7 195 -25 -17 -3 -1 0 2 0 -3 0 5 0 -1 0 -1 -1 -1 5 -3 -3 0 2 0 0 1 0 1 0 0 2 -2 0 0 0 0 1583838187
181052070 150468392 -329757520 -186565914 -4654887 184568332 -969212 -48817 -2938822 -38299 -12861 -3039281 -6458 -58338 13566 134437 -7316 9410 -440 1098 -112 -12332 -527 -37 -18 -1024 11 47 33 -3 0 1 -2 -19 -1 0 0 0 0 3 -6 19 -2 0 0 1 0 0 -1 0 0 0 0 -4 0 0 0 0 2 -1 1583838187
30366818 21775991 -57281322 -39965323 -4738228 39072419 -1521569 -120093 -518328 -105468 -36041 -551097 -4185 -16755 55679 -22583 21059 -2533 -1034 -273 -72 -2788 6949 -573 -8 -285 11 8 7 2 0 -2 15 -2 5 -6 0 0 2 -3 -2 4 -1 0 -1 3 -2 1 0 0 0 0 0 1 0 0 0 1 -1 0 1583838187
-7615381 -8408974 6923622 -3154784 -6434736 756839 -990561 -136944 9071 -120375 -40870 -101447 -4367 -74774 -22684 8199 -7509 -2216 -960 -591 -211 -719 -136 -301 -3 -66 -10 -5 1 -1 0 2 2 -1 0 -1 0 -1 1 -1 0 0 0 0 0 0 0 0 0 0 0 0 0 0 0 0 0 0 0 0 1583838187
204651055 169443542 -370081994 -209000193 8973328 209091325 3127940 -30676 -2943007 -17029 -3321 -2817470 -7261 37056 -118914 214276 -4911 7570 -439 -1499 -138 -13915 -1554 -101 -8 -1237 14 51 29 -2 0 0 -1 -18 -9 -5 0 0 3 0 -5 7 -1 0 0 -2 0 -1 -1 0 0 0 0 -1 0 0 0 -1 3 -1 1583838187
641320289 535186948 -1145352435 -633582387 13978565 636830075 3176098 173528 -9175495 171920 61066 -8938689 -10859 92235 -291406 644435 5498 15324 724 -7936 64 -40394 2093 105 -21 -3579 73 150 93 -44 0 41 -5 -113 -8 -3 0 0 4 0 -7 -11 -1 0 0 6 -1 2 4 0 0 0 1 5 0 0 0 0 -1 0 1583838187
115653989 94617706 -211515409 -123083783 -5710741 121031697 -1418825 -79604 -2032941 -67535 -22959 -2380394 -6121 -50341 -49055 143328 -6722 5254 -642 -470 -165 -8488 -334 -202 -13 -667 5 29 28 -10 0 10 -2 -24 0 -2 0 0 1 0 -1 -2 0 0 0 0 0 0 0 0 0 0 0 0 0 0 0 0 0 0 1583838187
123787102 101643970 -226416351 -129874508 24326937 129894055 11268641 -54009 -1915600 -28465 -2663 -2032672 -10813 -8841 -63593 136569 -5286 1932 -826 -1755 -140 -8718 7587 -54 -4 -778 4 28 22 -8 0 8 -2 -23 3 13 0 0 -2 0 -2 -2 3 -1 3 1 -3 2 0 6 -1 7 1 2 -1 0 0 -1 -2 -1 1583838187
115508091 92958942 -208285080 -121406758 36097840 122590206 14928802 -50873 -2038312 -20900 2119 -2364662 -12996 63544 406247 -169953 11369 -10048 -1132 39 -71 -6135 7264 -179 -19 -670 15 32 34 -16 0 15 -1 -33 -17 7 0 0 -5 1 1 -15 12 -7 7 -5 -8 0 2 3 -1 5 -5 1 4 1 0 0 0 1 1583838187
73031640 59163575 -136302073 -81617662 -6890560 79776793 -1831184 -100710 -1111868 -87963 -30307 -1174798 -4560 -54895 71296 -2225 -7154 -4179 -731 -1265 -181 -5004 -31 -255 -6 -506 0 15 14 -5 0 5 0 -16 1 -1 0 0 0 0 -3 10 0 1 0 10 -1 3 3 0 0 0 0 4 0 0 0 0 -1 0 1583838187
-15761414 -15162784 21248443 4847013 -7621919 -7216490 -1862393 -142641 119445 -126459 -43390 -7516 -3901 -57667 -11970 -3774 30651 -2505 -1245 -593 -36 -324 -1805 -717 -10 73 9 -8 0 -1 0 1 -6 -1 0 11 0 0 -1 1 0 0 20 0 -5 2 11 -2 1 2 0 -2 0 0 0 1 0 -2 0 1 1583838187
-16041352 -15458715 21869728 5001331 -7428504 -7523451 -1430411 -141623 128214 -125255 -42771 1474 -4131 -74504 -12303 -4071 -6867 -2629 -968 -868 -213 -148 -155 -156 -3 -8 -17 -3 5 0 0 1 -3 0 1 0 0 0 0 1 4 0 0 0 0 0 0 0 0 -1 0 0 0 0 0 0 0 0 0 0 1583838187
-13536192 -13235475 17179090 2723600 -6009540 -4820064 -266184 -139025 206450 -121317 -40885 222086 -4275 -100388 -26635 -4851 -6034 1086 -964 608 -179 -549 -459 -226 -2 523 -21 -22 1 -3 0 4 -3 -6 0 1 0 -1 0 3 2 -2 -3 0 0 1 0 0 0 0 0 0 0 0 0 0 0 0 0 0 1583838187
-15775572 -15245749 21414737 4769535 -6379606 -7259243 -1115029 -140877 118065 -124196 -42216 -26079 -4293 -66461 -11748 -3252 -5549 -3187 -1001 -712 -211 -158 -188 -253 -3 9 -14 -7 1 0 0 1 -2 0 0 0 0 0 0 0 0 0 -3 1 1 0 1 0 0 0 0 0 0 0 0 0 0 0 0 0 1583838187
-13661070 -13359553 17351859 4444890 39931908 -4242263 15850340 -110125 158513 -74962 -15889 138028 -11060 72757 -22534 -1592 7711 -2282 -1423 -593 -166 -253 -5562 255 -6 344 -31 -12 4 0 0 0 -26 4 8 30 2 2 -20 7 0 -2 -9 -1 25 -1 -24 1 1 16 -5 17 -4 1 -1 6 0 4 5 9 1583838187
-14667885 -14205678 19100636 6186932 62733182 -4928437 25522540 -93452 139905 -47645 -1088 42546 -15275 133628 -13781 -1174 47142 -3407 -1903 -1489 20 -158 -9179 999 -17 96 -42 -2 4 2 0 -3 -53 5 -17 45 4 3 -35 1 4 -2 -34 4 28 -1 -19 4 -2 19 -6 22 2 1 2 2 0 0 -3 -7 1583838187
-15010065 -14552756 19958589 4020971 -7884611 -6444542 -1819520 -141968 151759 -126035 -43257 62789 -3822 -66488 -17396 -3752 -5787 -1774 -972 -220 -209 -297 -142 -330 -2 140 -13 -13 0 -1 0 2 1 -2 4 0 0 -1 0 3 0 -1 0 -1 -1 0 0 0 0 -1 -2 0 2 0 1 2 0 0 0 0 1583838187
-15604975 -15100313 21109859 4558299 -7869488 -7104989 -1821150 -142055 120163 -126151 -43277 -11855 -3958 -65562 -12869 -3269 -7992 -2952 -967 -622 -224 -178 109 -300 -3 76 -13 -9 1 -1 0 2 0 -1 2 -1 0 -1 0 -1 0 0 0 0 0 0 0 0 0 0 0 0 0 0 0 0 0 0 0 0 1583838187
-16084305 -15503521 21964273 5015239 -7855002 -7584435 -1828829 -142249 124994 -126361 -43349 -20246 -3969 -64723 -11252 -3871 5932 -3027 -1071 -683 -156 -191 -762 -205 -6 -19 -12 -4 4 0 0 1 -4 0 2 1 0 0 0 7 1 0 -5 -1 1 0 1 0 0 0 0 0 0 0 0 -1 0 0 0 0 1583838187
-16085422 -15504469 21966325 5014977 -7874315 -7586311 -1820981 -142236 125046 -126337 -43336 -20987 -3981 -65521 -11437 -3802 -7229 -3099 -976 -660 -221 -142 -25 -305 -3 -24 -12 -6 1 0 0 1 -1 0 1 0 0 0 0 0 0 0 1 0 0 0 1 0 0 0 0 0 0 0 0 0 0 0 0 0 1583838187
-15670133 -15142085 21200038 4643863 -7576720 -7149637 -1868067 -142187 128078 -126332 -43358 988 -3879 -56772 -12558 -3763 35533 -2460 -1280 -600 -12 -351 -2177 -360 -13 31 6 -7 0 0 0 1 -12 0 -2 19 0 0 -4 2 0 0 16 0 0 1 6 -6 5 -5 0 1 -2 0 3 0 0 -1 0 0 1583838187
22859683 17875377 -48634782 -32889788 -7457397 31230912 -1831304 -124418 163612 -110791 -38211 191318 -3001 -65269 -70807 30217 1805 11281 -709 208 -122 -3166 -643 -284 9 813 -21 -12 19 0 0 5 -4 -8 0 4 0 -1 -1 -4 23 -1 5 -2 -1 1 -1 1 2 0 0 0 0 0 0 -1 0 0 2 0 1583838187
-15939312 -15382366 21707053 4882288 -7637996 -7438543 -1905756 -142286 122586 -126519 -43446 -21547 -3866 -55972 -10765 -3742 122816 -4985 -1919 -1888 414 -477 -6935 135 -37 -5 -1 -2 1 0 -1 0 -21 0 11 32 0 0 -1 22 4 0 38 -5 -12 0 1 12 -9 8 -1 1 8 0 0 -12 0 0 0 1 1583838187
-16044498 -15472622 21897422 4991334 -7474251 -7544605 -1858690 -142251 120159 -126400 -43361 -27574 -3951 -55113 -11154 -3634 -4429 -3170 -997 -703 -213 -146 -164 -219 -4 -12 -14 -6 1 0 0 1 -3 0 0 3 0 0 0 -1 0 0 0 0 0 0 0 0 0 1 0 -1 0 0 0 0 0 0 0 0 1583838187
29038947 22740491 -59017548 -38328499 -657290 37589937 -2068994 -122601 -58117 -108749 -37523 412325 -2048 90911 -88332 33623 53751 2826 -1200 -221 47 5911 -2928 1232 -21 1750 -71 -40 22 -9 0 5 -37 -18 -12 31 0 -1 -4 -17 20 -3 -10 4 -7 0 3 4 -2 3 0 -3 -1 0 -2 4 0 -1 1 0 1583838187
-15906466 -15353601 21644605 4880975 -6813839 -7391595 -1261711 -141202 122429 -124680 -42468 -20962 -4225 -68943 -11626 -3561 888 -3079 -1044 -688 -178 -180 -571 -182 -5 -6 -13 -6 1 0 0 1 -7 0 -2 6 0 0 -1 2 0 0 -2 0 1 0 2 -1 0 0 0 0 0 0 1 -1 0 0 0 0 1583838187
-13643591 -13369182 17455721 2772166 -6862672 -5004107 -1587260 -141103 169014 -124930 -42776 186844 -3666 -56331 -24350 -4058 -7393 208 -873 -1446 -217 -351 -61 -222 -3 510 -23 -7 17 -1 0 3 -3 -5 1 1 0 -1 0 -6 21 1 0 0 0 1 0 0 0 0 0 0 0 0 0 0 0 0 0 0 1583838187
-14073778 -13752999 18242394 3573959 5101365 -5281772 3819311 -131708 150945 -109604 -34524 97130 -6157 -51629 -17613 -4497 8912 -1932 -1176 -520 -127 -339 -1583 110 -8 359 -22 -15 3 -2 0 2 -10 -4 -4 6 0 -1 3 0 2 -1 -12 5 3 0 0 0 0 0 0 0 0 0 0 0 0 0 0 0 1583838187
-15206702 -14757282 20372018 4407230 -1204464 -6597450 848654 -137169 117962 -118358 -39115 -13232 -5063 -47080 -12649 -2860 13799 -3027 -1177 -745 -119 -253 -1307 -325 -7 23 -11 -7 1 0 0 1 -7 0 -12 -2 -1 -1 6 1 0 0 -1 0 0 0 1 -1 0 1 0 -2 0 0 -1 0 0 0 0 0 1583838187
-15551236 -15027004 20955675 4613333 -5219181 -6955926 -705506 -140152 148584 -123033 -41605 48044 -4330 -61449 -10583 -7525 -6443 -1738 -994 -102 -211 -241 -345 17 -4 82 -22 -11 0 0 0 1 -5 0 0 1 0 0 0 1 0 1 0 0 1 0 2 0 0 0 1 0 0 0 0 1 0 0 0 0 1583838187
-13243753 -12868174 16417707 2456003 921900 -4447818 1971098 -134039 311463 -114608 -37225 50964 -5432 -54799 -19338 -1366 2826 -2765 -1101 -672 -163 -352 552 22 1 245 -24 -15 0 -1 0 2 -9 -3 -4 2 0 -1 3 0 0 -1 -3 3 0 0 1 0 0 -1 0 1 0 0 0 0 0 0 0 0 1583838187
-13371736 -13196426 17081390 2370985 -7863990 -4894703 -1818924 -140973 116476 -125218 -42961 -26188 -3950 -65922 -14353 -1276 -7376 -2568 -949 -905 -220 -310 -49 -308 -2 10 -12 -4 5 0 0 2 0 0 3 0 0 0 0 0 4 0 0 0 0 0 0 0 0 0 -1 0 1 0 0 1 0 0 0 0 1583838187
-10038661 -10432213 11216489 -862249 -7807858 -1645946 -1821678 -139429 48940 -123753 -42461 -84580 -3995 -64909 -15369 2184 -7680 -2671 -953 -634 -220 -529 -10 -296 -2 -62 -11 -5 1 0 0 2 0 0 1 0 0 0 0 0 0 1 1 0 0 -1 2 0 0 0 0 0 0 0 0 0 0 0 0 0 1583838187
-16021202 -14903219 20747321 5901887 -7915985 -7238009 -1824981 597083 119112 -126055 -43311 -30148 -3987 -65387 -11020 -3752 -6118 -6403 203441 7022 280 27 -591 -16 1 32 -6 66 -13 -1 0 0 -1 0 0 4 -116 0 -17 3 0 0 0 0 1 0 0 -1 0 0 0 0 0 0 0 0 0 0 0 0 1583838187
-16088422 -15500704 21953665 5127700 -4972262 -7538229 -637412 -140184 124531 -122968 -41523 -12067 -4463 -58300 -11205 -4031 -6925 -2262 -976 -505 -216 -191 6154 -258 -1 -45 -11 -3 5 0 0 1 -6 0 4 2 0 0 -1 1 2 0 0 0 0 0 0 0 0 0 0 0 0 0 0 0 0 0 0 0 1583838187
-16066588 -15485000 21924163 5024542 -7261057 -7556089 -1291229 -141371 124242 -124854 -42558 -12400 -4224 -77532 -11503 -3988 -8796 -2544 -965 -627 -220 -159 -77 133 -4 -23 -26 -5 3 0 0 1 -2 0 1 -1 0 -1 1 0 2 0 0 -1 0 0 0 0 0 0 1 0 0 0 0 0 0 0 0 0 1583838187
