-16086516 -15509069 21974929 5019427 -7887523 -7596239 -1822539 -142250 118052 -126335 -43338 -26321 -3996 -67181 -7958 -738 -9630 -3250 -967 -437 -230 -173 72 922 -10 -1 1825 -4 4 0 0 0 1 0 3 0 0 0 -1 3 1 0 -1 0 -3 0 0 0 0 0 0 0 0 0 0 0 0 -2 0 0 1583838658
-16082579 -15504887 21966259 5018880 -7892459 -7587617 -1819055 -142257 119496 -126330 -43334 -22027 -3988 -66534 -10201 -2343 -9656 -3420 -977 -268 -232 -143 82 37 -4 -10 788 1 6 8 0 5 -2 0 2 0 0 0 0 0 0 0 0 0 -1 0 0 0 0 0 0 0 0 0 0 0 0 0 0 0 1583838658
-16088184 -15510646 21978415 5017884 -7892214 -7597617 -1819033 -142235 119341 -126323 -43329 -28152 -3998 -66256 -9376 -2136 -9656 -3177 -964 -516 -232 -192 84 -101 -3 -21 385 -6 2 0 0 1 0 0 1 0 0 0 0 0 0 0 -1 0 0 0 0 0 0 0 0 0 0 0 0 0 0 0 0 0 1583838658
-16089165 -15501850 21955940 5136158 -4815802 -7541073 -2123647 -142524 120535 -127042 -43619 -29755 -3691 13653 -10895 -3569 -10373 -2977 -958 -621 -277 -116 57 -250 -2 -22 -3 0 0 0 0 1 0 0 0 0 0 0 0 0 0 0 0 0 1 0 1 0 0 0 0 1 0 0 0 0 0 0 0 0 1583838658
-16088503 -15507708 21966105 5157242 -3921157 -7529106 -2211825 -142561 119235 -127235 -43700 -27666 -3598 36939 -9656 -2070 -10592 -3214 -972 -279 -290 -208 72 -278 -2 -24 2 -6 2 0 0 1 3 0 -1 -3 0 0 -3 0 0 0 3 -1 0 0 3 0 0 -1 0 0 0 0 0 0 0 0 0 0 1583838658
-16089902 -15509711 21973364 5093088 -5746023 -7561368 -2031435 -142406 120548 -126816 -43528 -29419 -3783 -10220 -10448 -3285 -10157 -2926 -952 -743 -264 -232 72 -27 -3 -23 -15 -5 2 1 0 2 0 0 1 -1 0 -1 -1 0 0 0 0 1 0 0 1 -1 0 0 1 0 0 0 0 0 0 0 0 0 1583838658
-16090442 -15486905 21880975 6098004 22854935 -7066981 -4628546 -144407 118284 -132756 -45862 -19770 -1011 730202 45202 227 -17180 38382 1709 -52620 -682 2506 240 -271 12 -46 52 -18 -8 -14 0 -4 17 1 -18 -5 1 1 -9 -7 -2 1 -4 -6 1 1 0 0 0 0 0 0 0 0 0 0 0 0 0 0 1583838658
-16089870 -15496891 21933283 5410496 3038253 -7406212 -2819337 -142480 120296 -128618 -44227 -28536 -2934 217749 -10826 -3240 -12339 -2770 647 -519 -387 -67 343 -180 -1 -23 25 -2 1 0 0 1 11 0 -10 -2 2 0 -6 -5 -1 0 -2 -1 0 0 0 -1 0 0 0 0 1 0 0 0 0 0 0 0 1583838658
296 -224 16 -220 -170 476 -423 494 239 -501 -290 148 -581 -186 -712 -449 379 -818 172 28 -535 -93 -101 -68 97 -547 -735 135 -45 -132 80 83 -160 634 -70 -188 102 234 -183 -115 120 295 28 -247 567 -153 -229 -133 -147 125 309 -130 54 -132 -8 -27 414 108 70 240 -477 -126 -91 359 262 -282 52 -510 -304 51 165 54 488 -63 -262 -553 -120 710 -306 -97 175 94 39 -431 -300 -574 -91 -606 469 -18 111 253 -301 -14 -136 67 175 -277 80 -708 -451 328 -175 30 -759 -63 75 -166 -451 688 527 -180 373 -358 -376 -476 -350 114 121 241 -201 139 5 -618 -588 -146 298 160 86 67 -151 44 -37 -257 317 -401 -227 -494 -43 -12 -25 338 -133 -315 221 183 -81 318 -314 -104 -140 -234 -275 -31 174 328 -456 -207 -62 129 -160 -301 -230 -198 238 -204 -253 -273 -467 523 -151 234 -61 212 -98 70 -263 264 350 -184 -38 -54 -301 533 278 -97 392 -15 63 -139 144 555 186 393 -96 37 -200 -387 75 -448 68 294 -237 412 -126 -123 -278 -54 263 -60 91 -131 166 -310 -245 -211 82 -255 -284 29 -41 126 -116 187 249 -70 -634 24 253 117 -355 -717 -141 143 663 311 -44 74 -43 177 -190 508 69 215 263 -234 -114 -285 212 379 132 164 114 -272 356 -19 -86 -113 74 -113 -255 215 290 -80 185 -48 96 223 439 347 -184 -168 -254 325 20 -4 55 -79 10 -102 370 12 -45 498 60 -22 416 -31 -222 -458 7 -75 -447 100 31 -180 106 514 -87 9 -72 -979 -493 654 -481 160 -609 -156 446 310 508 -372 552 45 -526 -219 126 -140 404 -327 214 -284 -68 82 412 33 -556 -377 47 169 -84 -356 244 158 -349 186 -127 70 -250 -35 55 328 -91 5 -141 68 160 -64 -1 565 52 -229 43 264 -34 1 -420 325 156 54 376 530 -96 333 190 -262 -156 59 87 -3 -15 130 141 174 -23 -174 14 59 23 -340 -85 63 -100 -82 26 494 -386 114 557 79 -194 -199 76 -198 503 -126 283 338 54 32 -312 311 -204 -119 -651 367 -140 189 -21 -430 -260 -87 -7 118 -496 35 -44 -161 -403 150 89 596 -340 -209 -406 413 1583863281
-119 -502 354 -440 -149 197 326 134 -321 -145 515 -139 -597 -95 276 420 -703 -150 384 -333 -330 -405 -243 181 -465 -138 67 356 -582 -130 -376 -730 273 193 165 -64 306 68 280 156 163 140 92 422 -611 350 -275 -280 -333 -311 -581 360 487 -242 -367 265 -138 220 87 -137 574 -538 112 328 383 -525 13 708 -86 -258 -29 7 -256 80 -268 -63 623 -105 217 605 538 -97 318 414 174 262 -404 198 114 -219 -555 -386 39 495 -605 249 696 -606 -26 -161 -1 -57 -264 362 318 -335 -90 -9 -307 76 551 -157 328 529 392 -222 -221 424 301 156 540 174 316 -377 -508 471 -314 -119 -176 -476 491 -120 184 -35 -201 -102 425 233 118 276 -36 417 -187 -337 116 -653 121 -138 -182 -50 -190 170 -18 -257 127 -217 43 -183 68 240 147 639 171 -38 250 539 53 319 299 -461 -276 -113 -52 -299 -305 -86 -55 -22 92 -323 104 -333 39 91 391 345 -30 233 90 124 283 209 202 -293 229 -221 -350 -113 -386 394 361 16 -55 340 111 247 103 -13 172 -141 -6 -38 -183 -128 7 164 -504 258 -174 32 136 552 -621 -290 194 96 -483 250 -448 -109 -266 234 249 -343 -208 133 -29 -148 -48 -133 102 12 -143 -159 103 55 -79 219 -90 -112 -365 808 8 -313 244 479 393 198 422 93 -309 391 -301 -460 292 124 -298 247 423 329 84 -79 257 -124 439 -234 -185 77 151 116 181 163 -322 -479 574 -218 -84 -162 139 48 -180 -135 373 135 -62 -15 461 -226 -181 153 -545 382 606 67 207 155 -218 -339 -78 -460 -41 99 468 -391 87 526 -29 -540 -101 301 -437 -35 55 248 25 -31 -171 0 4 454 2 -344 -21 -396 155 468 -220 109 309 -264 476 -205 -71 -215 -58 -143 -319 -197 233 312 -6 59 -295 106 -258 191 362 7 358 87 331 348 167 137 -68 271 79 142 -121 -307 113 143 3 348 -78 -200 -224 42 620 -73 -19 106 -21 -283 -131 -196 -106 -51 117 -46 350 -99 2 202 137 4 91 281 -135 -5 94 62 221 65 286 106 -263 106 -30 312 299 146 -98 149 -53 213 167 -98 -165 393 -173 -126 -263 43 84 32 1583863281
-194 284 190 -226 -249 232 225 56 103 -276 7 -170 -133 502 -319 221 -549 -161 125 -281 206 -118 -315 21 -584 -62 -636 793 -223 -427 137 250 385 717 -153 -293 -57 -242 206 -123 295 220 824 -457 261 239 -501 -236 -359 -308 249 97 103 151 374 110 -465 236 -153 -183 -516 -96 -122 294 -17 232 -108 408 -188 -45 136 201 267 214 -52 101 -194 -182 157 -79 -91 27 -175 110 415 -121 -209 -459 -641 -27 -240 -637 596 -269 -506 -81 -65 -819 -71 178 -207 -32 -179 -73 316 -104 590 159 -141 -114 295 256 -24 -46 -105 492 -20 0 51 261 87 350 -126 -214 -156 683 -68 -3 -84 -85 -10 62 231 -266 -546 306 143 597 -300 -72 -404 -128 54 -274 -362 -112 -76 468 -490 724 -60 -232 496 510 179 -113 98 -531 308 164 508 -107 -589 161 -215 68 -225 104 44 -546 210 347 -20 -310 459 -192 -301 -57 19 925 126 -207 -50 87 45 -31 -324 92 -205 -342 -101 -47 -270 313 109 -5 107 -74 -475 102 -254 148 126 -379 530 30 -74 291 234 -10 -449 -145 17 509 -413 -67 -128 -426 -143 10 -384 -136 -402 -118 145 653 -111 132 -204 222 -82 -36 -222 -162 395 99 202 -55 669 -268 122 557 -772 343 905 209 -181 -407 -203 211 -286 -133 197 -341 291 44 239 181 -328 -180 -350 -49 -76 188 -365 65 347 -437 479 -361 153 -198 -375 -179 7 23 -116 618 48 293 128 49 -391 -50 273 313 298 81 342 -12 313 -112 -432 -349 -139 -17 308 84 -223 214 0 -348 -31 96 83 -217 -217 -71 155 -118 1 -163 -109 -112 452 -26 -184 264 269 -346 -464 56 -46 -44 -517 25 188 18 293 277 -259 78 -494 -2 -65 20 513 289 -18 140 324 -340 -192 281 -16 -84 47 -476 28 384 -720 -199 36 489 164 218 81 248 345 83 70 45 68 -4 75 -160 -174 -197 -202 166 180 603 176 426 -123 -210 3 -605 -24 -25 121 -15 -210 458 37 -50 91 69 -170 264 20 -155 313 55 -107 234 198 -532 268 -385 197 -567 394 113 340 49 -54 -161 -52 -504 -223 258 383 -328 -59 157 -181 66 213 140 -344 287 288 -252 507 -57 1583863281
-261 -111 -284 123 207 -44 99 295 -80 291 35 26 -80 442 340 -268 316 -280 33 -5 -85 68 -3 -229 278 -627 -91 574 -59 91 -131 57 -442 -585 668 -275 -580 -636 124 134 157 -235 315 35 182 -50 444 -141 597 114 771 63 -41 193 -508 -360 -112 216 -66 172 -336 151 26 -5 127 229 463 205 -201 -238 563 518 474 -188 381 -36 -246 -237 -303 -348 343 -463 147 -462 -385 -170 50 -241 122 28 -547 145 163 -321 -851 72 144 265 -489 -604 88 471 -213 168 286 287 -16 -84 223 -301 315 198 91 -11 549 238 265 -9 -217 -148 -296 -504 67 -417 84 760 37 106 -359 -61 365 -205 -596 -239 -145 -99 -92 528 133 -348 -314 496 -297 184 -198 94 420 -431 155 43 -472 13 -557 -310 196 -180 -260 -277 235 -13 -253 77 62 207 24 218 243 14 -536 139 -150 -164 -175 -111 -318 518 -164 -98 484 178 108 150 69 318 26 403 -161 -173 259 -195 -208 -266 -138 -377 -396 -507 600 -172 -63 -33 88 -192 -271 214 169 -478 330 -278 -85 154 -504 461 53 449 -645 -116 145 370 531 217 101 112 -348 163 -709 76 -421 556 -352 -381 -95 297 26 61 277 -172 459 266 275 -136 9 108 -202 182 -183 74 -124 18 -192 203 -91 -82 -525 -189 -132 468 -133 355 -339 259 92 -28 -112 298 -96 -212 117 291 116 137 -179 -187 -224 -50 631 -168 383 141 169 479 -550 -332 -406 -109 -173 -80 -90 -297 495 292 -259 -512 12 -57 354 -278 0 124 78 -225 266 -240 33 -191 137 -42 -21 -41 -292 317 82 692 -176 -84 -71 -175 26 -82 303 -18 178 328 -62 471 357 301 304 706 395 -387 -308 -233 -103 108 372 90 -367 -25 -194 -36 -270 299 77 -324 139 99 -39 19 -149 192 -304 -468 -119 -155 126 -3 255 -251 90 -779 -129 -114 391 -331 2 -96 347 -369 74 -250 351 39 219 -469 -207 9 490 -357 383 205 424 -335 231 -96 -99 -346 158 292 -286 95 -286 92 -56 -341 103 4 -110 361 431 -395 11 200 -298 -295 -184 237 -121 -117 289 -262 -2 261 -318 -155 -23 86 -93 38 -66 -385 31 165 -217 -134 314 -89 1583863281
115 355 459 58 227 43 181 470 253 143 -687 -154 -342 259 139 20 -533 -336 245 342 326 -193 -658 -244 328 -52 -192 90 56 47 614 -10 112 -203 -556 137 85 -560 144 -423 95 -201 477 -567 89 -504 233 -196 333 318 311 92 97 -159 580 281 65 -7 81 -175 -159 46 -138 -121 -246 241 -524 264 322 -290 281 588 52 24 -213 -267 430 348 -95 154 -34 816 183 151 -143 -354 32 26 -92 -139 761 470 -132 875 583 -45 -381 -521 -220 111 -66 -324 459 481 -422 -199 -98 52 -565 61 237 -88 -379 766 218 -90 -430 216 89 -172 -158 68 -367 -151 -125 -278 137 392 32 -157 319 -140 -269 -17 -143 -74 -525 -219 -222 -825 -321 129 -285 -112 209 -205 655 -91 -341 307 181 -647 62 -538 13 -98 -421 -265 6 -214 -530 218 510 87 -194 57 -8 -23 164 -174 41 300 -31 638 178 3 -175 168 -133 -10 141 -250 19 65 539 -528 -83 -688 -206 294 -520 39 -122 -322 317 420 -98 1 54 -110 230 46 -73 68 -88 4 -158 672 165 -282 293 -432 -173 377 57 -62 179 110 197 -281 -38 -254 573 -325 -3 13 44 19 -650 -255 335 122 -645 -17 94 -132 -113 35 -267 29 -488 -186 306 -353 430 -81 -161 105 375 -255 -107 104 -160 225 -135 -159 242 -94 -21 -233 11 -19 -176 -60 -135 -315 -101 -5 32 -447 104 -143 193 705 -333 116 -187 -64 -111 -13 -135 -248 61 -67 -64 -308 413 21 465 -526 -344 275 -89 54 139 -119 70 333 598 10 -295 -554 306 322 -233 -141 -199 -303 -361 183 388 359 200 -132 -683 120 133 86 168 -146 -219 -125 76 20 117 -278 368 -40 -233 -75 -40 558 130 70 -116 -108 -140 33 120 304 262 -2 116 -422 -126 17 162 -16 502 72 -119 157 9 -397 324 -169 -56 -456 178 169 301 -487 -133 -137 23 108 54 -45 38 -36 -265 333 24 235 1 293 -196 -239 -53 228 -146 -166 196 -181 -414 -65 57 56 -200 136 226 -285 -141 0 56 31 -199 239 406 -168 -26 106 62 426 293 -197 146 -168 -55 371 464 27 130 189 302 88 310 146 346 0 531 -369 -445 -232 135 136 1583863281
-47 -423 284 -549 -41 110 186 -124 -164 369 241 149 -257 -211 456 230 455 -212 -254 111 -303 77 181 466 -142 -146 -132 175 -675 772 117 -222 21 88 72 -82 669 -517 38 -160 302 583 -161 -85 60 386 -241 113 50 -259 7 -233 -148 -201 77 -525 213 15 -593 -418 78 -21 -680 -87 277 537 704 148 -183 87 -566 440 -76 -133 158 -123 877 150 -363 151 208 -49 -206 68 195 267 -573 111 206 392 -283 395 -511 -333 34 -58 -167 136 -353 96 -301 441 -55 -33 252 -117 -121 167 250 -75 -73 78 316 83 193 -58 130 381 107 663 -10 -33 -193 79 230 16 -59 280 622 343 -673 -387 46 -264 163 682 -273 -270 666 -427 -423 340 8 269 73 -126 134 82 -76 -70 -54 327 -490 149 -392 71 217 -93 296 828 171 -218 154 -158 231 -443 244 -183 -164 445 -124 155 -235 441 357 417 251 -334 32 -436 198 32 -543 -362 -279 -104 546 212 246 -214 -304 -188 216 -199 88 -94 640 -214 -408 565 297 -149 225 12 169 -116 325 14 268 49 223 46 -72 -194 64 -384 591 -572 138 336 174 273 -719 69 60 430 -132 163 -14 518 37 -405 325 239 12 -268 -533 -286 -63 -942 -101 -214 -170 217 -84 -129 4 -195 -507 65 160 56 -108 -426 -1 -102 -170 -117 -28 -200 868 -330 -193 -160 -59 54 -127 -282 -64 107 657 376 157 331 -536 -150 37 -279 -316 -187 -250 53 83 -127 -11 226 256 -97 -411 -437 244 -496 133 77 -515 123 -235 135 -48 -18 -107 -91 -169 -310 -231 -106 -125 -246 659 -223 -446 -115 -161 -128 105 -153 -122 -320 -360 -207 231 -96 -14 -617 355 -171 -332 94 -85 185 122 245 311 154 197 -58 63 513 191 -9 -280 73 33 88 502 -527 -431 -305 68 117 427 463 -185 -264 -60 426 -427 33 -417 -428 113 -127 362 -250 439 379 -367 201 147 -175 -44 -84 -481 -132 -432 33 -123 169 -349 17 3 -115 256 -126 241 206 -165 -272 -254 -107 436 -345 239 253 -159 -73 614 -133 -323 190 182 431 -37 -85 215 115 185 8 112 -20 -19 -89 -138 -212 -140 -75 -349 1 -119 85 -178 93 74 -27 245 -73 1583863281
81 424 537 78 21 8 -636 -233 -276 -265 -176 339 394 -306 246 -20 -734 -382 399 -97 354 74 -607 583 633 -190 -500 -149 421 -543 -62 -323 -568 -271 212 252 -573 34 -227 15 -366 430 70 -637 -265 -404 -400 311 -307 88 338 0 301 -364 -197 -206 -316 -429 -5 545 -170 286 -244 303 -312 -147 27 152 47 -768 -190 93 -141 58 105 48 84 262 330 -323 170 373 358 137 -236 753 -241 217 160 301 -10 450 -385 303 359 -136 -292 90 55 33 270 -118 -105 326 -258 150 -441 244 -117 163 -94 -104 466 -349 -214 62 142 -508 -138 -74 -132 -283 -651 -442 -309 109 -345 -298 -405 -253 48 -216 35 -157 -519 468 203 247 -479 105 -112 -177 -355 45 303 67 -484 101 146 573 -535 189 99 -129 -86 -247 -6 -15 225 71 -149 -74 -51 479 358 -393 128 126 445 -293 -137 94 -159 22 -8 306 -166 437 668 -563 -25 -106 74 -421 -439 226 79 -153 37 -559 115 -330 520 93 158 228 -187 78 -136 -546 -80 172 49 414 390 84 66 313 -222 -34 -767 -33 556 128 67 -343 485 92 96 -48 -621 567 -255 -932 -143 329 -130 329 -38 -406 176 41 -24 577 25 -111 -359 -613 -228 90 276 8 161 53 -119 -97 39 139 -147 301 -99 248 99 -247 -212 253 21 -128 -134 181 345 33 251 17 -304 -47 343 -59 -204 -6 -604 -438 92 245 -290 375 -329 558 32 547 284 534 -157 -94 262 -81 -40 -104 88 409 93 -250 -226 158 48 436 207 -68 42 -461 137 154 120 -9 12 -222 -299 -14 -23 -23 -519 -437 143 -259 -24 -15 3 -319 -49 -148 260 320 312 162 30 202 190 263 -436 213 284 321 -88 253 -224 167 -388 -281 165 339 -537 234 94 255 -129 229 305 -309 288 166 25 -161 220 -46 -173 -62 1 -186 258 -54 -189 -89 -79 -431 -131 394 122 145 349 401 -443 -193 -135 -64 163 -82 420 266 32 -345 209 -138 214 -328 190 311 24 -461 -31 226 124 -681 44 46 -167 -129 99 -129 -197 388 -297 338 19 210 173 -77 122 160 16 -275 -190 64 216 266 53 -359 60 -405 -39 255 -149 28 242 -211 -312 486 1583863281
594 134 193 14 -125 197 -240 742 478 -377 103 395 154 -706 6 230 -238 160 203 99 647 -623 -350 -105 223 -274 -163 123 164 163 -153 263 -85 -355 370 -620 -295 -154 -510 291 -36 -205 -375 145 113 269 207 -58 962 147 317 -295 -228 115 -9 -265 214 -233 -143 -133 -18 -65 -322 74 215 -630 -513 -21 -268 180 -20 240 -22 177 89 -416 398 79 554 236 55 -541 207 771 -16 -317 207 -40 -254 384 29 114 -85 -4 -514 140 -267 -454 89 40 -99 393 -146 314 -326 -235 -395 14 -757 55 -99 -83 373 33 -536 13 -91 -234 445 415 356 202 275 135 6 -12 280 481 221 -95 88 94 -402 88 -569 -169 -340 575 -161 -386 86 -66 -102 161 438 166 48 419 -265 -207 384 258 91 -507 -263 208 395 -279 211 99 346 -80 385 -371 109 -417 248 -203 -98 111 -250 -330 -108 -358 -221 320 -170 294 459 -99 -767 818 125 -352 17 95 -366 -76 258 4 17 450 591 -164 32 -130 153 347 -543 352 103 -60 104 -304 -73 13 -286 123 3 157 -87 94 -39 -78 -345 -38 10 532 -280 -108 -115 -97 81 -335 -240 226 0 -142 64 236 148 -41 367 17 28 52 -204 323 -159 109 264 8 180 76 130 24 -84 -132 396 333 392 -342 -10 72 12 -55 122 93 -310 303 -312 -136 421 -105 21 106 -302 44 196 -105 -349 188 304 -590 585 -94 -337 -424 536 867 231 -183 -375 -422 -96 104 -184 -253 33 -141 -311 67 118 108 18 259 235 -84 -278 -69 -58 -111 -81 -22 -301 333 -70 170 100 337 18 -302 -126 -147 -364 765 -7 -104 43 86 340 108 -77 168 -137 400 407 -30 49 -146 -266 487 -140 3 -152 166 -87 37 -412 93 336 -228 321 359 451 -52 233 298 322 311 -324 -243 -91 -238 100 -12 -41 187 5 278 -346 321 48 -21 60 -16 -141 -83 -176 -81 93 -49 3 -409 485 -93 -286 -176 -303 -384 510 164 82 254 -176 -297 -440 -89 30 352 -304 249 23 332 102 19 -160 80 -415 -200 -38 -204 -54 201 63 396 465 -387 -39 -242 124 -242 240 297 21 102 215 264 -173 53 285 -1 -316 -20 -280 -88 1583863281
