-16089250 -15506970 21971228 5024439 -7883079 -7595648 -1820173 -142271 120638 -117398 -43322 -30224 -3999 -65813 -10918 -3695 -9660 -3069 -963 -639 1325 -135 84 -216 -3 -24 113 -4 1 0 0 1 1 0 0 0 0 0 0 0 0 0 1 -1 0 0 0 0 0 0 0 0 0 0 0 0 0 0 0 0 1583838658
-16091029 -15488434 21895081 5869403 16170904 -7180583 -4023903 -143960 119899 -131373 -45311 -26509 -1655 557781 -10712 -2692 -15576 -2359 -947 -511 -579 11 532 338 -3 -21 23 -4 1 0 0 2 24 0 -16 -9 1 0 -8 -9 -2 0 2 -2 -2 0 1 -1 0 0 0 0 1 0 0 0 0 0 0 0 1583838658
-16089905 -15505970 21961550 5188155 -3111698 -7514901 -2256274 -142577 120483 -127271 -43721 -29490 -3535 57849 -10878 -3497 -10837 -2929 -960 -614 1036 -106 146 -58 -3 -24 -10 -2 1 0 0 1 2 0 -1 -2 0 0 -3 -2 0 0 0 1 -1 0 0 0 0 0 0 0 0 0 0 0 0 0 0 0 1583838658
-16087658 -15483199 21912178 5289843 -1093057 -7467445 -2510010 -143033 120478 -77819 -43955 -29172 -3311 107859 -10849 -3408 -4829 -3016 -1033 -688 8566 -110 379 10073 -54 -15 24 -9 2 2 -2 4 134 -1 -72 17 2 0 -8 2 2 0 22 46 13 -2 -10 -3 2 5 -1 -2 19 -2 -2 0 0 3 0 0 1583838658
-16089424 -15506099 21966745 5083365 -6187236 -7566639 -1982260 -142385 120576 -125500 -43482 -29958 -3827 -22059 -10884 -3611 351 -3229 -1057 -759 8571 -147 -492 1068 -11 -23 -23 -4 1 0 0 1 0 0 -1 1 0 0 0 4 1 0 2 13 0 0 -4 0 0 -1 -1 0 2 0 0 -1 0 0 0 0 1583838658
-16101784 -15381560 21446343 10944499 160840072 -4686791 -17251806 -154145 115086 -161639 -57262 -2834 12331 4270742 -6869 4310 -45225 2878 -858 -1319 -2606 624 -1396 9062 -32 24 -45 -7 3 5 -1 2 43 0 -11 -24 6 0 -42 -19 -2 1 8 51 -29 -6 -8 5 -2 10 -10 6 -16 4 8 12 0 -5 -3 -4 1583838658
-16090779 -15493682 21914109 5683821 10938022 -7271602 -3540698 -143577 120058 -130264 -44877 -27326 -2170 420883 -10757 -2913 -14296 -2515 -951 -540 -503 -19 36 533 -4 -21 -4 -4 1 0 0 1 6 0 -1 -3 0 0 -6 -3 0 0 0 7 -5 0 0 0 0 0 0 1 -1 0 1 0 0 0 0 0 1583838658
-16090436 -15479044 21871398 5981615 19069309 -7126332 -4290064 -144215 119816 -126560 -45581 -26149 -1410 618326 -10685 -2590 -10909 -2416 -1020 -585 12714 17 -464 2169 -13 -13 -20 1 0 0 0 1 3 0 0 -5 2 1 -17 2 0 0 3 9 -1 0 2 -5 4 6 1 1 1 0 4 1 0 0 1 3 1583838658
-16089252 -15504468 21963325 5088124 -6117120 -7564503 -1981139 -142386 120575 -126239 -43476 -29957 -3829 -20416 -10905 -3623 -10130 -3032 -980 -644 8875 -123 75 -30 -3 -23 -15 -1 0 0 0 1 0 0 1 -1 0 0 -1 0 0 0 0 1 0 0 1 -1 0 0 1 0 0 0 0 0 0 0 0 0 1583838658
-16092826 -15464420 21803400 6602932 35974876 -6851695 22571844 -100609 123048 -57354 -6616 -22213 -15058 -273904 -8946 -3167 -54459 -2513 -1081 -227 -280 57 -1140 2905 -4 -22 478 -6 4 0 0 3 46 -1 4 9 0 0 -4 -10 -3 1 6 0 6 1 7 0 0 2 5 -2 -1 0 2 6 0 0 0 -1 1583838658
-16089651 -15498039 21940123 5278660 -930634 -7477292 2072562 -135628 120415 -115330 -35164 -30243 -5766 -99066 -10559 -3586 -16814 -3020 -979 -582 -241 -101 -241 -104 -1 -17 322 4 0 0 0 2 11 0 2 1 0 -1 1 -3 0 0 1 0 1 0 2 0 0 0 0 0 0 0 0 0 0 0 0 0 1583838658
-129 347 109 -289 -325 185 -746 28 221 338 -204 23 -216 -320 -350 241 -201 -680 -160 -730 358 59 620 147 578 -106 -358 -291 -311 -480 46 -261 419 54 -489 -45 -404 -142 -56 -276 -157 322 -187 -37 455 -541 -375 -537 125 -158 185 723 177 271 -115 119 -224 89 302 412 209 -79 358 -233 -340 -433 94 318 417 -157 70 121 258 383 43 170 -336 12 12 -151 73 134 382 -473 -651 216 178 270 72 -153 -719 -12 -403 -187 -231 -179 -104 562 -54 27 -68 66 63 -574 130 -375 255 201 361 -568 440 19 37 -2 78 -226 -352 354 -639 -257 96 -482 -75 -24 -20 241 260 -20 171 -183 289 137 -69 -146 -237 -171 622 66 383 285 -251 77 204 105 205 34 375 309 281 -1003 631 82 -313 208 -30 -15 506 -164 11 -381 -136 318 -336 -607 -213 103 391 594 80 49 46 21 274 921 -45 6 145 -168 -147 132 42 403 235 -75 650 573 248 -447 165 120 -108 261 468 -135 210 -376 140 156 123 159 -304 -139 50 13 820 -182 390 362 -3 -220 -124 -218 204 -456 -236 113 448 483 184 -15 569 29 217 106 -176 185 58 -330 -610 51 15 594 429 46 444 -106 15 21 -53 42 163 -88 -286 608 -200 -288 -172 -87 -71 -76 420 356 -261 178 213 -3 42 -128 57 351 -269 -135 166 -137 539 -203 122 -108 190 70 -42 308 -74 228 -488 -12 387 -34 -37 269 -33 107 276 121 51 -233 -413 -182 273 -60 391 -366 63 282 208 -291 -139 -136 -99 -370 250 -245 -151 396 -47 -36 75 -28 249 -228 -147 -429 164 196 516 173 285 110 315 -212 259 177 -232 52 -218 307 27 -478 -233 -79 -78 -318 -334 -29 -421 -129 170 182 -288 599 41 39 281 -264 12 170 -282 652 -236 -506 313 195 117 224 79 -49 0 -287 -118 21 157 11 -34 390 -250 -83 -60 -305 -79 285 207 225 130 -134 -244 -29 -329 -370 -22 -4 -205 -274 -153 -128 321 -12 128 101 395 -369 250 -9 53 -25 183 138 -273 -324 262 -47 51 256 -17 270 97 290 252 -53 -1 -311 176 -243 -428 139 -337 10 119 46 -106 583 -430 256 -1 128 27 -20 1583863281
335 101 -321 191 -309 -170 -148 305 -723 227 -46 -408 -40 608 -47 83 -44 -501 -58 697 312 -187 -273 -91 -657 -97 -214 204 -154 -362 44 -137 -603 -244 -327 -63 -505 359 372 -55 -264 37 283 -710 66 -206 -354 -583 -85 454 -495 265 -290 -261 -182 -193 -144 73 -363 -370 51 -96 -293 259 -428 13 227 136 4 587 -247 -152 -306 -50 371 272 44 429 -244 204 -110 100 -156 -79 576 -13 261 454 161 -451 -104 63 -288 286 -140 93 25 -356 -305 320 -236 -156 185 491 -506 436 458 -540 -8 -228 -159 609 171 -352 -520 61 -38 -42 611 -169 272 464 455 87 77 -625 -541 -387 -206 354 -188 70 -165 217 -322 24 277 208 31 568 505 114 446 -458 -436 -23 238 385 -59 -334 -423 -44 283 228 96 54 148 25 254 532 303 189 -347 92 -14 96 -235 614 -267 -653 600 -22 13 292 306 -21 -172 -797 98 675 153 -143 -385 374 239 238 -70 -55 38 -23 87 538 90 -226 -35 -84 582 398 -254 -396 -323 -68 199 -18 -106 82 -53 175 -67 -176 -142 -311 -164 307 -213 226 -371 153 184 -179 -159 -163 -283 381 121 -616 368 334 179 474 -221 -686 -436 -342 -161 36 -147 316 -359 -446 -246 -146 -517 -388 411 276 -228 -414 236 -314 -271 -447 232 -10 450 118 -193 446 37 227 139 -25 -98 697 -125 394 -135 124 -460 508 -38 120 128 349 -70 -710 278 290 -434 325 69 -369 83 333 312 214 -126 -506 -92 181 -101 -40 -419 4 82 -196 -408 56 -85 -75 -74 102 -155 -278 283 89 146 76 -19 -401 -97 -24 107 -392 167 80 -382 -8 80 -434 508 328 -223 -392 153 -338 91 133 2 -63 55 -505 -255 -271 162 -232 84 -174 -56 -76 -288 375 264 192 -19 91 -225 449 -15 22 -215 62 33 -99 273 117 -223 180 272 11 130 40 -363 454 -41 -471 485 480 184 249 -381 -112 -150 126 -330 131 272 224 57 187 -209 -274 88 -102 135 -66 -7 168 245 -160 -224 353 -103 5 -318 -138 -106 113 -176 -77 168 238 -177 316 200 364 -32 20 338 -30 -308 150 -263 20 -60 379 209 -177 131 128 178 -161 397 -128 -196 -340 1583863281
-92 -442 333 428 -422 -46 -483 -342 778 207 37 284 -46 771 -322 171 191 -393 167 -97 532 34 626 -23 185 103 -12 -376 -546 512 425 124 105 -442 242 80 3 -380 -230 -425 -552 -270 -59 208 -558 67 95 0 298 59 44 -55 -10 -419 197 205 193 -76 253 -115 -216 -268 -760 -214 206 -124 -516 -273 -100 487 -399 465 -184 -364 545 -497 -356 -500 299 -19 -301 200 -174 -130 281 -131 579 -385 -636 264 382 229 -34 361 200 196 -30 258 306 136 -115 218 -532 -42 -34 -358 -199 194 -246 -39 412 -419 -111 -502 189 -218 -132 83 -148 -168 -158 190 -192 -67 339 -91 249 -307 68 -587 -343 51 -113 90 -49 -121 -831 -369 -275 272 481 171 -37 48 239 -18 320 91 -477 141 154 -245 -77 -379 -172 532 -84 -297 -9 -300 -37 179 -229 -310 454 224 -7 -315 303 -800 -640 202 -368 10 -748 141 83 -9 -727 -248 -274 9 301 220 153 126 -201 -359 15 387 -19 -100 -99 66 224 -68 90 -155 -158 100 2 -106 147 457 318 187 -640 -243 -235 -486 17 148 -42 -28 151 -120 420 -159 398 126 87 153 201 -250 -352 -281 591 237 219 -88 -296 -587 -226 262 -176 -670 -185 101 -138 22 -154 -403 92 -176 199 204 343 319 248 5 -195 344 -217 -107 -348 14 -134 -122 320 200 -616 78 -16 -312 402 -55 349 -111 -193 64 684 -294 -29 291 -380 204 -352 -8 37 216 -143 -558 382 -54 -86 21 342 680 256 -270 257 287 104 -94 -295 -233 -261 -488 163 232 -143 391 -49 215 -463 -386 -580 202 -167 188 201 -205 -282 -234 240 -78 24 406 -240 -588 -179 157 336 -20 -45 -116 -64 7 155 -209 -64 -340 169 146 202 18 128 343 481 164 631 267 -378 -180 485 162 1 104 -295 -76 -91 -45 393 154 513 472 -28 -259 -639 188 265 39 208 -130 155 226 -483 -283 -80 19 -542 232 51 -193 -333 -57 -53 -335 223 -87 304 271 -100 193 397 248 -226 -256 -3 380 190 -182 -433 -147 -312 234 -119 146 -28 25 140 -120 -426 67 -179 -308 -301 17 21 -492 -3 14 63 -9 -300 -191 32 -317 -71 -88 53 133 -211 -464 337 -210 1583863281
-9 -345 489 -8 469 76 35 594 406 -415 -177 586 -126 -106 388 -809 -379 -45 163 -682 -30 -291 174 -29 197 -80 465 -41 -336 272 69 -527 219 -22 260 151 387 -307 -448 132 381 -1 -35 -397 -155 -125 158 72 140 75 -185 97 60 13 -66 131 -343 449 -480 -59 -269 501 11 -28 314 557 -158 -469 11 539 391 191 114 -96 -258 -220 8 219 508 -239 94 394 616 246 -411 -290 520 -503 47 -14 -93 -331 374 -224 -501 28 -735 264 -670 -430 -244 343 -52 382 154 713 -194 -309 656 -152 193 -293 590 94 -393 -598 416 360 178 45 -277 248 95 151 208 -271 245 317 351 338 -99 30 -20 -501 375 -93 -221 -334 192 -334 -231 -220 -410 -27 165 177 -31 376 19 11 -155 -100 -356 -458 302 -348 183 234 -327 323 -97 -300 421 137 738 590 77 -80 -300 -204 -73 206 -112 448 -93 -503 391 -240 175 -91 -47 -52 -428 -401 -117 86 167 15 643 85 115 178 158 45 219 225 40 -192 170 -91 124 281 299 297 110 519 256 -51 -23 -388 -152 205 65 -251 -402 255 606 76 204 159 23 370 -531 708 39 242 -339 688 -213 -54 -82 734 -236 88 254 -49 339 -555 -74 151 -333 -16 327 209 -171 360 245 246 -259 -580 -443 444 -102 256 236 -412 345 -153 254 -169 -395 -196 55 263 -162 168 18 141 66 177 285 -355 -402 158 346 237 404 -428 -488 170 110 -412 -394 133 -530 -343 221 -279 -30 130 10 183 -215 -234 319 -60 179 376 144 -91 136 -323 -27 55 189 168 103 327 -473 5 170 246 -151 -184 58 -187 224 -163 41 -426 64 -283 159 -251 123 -80 44 364 -5 -362 111 -40 286 192 31 30 -284 54 8 25 307 -81 -21 -190 55 -238 355 -295 88 -104 -322 67 8 435 271 133 94 35 -129 145 466 160 -225 -252 257 -167 -126 -47 -245 -513 -194 -320 88 -24 -7 35 -17 -584 -20 17 403 -464 -129 -138 76 64 241 116 63 -174 -91 -313 158 295 -49 108 153 -194 252 628 -232 -128 420 -90 293 370 -198 -14 -25 80 -107 -191 109 -282 -54 -6 23 227 -406 -261 2 82 517 -59 -155 -67 1583863281
477 502 -570 -113 270 357 92 -190 209 -216 -133 57 -480 -90 595 -164 -275 65 -656 -558 -191 454 -197 261 216 106 -305 369 -87 -381 -67 172 -330 31 -383 -81 -698 -332 410 1 -162 22 511 -663 -489 280 -106 326 -163 -161 54 -133 700 -306 -245 67 -692 -222 -53 313 -419 152 451 30 -149 86 -363 -12 -256 -42 15 499 210 292 202 -270 239 -64 283 -10 363 -313 120 128 727 599 523 -72 -494 58 663 -279 -157 -82 52 -696 -74 -132 -373 35 286 -202 678 331 -30 432 -395 189 349 56 186 272 -845 -83 -6 164 377 -313 -617 -25 39 -147 241 149 216 -198 -80 18 -118 -412 298 310 -31 316 -42 263 -290 115 135 382 342 -279 125 -24 201 -740 191 -10 126 -97 286 -846 190 -301 209 223 226 249 -43 -292 -533 -151 220 -246 -297 244 271 406 67 15 94 151 -132 203 -289 104 142 -118 303 -69 -259 536 10 232 451 139 15 113 55 297 -46 -2 386 -94 54 213 45 -186 162 385 -161 114 -165 -232 -331 -316 148 323 -703 -444 166 128 -252 -329 -290 427 -483 300 289 -90 240 -314 -282 82 23 111 -1 21 170 672 -242 -548 119 425 -103 -50 -268 -225 -330 -162 -279 -535 20 147 -400 -337 -116 309 -452 451 -316 207 398 120 98 -45 429 459 251 -26 170 148 -478 -168 -337 -193 21 -5 -388 -184 156 -292 123 -28 -223 -306 -87 -131 -287 125 378 245 -256 -99 227 432 -518 -18 295 -277 -10 137 430 15 -118 -360 335 232 23 -180 228 -343 -354 292 516 108 -219 430 -64 -180 -235 175 -89 -423 17 -43 -251 -82 539 -302 -134 -269 525 -187 -244 146 -194 -376 -70 296 -797 200 -344 -179 224 -46 -148 18 98 197 -96 12 -7 -336 -173 486 361 344 43 -395 363 117 56 431 173 -703 169 363 405 153 449 65 25 85 -88 -340 122 -100 -260 219 -429 1 251 -101 46 -374 14 43 133 -109 70 -199 69 -176 311 302 -248 -225 39 -287 307 -82 482 3 -70 215 54 61 -215 65 -78 -87 -151 412 -212 -2 -383 46 -139 -113 -43 104 237 -150 183 219 64 454 256 -494 142 -128 -202 50 105 -81 1583863281
207 -488 -361 29 -284 -206 290 134 -158 -46 273 546 -304 253 -172 648 -111 -345 -68 -530 -218 -565 -213 460 -16 -48 -32 424 -67 -5 392 -45 -65 -443 -265 481 -125 -135 -203 -234 80 -226 -137 -302 41 102 393 -191 -208 -178 541 -175 -42 72 -325 313 201 112 -218 -229 327 -155 218 -78 35 -207 -519 -470 -250 -305 697 384 11 -106 -612 -39 -399 324 -419 -331 234 185 -132 177 -409 70 432 529 45 313 -148 -314 47 420 -41 70 173 -99 386 -799 -98 335 265 -218 -639 596 -77 97 -345 -344 279 387 36 141 -291 259 -188 -321 -197 405 627 418 310 -129 -221 -13 420 233 -531 -12 -479 -261 49 -44 44 -65 -172 303 -199 102 -89 72 -99 228 327 126 59 -439 260 178 239 91 68 510 403 -564 535 -132 -311 405 -914 -333 66 461 -155 402 -198 189 -1 110 -599 -286 -540 -35 355 278 26 272 86 26 -237 110 1 -180 183 -170 -252 364 -13 -262 -206 152 247 22 277 478 333 -67 180 -409 -40 -204 -339 -98 -110 -340 -179 217 287 73 -50 353 -283 360 562 -136 -328 -177 190 85 161 49 -131 -385 -140 69 33 -260 -153 174 -118 -204 -121 -293 297 3 259 163 265 -469 -22 386 -29 383 315 253 58 77 76 -414 84 -88 58 427 103 339 147 59 239 -66 -63 -99 -475 322 -180 607 -223 17 -222 -218 -99 -159 -250 -85 131 -35 316 233 282 -153 -288 99 -78 79 -367 -221 434 -14 326 -256 -7 -31 103 -14 193 188 58 -12 69 -359 281 -278 -175 138 203 66 304 -14 135 -95 -370 6 446 98 -6 284 111 29 91 101 108 -65 24 -595 -407 -250 23 306 -197 -64 -333 253 108 -226 -352 -162 -112 195 -274 -214 401 577 -358 -105 317 374 21 -186 264 -160 508 43 -220 -119 395 -221 -43 252 322 179 -153 -29 -224 454 -122 -344 331 148 421 490 242 83 370 -274 161 40 -377 -427 -334 -275 -566 32 200 -97 271 -282 -306 -114 142 7 251 -280 180 230 -344 -127 189 -103 405 335 93 106 -451 -220 3 66 -124 48 410 -407 104 124 177 -265 133 -410 318 -166 -181 -325 -317 68 -164 40 -32 214 1583863281
274 -86 -106 780 -478 -78 665 125 -492 296 -1157 -161 -67 78 446 219 -324 -177 -201 69 -38 -9 -231 -78 -159 25 -363 -624 -244 -104 -275 502 314 253 -162 92 203 25 1051 -40 19 -474 -118 295 333 -87 -98 101 219 324 662 81 -270 28 77 -203 277 -556 290 -342 81 -136 0 165 95 355 -291 -89 -342 -327 -554 21 -179 -504 -187 146 415 396 -451 -601 -276 -277 -554 -332 -803 687 -258 -34 -187 150 452 437 306 332 -128 -115 -43 362 -529 467 -34 -224 -54 101 48 -40 -8 -123 463 611 -217 428 371 310 399 -49 302 -95 133 46 -464 -77 373 318 -162 -205 67 -30 -18 411 338 282 -203 -14 -40 108 213 350 -97 362 16 13 431 366 -70 -68 520 -424 149 -10 -375 285 370 -525 -244 -456 179 -167 37 162 -242 379 343 74 -21 185 791 414 -341 148 443 0 -449 -287 226 -779 -414 419 -214 -121 -129 416 356 111 -213 69 114 262 -159 -196 73 311 -62 -205 -267 -671 -55 -2 -81 527 155 8 -319 -360 -503 -36 90 -566 -334 261 551 175 385 277 -450 -519 -169 260 -30 -60 217 -314 111 30 532 283 600 -167 146 -305 -315 -104 -107 216 -172 275 -113 10 341 482 -336 -79 104 203 17 -110 -235 -103 112 -431 27 -83 101 -180 95 318 -643 -167 -219 23 -216 -201 -331 -64 27 423 -335 -198 -263 381 13 -356 306 -32 347 -125 220 31 100 68 197 351 -113 461 -170 -330 -323 -92 -129 -195 97 23 -64 -21 -473 -268 -441 -99 29 -451 -469 -267 -137 -60 132 515 180 292 28 -98 -267 156 -173 203 326 6 -234 -179 319 -238 237 -98 -168 56 -118 296 -137 284 -149 -2 -158 188 -170 33 -73 -114 400 252 176 810 -49 -107 16 185 -140 82 237 33 -303 106 -158 35 86 -121 -44 -120 0 -520 -8 390 124 -64 73 122 -126 415 102 -116 -41 -362 151 -84 225 193 364 153 112 -331 277 229 230 -92 363 286 99 305 -199 208 -266 307 221 -594 -208 -82 366 176 201 7 -132 -20 119 67 212 9 -13 239 -25 -65 107 370 131 -37 18 228 -46 339 -160 -123 -110 -161 -151 169 -115 264 352 291 1583863281
-158 -12 130 174 206 467 57 -304 415 -422 99 -168 890 -23 -167 -169 451 682 448 -3 624 246 331 265 -18 -98 144 0 -187 267 384 344 -122 336 4 -343 936 603 -91 -625 498 97 338 -425 -585 -133 -30 398 354 -250 -80 -118 408 -82 -41 -34 -146 271 -495 -838 -278 3 -428 163 579 -556 136 112 138 393 -240 -138 245 28 255 -492 114 -203 -220 -223 389 109 661 -230 491 248 166 720 -139 -293 -154 -38 -43 -18 553 -287 6 -275 -256 -509 192 -207 388 -42 535 -414 -24 -477 456 359 109 -106 -30 -47 210 -115 -263 -126 -772 -583 -116 78 -147 763 203 -94 263 -66 -299 -103 -335 -200 204 10 -224 -12 452 161 -249 -459 127 380 -136 -55 385 351 319 -211 509 -231 -70 -463 489 -231 -354 -257 -117 -72 -134 -64 244 173 51 295 54 -500 114 -35 -193 415 72 135 80 -349 -81 41 553 312 -251 117 296 389 270 -279 569 -70 -320 37 -21 129 -357 -575 -293 20 -348 141 -206 -218 -306 60 141 -315 -166 472 -388 -59 -414 -15 92 349 -222 -127 119 -267 189 312 -307 100 -498 52 -136 -229 305 224 -287 -433 54 -133 -297 -260 320 -255 368 73 -407 146 404 -67 -255 21 -216 -609 152 229 -265 14 98 -163 -638 -407 -279 37 104 -27 438 58 607 -78 -24 -319 152 137 139 -15 7 -21 -108 -96 -538 -277 37 -122 532 -4 27 -38 -184 136 34 -25 -98 -132 -449 266 8 -1 -253 92 -349 -61 52 -68 -441 74 107 -373 20 -303 -205 23 202 -162 110 252 -235 -77 -209 -241 201 35 296 145 -45 -289 487 140 273 132 1 95 -212 42 271 608 20 -419 263 13 83 -477 120 329 -632 -93 -266 -266 92 -377 -117 129 -83 146 185 -274 125 224 -115 46 -197 -2 -108 -282 -16 -74 203 285 -124 -622 -580 -209 -21 -316 140 180 -62 118 361 2 -336 -371 -108 -347 434 -151 -25 573 95 12 107 -59 169 -95 265 112 -58 230 219 88 -330 -131 276 322 -7 -319 -26 -91 220 -291 214 -167 12 61 -487 322 -189 -232 199 148 36 201 -75 221 23 -46 -389 91 18 55 203 122 -45 33 -92 -7 -335 -129 1583863281
-99 32 399 141 151 -47 -141 -125 -190 -311 231 -31 -345 626 -285 242 -191 91 -366 -31 -323 275 -2 381 -324 -82 -37 388 360 219 45 0 -168 111 120 452 139 746 56 692 -51 704 -121 -593 373 -442 -610 -235 -515 292 312 -258 108 -616 -190 -705 29 122 -115 37 -345 375 255 -19 217 580 188 -533 126 717 -131 25 47 -227 -332 -338 -66 -188 -144 701 0 9 -58 133 -460 -206 400 -158 -208 95 683 -313 -226 58 714 61 -298 -202 18 150 477 345 -530 88 370 -255 38 28 -223 812 -259 -311 -180 -6 29 187 100 -130 -433 149 -462 243 -699 146 310 -201 -121 -324 111 -216 -93 -593 341 -367 137 -595 -221 -60 451 147 -22 -48 -310 254 787 -132 -166 154 357 608 -589 302 -112 457 10 564 207 -209 147 726 -90 496 -14 -172 -310 -262 57 183 -360 204 92 282 119 -161 11 281 -344 0 40 -503 -54 29 115 159 224 258 -154 -1 -53 -77 -204 -86 92 -48 58 -316 -121 204 108 202 303 -361 -418 -370 4 -64 -57 -76 -16 36 -21 -499 -34 498 -189 -107 363 -158 132 406 -367 85 371 435 138 -146 -234 -73 -139 214 -238 479 585 -133 259 301 -179 -257 59 -858 154 260 27 -69 -563 252 546 -254 78 -378 -314 -209 -301 -94 133 259 -286 -115 62 -391 -299 -137 -132 509 -173 -58 497 -226 -11 -195 -218 -456 24 -268 211 -223 107 85 125 -59 135 79 99 67 -295 -5 -213 80 -120 237 -161 140 8 -27 98 -42 -385 328 127 494 -159 591 -623 164 -233 -619 654 397 -280 -206 -644 -115 -111 229 -415 126 -63 520 121 -189 -72 322 -126 321 -279 139 -106 293 278 191 224 -213 -155 87 -48 314 -141 -305 247 -144 -14 367 331 107 -261 -201 62 260 332 317 291 237 467 64 -442 -227 16 -167 -50 159 193 -327 483 -24 185 310 -205 430 83 -6 183 286 333 28 161 417 -360 -383 408 486 50 -223 253 -305 -78 187 533 -497 190 -321 380 -138 190 195 -27 163 -672 439 142 -177 134 -263 -339 252 186 218 -49 16 -53 -419 -227 350 34 192 -278 122 -41 -85 19 70 285 -92 123 121 -20 79 1583863281
-244 -12 -284 -125 1 389 641 -569 102 -379 80 739 -47 427 246 374 177 -404 291 -839 -390 -9 -158 -92 110 -39 54 474 495 285 200 119 132 1130 -369 -151 383 -662 150 -130 585 -637 434 -191 -324 402 179 36 272 -185 162 265 774 171 -32 -59 -473 -283 244 -147 280 -392 1 392 37 427 -124 -408 -226 3 -58 60 -194 197 115 202 -463 -99 97 517 -367 218 454 -235 357 277 -273 -324 111 -159 323 94 -176 466 550 205 45 38 141 669 401 -11 -12 42 -299 -255 -277 -358 -203 -233 -538 -250 -116 -287 258 -198 -533 248 372 230 397 -485 -50 -46 145 -532 267 685 133 349 258 -358 475 -256 1118 -83 272 -43 -58 234 356 45 -44 -46 -358 -72 -35 -27 -320 80 -316 -30 217 50 -131 209 19 -50 -28 -112 226 353 4 -243 180 98 -102 799 141 -364 180 3 -512 -234 -82 51 92 -276 157 -195 17 36 -416 240 -236 -492 39 -402 -31 49 -29 -439 -1 -306 52 -5 234 633 649 -67 320 210 -438 -285 -408 -85 67 200 -26 283 128 246 -28 -115 -533 109 231 19 -42 -347 124 -272 -213 99 -423 -326 -690 103 -156 125 -789 -29 -261 279 523 348 -211 -241 -344 470 -271 -160 406 4 -254 627 -10 -424 312 138 371 101 47 -317 50 437 -34 -4 131 472 211 64 94 350 -265 117 -83 -391 -112 82 -204 -301 40 36 653 -591 284 -126 20 129 250 -331 127 74 219 228 436 479 84 121 -52 158 -23 11 39 -398 -319 -99 220 149 47 287 -300 134 172 -196 -95 -267 -378 206 -47 -406 46 -278 265 88 -40 -37 361 43 318 -52 -174 438 49 -225 71 -278 145 306 148 -196 42 -48 17 26 -503 149 -63 445 149 -119 -164 -232 385 282 209 75 268 27 83 6 -309 -114 -36 -23 38 269 -131 239 286 390 -90 -389 -304 -358 542 214 119 -337 -324 -38 250 453 -418 219 115 -294 -184 -239 -11 9 -236 -163 169 -211 -116 414 -171 97 -32 289 -273 267 165 -627 129 -436 295 111 80 176 243 105 -415 117 -32 -94 -412 60 134 -46 -273 -89 -280 602 -103 126 2 586 -5 151 -136 124 231 279 1583863281
277 463 -376 -397 193 -235 -247 139 -59 -6 -297 68 359 134 -464 466 -1 49 36 -112 -5 -231 -169 722 -655 365 154 6 541 53 331 -129 295 100 -116 -469 -121 -236 -477 -7 -77 176 127 -228 9 44 -587 -119 -640 -385 -69 -319 494 190 281 242 0 -27 -248 432 100 98 407 103 -490 248 -122 -650 235 112 -84 -506 -412 -178 -669 -209 -371 -210 135 177 -275 -705 -309 -118 574 -388 261 -325 167 139 -622 -206 -12 -303 -38 167 -9 183 -364 334 95 38 -616 130 -69 -186 -326 999 -210 145 20 213 -369 -86 164 -72 326 -394 -533 85 31 438 -264 426 -300 -249 320 67 -251 162 -24 207 252 -164 200 132 -112 -178 -154 -64 -98 580 117 117 179 157 -28 377 -207 192 462 -156 -635 313 354 -329 264 221 -225 356 509 200 -379 -184 -230 -48 -103 141 139 -271 -104 -278 284 415 370 -430 -413 -474 415 519 271 -455 -369 -111 67 -182 -297 456 287 22 -157 -244 -314 28 158 -236 683 -102 -284 343 -131 763 -458 201 -527 -43 196 360 -230 -75 197 -533 379 235 -100 105 -246 54 424 232 -330 -118 -111 -419 160 162 251 123 -414 338 -89 -199 -163 345 78 317 196 -156 -454 -57 276 175 -321 -488 -223 459 64 -142 301 605 -407 -401 -90 -3 -570 190 128 334 79 306 91 125 -411 -88 232 259 97 304 11 -424 -71 -318 -141 -193 -18 -186 207 182 -313 255 -102 -369 -126 558 -110 -214 86 -227 -389 -231 -208 258 59 261 38 -283 -355 -303 191 -285 103 -103 250 -199 128 299 365 815 76 -179 21 -325 -33 -55 -106 -430 -43 172 -410 -195 -527 20 -193 5 123 227 -496 156 -581 161 -315 200 241 240 38 -268 91 -189 82 -12 116 -351 -438 -584 22 -50 -33 301 -178 127 377 -387 -61 -634 38 -276 428 598 229 -109 -350 -94 -22 -87 -13 -104 137 -141 166 -193 -161 -241 419 -101 -312 292 -484 141 243 -35 -48 -25 45 -61 250 64 162 102 301 295 -353 -308 -41 -44 -74 329 -76 163 346 -69 157 -176 452 -38 -337 122 239 -307 20 -35 -144 -141 -48 -133 -132 436 89 -63 -88 112 396 17 -58 0 339 274 1583863281
