-16088336 -15508694 21970653 5101352 -5520991 -7556628 -2035396 -142402 119261 -126817 -43523 -27741 -3766 -4453 -9067 -2016 -10248 -2899 -949 -751 -267 -165 144 -287 -2 -26 -6 -6 1 0 0 1 1 0 0 -2 0 0 0 -1 0 0 1 0 0 0 0 0 0 0 0 0 0 0 0 0 0 0 0 0 1583836345
-15994278 -15430846 21806942 4980457 -6470156 -7479570 -1968950 -142338 117063 -126640 -43464 -24300 -3838 -28063 -8401 -516 -4332 -3476 -1013 -297 -225 -224 903 -121 -4 -23 68 -6 2 0 0 3 56 0 -38 -18 -2 -3 11 -11 -2 0 14 -9 2 1 6 1 -1 -1 1 4 1 0 -1 1 0 0 0 0 1583836345
-16089198 -15505990 21968658 5038270 -7517902 -7588932 -1857225 -142291 120617 -126420 -43366 -30170 -3962 -56189 -10916 -3680 -9725 -3056 -959 -634 -238 -133 295 3 -3 -24 -7 -1 0 0 0 2 12 0 -6 -3 0 -1 2 -3 0 0 3 0 0 0 0 0 0 -1 0 0 -1 0 0 0 0 0 0 0 1583836345
-16090839 -15469669 21812702 6828204 43673952 -6704005 -6534804 -145876 119231 -137113 -47578 -18921 1005 1263056 -10692 -1590 -22346 -1579 -934 -381 -974 181 -117 -444 3 -12 55 -1 4 4 0 4 31 0 -27 -12 1 0 -13 -9 -2 0 4 -11 1 0 2 1 -1 0 0 -1 0 0 -2 1 0 1 1 3 1583836345
-16089339 -15498497 21928429 5573192 7917536 -7324826 -3264120 -143350 118842 -129628 -44629 -25535 -2462 342351 -7194 -1409 -13561 -1202 -858 -2357 -460 -9 13 -145 -1 -23 0 -6 1 0 0 1 7 0 -6 -4 0 0 -4 -3 -1 1 0 0 -1 -1 0 1 -1 -2 0 0 0 0 0 0 0 0 0 0 1583836345
-16093659 -15468019 21804517 6942086 46840340 -6653263 -6836657 -146118 118968 -137822 -47891 -21914 1272 1329705 -10450 -1446 -17235 -1594 -981 -425 -975 184 -747 4443 -21 -9 -32 -5 2 1 -1 2 20 0 -5 -10 6 3 -37 9 2 0 15 29 -3 1 10 -1 1 9 -4 0 -11 1 2 12 -1 -4 -4 -6 1583836345
-16088306 -15508763 21970733 5102318 -5488150 -7556123 -2038429 -142404 119225 -126824 -43527 -27758 -3765 -4497 -9860 -1995 -10247 -3524 -990 49 -267 -175 65 -88 -3 -26 -11 -6 2 0 0 1 0 0 1 -1 0 0 -2 0 0 0 0 2 0 0 1 0 0 0 0 0 0 0 0 0 0 0 0 0 1583836345
-16062736 -15474684 21878762 5472859 4153832 -7374077 4248894 -131953 98231 -109139 -34165 6931 -6641 -92834 14632 24285 -12941 -7002 -1254 3942 -211 -1624 -992 1440 -10 7 808 -9 1 -4 0 0 7 0 8 0 0 2 4 -1 0 1 1 4 4 0 4 0 0 -1 1 1 1 0 -1 1 0 0 0 0 1583836345
-16088428 -15510604 21978455 5017843 -7864821 -7595752 -1821758 -142233 120745 -126330 -43332 -28485 -3995 -65567 -11027 -3711 -9654 -3078 -959 -643 -233 -134 81 10 -4 -21 325 -4 3 1 0 2 -1 0 1 0 0 0 0 0 0 0 0 1 -1 0 0 0 0 0 0 0 0 0 0 0 0 0 0 0 1583836345
-16088246 -15509599 21974420 5059078 -6725324 -7577395 -1925630 -142318 119296 -126566 -43425 -27844 -3883 -35822 -9551 -1993 -9948 -3363 -977 -231 -249 -233 105 -96 -3 -25 -11 -6 1 0 0 1 1 0 0 0 0 0 0 -1 0 0 0 2 -1 0 0 0 0 0 0 0 0 0 0 0 0 0 0 0 1583836345
-16088338 -15508678 21970634 5101104 -5528899 -7556754 -2034696 -142402 119261 -126816 -43524 -27643 -3769 -5357 -9359 -1936 -10237 -3196 -968 -393 -266 -217 66 85 -4 -25 -16 -6 1 0 0 1 -1 0 2 -1 0 0 -1 0 0 0 0 0 0 0 1 -1 0 0 1 0 0 0 0 0 0 0 0 0 1583836345
-16085731 -15473827 21901879 5118455 -6533454 -7553361 -1948563 -142540 120588 -126680 -43464 -30021 -3866 -30967 -10908 -3640 -9960 -3029 -960 -630 -251 -126 121 956 -8 -8 -16 28 -5 -1 0 1 9 0 -1 0 0 0 0 0 0 0 3 7 0 0 0 1 -1 2 0 -4 0 0 0 1 0 0 0 0 1583836345
-16084966 -15507633 21970872 5038976 -7347940 -7585960 -1870164 -142292 116752 -126442 -43378 -24127 -3938 -51949 -6987 874 -9804 -3807 -1000 285 -239 -283 130 21 -4 -25 -12 -6 2 0 0 1 4 0 -1 0 0 0 0 -1 0 0 0 3 0 0 0 0 0 0 0 0 0 0 1 -1 0 0 0 0 1583836345
-16089362 -15504858 21963459 5101538 -5705777 -7557816 -2027424 -142424 120562 -126811 -43523 -29893 -3784 -9571 -10901 -3605 -10147 -3005 -960 -626 -262 -122 176 1421 -10 -22 -18 -2 0 0 0 2 17 0 -5 2 0 0 -1 0 0 0 3 11 0 0 1 1 -1 2 0 -4 0 0 5 -2 0 0 0 0 1583836345
-16088336 -15508694 21970653 5101352 -5520991 -7556628 -2035396 -142402 119261 -126817 -43523 -27741 -3766 -4453 -9067 -2016 -10248 -2899 -949 -751 -267 -165 144 -287 -2 -26 -6 -6 1 0 0 1 1 0 0 -2 0 0 0 -1 0 0 1 0 0 0 0 0 0 0 0 0 0 0 0 0 0 0 0 0 1583838187
-15994278 -15430846 21806942 4980457 -6470156 -7479570 -1968950 -142338 117063 -126640 -43464 -24300 -3838 -28063 -8401 -516 -4332 -3476 -1013 -297 -225 -224 903 -121 -4 -23 68 -6 2 0 0 3 56 0 -38 -18 -2 -3 11 -11 -2 0 14 -9 2 1 6 1 -1 -1 1 4 1 0 -1 1 0 0 0 0 1583838187
-16089198 -15505990 21968658 5038270 -7517902 -7588932 -1857225 -142291 120617 -126420 -43366 -30170 -3962 -56189 -10916 -3680 -9725 -3056 -959 -634 -238 -133 295 3 -3 -24 -7 -1 0 0 0 2 12 0 -6 -3 0 -1 2 -3 0 0 3 0 0 0 0 0 0 -1 0 0 -1 0 0 0 0 0 0 0 1583838187
-16090839 -15469669 21812702 6828204 43673952 -6704005 -6534804 -145876 119231 -137113 -47578 -18921 1005 1263056 -10692 -1590 -22346 -1579 -934 -381 -974 181 -117 -444 3 -12 55 -1 4 4 0 4 31 0 -27 -12 1 0 -13 -9 -2 0 4 -11 1 0 2 1 -1 0 0 -1 0 0 -2 1 0 1 1 3 1583838187
-16089339 -15498497 21928429 5573192 7917536 -7324826 -3264120 -143350 118842 -129628 -44629 -25535 -2462 342351 -7194 -1409 -13561 -1202 -858 -2357 -460 -9 13 -145 -1 -23 0 -6 1 0 0 1 7 0 -6 -4 0 0 -4 -3 -1 1 0 0 -1 -1 0 1 -1 -2 0 0 0 0 0 0 0 0 0 0 1583838187
-16093659 -15468019 21804517 6942086 46840340 -6653263 -6836657 -146118 118968 -137822 -47891 -21914 1272 1329705 -10450 -1446 -17235 -1594 -981 -425 -975 184 -747 4443 -21 -9 -32 -5 2 1 -1 2 20 0 -5 -10 6 3 -37 9 2 0 15 29 -3 1 10 -1 1 9 -4 0 -11 1 2 12 -1 -4 -4 -6 1583838187
-16088306 -15508763 21970733 5102318 -5488150 -7556123 -2038429 -142404 119225 -126824 -43527 -27758 -3765 -4497 -9860 -1995 -10247 -3524 -990 49 -267 -175 65 -88 -3 -26 -11 -6 2 0 0 1 0 0 1 -1 0 0 -2 0 0 0 0 2 0 0 1 0 0 0 0 0 0 0 0 0 0 0 0 0 1583838187
-16062736 -15474684 21878762 5472859 4153832 -7374077 4248894 -131953 98231 -109139 -34165 6931 -6641 -92834 14632 24285 -12941 -7002 -1254 3942 -211 -1624 -992 1440 -10 7 808 -9 1 -4 0 0 7 0 8 0 0 2 4 -1 0 1 1 4 4 0 4 0 0 -1 1 1 1 0 -1 1 0 0 0 0 1583838187
-16088428 -15510604 21978455 5017843 -7864821 -7595752 -1821758 -142233 120745 -126330 -43332 -28485 -3995 -65567 -11027 -3711 -9654 -3078 -959 -643 -233 -134 81 10 -4 -21 325 -4 3 1 0 2 -1 0 1 0 0 0 0 0 0 0 0 1 -1 0 0 0 0 0 0 0 0 0 0 0 0 0 0 0 1583838187
-16088246 -15509599 21974420 5059078 -6725324 -7577395 -1925630 -142318 119296 -126566 -43425 -27844 -3883 -35822 -9551 -1993 -9948 -3363 -977 -231 -249 -233 105 -96 -3 -25 -11 -6 1 0 0 1 1 0 0 0 0 0 0 -1 0 0 0 2 -1 0 0 0 0 0 0 0 0 0 0 0 0 0 0 0 1583838187
-16088338 -15508678 21970634 5101104 -5528899 -7556754 -2034696 -142402 119261 -126816 -43524 -27643 -3769 -5357 -9359 -1936 -10237 -3196 -968 -393 -266 -217 66 85 -4 -25 -16 -6 1 0 0 1 -1 0 2 -1 0 0 -1 0 0 0 0 0 0 0 1 -1 0 0 1 0 0 0 0 0 0 0 0 0 1583838187
-16085731 -15473827 21901879 5118455 -6533454 -7553361 -1948563 -142540 120588 -126680 -43464 -30021 -3866 -30967 -10908 -3640 -9960 -3029 -960 -630 -251 -126 121 956 -8 -8 -16 28 -5 -1 0 1 9 0 -1 0 0 0 0 0 0 0 3 7 0 0 0 1 -1 2 0 -4 0 0 0 1 0 0 0 0 1583838187
-16084966 -15507633 21970872 5038976 -7347940 -7585960 -1870164 -142292 116752 -126442 -43378 -24127 -3938 -51949 -6987 874 -9804 -3807 -1000 285 -239 -283 130 21 -4 -25 -12 -6 2 0 0 1 4 0 -1 0 0 0 0 -1 0 0 0 3 0 0 0 0 0 0 0 0 0 0 1 -1 0 0 0 0 1583838187
-16089362 -15504858 21963459 5101538 -5705777 -7557816 -2027424 -142424 120562 -126811 -43523 -29893 -3784 -9571 -10901 -3605 -10147 -3005 -960 -626 -262 -122 176 1421 -10 -22 -18 -2 0 0 0 2 17 0 -5 2 0 0 -1 0 0 0 3 11 0 0 1 1 -1 2 0 -4 0 0 5 -2 0 0 0 0 1583838187
