-16086516 -15509069 21974929 5019427 -7887523 -7596239 -1822539 -142250 118052 -126335 -43338 -26321 -3996 -67181 -7958 -738 -9630 -3250 -967 -437 -230 -173 72 922 -10 -1 1825 -4 4 0 0 0 1 0 3 0 0 0 -1 3 1 0 -1 0 -3 0 0 0 0 0 0 0 0 0 0 0 0 -2 0 0 1583836345
-16082579 -15504887 21966259 5018880 -7892459 -7587617 -1819055 -142257 119496 -126330 -43334 -22027 -3988 -66534 -10201 -2343 -9656 -3420 -977 -268 -232 -143 82 37 -4 -10 788 1 6 8 0 5 -2 0 2 0 0 0 0 0 0 0 0 0 -1 0 0 0 0 0 0 0 0 0 0 0 0 0 0 0 1583836345
-16088184 -15510646 21978415 5017884 -7892214 -7597617 -1819033 -142235 119341 -126323 -43329 -28152 -3998 -66256 -9376 -2136 -9656 -3177 -964 -516 -232 -192 84 -101 -3 -21 385 -6 2 0 0 1 0 0 1 0 0 0 0 0 0 0 -1 0 0 0 0 0 0 0 0 0 0 0 0 0 0 0 0 0 1583836345
-16089165 -15501850 21955940 5136158 -4815802 -7541073 -2123647 -142524 120535 -127042 -43619 -29755 -3691 13653 -10895 -3569 -10373 -2977 -958 -621 -277 -116 57 -250 -2 -22 -3 0 0 0 0 1 0 0 0 0 0 0 0 0 0 0 0 0 1 0 1 0 0 0 0 1 0 0 0 0 0 0 0 0 1583836345
-16088503 -15507708 21966105 5157242 -3921157 -7529106 -2211825 -142561 119235 -127235 -43700 -27666 -3598 36939 -9656 -2070 -10592 -3214 -972 -279 -290 -208 72 -278 -2 -24 2 -6 2 0 0 1 3 0 -1 -3 0 0 -3 0 0 0 3 -1 0 0 3 0 0 -1 0 0 0 0 0 0 0 0 0 0 1583836345
-16089902 -15509711 21973364 5093088 -5746023 -7561368 -2031435 -142406 120548 -126816 -43528 -29419 -3783 -10220 -10448 -3285 -10157 -2926 -952 -743 -264 -232 72 -27 -3 -23 -15 -5 2 1 0 2 0 0 1 -1 0 -1 -1 0 0 0 0 1 0 0 1 -1 0 0 1 0 0 0 0 0 0 0 0 0 1583836345
-16090442 -15486905 21880975 6098004 22854935 -7066981 -4628546 -144407 118284 -132756 -45862 -19770 -1011 730202 45202 227 -17180 38382 1709 -52620 -682 2506 240 -271 12 -46 52 -18 -8 -14 0 -4 17 1 -18 -5 1 1 -9 -7 -2 1 -4 -6 1 1 0 0 0 0 0 0 0 0 0 0 0 0 0 0 1583836345
-16089870 -15496891 21933283 5410496 3038253 -7406212 -2819337 -142480 120296 -128618 -44227 -28536 -2934 217749 -10826 -3240 -12339 -2770 647 -519 -387 -67 343 -180 -1 -23 25 -2 1 0 0 1 11 0 -10 -2 2 0 -6 -5 -1 0 -2 -1 0 0 0 -1 0 0 0 0 1 0 0 0 0 0 0 0 1583836345
-16086516 -15509069 21974929 5019427 -7887523 -7596239 -1822539 -142250 118052 -126335 -43338 -26321 -3996 -67181 -7958 -738 -9630 -3250 -967 -437 -230 -173 72 922 -10 -1 1825 -4 4 0 0 0 1 0 3 0 0 0 -1 3 1 0 -1 0 -3 0 0 0 0 0 0 0 0 0 0 0 0 -2 0 0 1583838187
-16082579 -15504887 21966259 5018880 -7892459 -7587617 -1819055 -142257 119496 -126330 -43334 -22027 -3988 -66534 -10201 -2343 -9656 -3420 -977 -268 -232 -143 82 37 -4 -10 788 1 6 8 0 5 -2 0 2 0 0 0 0 0 0 0 0 0 -1 0 0 0 0 0 0 0 0 0 0 0 0 0 0 0 1583838187
-16088184 -15510646 21978415 5017884 -7892214 -7597617 -1819033 -142235 119341 -126323 -43329 -28152 -3998 -66256 -9376 -2136 -9656 -3177 -964 -516 -232 -192 84 -101 -3 -21 385 -6 2 0 0 1 0 0 1 0 0 0 0 0 0 0 -1 0 0 0 0 0 0 0 0 0 0 0 0 0 0 0 0 0 1583838187
-16089165 -15501850 21955940 5136158 -4815802 -7541073 -2123647 -142524 120535 -127042 -43619 -29755 -3691 13653 -10895 -3569 -10373 -2977 -958 -621 -277 -116 57 -250 -2 -22 -3 0 0 0 0 1 0 0 0 0 0 0 0 0 0 0 0 0 1 0 1 0 0 0 0 1 0 0 0 0 0 0 0 0 1583838187
-16088503 -15507708 21966105 5157242 -3921157 -7529106 -2211825 -142561 119235 -127235 -43700 -27666 -3598 36939 -9656 -2070 -10592 -3214 -972 -279 -290 -208 72 -278 -2 -24 2 -6 2 0 0 1 3 0 -1 -3 0 0 -3 0 0 0 3 -1 0 0 3 0 0 -1 0 0 0 0 0 0 0 0 0 0 1583838187
-16089902 -15509711 21973364 5093088 -5746023 -7561368 -2031435 -142406 120548 -126816 -43528 -29419 -3783 -10220 -10448 -3285 -10157 -2926 -952 -743 -264 -232 72 -27 -3 -23 -15 -5 2 1 0 2 0 0 1 -1 0 -1 -1 0 0 0 0 1 0 0 1 -1 0 0 1 0 0 0 0 0 0 0 0 0 1583838187
-16090442 -15486905 21880975 6098004 22854935 -7066981 -4628546 -144407 118284 -132756 -45862 -19770 -1011 730202 45202 227 -17180 38382 1709 -52620 -682 2506 240 -271 12 -46 52 -18 -8 -14 0 -4 17 1 -18 -5 1 1 -9 -7 -2 1 -4 -6 1 1 0 0 0 0 0 0 0 0 0 0 0 0 0 0 1583838187
-16089870 -15496891 21933283 5410496 3038253 -7406212 -2819337 -142480 120296 -128618 -44227 -28536 -2934 217749 -10826 -3240 -12339 -2770 647 -519 -387 -67 343 -180 -1 -23 25 -2 1 0 0 1 11 0 -10 -2 2 0 -6 -5 -1 0 -2 -1 0 0 0 -1 0 0 0 0 1 0 0 0 0 0 0 0 1583838187
