-16088203 -15510352 21977226 5030845 -7523495 -7591245 -1854133 -142263 119323 -126403 -43361 -28058 -3961 -56444 -9253 -2099 -9744 -3092 -959 -606 -238 -191 152 -44 -3 -26 -10 -6 1 0 0 1 4 0 -1 -1 0 0 0 0 0 0 1 1 0 0 1 0 0 0 0 -1 0 0 0 0 0 0 0 0 1583836345
-16091963 -15486034 21878200 6127701 23663226 -7053298 -4705095 -144462 119671 -132937 -45959 -25470 -978 733532 -10658 -2412 -17245 -2159 -945 -480 -679 56 -318 -456 1 -18 34 -3 1 0 0 2 19 0 -7 1 0 0 -5 3 0 0 7 -5 10 1 3 4 -3 10 -2 -4 -7 0 -4 8 -1 3 3 7 1583836345
-16087391 -15502132 21946724 5331796 1030307 -7440997 -2634043 -142869 119107 -128192 -44073 -24953 -3140 159869 -9605 -1637 -11812 -3209 -977 -120 -359 -205 -34 -357 -1 -22 -2 -4 2 1 0 2 4 0 0 0 0 0 0 0 0 0 3 -1 2 0 1 1 -1 2 0 -1 -1 0 -1 1 0 1 1 2 1583836345
-16089804 -15507971 21968859 5116234 -5141040 -7550178 -2070050 -142430 120544 -126898 -43553 -29803 -3732 5344 -10895 -3581 -10335 -2986 -958 -622 -273 -118 120 -290 -2 -25 -8 -4 1 0 0 1 1 0 0 -2 0 0 0 -1 0 0 1 0 0 0 0 0 0 0 0 0 0 0 0 0 0 0 0 0 1583836345
-16087891 -15504332 21961250 5119009 -5168399 -7548386 -2078942 -142469 118887 -126934 -43578 -16120 -3711 4286 -4654 5962 -10339 -6196 -1139 3076 -267 -3266 173 1734 -13 21 -16 -17 -1 -12 0 -3 22 0 -7 4 0 8 -1 2 1 0 6 15 0 0 3 3 -2 3 0 -8 0 0 3 0 0 0 0 0 1583836345
-16089029 -15500485 21938822 5389188 2404536 -7423614 3294519 -133428 118978 -111814 -35577 -27899 -6263 -85113 -9374 -1837 -19429 -3549 -1018 160 -257 -168 440 75 -1 -27 -3 -6 1 0 0 2 14 0 3 1 0 0 0 -4 -1 0 0 -1 1 0 1 1 -1 0 2 0 0 0 1 0 0 0 0 0 1583836345
-16065524 -15490054 21928053 5122419 -5376887 -7539309 -491280 -140079 101178 -122577 -41343 -295 -4553 -74653 9506 18956 -12270 -6213 -1133 3198 -232 -787 -56 -200 -2 -18 45 -6 2 -1 0 1 0 0 1 0 0 0 -2 0 0 0 0 0 1 0 1 0 0 0 0 0 0 0 0 0 0 0 0 0 1583836345
-16083282 -15506810 21969769 5021241 -7878120 -7594004 -1820684 -142261 115464 -126330 -43336 -22304 -3989 -66376 -5637 2300 -9676 -3983 -1009 477 -231 -303 83 19 -4 -24 15 -6 2 0 0 2 22 0 2 1 0 0 -1 5 1 0 0 0 -3 0 0 0 0 0 -1 0 0 0 0 -1 0 -2 0 1 1583836345
-16088242 -15510201 21977520 5019064 -7890761 -7597072 -1818408 -142238 119405 -126322 -43329 -27492 -3997 -66366 -11059 -3723 -9646 -3062 -958 -673 -232 -133 80 198 -5 -20 -19 -5 2 1 0 -1 0 -1 3 -1 0 0 0 0 0 0 0 0 0 0 0 0 0 0 0 0 0 0 0 0 0 0 0 0 1583836345
-16047446 -15475071 21897367 5089778 -6601164 -7544257 -1946561 -142563 88485 -126650 -43484 23093 -3791 -32636 21640 34995 -10177 -10018 -1345 7877 -243 -1696 108 -246 -3 -5 -8 -6 2 -1 0 1 0 0 0 0 0 2 -1 -1 0 0 0 1 0 0 0 0 0 0 0 0 0 0 0 0 0 0 0 0 1583836345
-16080810 -15408979 21746568 5719404 8371590 -7264491 -3433574 -144087 120138 -130220 -44890 -27706 -2356 358504 -10788 -3018 -13494 -2587 -951 -554 -469 -34 -4 -20 -2 18 18 78 -15 -2 0 1 9 0 -5 1 1 0 -10 -2 0 0 -2 4 -1 0 0 -3 2 2 -1 0 0 0 1 0 0 0 0 0 1583836345
-16088203 -15510352 21977226 5030845 -7523495 -7591245 -1854133 -142263 119323 -126403 -43361 -28058 -3961 -56444 -9253 -2099 -9744 -3092 -959 -606 -238 -191 152 -44 -3 -26 -10 -6 1 0 0 1 4 0 -1 -1 0 0 0 0 0 0 1 1 0 0 1 0 0 0 0 -1 0 0 0 0 0 0 0 0 1583838187
-16091963 -15486034 21878200 6127701 23663226 -7053298 -4705095 -144462 119671 -132937 -45959 -25470 -978 733532 -10658 -2412 -17245 -2159 -945 -480 -679 56 -318 -456 1 -18 34 -3 1 0 0 2 19 0 -7 1 0 0 -5 3 0 0 7 -5 10 1 3 4 -3 10 -2 -4 -7 0 -4 8 -1 3 3 7 1583838187
-16087391 -15502132 21946724 5331796 1030307 -7440997 -2634043 -142869 119107 -128192 -44073 -24953 -3140 159869 -9605 -1637 -11812 -3209 -977 -120 -359 -205 -34 -357 -1 -22 -2 -4 2 1 0 2 4 0 0 0 0 0 0 0 0 0 3 -1 2 0 1 1 -1 2 0 -1 -1 0 -1 1 0 1 1 2 1583838187
-16089804 -15507971 21968859 5116234 -5141040 -7550178 -2070050 -142430 120544 -126898 -43553 -29803 -3732 5344 -10895 -3581 -10335 -2986 -958 -622 -273 -118 120 -290 -2 -25 -8 -4 1 0 0 1 1 0 0 -2 0 0 0 -1 0 0 1 0 0 0 0 0 0 0 0 0 0 0 0 0 0 0 0 0 1583838187
-16087891 -15504332 21961250 5119009 -5168399 -7548386 -2078942 -142469 118887 -126934 -43578 -16120 -3711 4286 -4654 5962 -10339 -6196 -1139 3076 -267 -3266 173 1734 -13 21 -16 -17 -1 -12 0 -3 22 0 -7 4 0 8 -1 2 1 0 6 15 0 0 3 3 -2 3 0 -8 0 0 3 0 0 0 0 0 1583838187
-16089029 -15500485 21938822 5389188 2404536 -7423614 3294519 -133428 118978 -111814 -35577 -27899 -6263 -85113 -9374 -1837 -19429 -3549 -1018 160 -257 -168 440 75 -1 -27 -3 -6 1 0 0 2 14 0 3 1 0 0 0 -4 -1 0 0 -1 1 0 1 1 -1 0 2 0 0 0 1 0 0 0 0 0 1583838187
-16065524 -15490054 21928053 5122419 -5376887 -7539309 -491280 -140079 101178 -122577 -41343 -295 -4553 -74653 9506 18956 -12270 -6213 -1133 3198 -232 -787 -56 -200 -2 -18 45 -6 2 -1 0 1 0 0 1 0 0 0 -2 0 0 0 0 0 1 0 1 0 0 0 0 0 0 0 0 0 0 0 0 0 1583838187
-16083282 -15506810 21969769 5021241 -7878120 -7594004 -1820684 -142261 115464 -126330 -43336 -22304 -3989 -66376 -5637 2300 -9676 -3983 -1009 477 -231 -303 83 19 -4 -24 15 -6 2 0 0 2 22 0 2 1 0 0 -1 5 1 0 0 0 -3 0 0 0 0 0 -1 0 0 0 0 -1 0 -2 0 1 1583838187
-16088242 -15510201 21977520 5019064 -7890761 -7597072 -1818408 -142238 119405 -126322 -43329 -27492 -3997 -66366 -11059 -3723 -9646 -3062 -958 -673 -232 -133 80 198 -5 -20 -19 -5 2 1 0 -1 0 -1 3 -1 0 0 0 0 0 0 0 0 0 0 0 0 0 0 0 0 0 0 0 0 0 0 0 0 1583838187
-16047446 -15475071 21897367 5089778 -6601164 -7544257 -1946561 -142563 88485 -126650 -43484 23093 -3791 -32636 21640 34995 -10177 -10018 -1345 7877 -243 -1696 108 -246 -3 -5 -8 -6 2 -1 0 1 0 0 0 0 0 2 -1 -1 0 0 0 1 0 0 0 0 0 0 0 0 0 0 0 0 0 0 0 0 1583838187
-16080810 -15408979 21746568 5719404 8371590 -7264491 -3433574 -144087 120138 -130220 -44890 -27706 -2356 358504 -10788 -3018 -13494 -2587 -951 -554 -469 -34 -4 -20 -2 18 18 78 -15 -2 0 1 9 0 -5 1 1 0 -10 -2 0 0 -2 4 -1 0 0 -3 2 2 -1 0 0 0 1 0 0 0 0 0 1583838187
