-16085591 -15507560 21972094 5017654 -7886254 -7590803 -1819988 -142243 120975 -126330 -43332 -24982 -3989 -65802 -11238 -3743 -7260 -3142 -976 -678 -222 -139 -39 -305 -3 -22 -12 -1 4 5 0 4 -1 0 1 0 0 0 0 0 0 0 2 0 0 0 0 0 0 0 0 0 0 0 1 -1 0 0 0 0 1583836345
-16088160 -15510490 21978088 5018287 -7886656 -7597431 -1819936 -142237 119329 -126325 -43330 -27962 -3995 -65815 -9371 -2002 -6813 -3339 -991 -413 -219 -253 -76 -275 -3 -25 -13 -6 1 0 0 1 -2 0 0 1 0 0 0 0 0 0 0 0 0 0 0 0 0 0 0 0 0 0 0 0 0 0 0 0 1583836345
-16088283 -15509441 21973650 5064761 -6581731 -7575324 -1406546 -141489 119291 -125132 -42681 -28045 -4155 -57069 -9390 -2074 -5959 -3314 -1004 -464 -218 -205 -170 -146 -4 -26 -18 -6 1 0 0 1 -1 0 0 0 0 0 0 0 0 0 -2 2 1 0 1 0 0 -1 0 0 0 0 0 0 0 0 0 0 1583836345
-16089519 -15507259 21969595 5066466 -6653787 -7575670 -1323720 -141375 120590 -124912 -42567 -30180 -4206 -62399 -10863 -3664 -7989 -3100 -980 -655 -225 -136 411 -302 -2 -26 -12 -2 1 0 0 1 0 0 2 0 0 0 0 0 0 0 0 0 0 0 0 0 0 0 0 0 0 0 0 0 0 0 0 0 1583836345
-16087520 -15507183 21966757 5108158 -5401044 -7554756 -811027 -140471 118590 -123444 -41780 -26306 -4417 -59513 -8140 -1062 -8832 -2809 -1038 954 -226 -233 -105 -293 -2 -38 -13 -6 0 0 0 1 -1 0 0 -1 0 -1 1 0 0 0 0 0 0 0 0 0 0 0 0 0 0 0 0 0 0 0 0 0 1583836345
-16089551 -15506226 21966079 5096441 -5823355 -7561288 -1180804 -141091 120564 -124484 -42324 -30106 -4244 -51346 -10841 -3639 -8700 -3080 -980 -649 -234 -129 -102 -260 -2 -25 -13 -2 1 0 0 1 -1 0 0 1 0 0 0 -1 0 0 0 0 0 0 0 0 0 0 0 0 0 0 0 0 0 0 0 0 1583836345
-16086492 -15508877 21974535 5019763 -7885949 -7596096 -1820314 -142247 118044 -126328 -43332 -26146 -3992 -65771 -8334 -610 -6322 -3704 -1015 26 -216 -264 -100 -312 -3 -25 -13 -6 1 0 0 1 -1 0 1 -1 0 0 0 1 0 0 0 0 1 0 0 0 0 0 0 0 1 0 -1 0 0 0 0 0 1583836345
-16089351 -15507850 21972997 5023450 -7874396 -7596024 -1820986 -142251 120627 -126333 -43332 -30223 -3997 -65477 -10913 -3691 -7039 -3115 -978 -665 -221 -141 -59 -276 -3 -25 -13 -2 1 0 0 1 -2 0 0 1 0 0 0 0 0 0 0 0 0 0 0 0 0 0 0 0 1 0 0 0 0 0 0 0 1583836345
-16083127 -15503902 21964364 5024761 -7748203 -7580787 -1832438 -142271 122283 -126368 -43349 -17832 -3963 -62246 -11677 -3805 -6377 -3203 -982 -711 -219 -137 -38 -302 -3 4 -13 1 6 9 0 -14 -2 -8 0 -1 0 0 0 0 0 0 -1 0 0 0 0 0 0 0 0 0 0 0 0 0 0 0 0 0 1583836345
-16086032 -15504725 21961530 5118245 -5099337 -7541945 -1031030 -140800 121538 -124045 -42084 -22634 -4282 -44452 -11280 -3693 -8850 -3118 -982 -669 -238 -124 -192 -276 -2 -8 -14 -1 4 5 0 -7 -3 -5 0 0 0 0 0 1 0 0 0 0 1 0 0 0 0 1 0 0 0 0 1 0 0 0 0 0 1583836345
-16058976 -15475043 21904541 5030549 -7888054 -7527244 -1820060 -142388 128263 -126394 -43369 26675 -3900 -66137 -14435 -4255 -7978 -3461 -967 -813 -225 -121 43 -303 -3 116 -14 28 21 46 0 -71 2 -40 3 -2 0 0 0 0 0 1 0 0 0 0 0 0 0 0 0 0 0 0 0 0 0 0 0 0 1583836345
-16087040 -15500226 21953265 5117032 -5120456 -7534475 -773124 -140396 128385 -123351 -41725 -12238 -4403 -55540 -3013 8728 -8710 -7331 -1251 4929 -227 -3899 -216 -326 -3 24 -14 -17 -3 -14 0 -4 -1 0 3 -1 0 9 0 -1 0 0 0 0 0 0 0 0 0 0 0 0 0 0 0 0 0 0 0 0 1583836345
-16082763 -15494403 21941172 5106482 -5844002 -7553483 -1051612 -140957 115869 -124157 -42167 5394 -4261 -57986 10288 18961 -5318 -3255 -1488 12984 -184 -7568 -26 -328 -4 -6 -13 -30 -14 -25 0 -10 -1 2 -1 -2 0 18 5 0 -1 0 0 0 -1 0 0 0 0 0 0 0 0 0 0 0 0 0 0 0 1583836345
-15672124 -15152906 21205978 4911843 -110617 -7055196 1600150 -136158 107386 -116423 -38055 -17784 -5443 -59009 -3512 5718 -8405 -4216 -1089 606 -219 -215 -549 -352 -2 -14 -11 -6 2 0 0 1 0 0 0 -2 0 -1 2 0 0 0 0 0 -1 0 0 0 0 0 0 0 0 0 0 0 0 0 0 0 1583836345
-16087668 -15505916 21968515 5030391 -7707274 -7592021 -1802000 -142221 118952 -126281 -43306 -16009 -3977 -62838 -4542 6195 -4897 -6528 -1187 3306 -209 -3445 -188 -274 -4 21 -13 -16 -2 -13 0 -4 -1 0 0 0 0 8 1 1 0 0 0 0 0 0 1 0 0 0 0 0 0 0 0 0 0 0 0 0 1583836345
-16088116 -15481004 21901722 5386376 1513132 -7426055 1726348 -136076 120338 -116222 -37908 -29982 -5523 -53683 -10538 -3505 -6455 -3164 -1053 -692 -215 -115 -812 -324 -2 -16 -14 13 -2 -1 0 1 -1 0 -1 -2 0 -1 1 0 0 0 0 0 -1 0 0 0 0 0 0 0 0 0 0 0 0 0 0 0 1583836345
-16082271 -15499702 21945299 5219250 -2392025 -7498282 455019 -138284 115299 -119837 -39843 -20732 -4945 -54121 -5820 2304 -6507 -4237 -1088 638 -216 -241 -371 -78 -4 -24 -18 -4 2 1 0 2 -2 0 -1 -2 0 0 4 0 0 0 0 0 0 0 1 0 0 0 1 0 0 0 0 0 0 0 0 0 1583836345
-15852936 -15308955 21546093 4913855 -5152177 -7309245 -2072976 -142433 110771 -126847 -43563 2825 -3687 -464 -32 8626 -180 -3854 -1044 -230 -217 -429 -494 -233 -5 0 -13 -5 2 0 0 1 -7 0 -1 3 0 0 -5 0 0 0 1 0 2 0 -1 0 0 3 -1 3 1 0 -2 1 0 0 0 -1 1583836345
-16060706 -15485455 21922027 5059109 -6092137 -7536519 -1288030 -141269 119312 -124780 -42489 -23180 -4187 -52025 -9436 -2054 -7941 -3097 -978 -727 -230 -195 -64 -297 -2 -20 -13 -5 2 1 0 2 -2 0 0 0 0 0 1 0 0 0 -1 0 0 0 0 0 0 0 0 0 0 0 0 0 0 0 0 0 1583836345
-16087020 -15487191 21931140 5052997 -7887688 -7584023 -1820200 -142368 120628 -126364 -43340 -30226 -3998 -65766 -10915 -3692 -7628 -3104 -974 -658 -223 -139 -4 -307 -3 -15 -12 16 -2 -1 0 1 0 0 2 0 0 0 0 0 0 0 0 0 0 0 1 0 0 0 0 0 0 0 0 0 0 0 0 0 1583836345
-16059838 -15480433 21904030 5191076 -2955071 -7508741 -235118 -139448 97576 -121739 -40846 -15126 -4591 -34193 -10466 -4107 -9417 -1360 -981 -240 -240 -205 -290 -331 -3 -34 -13 -7 0 0 0 1 1 0 3 -2 0 0 -2 -2 0 0 0 0 0 0 0 0 0 0 0 0 0 0 0 0 0 0 0 0 1583836345
-16087653 -15489308 21931667 5124115 -5729233 -7549622 -1278944 -141334 120562 -124777 -42467 -30070 -4187 -44737 -10846 -3631 -8317 -3080 -982 -653 -236 -129 -117 -322 -2 -25 -12 -2 1 0 0 1 -1 0 3 -1 0 0 -1 0 0 0 0 0 0 0 0 0 0 0 0 0 0 0 0 0 0 0 0 0 1583836345
-15951611 -15407186 21745003 5093251 -7883312 -7505303 -1822691 -142932 11011 -126421 -43455 136583 -3763 -66873 155829 121143 -4781 21247 804 -33182 -183 386 -71 -295 6 -35 -9 -16 -6 -13 0 -4 0 1 1 -2 0 2 1 2 0 1 0 0 2 0 0 1 0 0 0 1 2 0 -2 0 0 -1 0 0 1583836345
-16072128 -15354065 21660124 5270620 -7172917 -7493236 -1891517 -142630 120607 -126744 -43468 -30103 -3918 -46674 -10881 -3642 5475 -3350 315 -747 -165 -164 -585 -202 -6 46 -13 142 -28 -4 0 1 -9 0 -2 6 0 0 -1 0 0 0 -1 1 1 0 4 -2 1 0 0 0 0 0 0 0 0 0 0 0 1583836345
-16081402 -15479573 21903147 5295209 -402941 -7433306 1020581 -137288 133437 -118260 -38994 22095 -5109 -44938 12718 32361 -6148 -14721 -1806 15813 -205 -11087 -900 -326 -5 116 -16 -39 -13 -41 0 -17 -6 2 0 0 0 30 0 0 1 0 2 0 0 0 -1 0 0 1 0 -2 -1 0 -1 1 0 0 0 1 1583836345
-16086327 -15506295 21967075 5068524 -6484008 -7568822 -1403412 -141484 120327 -125136 -42705 -23775 -4183 -68145 -4395 -473 -7699 934 -1068 3551 -205 -666 -157 -59 -3 -77 -18 -8 -3 0 0 1 -4 0 1 -1 0 0 0 2 -1 0 0 0 0 0 0 0 0 0 1 0 0 0 0 0 0 0 0 0 1583836345
-16052485 -15433261 21806509 5306113 -1527352 -7425841 780659 -138041 108050 -119049 -39450 118177 -4881 -52309 85036 87978 -5465 8527 -3062 61870 -56 -28728 -938 -341 -7 -100 -16 -101 -75 -90 0 -42 -2 6 -2 -5 -1 71 8 0 -8 -4 1 0 -2 4 0 -1 0 0 0 0 0 -2 0 0 0 0 1 0 1583836345
-14147601 -14021323 18679271 4241110 -4710652 -7088288 -564428 -142226 -1087573 -121057 -40992 -14483 -4461 -56493 14559 24827 -7189 -4947 -1062 1525 -213 -398 4019 -279 -50 -2 -14 0 6 8 0 5 -5 -1 2 0 0 0 0 1 0 0 1 0 0 -1 0 0 0 0 0 0 0 0 0 0 0 0 0 0 1583836345
-16083027 -15506239 21969220 5011931 -7893185 -7590662 -1818550 -142229 120639 -126320 -43328 -27966 -3996 -66008 -11064 -3707 -7768 -3113 -972 -667 -224 -139 -22 -305 -3 -22 -12 -6 1 0 0 1 0 0 3 0 0 0 0 1 0 0 0 0 0 0 0 0 0 0 -1 0 0 0 0 1 0 0 0 0 1583836345
-16087688 -15505979 21968238 5039016 -7449605 -7587688 -1862797 -142296 118928 -126441 -43392 -16218 -3951 -60290 -3079 5207 -9580 -3598 -1162 4630 -213 -3516 -45 7526 -41 -2 -206 -22 -4 -11 -1 -6 -31 2 26 -30 -1 7 5 -12 -3 1 0 -13 1 0 2 -2 1 -1 -19 0 -4 2 -4 -8 0 -1 0 0 1583836345
-16086085 -15493348 21929884 5290430 -670709 -7469469 1420607 -136665 117028 -117129 -38407 -1831 -5360 -64280 2417 15709 -7850 -8820 -1443 8370 -208 -6743 -795 -284 -4 56 -15 -27 -7 -25 0 -9 -2 1 3 -2 0 18 -2 0 0 0 -1 0 -1 0 0 0 0 0 0 0 0 0 0 0 0 0 0 0 1583836345
-15993142 -14651064 20232592 6336775 -5865315 -7055920 -1241874 -146035 120589 -126028 -42795 -30111 -4209 -48750 -10838 -3634 -8382 -3080 -981 -652 -234 -129 -143 -309 -2 15 -13 79 -15 -2 0 1 -2 0 1 -2 0 0 -1 0 0 0 1 0 0 0 1 0 0 0 0 0 0 0 0 0 0 0 0 0 1583836345
-15264822 -14820493 20515491 4221253 -7737460 -6786285 -1832729 -141858 109313 -126001 -43222 -38780 -3987 -62033 -5202 -7203 -7097 -3312 -974 -671 -222 -160 780 -305 -3 -30 -12 -5 2 0 0 0 -1 2 2 0 0 0 0 0 0 1 0 0 0 -1 0 0 1 0 0 0 0 0 0 0 0 0 0 0 1583836345
-16090240 -15506418 21959613 5247804 -1338101 -7485378 -2417878 -142691 120415 -127692 -43865 -28787 -3358 104484 -9446 -3158 -5639 -2116 -939 -1780 -301 -139 -74 -426 -2 -23 -9 -4 2 1 0 2 -1 0 4 -3 0 -1 -2 -1 0 0 0 0 0 0 -1 0 0 0 0 0 0 0 0 0 0 0 0 0 1583836345
-16088246 -15503224 21958149 5140212 -4591351 -7538289 -2120179 -142494 119133 -127025 -43609 -14159 -3654 19643 -3369 7027 -8214 -5857 -1178 3928 -265 -3791 -9 -350 -3 19 -12 -17 -3 -14 0 -4 0 0 2 -1 0 9 0 -1 0 0 0 0 0 0 0 0 0 0 0 0 0 0 0 0 0 0 0 0 1583836345
-16089180 -15505525 21967374 5046153 -7306000 -7585097 -1876598 -142307 120609 -126466 -43385 -30127 -3936 -50344 -10895 -3657 -173 -3218 -1021 -726 -194 -162 2483 -378 -3 -32 -10 -2 1 0 0 1 1 0 4 -1 0 0 0 -1 0 0 0 1 0 0 0 0 0 0 0 0 0 0 0 0 0 0 0 0 1583836345
-16086993 -15508781 21974460 5022508 -7748114 -7590946 -1832406 -142248 120863 -126357 -43342 -26694 -3979 -62191 -11131 -3721 -7410 -3120 -973 -665 -224 -141 789 -301 -2 -26 -12 -3 3 3 0 3 0 0 2 0 0 0 0 0 0 0 0 0 0 0 0 0 0 0 0 0 0 0 0 0 0 0 0 0 1583836345
-16089053 -15494777 21923687 5520333 6224292 -7351590 -3109886 -143260 118820 -129288 -44495 -12423 -2593 301504 -3296 7503 -3536 -5691 -1230 4033 -386 -3785 39 -562 -2 20 -9 -17 -3 -14 0 -4 1 0 5 -3 0 9 0 -2 0 0 0 0 0 0 -1 0 0 0 0 0 0 0 0 0 0 0 0 0 1583836345
-16088244 -15503061 21957725 5142482 -4532095 -7537189 -2125566 -142499 119133 -127037 -43613 -14040 -3648 21433 -3385 6988 -7938 -5717 -1196 4423 -263 -3881 97 -353 -3 16 -12 -18 -3 -14 0 -4 0 0 2 0 0 9 2 0 0 0 0 0 0 0 0 0 0 0 0 0 0 0 0 0 0 0 0 0 1583836345
-16089053 -15505161 21967494 5028498 -7840631 -7593863 -1828235 -142275 120625 -126357 -43342 -30211 -3988 -64329 -10900 -3680 -511 -3234 -1025 -735 -189 -156 -195 -326 -4 -25 -9 -2 1 0 0 1 0 0 0 3 0 0 0 -1 0 0 0 0 1 0 -2 -1 0 -1 0 0 0 0 0 0 0 0 0 0 1583836345
-16088188 -15510159 21976727 5033428 -7455499 -7589990 -1861678 -142270 119317 -126423 -43370 -28056 -3949 -54440 -9591 -2084 -1970 -3505 -1032 -345 -201 -221 -138 -276 -4 -26 -10 -6 1 0 0 1 -3 0 -2 1 0 0 0 -1 0 0 0 0 0 0 1 -1 0 0 0 0 0 0 0 0 0 0 0 0 1583836345
-16090015 -15505109 21958353 5199684 -2893616 -7512943 417823 -138348 120473 -119964 -39930 -30147 -4985 -70718 -10689 -3599 -8181 -3130 -1013 -666 -218 -124 -529 -315 -2 -25 -13 -4 1 0 0 1 -3 0 1 0 0 0 -1 2 0 0 0 0 0 0 0 0 0 1 0 -1 0 0 -1 0 0 0 0 0 1583836345
-16088558 -15506171 21961017 5183666 -3279101 -7519339 28234 -138988 119187 -121046 -40492 -27820 -4777 -55864 -9061 -1910 -8611 -3226 -1009 -527 -228 -220 -439 -338 -2 -25 -11 -6 1 0 0 1 0 0 4 0 0 0 0 1 0 0 1 0 1 0 0 1 -1 3 0 1 -1 0 2 0 0 0 0 -1 1583836345
-16089719 -15509095 21973417 5060932 -6741106 -7578303 -1219013 -141206 120592 -124625 -42422 -30214 -4265 -69212 -10849 -3666 -4545 -3172 -1006 -694 -205 -145 86 -332 -3 -26 -12 -4 1 0 0 1 -2 0 0 -2 0 0 1 1 0 0 1 0 0 0 1 0 0 0 0 0 0 0 0 0 0 0 0 0 1583836345
-16088165 -15510400 21977443 5028085 -7601051 -7592592 -1847146 -142257 119300 -126388 -43355 -28082 -3965 -58256 -9540 -2086 -4218 -3428 -1013 -365 -210 -176 92 -333 -3 -27 -11 -6 1 0 0 1 -1 0 -1 -3 0 0 2 0 0 0 0 0 0 0 0 0 0 0 0 0 0 0 0 0 0 0 0 0 1583836345
-16086799 -15504676 21957942 5178145 -3480726 -7521643 219611 -138711 117829 -120528 -40228 -25692 -4883 -67947 -8262 -239 -8700 -4022 -1056 474 -221 -281 676 -318 -2 -27 -9 -6 1 -1 0 1 0 0 4 0 0 0 0 0 0 0 0 0 0 0 0 0 0 1 0 0 0 0 1 0 0 0 0 0 1583836345
-16077002 -15500792 21953474 5083821 -6213105 -7561558 -1231128 -141245 110185 -124652 -42441 -11497 -4226 -60272 53713 8854 -8256 35960 1591 -50972 -231 2252 -34 -253 8 -53 -10 -18 -8 -14 0 -4 -1 1 1 -1 0 0 0 1 0 1 1 0 0 1 -1 0 0 0 0 0 -1 0 0 0 0 0 0 1 1583836345
-16088614 -15508500 21970155 5097950 -5633419 -7557912 -910520 -140634 120688 -123728 -41931 -28364 -4375 -59745 -10916 -3651 -3674 -3192 -1020 -713 -205 -141 -172 -281 -3 -25 -10 -4 2 1 0 2 -2 0 -2 2 0 0 1 -2 0 0 -1 0 -1 0 0 0 0 0 0 0 0 0 0 0 0 0 0 0 1583836345
-16092228 -15468970 21814324 6603353 36298587 -6847034 15975406 -110958 119466 -75549 -16131 -27208 -11670 -27880 -9150 -2801 5287 -3572 -1417 -905 -135 -41 -3935 -758 -1 -22 0 -3 2 1 0 3 -1 0 2 -8 0 0 1 11 2 0 12 -1 7 -1 -11 4 -3 14 -3 14 -2 1 0 2 0 -1 -1 -3 1583836345
-16081522 -15494510 21926282 5384810 2266430 -7415845 2667981 -134451 116731 -113569 -36526 -19091 -5966 -78513 -6404 2137 -2482 -4716 -1180 1028 -178 -221 -561 143 -5 -23 -23 -2 3 4 0 3 -5 0 0 -3 0 0 4 2 0 0 3 -1 0 0 -1 0 0 2 0 2 0 0 0 0 0 0 0 0 1583836345
-16085048 -15505789 21964406 5086690 -6075274 -7564860 -314657 -139749 116685 -122121 -41144 -24186 -4758 -113353 -6677 1006 -9854 -3878 -1022 253 -206 -342 -184 -279 -2 -24 -13 -6 1 -1 0 1 0 0 3 0 0 0 0 1 0 0 0 0 0 0 0 0 0 0 0 0 0 0 0 0 0 0 0 0 1583836345
-15964877 -15413820 21757250 5159675 -5860436 -7477626 -1098557 -141577 22677 -124330 -42315 118342 -4082 -60645 86894 107696 -9221 -20318 -1918 20410 -203 -2475 -146 -246 -5 0 -15 -2 5 2 0 2 -3 0 1 1 0 1 0 0 0 0 0 0 0 0 -1 0 0 0 0 0 -1 0 0 0 0 0 0 1 1583836345
-16086720 -15506977 21966342 5105469 -5483819 -7555592 -848495 -140538 117952 -123554 -41845 -26017 -4411 -63332 -8341 -512 -8965 -3788 -1023 207 -228 -275 -200 -312 -2 -25 -12 -6 1 0 0 1 -1 0 3 0 0 0 0 0 0 0 0 0 1 0 -1 0 0 0 0 0 -1 0 0 0 0 0 0 1 1583836345
-16069513 -15327889 21604034 5362242 -5640036 -7453140 -639544 -140676 120561 -123279 -41648 -30278 -4553 -82433 -10808 -3670 -9408 -3127 618 -587 -217 -128 -195 -294 -2 57 -14 164 -33 -4 0 1 0 0 3 0 1 0 0 1 0 0 0 0 0 0 0 0 0 0 0 0 0 0 0 0 0 0 0 0 1583836345
-16086564 -15509476 21975761 5018660 -7893297 -7596571 -1818556 -142242 118055 -126322 -43330 -26325 -3994 -66025 -8313 -740 -7545 -3554 -999 -102 -222 -212 -35 -309 -3 -26 -12 -6 2 0 0 1 0 0 3 0 0 0 0 1 0 0 0 0 0 0 0 0 0 0 -1 0 0 0 0 1 0 0 0 0 1583836345
-16089411 -15507993 21972850 5032545 -7600800 -7591512 -1847205 -142270 120618 -126393 -43356 -30178 -3968 -58229 -10908 -3677 -5272 -3136 -988 -678 -215 -147 1093 -324 -3 -28 -10 -2 1 0 0 1 0 0 3 -1 0 0 0 -1 0 0 0 0 0 0 0 0 0 0 0 0 0 0 0 0 0 0 0 0 1583836345
-16085591 -15507560 21972094 5017654 -7886254 -7590803 -1819988 -142243 120975 -126330 -43332 -24982 -3989 -65802 -11238 -3743 -7260 -3142 -976 -678 -222 -139 -39 -305 -3 -22 -12 -1 4 5 0 4 -1 0 1 0 0 0 0 0 0 0 2 0 0 0 0 0 0 0 0 0 0 0 1 -1 0 0 0 0 1583838187
-16088160 -15510490 21978088 5018287 -7886656 -7597431 -1819936 -142237 119329 -126325 -43330 -27962 -3995 -65815 -9371 -2002 -6813 -3339 -991 -413 -219 -253 -76 -275 -3 -25 -13 -6 1 0 0 1 -2 0 0 1 0 0 0 0 0 0 0 0 0 0 0 0 0 0 0 0 0 0 0 0 0 0 0 0 1583838187
-16088283 -15509441 21973650 5064761 -6581731 -7575324 -1406546 -141489 119291 -125132 -42681 -28045 -4155 -57069 -9390 -2074 -5959 -3314 -1004 -464 -218 -205 -170 -146 -4 -26 -18 -6 1 0 0 1 -1 0 0 0 0 0 0 0 0 0 -2 2 1 0 1 0 0 -1 0 0 0 0 0 0 0 0 0 0 1583838187
-16089519 -15507259 21969595 5066466 -6653787 -7575670 -1323720 -141375 120590 -124912 -42567 -30180 -4206 -62399 -10863 -3664 -7989 -3100 -980 -655 -225 -136 411 -302 -2 -26 -12 -2 1 0 0 1 0 0 2 0 0 0 0 0 0 0 0 0 0 0 0 0 0 0 0 0 0 0 0 0 0 0 0 0 1583838187
-16087520 -15507183 21966757 5108158 -5401044 -7554756 -811027 -140471 118590 -123444 -41780 -26306 -4417 -59513 -8140 -1062 -8832 -2809 -1038 954 -226 -233 -105 -293 -2 -38 -13 -6 0 0 0 1 -1 0 0 -1 0 -1 1 0 0 0 0 0 0 0 0 0 0 0 0 0 0 0 0 0 0 0 0 0 1583838187
-16089551 -15506226 21966079 5096441 -5823355 -7561288 -1180804 -141091 120564 -124484 -42324 -30106 -4244 -51346 -10841 -3639 -8700 -3080 -980 -649 -234 -129 -102 -260 -2 -25 -13 -2 1 0 0 1 -1 0 0 1 0 0 0 -1 0 0 0 0 0 0 0 0 0 0 0 0 0 0 0 0 0 0 0 0 1583838187
-16086492 -15508877 21974535 5019763 -7885949 -7596096 -1820314 -142247 118044 -126328 -43332 -26146 -3992 -65771 -8334 -610 -6322 -3704 -1015 26 -216 -264 -100 -312 -3 -25 -13 -6 1 0 0 1 -1 0 1 -1 0 0 0 1 0 0 0 0 1 0 0 0 0 0 0 0 1 0 -1 0 0 0 0 0 1583838187
-16089351 -15507850 21972997 5023450 -7874396 -7596024 -1820986 -142251 120627 -126333 -43332 -30223 -3997 -65477 -10913 -3691 -7039 -3115 -978 -665 -221 -141 -59 -276 -3 -25 -13 -2 1 0 0 1 -2 0 0 1 0 0 0 0 0 0 0 0 0 0 0 0 0 0 0 0 1 0 0 0 0 0 0 0 1583838187
-16083127 -15503902 21964364 5024761 -7748203 -7580787 -1832438 -142271 122283 -126368 -43349 -17832 -3963 -62246 -11677 -3805 -6377 -3203 -982 -711 -219 -137 -38 -302 -3 4 -13 1 6 9 0 -14 -2 -8 0 -1 0 0 0 0 0 0 -1 0 0 0 0 0 0 0 0 0 0 0 0 0 0 0 0 0 1583838187
-16086032 -15504725 21961530 5118245 -5099337 -7541945 -1031030 -140800 121538 -124045 -42084 -22634 -4282 -44452 -11280 -3693 -8850 -3118 -982 -669 -238 -124 -192 -276 -2 -8 -14 -1 4 5 0 -7 -3 -5 0 0 0 0 0 1 0 0 0 0 1 0 0 0 0 1 0 0 0 0 1 0 0 0 0 0 1583838187
-16058976 -15475043 21904541 5030549 -7888054 -7527244 -1820060 -142388 128263 -126394 -43369 26675 -3900 -66137 -14435 -4255 -7978 -3461 -967 -813 -225 -121 43 -303 -3 116 -14 28 21 46 0 -71 2 -40 3 -2 0 0 0 0 0 1 0 0 0 0 0 0 0 0 0 0 0 0 0 0 0 0 0 0 1583838187
-16087040 -15500226 21953265 5117032 -5120456 -7534475 -773124 -140396 128385 -123351 -41725 -12238 -4403 -55540 -3013 8728 -8710 -7331 -1251 4929 -227 -3899 -216 -326 -3 24 -14 -17 -3 -14 0 -4 -1 0 3 -1 0 9 0 -1 0 0 0 0 0 0 0 0 0 0 0 0 0 0 0 0 0 0 0 0 1583838187
-16082763 -15494403 21941172 5106482 -5844002 -7553483 -1051612 -140957 115869 -124157 -42167 5394 -4261 -57986 10288 18961 -5318 -3255 -1488 12984 -184 -7568 -26 -328 -4 -6 -13 -30 -14 -25 0 -10 -1 2 -1 -2 0 18 5 0 -1 0 0 0 -1 0 0 0 0 0 0 0 0 0 0 0 0 0 0 0 1583838187
-15672124 -15152906 21205978 4911843 -110617 -7055196 1600150 -136158 107386 -116423 -38055 -17784 -5443 -59009 -3512 5718 -8405 -4216 -1089 606 -219 -215 -549 -352 -2 -14 -11 -6 2 0 0 1 0 0 0 -2 0 -1 2 0 0 0 0 0 -1 0 0 0 0 0 0 0 0 0 0 0 0 0 0 0 1583838187
-16087668 -15505916 21968515 5030391 -7707274 -7592021 -1802000 -142221 118952 -126281 -43306 -16009 -3977 -62838 -4542 6195 -4897 -6528 -1187 3306 -209 -3445 -188 -274 -4 21 -13 -16 -2 -13 0 -4 -1 0 0 0 0 8 1 1 0 0 0 0 0 0 1 0 0 0 0 0 0 0 0 0 0 0 0 0 1583838187
-16088116 -15481004 21901722 5386376 1513132 -7426055 1726348 -136076 120338 -116222 -37908 -29982 -5523 -53683 -10538 -3505 -6455 -3164 -1053 -692 -215 -115 -812 -324 -2 -16 -14 13 -2 -1 0 1 -1 0 -1 -2 0 -1 1 0 0 0 0 0 -1 0 0 0 0 0 0 0 0 0 0 0 0 0 0 0 1583838187
-16082271 -15499702 21945299 5219250 -2392025 -7498282 455019 -138284 115299 -119837 -39843 -20732 -4945 -54121 -5820 2304 -6507 -4237 -1088 638 -216 -241 -371 -78 -4 -24 -18 -4 2 1 0 2 -2 0 -1 -2 0 0 4 0 0 0 0 0 0 0 1 0 0 0 1 0 0 0 0 0 0 0 0 0 1583838187
-15852936 -15308955 21546093 4913855 -5152177 -7309245 -2072976 -142433 110771 -126847 -43563 2825 -3687 -464 -32 8626 -180 -3854 -1044 -230 -217 -429 -494 -233 -5 0 -13 -5 2 0 0 1 -7 0 -1 3 0 0 -5 0 0 0 1 0 2 0 -1 0 0 3 -1 3 1 0 -2 1 0 0 0 -1 1583838187
-16060706 -15485455 21922027 5059109 -6092137 -7536519 -1288030 -141269 119312 -124780 -42489 -23180 -4187 -52025 -9436 -2054 -7941 -3097 -978 -727 -230 -195 -64 -297 -2 -20 -13 -5 2 1 0 2 -2 0 0 0 0 0 1 0 0 0 -1 0 0 0 0 0 0 0 0 0 0 0 0 0 0 0 0 0 1583838187
-16087020 -15487191 21931140 5052997 -7887688 -7584023 -1820200 -142368 120628 -126364 -43340 -30226 -3998 -65766 -10915 -3692 -7628 -3104 -974 -658 -223 -139 -4 -307 -3 -15 -12 16 -2 -1 0 1 0 0 2 0 0 0 0 0 0 0 0 0 0 0 1 0 0 0 0 0 0 0 0 0 0 0 0 0 1583838187
-16059838 -15480433 21904030 5191076 -2955071 -7508741 -235118 -139448 97576 -121739 -40846 -15126 -4591 -34193 -10466 -4107 -9417 -1360 -981 -240 -240 -205 -290 -331 -3 -34 -13 -7 0 0 0 1 1 0 3 -2 0 0 -2 -2 0 0 0 0 0 0 0 0 0 0 0 0 0 0 0 0 0 0 0 0 1583838187
-16087653 -15489308 21931667 5124115 -5729233 -7549622 -1278944 -141334 120562 -124777 -42467 -30070 -4187 -44737 -10846 -3631 -8317 -3080 -982 -653 -236 -129 -117 -322 -2 -25 -12 -2 1 0 0 1 -1 0 3 -1 0 0 -1 0 0 0 0 0 0 0 0 0 0 0 0 0 0 0 0 0 0 0 0 0 1583838187
-15951611 -15407186 21745003 5093251 -7883312 -7505303 -1822691 -142932 11011 -126421 -43455 136583 -3763 -66873 155829 121143 -4781 21247 804 -33182 -183 386 -71 -295 6 -35 -9 -16 -6 -13 0 -4 0 1 1 -2 0 2 1 2 0 1 0 0 2 0 0 1 0 0 0 1 2 0 -2 0 0 -1 0 0 1583838187
-16072128 -15354065 21660124 5270620 -7172917 -7493236 -1891517 -142630 120607 -126744 -43468 -30103 -3918 -46674 -10881 -3642 5475 -3350 315 -747 -165 -164 -585 -202 -6 46 -13 142 -28 -4 0 1 -9 0 -2 6 0 0 -1 0 0 0 -1 1 1 0 4 -2 1 0 0 0 0 0 0 0 0 0 0 0 1583838187
-16081402 -15479573 21903147 5295209 -402941 -7433306 1020581 -137288 133437 -118260 -38994 22095 -5109 -44938 12718 32361 -6148 -14721 -1806 15813 -205 -11087 -900 -326 -5 116 -16 -39 -13 -41 0 -17 -6 2 0 0 0 30 0 0 1 0 2 0 0 0 -1 0 0 1 0 -2 -1 0 -1 1 0 0 0 1 1583838187
-16086327 -15506295 21967075 5068524 -6484008 -7568822 -1403412 -141484 120327 -125136 -42705 -23775 -4183 -68145 -4395 -473 -7699 934 -1068 3551 -205 -666 -157 -59 -3 -77 -18 -8 -3 0 0 1 -4 0 1 -1 0 0 0 2 -1 0 0 0 0 0 0 0 0 0 1 0 0 0 0 0 0 0 0 0 1583838187
-16052485 -15433261 21806509 5306113 -1527352 -7425841 780659 -138041 108050 -119049 -39450 118177 -4881 -52309 85036 87978 -5465 8527 -3062 61870 -56 -28728 -938 -341 -7 -100 -16 -101 -75 -90 0 -42 -2 6 -2 -5 -1 71 8 0 -8 -4 1 0 -2 4 0 -1 0 0 0 0 0 -2 0 0 0 0 1 0 1583838187
-14147601 -14021323 18679271 4241110 -4710652 -7088288 -564428 -142226 -1087573 -121057 -40992 -14483 -4461 -56493 14559 24827 -7189 -4947 -1062 1525 -213 -398 4019 -279 -50 -2 -14 0 6 8 0 5 -5 -1 2 0 0 0 0 1 0 0 1 0 0 -1 0 0 0 0 0 0 0 0 0 0 0 0 0 0 1583838187
-16083027 -15506239 21969220 5011931 -7893185 -7590662 -1818550 -142229 120639 -126320 -43328 -27966 -3996 -66008 -11064 -3707 -7768 -3113 -972 -667 -224 -139 -22 -305 -3 -22 -12 -6 1 0 0 1 0 0 3 0 0 0 0 1 0 0 0 0 0 0 0 0 0 0 -1 0 0 0 0 1 0 0 0 0 1583838187
-16087688 -15505979 21968238 5039016 -7449605 -7587688 -1862797 -142296 118928 -126441 -43392 -16218 -3951 -60290 -3079 5207 -9580 -3598 -1162 4630 -213 -3516 -45 7526 -41 -2 -206 -22 -4 -11 -1 -6 -31 2 26 -30 -1 7 5 -12 -3 1 0 -13 1 0 2 -2 1 -1 -19 0 -4 2 -4 -8 0 -1 0 0 1583838187
-16086085 -15493348 21929884 5290430 -670709 -7469469 1420607 -136665 117028 -117129 -38407 -1831 -5360 -64280 2417 15709 -7850 -8820 -1443 8370 -208 -6743 -795 -284 -4 56 -15 -27 -7 -25 0 -9 -2 1 3 -2 0 18 -2 0 0 0 -1 0 -1 0 0 0 0 0 0 0 0 0 0 0 0 0 0 0 1583838187
-15993142 -14651064 20232592 6336775 -5865315 -7055920 -1241874 -146035 120589 -126028 -42795 -30111 -4209 -48750 -10838 -3634 -8382 -3080 -981 -652 -234 -129 -143 -309 -2 15 -13 79 -15 -2 0 1 -2 0 1 -2 0 0 -1 0 0 0 1 0 0 0 1 0 0 0 0 0 0 0 0 0 0 0 0 0 1583838187
-15264822 -14820493 20515491 4221253 -7737460 -6786285 -1832729 -141858 109313 -126001 -43222 -38780 -3987 -62033 -5202 -7203 -7097 -3312 -974 -671 -222 -160 780 -305 -3 -30 -12 -5 2 0 0 0 -1 2 2 0 0 0 0 0 0 1 0 0 0 -1 0 0 1 0 0 0 0 0 0 0 0 0 0 0 1583838187
-16090240 -15506418 21959613 5247804 -1338101 -7485378 -2417878 -142691 120415 -127692 -43865 -28787 -3358 104484 -9446 -3158 -5639 -2116 -939 -1780 -301 -139 -74 -426 -2 -23 -9 -4 2 1 0 2 -1 0 4 -3 0 -1 -2 -1 0 0 0 0 0 0 -1 0 0 0 0 0 0 0 0 0 0 0 0 0 1583838187
-16088246 -15503224 21958149 5140212 -4591351 -7538289 -2120179 -142494 119133 -127025 -43609 -14159 -3654 19643 -3369 7027 -8214 -5857 -1178 3928 -265 -3791 -9 -350 -3 19 -12 -17 -3 -14 0 -4 0 0 2 -1 0 9 0 -1 0 0 0 0 0 0 0 0 0 0 0 0 0 0 0 0 0 0 0 0 1583838187
-16089180 -15505525 21967374 5046153 -7306000 -7585097 -1876598 -142307 120609 -126466 -43385 -30127 -3936 -50344 -10895 -3657 -173 -3218 -1021 -726 -194 -162 2483 -378 -3 -32 -10 -2 1 0 0 1 1 0 4 -1 0 0 0 -1 0 0 0 1 0 0 0 0 0 0 0 0 0 0 0 0 0 0 0 0 1583838187
-16086993 -15508781 21974460 5022508 -7748114 -7590946 -1832406 -142248 120863 -126357 -43342 -26694 -3979 -62191 -11131 -3721 -7410 -3120 -973 -665 -224 -141 789 -301 -2 -26 -12 -3 3 3 0 3 0 0 2 0 0 0 0 0 0 0 0 0 0 0 0 0 0 0 0 0 0 0 0 0 0 0 0 0 1583838187
-16089053 -15494777 21923687 5520333 6224292 -7351590 -3109886 -143260 118820 -129288 -44495 -12423 -2593 301504 -3296 7503 -3536 -5691 -1230 4033 -386 -3785 39 -562 -2 20 -9 -17 -3 -14 0 -4 1 0 5 -3 0 9 0 -2 0 0 0 0 0 0 -1 0 0 0 0 0 0 0 0 0 0 0 0 0 1583838187
-16088244 -15503061 21957725 5142482 -4532095 -7537189 -2125566 -142499 119133 -127037 -43613 -14040 -3648 21433 -3385 6988 -7938 -5717 -1196 4423 -263 -3881 97 -353 -3 16 -12 -18 -3 -14 0 -4 0 0 2 0 0 9 2 0 0 0 0 0 0 0 0 0 0 0 0 0 0 0 0 0 0 0 0 0 1583838187
-16089053 -15505161 21967494 5028498 -7840631 -7593863 -1828235 -142275 120625 -126357 -43342 -30211 -3988 -64329 -10900 -3680 -511 -3234 -1025 -735 -189 -156 -195 -326 -4 -25 -9 -2 1 0 0 1 0 0 0 3 0 0 0 -1 0 0 0 0 1 0 -2 -1 0 -1 0 0 0 0 0 0 0 0 0 0 1583838187
-16088188 -15510159 21976727 5033428 -7455499 -7589990 -1861678 -142270 119317 -126423 -43370 -28056 -3949 -54440 -9591 -2084 -1970 -3505 -1032 -345 -201 -221 -138 -276 -4 -26 -10 -6 1 0 0 1 -3 0 -2 1 0 0 0 -1 0 0 0 0 0 0 1 -1 0 0 0 0 0 0 0 0 0 0 0 0 1583838187
-16090015 -15505109 21958353 5199684 -2893616 -7512943 417823 -138348 120473 -119964 -39930 -30147 -4985 -70718 -10689 -3599 -8181 -3130 -1013 -666 -218 -124 -529 -315 -2 -25 -13 -4 1 0 0 1 -3 0 1 0 0 0 -1 2 0 0 0 0 0 0 0 0 0 1 0 -1 0 0 -1 0 0 0 0 0 1583838187
-16088558 -15506171 21961017 5183666 -3279101 -7519339 28234 -138988 119187 -121046 -40492 -27820 -4777 -55864 -9061 -1910 -8611 -3226 -1009 -527 -228 -220 -439 -338 -2 -25 -11 -6 1 0 0 1 0 0 4 0 0 0 0 1 0 0 1 0 1 0 0 1 -1 3 0 1 -1 0 2 0 0 0 0 -1 1583838187
-16089719 -15509095 21973417 5060932 -6741106 -7578303 -1219013 -141206 120592 -124625 -42422 -30214 -4265 -69212 -10849 -3666 -4545 -3172 -1006 -694 -205 -145 86 -332 -3 -26 -12 -4 1 0 0 1 -2 0 0 -2 0 0 1 1 0 0 1 0 0 0 1 0 0 0 0 0 0 0 0 0 0 0 0 0 1583838187
-16088165 -15510400 21977443 5028085 -7601051 -7592592 -1847146 -142257 119300 -126388 -43355 -28082 -3965 -58256 -9540 -2086 -4218 -3428 -1013 -365 -210 -176 92 -333 -3 -27 -11 -6 1 0 0 1 -1 0 -1 -3 0 0 2 0 0 0 0 0 0 0 0 0 0 0 0 0 0 0 0 0 0 0 0 0 1583838187
-16086799 -15504676 21957942 5178145 -3480726 -7521643 219611 -138711 117829 -120528 -40228 -25692 -4883 -67947 -8262 -239 -8700 -4022 -1056 474 -221 -281 676 -318 -2 -27 -9 -6 1 -1 0 1 0 0 4 0 0 0 0 0 0 0 0 0 0 0 0 0 0 1 0 0 0 0 1 0 0 0 0 0 1583838187
-16077002 -15500792 21953474 5083821 -6213105 -7561558 -1231128 -141245 110185 -124652 -42441 -11497 -4226 -60272 53713 8854 -8256 35960 1591 -50972 -231 2252 -34 -253 8 -53 -10 -18 -8 -14 0 -4 -1 1 1 -1 0 0 0 1 0 1 1 0 0 1 -1 0 0 0 0 0 -1 0 0 0 0 0 0 1 1583838187
-16088614 -15508500 21970155 5097950 -5633419 -7557912 -910520 -140634 120688 -123728 -41931 -28364 -4375 -59745 -10916 -3651 -3674 -3192 -1020 -713 -205 -141 -172 -281 -3 -25 -10 -4 2 1 0 2 -2 0 -2 2 0 0 1 -2 0 0 -1 0 -1 0 0 0 0 0 0 0 0 0 0 0 0 0 0 0 1583838187
-16092228 -15468970 21814324 6603353 36298587 -6847034 15975406 -110958 119466 -75549 -16131 -27208 -11670 -27880 -9150 -2801 5287 -3572 -1417 -905 -135 -41 -3935 -758 -1 -22 0 -3 2 1 0 3 -1 0 2 -8 0 0 1 11 2 0 12 -1 7 -1 -11 4 -3 14 -3 14 -2 1 0 2 0 -1 -1 -3 1583838187
-16081522 -15494510 21926282 5384810 2266430 -7415845 2667981 -134451 116731 -113569 -36526 -19091 -5966 -78513 -6404 2137 -2482 -4716 -1180 1028 -178 -221 -561 143 -5 -23 -23 -2 3 4 0 3 -5 0 0 -3 0 0 4 2 0 0 3 -1 0 0 -1 0 0 2 0 2 0 0 0 0 0 0 0 0 1583838187
-16085048 -15505789 21964406 5086690 -6075274 -7564860 -314657 -139749 116685 -122121 -41144 -24186 -4758 -113353 -6677 1006 -9854 -3878 -1022 253 -206 -342 -184 -279 -2 -24 -13 -6 1 -1 0 1 0 0 3 0 0 0 0 1 0 0 0 0 0 0 0 0 0 0 0 0 0 0 0 0 0 0 0 0 1583838187
-15964877 -15413820 21757250 5159675 -5860436 -7477626 -1098557 -141577 22677 -124330 -42315 118342 -4082 -60645 86894 107696 -9221 -20318 -1918 20410 -203 -2475 -146 -246 -5 0 -15 -2 5 2 0 2 -3 0 1 1 0 1 0 0 0 0 0 0 0 0 -1 0 0 0 0 0 -1 0 0 0 0 0 0 1 1583838187
-16086720 -15506977 21966342 5105469 -5483819 -7555592 -848495 -140538 117952 -123554 -41845 -26017 -4411 -63332 -8341 -512 -8965 -3788 -1023 207 -228 -275 -200 -312 -2 -25 -12 -6 1 0 0 1 -1 0 3 0 0 0 0 0 0 0 0 0 1 0 -1 0 0 0 0 0 -1 0 0 0 0 0 0 1 1583838187
-16069513 -15327889 21604034 5362242 -5640036 -7453140 -639544 -140676 120561 -123279 -41648 -30278 -4553 -82433 -10808 -3670 -9408 -3127 618 -587 -217 -128 -195 -294 -2 57 -14 164 -33 -4 0 1 0 0 3 0 1 0 0 1 0 0 0 0 0 0 0 0 0 0 0 0 0 0 0 0 0 0 0 0 1583838187
-16086564 -15509476 21975761 5018660 -7893297 -7596571 -1818556 -142242 118055 -126322 -43330 -26325 -3994 -66025 -8313 -740 -7545 -3554 -999 -102 -222 -212 -35 -309 -3 -26 -12 -6 2 0 0 1 0 0 3 0 0 0 0 1 0 0 0 0 0 0 0 0 0 0 -1 0 0 0 0 1 0 0 0 0 1583838187
-16089411 -15507993 21972850 5032545 -7600800 -7591512 -1847205 -142270 120618 -126393 -43356 -30178 -3968 -58229 -10908 -3677 -5272 -3136 -988 -678 -215 -147 1093 -324 -3 -28 -10 -2 1 0 0 1 0 0 3 -1 0 0 0 -1 0 0 0 0 0 0 0 0 0 0 0 0 0 0 0 0 0 0 0 0 1583838187
