-15960668 -15403726 21751428 4904132 -7621643 -7465273 -1843832 -142198 118608 -126327 -43334 -28076 -3968 -59015 -11311 -3522 -9719 -3066 -958 -649 -237 -141 111 -177 -3 -21 -11 -4 2 1 0 2 1 0 0 0 0 0 0 0 0 0 0 1 0 0 1 -1 1 0 0 0 0 0 0 0 0 0 0 0 1583836345
-16088132 -15510618 21978347 5017917 -7890622 -7597581 -1820193 -142236 119300 -126326 -43331 -28129 -3998 -66374 -9576 -2103 -9651 -3357 -976 -281 -232 -168 82 24 -4 -17 717 -5 2 0 0 1 3 0 2 0 0 0 0 1 0 0 0 0 -1 0 0 0 0 0 0 0 0 0 0 0 0 -1 0 0 1583836345
-16088179 -15510630 21978381 5017906 -7892221 -7597606 -1819031 -142235 119338 -126323 -43329 -28144 -3998 -66233 -9495 -2129 -9657 -3278 -970 -387 -232 -203 84 -125 -3 -21 363 -6 2 0 0 1 0 0 2 0 0 0 0 0 0 0 0 0 0 0 0 0 0 0 0 0 0 0 0 0 0 0 0 0 1583836345
-16089482 -15507670 21971124 5055708 -6933548 -7580113 -1906410 -142313 120599 -126527 -43407 -30079 -3906 -40993 -10911 -3656 -9879 -3038 -958 -631 -247 -130 339 -271 -2 -25 -4 -2 1 0 0 1 2 0 0 -1 0 -1 1 -1 0 0 1 0 0 0 0 0 0 0 0 0 0 0 0 0 0 0 0 0 1583836345
-16088393 -15508253 21968593 5126653 -4795810 -7544180 -2101222 -142452 119231 -126967 -43581 -27631 -3695 14638 -9497 -1973 -10426 -3225 -971 -319 -278 -187 282 -296 -2 -26 -6 -6 1 0 0 1 2 0 0 -1 0 0 1 0 0 0 1 0 0 0 0 0 0 0 0 0 0 0 0 0 0 0 0 0 1583836345
-16089819 -15508183 21969376 5114066 -5195769 -7551223 -2064767 -142425 120546 -126885 -43547 -29809 -3737 4261 -10896 -3583 -10315 -2986 -957 -622 -272 -119 335 -303 -2 -26 -6 -4 1 0 0 1 2 0 1 0 0 0 0 -1 0 0 0 0 0 0 0 0 0 0 0 0 0 0 0 0 0 0 0 0 1583836345
-16088781 -15503445 21950602 5273256 -835102 -7478605 2168802 -135438 119105 -115051 -37334 -28185 -5816 -103655 -9524 -2013 -16943 -3537 -1011 79 -239 -188 -225 -119 -1 -26 1 -6 1 0 0 1 7 0 -6 3 0 -1 0 -2 0 0 -1 -1 3 0 0 0 0 0 0 0 -1 0 0 1 0 0 0 -1 1583836345
-16084554 -15504588 21960705 5131043 -4634599 -7533109 -2115929 -142472 120653 -127005 -43596 -23419 -3671 18804 -11287 -3617 -10464 -3011 -957 -638 -280 -113 255 -283 -2 -21 -4 0 5 8 0 5 1 0 -1 0 0 0 0 0 0 0 0 0 0 0 0 0 0 0 0 0 0 0 0 0 0 0 0 0 1583836345
-16089823 -15507263 21966441 5138120 -4527662 -7539452 -2128897 -142479 120526 -127034 -43608 -29708 -3671 21340 -10890 -3555 -10461 -2969 -958 -619 -280 -115 278 679 -6 -25 -27 -5 1 0 0 2 15 0 -5 1 0 -1 0 -3 0 0 0 11 -3 0 2 0 0 -1 -1 0 -1 0 1 0 0 0 0 0 1583836345
-16088236 -15509788 21975176 5050899 -6957877 -7581416 -1903906 -142300 119307 -126517 -43406 -27875 -3908 -42324 -9526 -1999 -9887 -3353 -976 -255 -246 -236 85 -164 -3 -25 -14 -6 1 0 0 1 0 0 0 0 0 0 -2 0 0 0 1 2 0 0 0 0 0 0 0 -1 0 0 0 0 0 0 0 0 1583836345
-16090323 -15502907 21947728 5354043 1635218 -7433342 -2689995 -142906 120338 -128329 -44147 -28864 -3119 164236 -10846 -3328 -11777 -2807 -956 -593 -360 -79 -60 866 -7 -23 -36 -5 1 0 0 1 2 0 1 -1 0 0 -2 0 0 0 3 5 1 0 -2 1 -1 3 -1 4 0 0 0 0 0 1 2 4 1583836345
-15960668 -15403726 21751428 4904132 -7621643 -7465273 -1843832 -142198 118608 -126327 -43334 -28076 -3968 -59015 -11311 -3522 -9719 -3066 -958 -649 -237 -141 111 -177 -3 -21 -11 -4 2 1 0 2 1 0 0 0 0 0 0 0 0 0 0 1 0 0 1 -1 1 0 0 0 0 0 0 0 0 0 0 0 1583838187
-16088132 -15510618 21978347 5017917 -7890622 -7597581 -1820193 -142236 119300 -126326 -43331 -28129 -3998 -66374 -9576 -2103 -9651 -3357 -976 -281 -232 -168 82 24 -4 -17 717 -5 2 0 0 1 3 0 2 0 0 0 0 1 0 0 0 0 -1 0 0 0 0 0 0 0 0 0 0 0 0 -1 0 0 1583838187
-16088179 -15510630 21978381 5017906 -7892221 -7597606 -1819031 -142235 119338 -126323 -43329 -28144 -3998 -66233 -9495 -2129 -9657 -3278 -970 -387 -232 -203 84 -125 -3 -21 363 -6 2 0 0 1 0 0 2 0 0 0 0 0 0 0 0 0 0 0 0 0 0 0 0 0 0 0 0 0 0 0 0 0 1583838187
-16089482 -15507670 21971124 5055708 -6933548 -7580113 -1906410 -142313 120599 -126527 -43407 -30079 -3906 -40993 -10911 -3656 -9879 -3038 -958 -631 -247 -130 339 -271 -2 -25 -4 -2 1 0 0 1 2 0 0 -1 0 -1 1 -1 0 0 1 0 0 0 0 0 0 0 0 0 0 0 0 0 0 0 0 0 1583838187
-16088393 -15508253 21968593 5126653 -4795810 -7544180 -2101222 -142452 119231 -126967 -43581 -27631 -3695 14638 -9497 -1973 -10426 -3225 -971 -319 -278 -187 282 -296 -2 -26 -6 -6 1 0 0 1 2 0 0 -1 0 0 1 0 0 0 1 0 0 0 0 0 0 0 0 0 0 0 0 0 0 0 0 0 1583838187
-16089819 -15508183 21969376 5114066 -5195769 -7551223 -2064767 -142425 120546 -126885 -43547 -29809 -3737 4261 -10896 -3583 -10315 -2986 -957 -622 -272 -119 335 -303 -2 -26 -6 -4 1 0 0 1 2 0 1 0 0 0 0 -1 0 0 0 0 0 0 0 0 0 0 0 0 0 0 0 0 0 0 0 0 1583838187
-16088781 -15503445 21950602 5273256 -835102 -7478605 2168802 -135438 119105 -115051 -37334 -28185 -5816 -103655 -9524 -2013 -16943 -3537 -1011 79 -239 -188 -225 -119 -1 -26 1 -6 1 0 0 1 7 0 -6 3 0 -1 0 -2 0 0 -1 -1 3 0 0 0 0 0 0 0 -1 0 0 1 0 0 0 -1 1583838187
-16084554 -15504588 21960705 5131043 -4634599 -7533109 -2115929 -142472 120653 -127005 -43596 -23419 -3671 18804 -11287 -3617 -10464 -3011 -957 -638 -280 -113 255 -283 -2 -21 -4 0 5 8 0 5 1 0 -1 0 0 0 0 0 0 0 0 0 0 0 0 0 0 0 0 0 0 0 0 0 0 0 0 0 1583838187
-16089823 -15507263 21966441 5138120 -4527662 -7539452 -2128897 -142479 120526 -127034 -43608 -29708 -3671 21340 -10890 -3555 -10461 -2969 -958 -619 -280 -115 278 679 -6 -25 -27 -5 1 0 0 2 15 0 -5 1 0 -1 0 -3 0 0 0 11 -3 0 2 0 0 -1 -1 0 -1 0 1 0 0 0 0 0 1583838187
-16088236 -15509788 21975176 5050899 -6957877 -7581416 -1903906 -142300 119307 -126517 -43406 -27875 -3908 -42324 -9526 -1999 -9887 -3353 -976 -255 -246 -236 85 -164 -3 -25 -14 -6 1 0 0 1 0 0 0 0 0 0 -2 0 0 0 1 2 0 0 0 0 0 0 0 -1 0 0 0 0 0 0 0 0 1583838187
-16090323 -15502907 21947728 5354043 1635218 -7433342 -2689995 -142906 120338 -128329 -44147 -28864 -3119 164236 -10846 -3328 -11777 -2807 -956 -593 -360 -79 -60 866 -7 -23 -36 -5 1 0 0 1 2 0 1 -1 0 0 -2 0 0 0 3 5 1 0 -2 1 -1 3 -1 4 0 0 0 0 0 1 2 4 1583838187
