-16089816 -15498242 21932508 5436656 3718910 -7399023 2947306 -133881 120518 -112728 -36026 -27163 -6004 -44819 -9670 -3678 26386 -2617 -1304 -810 -43 -244 -342 4300 -32 -28 -126 -4 5 0 0 0 -46 1 0 -23 -1 -1 5 7 3 0 0 -6 10 0 -8 1 -1 -4 9 -3 0 0 2 2 0 2 0 -2 1583836345
-16076895 -15500631 21957326 5007422 -7825599 -7583940 -1838039 -142248 120799 -126371 -43354 -29127 -3972 -63434 -10660 -3764 17596 -3109 -1155 -758 -99 -226 -1171 -368 -8 -25 -9 -5 1 0 0 1 0 0 10 -6 0 0 2 3 0 0 -4 1 0 0 0 0 0 0 0 0 0 0 0 0 0 0 0 0 1583836345
-16062731 -15483919 21922647 5001514 -7757366 -7561064 -1839906 -142263 124101 -126382 -43359 -20829 -3957 -62115 -10750 -4022 11845 -2337 -1112 -442 -126 -253 -1007 -79 -8 -28 -15 -6 0 0 0 1 -10 0 0 8 0 0 0 1 0 0 3 0 -1 0 -3 0 0 -2 0 -1 -2 0 0 0 0 0 0 0 1583836345
-15941807 -15385846 21712258 4900259 -7801804 -7469562 -1833071 -142254 100953 -126296 -43330 -24047 -3971 -63801 -8535 -4297 4921 516 -1004 -702 -153 -307 -768 525 -10 -28 -33 0 9 0 0 1 -11 0 2 6 0 0 0 0 10 0 1 0 -4 0 -2 1 -1 -4 0 1 -3 0 0 0 0 0 0 0 1583836345
-16054646 -15478665 21911068 4996918 -7537366 -7550301 -1851726 -142246 124493 -126395 -43360 -21068 -3949 -57222 -11072 -3911 -6636 -2439 -979 -412 -220 -183 -96 -26 -4 -25 -20 -7 1 0 0 1 -5 0 2 -1 0 0 -1 0 0 0 1 0 0 0 0 0 0 0 1 0 1 0 0 0 0 0 0 0 1583836345
-16085832 -15508005 21972816 5019310 -7742136 -7591307 -1832949 -142239 120824 -126354 -43341 -29114 -3982 -62025 -10504 -3887 -6989 -2353 -976 -374 -220 -186 99 -307 -3 -29 -12 -6 1 0 0 1 -1 0 0 -1 0 -1 1 0 0 0 0 0 0 0 0 0 0 0 0 0 0 0 0 0 0 0 0 0 1583836345
-15899044 -15345342 21620516 4973234 -5400004 -7411531 -2067754 -142528 76390 -126821 -43548 -17754 -3698 502 -10652 -3871 39720 -2337 -1301 -792 -20 -331 -278 -718 -13 -15 2 -4 3 -1 0 1 -7 0 -26 -22 -2 -3 14 1 0 0 0 0 -3 0 -2 -1 1 1 0 0 0 0 0 0 0 0 0 0 1583836345
-16084115 -15460828 21877071 5103914 -7527440 -7562316 -1751562 -31716 120389 -126014 -43194 -30181 -4017 -61616 -10902 -3681 -6606 -3221 5342 -432 -204 -135 -132 207 -5 -25 -28 -5 1 0 0 1 -6 0 3 0 -2 -1 1 0 0 0 0 0 0 0 0 0 0 -1 0 0 0 0 0 0 0 0 0 0 1583836345
-16034231 -15463432 21878256 4979448 -7660062 -7534748 -1855298 -142272 120064 -126405 -43371 -23417 -3943 -59161 -10857 -3839 23017 -2889 -1194 -702 -74 -259 -1482 -132 -11 -4 -10 -6 1 0 0 1 -7 0 0 11 0 0 -1 0 0 0 9 -2 -1 0 2 -2 1 0 0 -2 -1 0 -1 2 0 0 0 0 1583836345
-15638921 -15035183 20992240 4538531 -7880368 -7079670 -1821701 -141928 201383 -126251 -43305 10 -3939 -65901 -10858 -4480 -4019 1021 -987 876 -194 -427 -254 -190 -1 28 -16 -11 -2 0 0 1 -3 -1 0 3 0 0 0 1 0 -1 -1 -1 -1 0 0 0 0 0 0 0 0 0 0 0 0 0 0 0 1583836345
-15670938 -15060989 21045574 4594075 -7112497 -7100848 -1171405 -140849 201869 -124437 -42347 -4096 -4260 -79857 -10493 -4479 -5309 1064 -989 911 -192 -424 -312 -275 0 9 -13 -10 -2 0 0 1 -1 0 -1 0 0 -1 1 4 0 -1 0 -1 0 0 0 0 0 0 0 0 0 0 0 0 0 0 0 0 1583836345
-9821261 -14221762 18714200 -960894 -7499826 1158963 -1634166 -139075 81130 -123280 -42268 -18282 -4030 -65968 568473 -403302 -4590 -16380 -993 1182 -169 2134 -43 -160 -12 -47 -9 3 14 -6 0 8 -5 -9 1 3 0 0 0 -2 13 -13 0 0 0 -5 2 0 1 0 0 0 0 0 0 0 0 0 1 0 1583836345
-15892124 -15316049 21562477 4964869 -6529147 -7412509 -1368619 -141663 74585 -125011 -42658 61018 -4009 -58079 -6073 -8261 14966 12051 -1059 3831 -74 -1053 -1131 -209 -10 -126 -6 0 1 0 0 0 -9 0 -12 3 0 0 0 5 8 1 -5 0 0 -1 2 0 0 0 0 0 0 0 0 -1 0 0 0 0 1583836345
-16091950 -15481453 21863713 6139585 23423597 -7064549 9093568 -122749 120376 -94983 -26351 -26528 -8308 100654 -8159 -3109 103099 -3284 -1923 -1771 274 -415 13802 -761 -19 -81 26 0 6 -1 0 0 -28 0 -32 -24 -4 -3 27 7 1 -1 0 6 -6 -1 -6 0 0 1 -1 0 0 0 0 0 0 0 0 0 1583836345
-15685987 -15150612 21201093 4992284 2063966 -7005763 2090942 -135207 128315 -115017 -37269 -1837 -5566 -34640 -10179 -4697 7270 -1483 -1151 -145 -149 -278 -1049 129 -7 1 -22 -8 0 0 0 1 -11 0 -9 11 0 -1 1 -5 -1 -1 -8 1 0 0 2 -1 1 0 0 1 0 0 0 0 0 0 0 0 1583836345
-16066892 -15487600 21929344 5025509 -7112132 -7554170 -1550148 -141751 124949 -125555 -42914 -19521 -4089 -62152 -10162 -4245 -7878 -1092 -963 -138 -220 -241 -91 -51 -3 -34 -19 -5 1 0 0 1 -3 0 2 0 0 0 0 0 1 0 1 0 0 0 0 0 0 0 1 0 0 0 1 0 0 0 0 0 1583836345
-16086943 -15497030 21933379 5366225 1729488 -7426388 2434382 -134847 121542 -114228 -36845 -22551 -5800 -59339 -8186 -4570 35487 208 -1356 450 8 -467 -936 533 -16 -57 -26 5 15 -2 0 0 -24 0 -12 1 0 0 -1 5 -1 -1 -6 2 0 0 0 1 -1 0 0 1 1 0 -1 0 0 0 0 0 1583836345
-16043936 -15465637 21884444 4982001 -7893260 -7542699 -1818581 -142247 124260 -126328 -43336 -9719 -3964 -66117 -9157 -4956 -6973 1365 -951 619 -209 -383 -82 -309 -2 -47 -14 -5 1 0 0 1 -1 0 3 0 0 0 0 0 3 0 0 0 0 0 0 0 0 0 -1 0 1 0 0 1 0 0 0 0 1583836345
-16089503 -15510874 21979178 5017785 -7892668 -7597391 -1819231 -142231 120995 -126325 -43329 -29196 -3996 -65918 -10691 -3813 -4865 -2717 -993 -521 -209 -172 -190 -344 -3 -29 -10 -4 4 0 0 1 0 0 4 0 0 0 1 3 0 0 0 -1 -1 0 0 0 0 -1 -2 0 2 0 1 2 0 0 0 0 1583836345
-16088244 -15502965 21964014 5019037 -7893030 -7582104 -1819244 -142248 129226 -126349 -43343 -11775 -3968 -66034 -7347 -5709 -4348 4003 -973 1851 -188 -564 -243 -339 -2 -90 -8 -3 2 0 0 1 0 0 4 0 0 0 1 3 0 0 0 -1 -1 0 0 0 0 -1 -2 0 2 0 1 2 0 0 0 0 1583836345
-16082523 -15447274 21850211 5111325 -7886694 -7560219 -1820765 -9886 120355 -126204 -43305 -30207 -3995 -65652 -10915 -3693 -6832 -3305 10755 -225 -191 -131 -89 -294 -2 -24 -12 -3 1 0 0 1 -1 0 1 0 -5 0 0 0 0 0 1 0 0 0 0 0 0 0 0 0 0 0 1 -1 0 0 0 0 1583836345
-16063533 -15485969 21927131 4994314 -7878120 -7564367 -1822416 -142232 124793 -126334 -43336 -20498 -3978 -65526 -11341 -3841 -4491 -2896 -995 -593 -207 -165 -193 -313 -3 -21 -12 -6 1 0 0 1 -1 0 0 1 0 0 0 0 0 0 0 0 1 0 0 0 0 0 0 -1 0 0 0 0 0 0 0 0 1583836345
-15885077 -15314760 21568569 4817514 -7844581 -7374396 -1827769 -142148 138672 -126295 -43324 -18663 -3966 -64646 -11446 -3735 1005 -2558 -1031 -545 -179 -210 -451 -174 -5 41 -13 -8 1 0 0 1 -3 0 0 5 0 0 -1 0 0 0 -1 -1 0 0 -2 -1 0 0 0 0 0 0 0 0 0 0 0 0 1583836345
-16067204 -15488682 21932169 5013915 -7410715 -7560057 -1863156 -142262 124844 -126428 -43372 -20395 -3936 -53548 -7299 -5463 -6565 3557 -967 1887 -206 -542 -101 -131 -3 -85 -16 -9 -4 0 0 1 -3 0 2 0 0 0 0 0 -1 0 0 2 0 0 1 0 0 -1 0 0 0 0 0 0 0 0 0 0 1583836345
-15884078 -15322803 21582433 4849081 -7885166 -7377182 -1820291 -142255 121854 -126285 -43320 -15135 -3969 -65830 -9899 -4505 -6158 497 -974 685 -206 -372 -102 -320 -3 -11 -10 -9 -1 0 0 1 -1 0 3 0 0 0 0 1 0 0 0 1 0 0 1 0 0 0 0 0 0 0 0 0 0 0 0 0 1583836345
-15660013 -15145226 21205222 4615731 -7791667 -7153963 -1833759 -142101 122615 -126215 -43305 -6037 -3934 -63191 -8878 -5984 4110 -1762 -1049 -226 -162 -273 -323 -358 -5 43 -10 -9 0 0 0 2 0 -1 2 0 0 0 0 -1 0 0 0 0 0 0 0 -1 0 0 0 0 0 0 0 0 0 0 0 0 1583836345
-15023982 -14515867 19874830 4230686 -7883918 -6543840 -1820881 -142646 52482 -126088 -43279 53884 -3839 -66274 -8474 4355 -6167 -761 -1160 5381 -198 6297 -107 -315 -5 -76 -12 -18 -8 -12 0 -3 -2 -1 1 0 0 7 1 0 -1 -2 1 0 0 0 0 0 0 0 0 0 0 0 1 -1 0 0 0 0 1583836345
-16085843 -15508249 21973473 5015612 -7838667 -7593012 -1833900 -142246 120869 -126364 -43350 -29038 -3977 -63842 -10685 -3771 14138 -3099 -1130 -741 -117 -214 -1118 -530 -7 -25 -5 -5 1 0 0 1 -4 0 4 -3 0 0 0 5 1 0 -3 1 6 0 -3 0 0 -1 0 -1 0 0 -1 0 0 -1 0 0 1583836345
-16082965 -15450993 21857520 5110902 -7740843 -7559948 -1843496 1420 120325 -126238 -43327 -30161 -3967 -61259 -10867 -3654 12226 -3493 694 -805 -124 -184 -627 -387 -7 -26 -5 -5 2 0 0 1 0 0 3 1 0 0 0 -2 0 0 0 0 0 0 -3 0 0 0 0 -1 0 0 1 0 0 0 0 0 1583836345
-16042979 -15456902 21858533 5153110 -2914858 -7448991 116937 -138815 131468 -120797 -40353 -8775 -4769 -49758 -1944 -7843 -8004 12828 -974 5443 -186 -1084 -450 -322 -1 -163 -10 -13 -14 1 0 1 0 0 3 -1 0 0 0 0 -4 1 0 0 0 -2 0 0 0 0 0 0 0 0 0 0 0 0 -1 0 1583836345
-16065220 -15473473 21892410 5208166 -1870070 -7453625 -97685 -139075 132827 -121348 -40607 -11705 -4604 -16866 -11219 -3870 -6072 -2335 -1002 -565 -233 -170 4155 -328 -1 -37 -12 -7 0 0 0 1 -4 0 5 0 0 0 -4 0 0 0 0 0 -1 0 0 0 0 0 0 0 0 0 0 0 0 0 0 0 1583836345
-16082260 -15441811 21829358 5239460 -1446667 -7517267 719827 -137754 120337 -119060 -39414 -28954 -5051 -45679 -10697 -3544 -3518 -3185 -1038 -692 -205 -147 5579 -342 -1 -42 -9 -6 1 0 0 1 -5 0 6 1 0 0 0 1 0 0 0 1 0 0 0 0 0 0 0 0 0 0 0 0 0 0 0 0 1583836345
-15984306 -15419303 21785744 4919894 -7814213 -7485734 -1840787 -142220 123566 -126351 -43351 -21902 -3957 -63099 -11118 -3776 17371 -2874 -1152 -676 -100 -245 -1233 -407 -8 -29 -1 -5 1 0 0 1 3 0 4 -2 0 0 0 5 1 0 0 0 2 0 0 2 -1 0 0 1 0 0 1 -2 0 -1 0 0 1583836345
-15720439 -15187551 21295711 4691110 -7734264 -7206446 -1842995 -142196 123520 -126286 -43337 8842 -3898 -61573 -11814 -4083 10862 -955 -1057 -998 -129 -276 -833 -329 -7 86 -7 -1 9 0 0 2 0 -1 1 4 0 0 0 -4 10 1 4 0 0 0 0 -2 1 0 0 0 0 0 0 0 0 0 0 0 1583836345
-16089302 -15510858 21978971 5020708 -7806069 -7595820 -1839975 -142257 120807 -126382 -43359 -29197 -3970 -62958 -10903 -3657 20172 -3611 -1175 -978 -88 -202 -1465 -290 -9 -23 11 -3 5 -1 0 1 -7 0 2 7 0 0 0 1 0 0 9 -1 -2 0 -4 0 0 0 1 0 1 0 1 -1 0 0 0 0 1583836345
-16084553 -15502086 21959930 5048803 -7165402 -7572032 -1890672 -142328 122432 -126507 -43405 -19776 -3902 -46652 -10749 -3731 3975 -2786 -1018 -1555 -176 -125 157 -412 -4 -13 -8 14 31 -4 0 1 -1 0 -6 -7 0 -1 4 0 -3 0 1 0 -1 0 0 0 0 0 0 0 0 0 0 0 0 0 0 0 1583836345
-16089307 -15505883 21967300 5060470 -6878778 -7578362 -1631588 -139285 120591 -125767 -43014 -30136 -4050 -52714 -10890 -3662 -7337 -3150 2945 -497 -217 -145 3930 -265 -1 -36 -12 -5 1 0 0 1 -5 0 3 0 -1 0 -1 1 0 0 0 0 0 0 0 0 0 0 0 0 0 0 0 0 0 0 0 0 1583836345
-16067467 -15479893 21897795 5345849 1875363 -7401730 1231270 -136708 124486 -117519 -38534 -19982 -5144 2736 -10856 -3598 8396 -2948 -1137 -660 -168 -190 5565 -461 -3 -38 -9 -6 1 0 0 1 -12 0 -2 -3 0 -1 5 5 1 0 2 0 -2 0 -1 -1 0 0 0 0 0 0 0 0 0 0 0 0 1583836345
-15873446 -15285556 21400390 6757612 43420173 -6652415 18491110 -106743 -2995 -68105 -12021 -5970 -12434 83280 -4512 -4182 8809 4453 -1406 78 -148 -358 -4735 -881 -5 -17 6 -9 -5 0 0 2 0 0 1 -12 -1 -1 5 3 0 0 4 1 -2 0 0 -1 0 0 0 0 0 0 0 0 0 0 -1 0 1583836345
-16080229 -15409129 21753978 5531764 2692924 -7363707 1949810 80562 119858 -115283 -37425 -29685 -5512 -14119 -10474 -3416 -1054 -3353 7039 -431 -187 -119 1212 -418 -2 -30 -8 -4 1 0 0 1 -1 0 -1 -2 -3 -1 5 0 0 0 1 0 -1 0 0 0 0 0 0 0 0 0 0 0 0 0 0 0 1583836345
-6387571 -7420209 4820827 -4400886 -7785242 1860580 -1819828 -137723 -57484 -122071 -41878 -204141 -4149 -64476 41596 -30716 -6495 -2302 -959 181 -207 -600 -99 -306 -5 -64 -10 -2 3 0 0 0 -1 2 2 -1 0 0 1 2 0 5 0 0 0 2 0 0 0 0 0 0 0 0 0 0 0 0 0 0 1583836345
-15719723 -15197280 21314920 4674805 -7870974 -7219594 -1821038 -142125 118556 -126201 -43295 -9723 -3957 -65626 -11261 -1805 -6606 -3032 -1021 432 -216 4304 -78 -233 -3 26 -15 -7 1 0 0 2 -3 -1 1 1 0 -1 0 0 0 0 0 0 0 0 0 0 0 0 0 0 0 0 0 0 0 0 0 0 1583836345
-16089630 -15510334 21978044 5019611 -7881373 -7597608 -1820466 -139727 120622 -126324 -43329 -30224 -3998 -65671 -10914 -3692 -7057 -3122 -490 -647 -219 -140 -63 -251 -3 -26 -14 -5 1 0 0 1 -2 0 0 1 -1 0 0 0 0 0 0 0 0 0 0 0 0 0 0 0 0 0 0 0 0 0 0 0 1583836345
-15944071 -15388778 21719829 4893209 -7704986 -7446444 -1871533 -142271 117558 -126422 -43391 -17808 -3910 -58775 -10284 -3804 55734 -2649 -1388 -1765 85 -315 -2869 -960 -15 45 24 -6 1 -1 -1 2 15 -1 12 -10 0 0 1 7 1 -1 -5 3 12 1 1 -1 0 -1 1 0 0 0 0 0 0 -2 0 1 1583836345
-16089532 -15507978 21971576 5059484 -6807164 -7578109 -1992448 -141149 120575 -126779 -43546 -29906 -3786 -33334 -10601 -3421 142302 -5905 1781 -2139 506 -482 -5313 -262 -39 -23 35 -3 3 0 -1 1 7 0 13 12 0 -1 5 -12 -3 0 2 2 -5 -2 -13 -2 1 -6 2 0 -6 0 4 0 0 0 0 -1 1583836345
-15842895 -15302229 21537316 4782657 -7817972 -7347923 -1833092 -142143 120605 -126267 -43318 -23673 -3966 -63667 -11354 -3560 8265 -2744 -1086 -596 -144 -231 -791 -318 -6 -15 -9 -6 1 0 0 1 -2 0 4 1 0 0 0 2 0 0 0 2 0 0 0 0 0 -1 0 0 -1 0 0 0 0 0 0 0 1583836345
-16056477 -15476495 21902511 5085095 -5207504 -7511232 -676805 -140235 124601 -123069 -41584 -19911 -4463 -62102 -10296 -3912 5114 -2043 -1059 -993 -156 -192 -816 249 -8 -21 -21 -7 0 0 0 1 -9 0 -2 2 0 0 1 5 1 0 0 3 -2 0 2 3 -2 -2 -1 0 -3 0 -2 0 0 0 0 0 1583836345
-15341900 -14909695 20674769 4542647 -6645294 -7139140 -784568 -140808 -131024 -122934 -41669 -24225 -4472 -87890 -11675 -2982 -8142 -1831 -953 -927 -209 -208 -217 -290 -13 21 -16 -8 0 0 0 1 -1 0 1 0 0 0 1 2 0 0 0 0 0 0 0 0 0 0 0 0 0 0 0 0 0 0 0 0 1583836345
-16071525 -15345555 21639378 5357784 -5003391 -7451208 -2109801 277781 119669 -126553 -43512 -29659 -3666 11674 -10765 -3484 45177 -4020 2210 -1043 7 -278 9102 -869 -9 -53 24 -6 2 0 0 1 1 0 11 -9 1 0 3 -3 0 0 -6 4 -1 -1 -5 0 0 1 0 0 0 0 0 0 0 0 0 0 1583836345
-16065383 -15484234 21923492 5007618 -7745484 -7562161 -1832780 -142266 123952 -126368 -43351 -10315 -3950 -62222 -10110 -4424 -6728 -527 -942 -485 -215 -240 49 -306 -3 -26 -12 -2 5 0 0 1 -1 0 0 -1 0 0 1 -1 6 0 0 0 0 0 0 0 0 0 0 0 0 0 0 0 0 0 0 0 1583836345
-16089654 -15507195 21967911 5104133 -5530093 -7556252 -2034769 -140862 120553 -126817 -43521 -29858 -3768 -4383 -10895 -3594 -7552 -3083 1364 -564 -249 -125 194 -336 -2 -26 -11 -5 1 0 0 1 0 0 2 0 -1 0 0 0 0 0 0 0 0 0 0 0 0 0 0 0 0 0 0 0 0 0 0 0 1583836345
-9866577 -10303391 10917067 -602257 3805768 -1318479 2095864 -132346 13166 -112356 -36302 -125885 -5607 -688 -12401 3186 28237 -2221 -1299 -620 -58 -649 -1705 2924 -27 -14 -95 -4 3 2 0 -2 -33 5 -6 -13 -2 -2 14 6 1 -1 0 -5 2 -1 -6 -1 0 -4 7 0 0 0 0 3 0 1 0 -1 1583836345
13420936 9449250 -31235411 -17003333 171871134 24457879 70091198 -2934 -328117 91633 71496 -338135 -34246 398876 -8664 23452 48998 13168 -2706 4489 62 -2508 -19501 -1854 -1 378 48 -9 -4 4 0 0 -21 11 40 -37 6 6 -50 29 2 -5 11 6 8 -3 0 5 -2 7 -1 -4 -2 2 9 -6 0 -1 -2 -5 1583836345
-16070430 -15447694 21773912 6519363 34506430 -6847346 13744648 -114619 123595 -81713 -19228 -17423 -10321 112972 -8464 -3157 32378 -1953 -1566 -617 -72 -202 -2369 -1100 -5 -38 20 0 4 0 0 2 -1 0 13 -14 0 0 -5 2 1 0 -2 3 0 0 -3 -1 1 0 0 -1 0 0 0 0 0 0 0 -1 1583836345
-16069789 -15483341 21908883 5265996 -605274 -7448541 859747 -137496 121668 -118653 -39185 -17479 -5055 -33636 -10117 -4004 21958 -1923 -1224 -528 -82 -282 551 -592 -7 -19 2 -6 0 0 0 1 -13 0 -13 -12 -2 -2 11 3 0 0 0 1 -3 0 -2 -1 1 0 0 0 0 0 0 0 0 0 0 0 1583836345
58478832 47213469 -111190153 -62572758 115319972 67568074 47083799 -23376 -1087631 45128 42564 -592563 -24253 279949 20544 17227 37101 27334 -1815 5835 64 -5700 -10669 -1725 -14 1378 24 -23 5 18 0 -6 13 21 28 -16 -2 -2 9 0 0 2 -4 8 -2 -18 -1 -5 -1 0 0 -3 1 0 0 -2 0 1 -1 0 1583836345
-16021257 -15424920 21779384 5408633 4578706 -7284356 2425979 -134660 137223 -114142 -36726 9856 -5614 3851 -11461 -4284 -518 -1126 -1107 42 -206 -247 -843 -476 -2 -11 -7 -4 4 -1 0 2 3 0 1 -4 -1 -1 5 -2 -1 0 0 1 -1 0 -1 0 0 0 0 0 0 0 0 0 0 0 0 0 1583836345
-16085455 -15504792 21966988 5014121 -7892189 -7587030 -1819916 -142235 124858 -126335 -43336 -21332 -3981 -65889 -11177 -3882 -1975 -2830 -1013 -579 -195 -176 -355 -384 -3 -27 -7 -6 1 0 0 1 0 0 6 0 0 0 1 5 1 0 -1 -2 -2 0 0 0 0 -1 -4 0 3 0 2 3 0 0 0 0 1583836345
-10168071 -10558539 11479409 -703657 -7814367 -1780038 -1822831 -139602 29020 -123814 -42488 -77719 -3984 -64996 -9031 -2322 -4221 -1727 -975 -228 -200 -565 -212 -250 -5 232 -16 -13 2 -1 0 3 0 4 2 0 0 0 0 2 0 0 -1 0 1 -2 1 0 0 0 0 0 0 2 0 0 0 0 0 0 1583836345
-11648132 -11594603 13696586 809044 -7745688 -3415766 -1847866 -140581 -9397 -124520 -42756 -30030 -3894 -62154 -9889 -2554 27618 2875 -1145 25 -34 -776 -1747 -324 -14 59 -6 -7 -1 3 0 1 2 7 7 -3 0 0 1 8 1 -3 -6 1 2 0 0 4 0 -1 0 0 0 0 -2 0 0 -1 0 0 1583836345
35732702 27933466 -70103909 -45190749 -7252140 43370429 -1836547 -118770 -571095 -104361 -35947 -447173 -3883 -59208 -22941 28101 2767 10331 -843 3305 -115 -4006 -503 -198 -9 225 -17 23 33 17 0 -18 -2 60 3 3 0 -2 0 0 -6 -4 0 0 2 -14 0 6 11 0 0 -1 0 6 0 0 0 0 1 -1 1583836345
-14819733 -14396102 19609600 4155057 2349152 -6112165 -2754649 -142445 143831 -128026 -44039 20644 -2901 197205 -12535 -4021 -3126 251 -1003 486 -326 -356 -484 -510 -2 274 -8 -17 -1 -1 0 3 -2 -3 5 -3 0 0 -3 0 0 -1 0 0 0 0 0 0 0 0 0 1 0 0 0 0 0 0 0 0 1583836345
-15648180 -11562850 13942004 11480537 12799938 -4901492 -3770397 10024556 99061 -119782 -42751 -25532 -1731 476549 -10196 -2633 3216 -2871 13971 -126 -401 -28 -1014 -739 -2 -17 1 -3 1 0 0 1 -3 0 9 -8 -3 0 -7 0 0 0 -1 0 -1 0 -2 0 0 0 0 0 0 0 0 0 0 0 0 0 1583836345
3357067 -918127 -10605016 -2287697 -7624166 -6448907 -1888920 -168964 -14459062 -107073 -38593 -458334 -4199 -56846 24460 -13587 43067 -2995 -1282 -283 39 -1426 -2576 -525 -609 -107 9 2 9 -2 0 3 4 -1 8 -5 0 0 0 16 3 1 -10 0 9 4 4 -1 0 -1 0 1 0 1 -2 -1 1 -2 0 1 1583836345
-15024643 -6059216 2818496 18782720 -8539645 -1985097 -1901621 24460904 69984 -99780 -37721 -26700 -3452 -63006 -9656 -3276 -7795 -2518 -13657 -1052 -231 -134 48 -184 -3 -22 -14 0 0 0 0 1 0 0 1 -1 -4 0 0 1 0 0 -1 0 0 0 0 1 -1 -1 0 0 0 0 0 0 0 0 0 0 1583836345
-16085476 -15504040 21964392 5038522 -7199943 -7574730 -1939107 -142370 124970 -126652 -43489 -20833 -3831 -44167 -11113 -3620 111432 -5156 -1833 -1904 349 -422 -4792 -1068 -28 -20 40 -1 2 0 -1 1 3 0 13 9 0 0 3 -1 0 0 10 2 -4 0 -2 0 0 0 -1 -2 -1 0 2 0 0 0 0 0 1583836345
-16067510 -15489636 21934764 4999415 -7815301 -7567947 -1841558 -142255 124673 -126389 -43365 -21343 -3954 -63341 -11264 -3769 25436 -3512 -1214 -944 -61 -229 -1909 129 -13 -22 -12 -5 1 0 0 0 -15 0 -2 19 0 0 -2 7 1 0 3 -3 -8 0 -2 2 -1 -1 -2 6 1 0 -5 -2 0 0 0 0 1583836345
-16067159 -15477397 21895901 5262708 -760468 -7447012 4118422 -132377 124283 -109696 -34568 -11830 -6821 -191531 -9721 -4483 -1105 -742 -1107 46 -106 -294 -1634 -218 -4 -41 -6 -5 0 0 0 1 -1 0 2 2 0 0 4 10 4 0 0 -3 -5 -1 0 1 0 -1 -1 1 -1 1 -1 -1 0 1 0 0 1583836345
-16038712 -15456696 21848846 5340103 2697100 -7357674 -2846063 -143049 123812 -128709 -44300 -20277 -2855 212775 -11049 -3079 133642 -5361 -2001 -2130 329 -427 -3236 -798 -33 -23 30 -1 2 0 -1 -1 -41 2 -70 -44 -4 -4 24 12 3 -1 -2 6 -5 0 -4 0 0 0 -1 0 0 0 3 -3 0 0 0 0 1583836345
-11716954 -11849361 14205784 1008696 -1200616 -3207514 -2429636 -140689 48672 -125824 -43234 -96997 -3397 106003 -10125 519 1122 2233 -1020 1138 -253 -701 -608 -223 -5 -26 -11 -8 -1 0 0 1 -9 0 -3 -8 0 0 -4 1 0 0 0 0 -1 -1 0 0 0 -1 0 0 0 0 0 0 0 0 0 0 1583836345
5129815 2327836 -15845805 -15244539 -6588266 13107550 -1897440 -133539 -338556 -117489 -40390 -154587 -3782 -37603 -31883 21853 -7123 7610 -626 -3948 -210 -1573 -87 -252 -13 1012 -26 -35 4 -6 0 6 -2 -13 0 0 0 -1 0 -3 6 -1 0 0 0 -1 0 0 0 0 0 0 0 0 0 0 0 0 -1 0 1583836345
-15814652 -15181694 21118590 8167517 87453950 -5696378 35373427 -76553 116933 -19839 14036 -20692 -19451 232639 -7506 -1149 28401 -3673 -1993 -1111 -98 49 -9959 634 -10 5 -24 -4 0 0 0 0 -40 0 -13 -15 -1 -1 2 3 0 0 0 1 -5 0 -2 -2 2 0 -1 6 1 0 -2 1 0 -2 -1 -1 1583836345
-15531543 -14977166 20735407 6832698 56853604 -5967113 19888842 -103192 82843 -63632 -9380 -5103 -12523 304299 974 13878 69421 -7035 -2376 7333 39 47539 -219 1725 -21 -809 -37 13 -3 -4 0 -4 -71 0 0 -25 0 5 0 21 2 -1 6 6 -3 1 1 1 0 -2 1 -2 0 0 -4 2 0 -1 0 0 1583836345
-14334717 -14001518 18779147 3491478 -3607865 -5757155 -601814 -139307 121751 -122128 -41182 -6479 -4376 -31300 -15377 -1529 4398 -3003 -1067 -731 -174 -292 3741 113 -6 142 -21 -12 1 -1 0 2 -7 -2 5 -3 0 0 1 2 0 0 0 0 1 0 0 -1 0 -1 0 0 0 0 0 0 0 0 0 0 1583836345
-11478508 -11355312 13112604 2855239 54368849 -1660546 22179509 -98273 273186 -56299 -5943 319138 -13289 141908 7185 -17873 14610 65826 -1401 24778 31 -4419 -5203 -911 6 27 5 -32 -38 1 0 5 8 -7 23 -14 1 0 -13 -3 -15 -5 -2 2 -3 -9 -3 0 0 0 0 2 2 6 0 -1 0 0 1 -1 1583836345
-15369741 -14846923 20580246 4397218 -6049083 -6800377 -1096629 -140712 155270 -124065 -42168 31625 -4186 -61676 -15620 -3349 -8431 -3035 -962 -1029 -226 -155 -174 304 -5 172 -31 -13 1 -1 0 2 -6 -2 2 -3 0 -1 0 0 0 0 0 0 0 0 0 0 0 0 0 0 1 0 -1 0 0 0 0 0 1583836345
-14785822 -14334021 19352223 6551212 70146490 -4972170 28854765 -87627 108263 -38093 4091 -19815 -16722 167482 -9819 -451 75544 -4539 -2106 -1540 161 -279 23587 1547 -17 -72 -32 -5 0 -1 1 0 -63 0 35 -10 3 4 -23 26 4 0 7 0 4 0 -5 5 -4 5 -2 -16 1 -1 -11 3 -1 0 0 -1 1583836345
-15657460 -15145077 21204643 4604171 -7880953 -7161758 -1813848 -142049 119879 -126145 -43270 -18789 -3974 -66071 -12011 -3397 -5227 -2464 -987 -446 -209 -213 -172 -339 -3 5 -11 -7 1 0 0 2 0 0 4 0 0 0 1 3 0 0 0 -1 -1 0 0 0 0 0 -1 0 0 0 0 0 0 0 0 0 1583836345
-16076472 -15496902 21950309 5005900 -7889557 -7577896 -1815833 -142226 124852 -126320 -43328 -21314 -3985 -66096 -11333 -3828 -7505 -2923 -974 -591 -222 -152 -38 -308 -2 -25 -12 -6 1 0 0 1 0 0 3 0 0 0 0 1 0 0 0 0 0 0 0 0 0 0 0 0 0 0 0 0 0 0 0 0 1583836345
-15121006 -14695693 20252008 4087600 -7882094 -6632596 -1820045 -141829 112162 -125938 -43204 -20191 -3964 -65883 -13062 -2662 -3801 -2981 -994 -732 -204 -214 -251 -357 -3 60 -12 -9 1 -1 0 2 2 -1 5 0 0 0 1 4 1 0 0 -3 -1 0 0 0 0 -1 -4 0 3 0 2 3 0 0 0 0 1583836345
-11702626 -11573077 13690581 685247 -7841544 -3021214 -1828292 -140133 310878 -124893 -42884 125205 -3647 -65841 -24361 -1211 25253 978 -1156 162 -47 -740 -1935 -745 -1 307 0 -14 3 -3 0 4 7 -5 21 -1 0 0 6 25 4 -3 -6 -14 -9 0 -4 4 -3 -7 -19 -2 14 -1 11 15 0 0 0 0 1583836345
-16056442 -15475078 21901287 5061193 -6151263 -7528546 -1992441 -142414 120688 -126735 -43497 -24884 -3797 -19464 -10955 -3683 23724 -3256 -1188 -838 -91 -242 3554 -615 -7 -3 7 -6 1 0 0 1 0 0 0 -8 0 -1 4 -1 0 0 -3 2 -1 0 -2 0 0 1 0 0 0 0 0 0 0 0 0 0 1583836345
-14491606 -14129087 19059288 3463470 -7586715 -5981923 -1847249 -141498 139254 -125770 -43150 -16976 -3921 -58325 -14201 -2039 -3894 -2927 -991 -662 -207 -262 696 -335 -2 2 -12 -7 1 0 0 1 -1 0 1 -2 0 -1 1 0 0 0 0 0 0 0 0 0 0 0 0 0 0 0 0 0 0 0 0 0 1583836345
-11757482 -11864719 14248373 954138 -4726000 -3247933 -2104366 -140598 74932 -125212 -43013 -13019 -3609 15077 71879 -61551 -7750 -5674 -961 -735 -259 69 -9 -356 -4 224 -13 -10 5 -1 0 3 -1 -2 3 -1 0 0 -1 -1 1 2 0 0 0 2 -1 0 0 0 0 0 0 0 0 0 0 0 0 0 1583836345
-6545880 -7524695 5022957 -3889219 -4593502 1620586 -2112565 -138880 -215366 -122864 -42243 -56275 -3580 17548 -21378 8755 -8180 1876 -673 -5793 -263 -507 -11 -335 -12 499 -18 12 40 -2 0 3 -1 -7 2 -1 0 0 -2 -11 42 4 0 0 0 1 0 0 0 0 0 0 0 0 0 0 0 0 0 0 1583836345
-15999790 -15428483 21791720 5225472 476319 -7363594 -2586190 -142788 119432 -128043 -44006 -27926 -3175 151567 -11043 -3225 -1056 -2978 -1031 -697 -302 -117 -232 -508 -3 -17 -6 -6 2 0 0 1 0 0 5 -4 0 0 -1 -2 0 0 -1 0 0 0 -1 0 0 0 0 0 0 0 0 0 0 0 0 0 1583836345
-16081342 -15499281 21955484 5014846 -7862939 -7580875 -1826573 -142255 124989 -126356 -43345 -20536 -3973 -64948 -11459 -3788 315 -3243 -1030 -744 -185 -160 -328 -339 -4 -19 -10 -6 1 0 0 1 1 0 2 0 0 0 0 -1 0 0 -1 0 0 0 0 0 0 0 0 0 0 0 0 0 0 0 0 0 1583836345
-15672121 -15152761 21221111 4633696 -7792219 -7170369 -1833460 -142127 119017 -126219 -43307 -6133 -3933 -63258 -11809 -3771 5471 -1574 -1045 -551 -156 -273 -433 -268 -6 44 -11 -3 7 -1 0 1 -3 0 2 1 0 0 0 -2 3 0 -1 0 1 0 -3 -1 0 0 0 0 0 0 0 0 0 0 0 0 1583836345
-11778548 -11869536 14262289 938606 -6457337 -3297561 -1596377 -140018 72295 -123908 -42372 -16026 -3959 -46094 -14554 8059 -2645 -4945 -1119 1902 -203 -351 1910 -360 -3 69 -11 -10 2 -5 0 -4 -5 4 4 0 0 4 1 0 2 -1 0 1 0 0 0 0 0 0 0 0 0 0 0 0 0 0 0 0 1583836345
-15952050 -15384951 21697241 5206004 872652 -7308082 2035751 -135482 119385 -115297 -37422 -23393 -5639 -57699 -11056 -3405 -6302 -3090 -1053 -759 -211 -123 -486 -398 -2 38 -8 -8 1 0 0 2 2 0 5 0 0 -1 3 -1 0 0 -1 1 0 0 0 0 0 0 0 0 0 0 0 0 0 0 0 0 1583836345
-15876027 -15311372 21527880 5425292 9228957 -7087753 4565921 -130834 121811 -107951 -33421 -20669 -6582 5007 -10917 -3127 10607 -3086 -1183 -706 -146 -218 17615 -459 0 -65 7 -6 0 -1 1 0 -18 0 15 6 0 0 -1 6 1 0 0 2 -1 0 -2 -1 0 0 0 0 0 0 0 0 0 0 0 0 1583836345
10963255 7040336 -25848415 -21253269 -7572827 18754483 -1823920 -129613 -386030 -114413 -39240 -552090 -4458 -61163 -33402 38671 -6803 -549 -908 -542 -209 -1956 -11 -291 -7 -135 -8 7 11 4 0 -4 0 6 2 -1 0 -1 0 0 0 -3 0 0 0 -1 0 0 0 0 0 0 0 0 0 0 0 0 0 0 1583836345
-15984039 -15421942 21789334 4942953 -7135714 -7481547 -1628859 -141829 118936 -125723 -43007 -31165 -4063 -58485 -10978 -3528 -3992 -3059 -1004 -665 -208 -158 -179 -271 -4 -23 -13 -6 1 0 0 1 -4 0 0 2 0 0 0 -2 0 0 -1 0 -1 0 0 0 0 0 0 0 0 0 0 0 0 0 0 0 1583836345
-16042219 -15465342 21883269 4985538 -7867237 -7543475 -1822968 -142263 121257 -126334 -43336 -22716 -3984 -65237 -2317 -7411 -4107 11223 -967 4822 -168 -1015 -154 -324 -2 -122 -10 -13 -12 1 0 1 0 0 2 0 0 -1 0 0 -3 0 1 0 0 -3 0 0 0 0 0 0 0 3 1 -1 0 0 1 0 1583836345
-14034494 -13656617 18075136 3092661 -7570394 -5386222 -1849125 -141636 208501 -125859 -43230 158828 -3619 -59343 -5140 -10675 -4020 27846 -819 8676 -127 -1967 -310 236 -2 105 -28 -14 -10 4 0 3 -5 -3 1 1 0 -1 0 -5 12 1 0 0 0 -2 0 0 0 0 1 0 0 0 0 0 0 0 -1 0 1583836345
-16002790 -15428222 21805098 4954990 -7886712 -7499972 -1819995 -142273 121671 -126320 -43330 -18828 -3977 -65841 -9687 -4561 -6199 -19 -976 509 -208 -334 -111 -316 -3 14 -11 -9 -1 0 0 1 -2 0 1 0 0 0 0 0 0 0 1 0 0 0 0 0 0 0 0 0 0 0 1 -1 0 0 0 0 1583836345
28453295 21691895 -56905892 -38207982 -7393611 35927453 -1825215 -121652 -634405 -106956 -36736 -725439 -4496 -59636 91526 -38516 -6866 -2220 -865 337 -191 -2484 -58 -287 -10 -228 -5 13 16 4 0 -4 0 10 2 -1 0 0 0 0 -3 10 0 1 0 3 0 0 -1 0 0 0 0 3 0 0 0 0 -1 0 1583836345
1802790 -2100159 -7995651 -1157631 11006820 -6150152 5622272 -153198 -13218336 -87102 -27350 -549184 -7569 -9382 23519 -6512 -3320 -1202 -1099 368 -193 -1239 488 -552 -544 -52 0 0 10 -2 0 3 -4 -2 13 -4 1 1 -11 3 0 3 1 1 0 3 0 0 0 0 0 -2 0 1 -1 0 1 0 0 0 1583836345
-16023085 -15446325 21827902 5260159 600098 -7385189 1239814 -136773 119819 -117523 -38572 -26422 -5226 -25813 -10630 -3561 -2730 -2924 -1043 -590 -207 -174 10179 -309 0 -22 -9 -7 1 0 0 1 -10 0 8 3 0 0 -3 2 0 0 0 0 0 0 0 0 0 0 0 0 0 0 0 0 0 0 0 0 1583836345
-16081685 -15502977 21962581 5013175 -7886788 -7588066 -1819836 -142239 121122 -126327 -43330 -27938 -3994 -65854 -10992 -3734 -6479 -3020 -982 -631 -217 -149 -98 -215 -3 -18 -15 -6 1 0 0 1 -3 0 1 1 0 0 0 0 0 0 0 0 0 0 0 0 0 0 0 0 0 0 0 0 0 0 0 0 1583836345
-14215697 -13917687 18605550 3252346 -7851176 -5706550 -1822037 -141584 109093 -125633 -43113 13027 -3893 -65836 -17054 -1627 -6891 -2824 -966 -690 -217 -271 -82 231 -6 281 -31 -16 1 -1 0 2 -5 -3 2 -2 0 -1 1 1 0 0 0 -1 0 0 0 0 0 0 0 0 0 0 0 0 0 0 0 0 1583836345
-11930581 -11948852 14445421 943732 -7839855 -3468949 -1821922 -140219 127057 -124617 -42745 -69717 -3998 -65298 -15969 2272 -3389 -1448 -975 -516 -197 -482 -282 -265 -2 231 -17 -13 2 0 0 2 -3 0 1 2 0 -1 0 0 0 -1 1 0 -1 0 -1 -1 0 0 0 0 0 0 0 0 0 0 0 0 1583836345
-14071895 -13815772 18386916 3070136 -7856538 -5604364 -1822774 -141349 97030 -125494 -43054 -35437 -3970 -65347 -14712 -812 -471 -3231 -1018 -807 -188 -282 -441 -284 -5 18 -11 -4 3 1 0 0 -6 5 1 0 0 0 0 4 1 -1 -4 0 2 0 -2 -1 -1 0 0 0 0 0 0 0 0 0 0 0 1583836345
-15201547 -8516875 7999288 4047228 -7822845 -10635733 -1846225 -142050 111205 -126120 -43311 69063 -3800 -65939 -16831 -4755 6531 -3873 -1067 -1021 -153 -151 -845 -35 -8 -35 -15 -6 0 0 0 1 -10 0 0 9 0 0 -1 5 1 0 -3 -3 -5 0 0 0 0 0 -1 1 -1 0 -1 -1 0 0 0 0 1583836345
-15437034 -14957094 20806644 4397325 -7869602 -6939065 -1821052 -141986 118535 -126083 -43254 -14057 -3959 -65674 -12546 -3229 -5942 -2253 -979 -394 -212 -235 -133 -133 -4 45 -18 -9 0 0 0 1 -4 0 2 0 0 0 0 1 0 0 0 0 -1 0 0 0 0 0 0 0 0 0 0 0 0 0 0 0 1583836345
-15839828 -15275085 21446891 5488170 11802940 -7000926 6290474 -127934 124379 -103097 -30860 -11069 -7393 -25415 -9858 -3821 -3467 -481 -1158 303 -195 -270 -2141 -262 -2 -1 -14 -8 -1 0 0 1 -11 0 -8 -4 0 0 -6 6 0 -1 0 0 2 1 4 -3 2 -1 0 0 0 0 0 0 0 0 0 0 1583836345
-16041439 -15467034 21880442 5085309 -4786612 -7497042 650342 -138097 120312 -119379 -39669 -28279 -5177 -115374 -10724 -3705 -8209 -2864 -1011 -553 -194 -155 -499 -281 -2 -15 -13 -6 1 0 0 1 -2 0 0 2 0 0 1 0 0 0 1 0 1 0 -1 0 0 0 0 0 0 0 0 0 0 0 0 0 1583836345
-15983256 -15421629 21790023 4915688 -7884888 -7492371 -1820108 -142186 119616 -126282 -43315 -29570 -3995 -65760 -11120 -3568 -7485 -3028 -974 -643 -222 -151 13 -308 -3 -23 -12 -6 1 0 0 1 0 0 2 -1 0 0 0 0 0 0 0 0 0 0 0 0 0 0 0 0 0 0 0 0 0 0 0 0 1583836345
-15868012 -15288859 21512671 4868566 -7886601 -7348571 -1820403 -142378 122683 -126318 -43329 -12236 -3963 -65851 -12227 -3664 -6740 -2891 -977 -605 -218 -168 -28 -319 -3 70 -13 -7 4 -1 0 2 0 -1 2 -1 0 0 0 0 0 0 0 0 0 0 0 0 0 0 0 0 0 0 0 0 0 0 0 0 1583836345
-15881489 -15324315 21585865 4832936 -7792612 -7369377 -1836527 -142216 128201 -126323 -43342 -6358 -3933 -62989 -12596 -3684 9837 -3325 -1097 -825 -138 -200 -785 -392 -6 15 -6 -7 1 0 0 1 -1 0 1 3 0 0 0 0 0 0 0 -1 -2 0 0 0 0 2 0 -1 0 0 0 -1 0 0 0 0 1583836345
82607557 26757671 -73148719 -89498637 -6904963 113691737 -1733950 -97201 -1933381 -82616 -28310 -1876690 -5582 -44812 -49155 136199 23054 27180 -1058 12600 29 790 -1810 -464 -31 -209 12 1 4 -7 0 -8 -5 -7 3 3 0 6 1 3 -6 -6 7 0 -2 -1 0 0 0 2 0 -2 0 -1 1 -1 0 0 0 0 1583836345
-16061563 -15467533 21891789 4985105 -7815524 -7546818 -1840416 -142230 141145 -126405 -43370 -12030 -3941 -63567 -11952 -3821 20444 -3646 -1177 -979 -86 -205 -1588 193 -11 -18 -21 -6 1 0 0 1 -6 0 1 -1 0 0 0 16 4 -1 -12 -5 4 0 0 2 -2 -2 0 0 -1 0 0 -2 0 -2 0 1 1583836345
-16085752 -15507454 21971904 5015817 -7866781 -7593018 -1823053 -142237 120860 -126335 -43335 -28743 -3993 -65164 -6135 -5666 -2863 4508 -991 2243 -180 -613 -281 -349 -3 -93 -10 -9 -5 0 0 1 -3 0 1 1 0 0 0 1 -1 0 3 0 0 0 1 0 0 0 0 0 0 -1 1 -1 0 0 0 0 1583836345
-13467211 -13194942 17060946 2928672 -6997147 -5139798 -1907411 -142621 -107162 -125642 -43200 165489 -3524 -43923 -25279 -2407 6739 -1541 -951 -2836 -159 -264 -697 -65 -18 243 -21 -9 7 -2 0 2 -8 -3 -4 7 0 -1 -1 -3 3 0 -2 2 -1 0 1 1 -1 0 0 0 0 0 2 -1 0 0 0 0 1583836345
-15909872 -15340811 21591131 5497810 10674512 -7090522 -3518058 -143478 122360 -130149 -44836 -17629 -2161 416532 -11665 -2747 4636 -2907 -1086 -768 -409 -74 -698 -375 -4 -6 -10 -5 2 0 0 1 -16 0 -2 1 1 0 -9 -6 -1 0 -4 -1 -5 0 -2 0 0 0 0 0 1 0 0 0 0 0 0 0 1583836345
-15599430 -15071221 21020636 5177325 8514827 -6854226 -3321510 -143381 84166 -129581 -44630 1636 -2332 360446 -13062 -2733 4220 -2455 -1067 -809 -381 -121 -556 -427 -6 8 -11 -7 1 0 0 1 -12 0 -3 0 0 0 -7 -4 -1 0 -3 -1 -4 0 -2 0 0 0 0 0 1 0 0 0 0 0 0 0 1583836345
-7369356 -14430543 18802667 -2539928 12528651 5131609 5953779 -124524 -74352 -100213 -30005 -199203 -7358 11381 76761 -53701 1810 -963 -1180 1117 -176 -538 -1682 -404 -6 -104 -6 -2 1 0 0 1 -5 1 -10 -4 -2 -2 12 1 -1 2 -1 1 -1 1 -1 0 2 0 0 0 0 0 0 0 0 0 -1 0 1583836345
-1177654 -3023652 -4507069 -9146206 937710 7177443 1224079 -129932 -95731 -111172 -36423 -195671 -5265 -19950 -31127 19130 -1566 -2615 -1034 -1008 -203 -1089 -609 -361 -4 -106 -9 -1 3 0 0 1 -3 2 -5 -3 -1 -1 6 0 0 -2 0 0 0 0 0 0 1 0 0 0 0 0 0 0 0 0 0 0 1583836345
-15749909 -15218697 21361231 4697867 -7877939 -7249999 -1811839 -142103 122350 -126185 -43282 -17188 -3972 -66044 -12202 -3456 -2023 -3180 -1012 -721 -195 -175 -353 -384 -4 33 -10 -6 4 -1 0 2 0 0 6 0 0 0 1 5 0 0 -1 -2 -1 0 0 0 0 0 -2 0 1 0 0 0 0 0 0 0 1583836345
-14958808 -14545763 19935424 3956520 -7843942 -6468013 -1829131 -141856 108330 -125916 -43198 -26290 -3961 -64562 -13334 -2162 5319 -3175 -1062 -801 -159 -248 -694 -340 -6 46 -5 -8 1 0 0 2 -1 0 1 -2 0 0 1 4 1 0 0 -1 2 0 -1 2 -1 0 0 0 1 0 0 -2 0 -1 0 0 1583836345
-15964552 -15402601 21750496 4898285 -7885493 -7467149 -1819952 -142184 123567 -126285 -43318 -21654 -3981 -65827 -11679 -3608 -6365 -3159 -982 -692 -217 -149 -97 -308 -3 -24 -13 -6 1 0 0 1 -2 0 1 0 0 0 0 0 0 0 1 0 0 0 0 0 0 0 0 0 1 0 0 0 0 0 0 0 1583836345
-15897637 -15346359 21630652 4846692 -7552885 -7396499 -1880222 -142228 121582 -126418 -43388 -23456 -3906 -55488 -11560 -3382 58277 -4328 -1450 -1396 95 -301 -3119 -120 -20 -11 -12 -4 2 0 0 0 -16 0 0 20 0 0 -2 2 0 0 4 -2 -3 0 -4 -3 2 -2 0 0 -1 0 0 0 0 0 0 0 1583836345
-15748720 -15178609 21284605 4690487 -7567101 -7205853 -1888039 -142162 160333 -126449 -43411 10694 -3838 -55717 -10891 -4590 70846 -287 -1514 -315 168 -566 -4077 -15 -22 12 -8 -4 1 0 0 1 -10 0 4 21 0 0 0 7 5 1 22 -3 -9 0 0 4 -3 -1 0 2 -1 1 10 -9 0 0 0 0 1583836345
-15078822 -14627317 20111488 4097731 -7720700 -6551780 -1834439 -142011 123090 -126052 -43267 52845 -3829 -62201 -6780 9494 -7098 -6439 -1317 6936 -215 25361 116 -301 0 -398 -5 -9 -7 -16 0 -6 0 0 0 -1 0 10 2 0 -1 -1 0 0 0 0 0 0 0 0 0 0 0 0 0 0 0 0 0 0 1583836345
-15929984 -15372943 21683883 4945079 -5592212 -7394370 -2028785 -142328 122165 -126746 -43500 -21990 -3760 -6456 -11027 -3729 -7464 -2037 -975 -273 -250 -198 -54 -208 -3 -19 -15 -7 0 0 0 1 -3 0 1 0 0 0 -1 -1 0 0 0 1 -1 0 0 0 0 0 0 0 0 0 0 0 0 0 0 0 1583836345
-16018894 -15439791 21828420 5012109 -6417062 -7479869 -1965404 -142373 130533 -126679 -43481 56 -3784 -26796 -10920 -4131 18653 -1603 -1106 -1506 -111 -223 -45 -543 -7 -11 0 -1 6 0 0 1 -4 0 -14 -13 -1 -2 8 -1 6 0 0 0 -2 0 -1 0 0 0 0 0 0 0 0 0 0 0 0 0 1583836345
775172 -1469157 -7807824 -11313567 -6227869 8818981 -1329945 -133439 -216765 -117422 -39981 -397735 -4551 -54197 -21133 22398 -5135 -1265 -958 -474 -207 -1284 830 -322 -6 -98 -9 0 7 0 0 1 -1 1 4 0 0 0 0 0 0 0 0 1 0 -1 1 0 0 0 0 0 0 0 0 0 0 0 0 0 1583836345
-15792023 -15214856 21283764 6182352 32573133 -6600543 13990729 -114254 123302 -81002 -18924 -11423 -10538 62443 -9983 -2825 425 -2100 -1348 -371 -204 -120 -3730 -643 0 0 0 -6 0 0 0 2 1 0 0 -11 0 0 -1 -1 0 0 0 0 -3 0 -1 -1 0 -1 0 0 0 0 0 0 0 0 0 0 1583836345
-16066694 -15479399 21904203 5205282 -2077893 -7461184 196647 -138635 129141 -120545 -40200 -11404 -4773 -35573 -10499 -4252 -5103 -1113 -1025 85 -215 -255 891 -333 -2 -42 -9 -7 0 0 0 1 -4 0 3 0 0 0 -3 0 0 0 0 0 0 0 0 0 0 0 0 0 0 0 0 0 0 0 0 0 1583836345
-15835700 -15295048 21520919 4803497 -7084268 -7326912 -1634075 -141780 120703 -125686 -43000 -21858 -4044 -57970 -11729 -3474 -7350 -2849 -979 -576 -223 -168 -116 581 -7 1 -36 -8 1 0 0 1 -7 0 4 -2 0 -1 2 -1 0 0 0 0 0 0 0 0 0 0 0 1 0 0 -1 0 0 0 0 0 1583836345
-16088718 -15505283 21965007 5082803 -6085376 -7558710 -1173023 -141091 124921 -124485 -42337 -18636 -4247 -57540 8348 -11753 -5452 28145 -927 11117 -132 -2003 -383 0 -2 -308 -15 -15 -23 2 0 1 -3 0 0 2 0 -1 0 0 -5 -2 0 1 -1 6 0 0 -1 0 0 0 0 0 0 0 0 0 0 0 1583836345
-15249115 -14637871 20100559 5235270 20162271 -6327680 8908142 -123034 124175 -95347 -26696 25515 -8333 29872 -11231 -3128 2060 362 -1167 -1596 -189 -184 -3058 -588 -2 244 -6 -15 -1 -1 0 1 -8 -3 0 -16 1 0 -12 4 0 0 6 -1 -2 0 0 0 1 0 0 1 0 0 -1 0 0 0 0 0 1583836345
-16079848 -15495178 21941977 5111692 -5189527 -7535850 -673708 -140251 123002 -123068 -41580 -20081 -4469 -61724 -10404 -2618 -6411 -3264 -1028 -142 -215 2006 -326 -16 -4 -63 -19 -5 1 0 0 1 -4 0 0 0 0 -1 1 0 0 0 0 2 0 0 0 2 -1 -1 0 0 -1 0 0 0 0 0 0 0 1583836345
-15871195 -15286568 21443876 6085596 27771692 -6763156 12079297 -117644 123486 -86498 -21878 -15312 -9725 50639 -10452 -2661 36201 -3861 -1571 -1158 -27 -151 -3636 1212 -18 -14 -42 -5 1 0 0 0 -34 0 -13 0 -3 -2 16 1 0 0 -2 11 -6 0 1 4 -3 -5 0 2 -3 0 -1 2 0 -1 0 0 1583836345
-16042478 -15464755 21882804 4979027 -7892692 -7536675 -1819255 -142243 127179 -126332 -43337 -10417 -3963 -66028 -11567 -3951 -4222 -2550 -980 -876 -205 -158 -226 -353 -3 -11 -11 -3 5 0 0 1 0 0 4 0 0 0 1 2 5 0 0 -1 -1 0 0 0 0 -1 -2 0 2 0 1 2 0 0 0 0 1583836345
-15840422 -15291324 21507612 4938723 -3456261 -7263732 -1012 -138949 124838 -121049 -40512 -15346 -4736 -55855 -12050 -3429 -7804 -3101 -1007 -675 -224 -143 -351 -323 -2 -12 -15 -6 1 0 0 1 -1 0 0 -1 0 -1 3 0 0 0 0 0 0 0 0 0 0 0 0 0 0 0 0 0 0 0 0 0 1583836345
-16085415 -15504346 21965969 5017460 -7807454 -7585149 -1843268 -142267 124997 -126400 -43368 -20993 -3954 -62817 -10894 -3954 19514 -2818 -1168 -655 -89 -250 -1338 -394 -9 -29 -5 -5 1 0 0 1 4 0 1 -4 0 0 2 5 1 0 0 0 3 0 -2 4 -3 0 0 1 2 0 -1 -3 0 -2 0 1 1583836345
-15041537 -14587349 20030089 4006860 -7472047 -6530915 -1890796 -141826 139665 -126125 -43296 -11704 -3861 -53703 -12675 -2518 67321 -3665 -1468 -2332 140 -342 -3710 320 -23 0 -16 0 7 0 0 0 -24 0 -3 30 0 0 -4 1 6 0 -1 -6 -2 -2 -13 -4 3 -5 0 -3 -5 0 0 1 0 0 0 -1 1583836345
-15960666 -15395359 21735015 4912447 -7889369 -7461207 -1819643 -142246 119562 -126295 -43321 -21389 -3981 -65955 -11717 -3604 -7243 -3162 -975 -690 -221 -145 -53 -246 -3 14 -14 -7 1 0 0 1 -2 0 0 1 0 0 0 0 0 0 0 0 0 0 0 0 0 0 0 0 0 0 0 0 0 0 0 0 1583836345
-15456772 -14968444 20831565 4426600 -7830346 -6945590 -1833125 -142050 122981 -126152 -43291 10354 -3901 -64342 -12954 -3935 12536 -1867 -1104 -489 -120 -306 -1130 -47 -9 106 -18 -9 2 0 0 1 -9 -1 2 7 0 0 -1 5 3 0 0 -1 -3 0 1 0 0 0 -1 1 0 0 0 -2 0 0 0 0 1583836345
-896371 -2863318 -4849206 -9761233 -7550498 7128861 -1836467 -135005 -195387 -119541 -40974 -429592 -4426 -58531 -4984 14610 -6970 8408 -925 3361 -191 -1735 -126 -120 -6 -163 -11 -3 0 1 0 0 -2 3 1 0 0 0 0 0 -2 0 1 1 0 -1 0 1 0 0 0 0 0 -1 1 -1 0 0 0 0 1583836345
-15667490 -15148364 21199673 4882135 -462003 -7043366 -2561590 -142713 116101 -127917 -44001 -12432 -3135 132244 -11395 -1929 138733 -5469 -2026 -1911 396 1759 2213 -1325 -31 32 35 -2 2 0 -1 0 -26 0 -62 -42 -5 -5 29 6 2 -1 -4 4 -5 0 -3 -5 3 2 -1 -1 0 0 0 0 0 0 0 0 1583836345
-15742470 -15213847 21350317 4700054 -7455641 -7234714 -1861415 -142128 123833 -126299 -43332 -14682 -3921 -54580 -12147 -3496 -1383 -2678 -1014 -560 -197 -205 -81 -280 -4 -8 -12 -7 1 0 0 1 -3 0 -3 -3 0 -1 2 0 0 0 0 0 0 0 0 0 0 0 0 -1 0 0 0 0 0 0 0 0 1583836345
-15857304 -15311085 21551614 4904848 -4864038 -7307157 -2095223 -142364 121102 -126875 -43556 -17694 -3684 10991 -11905 -3468 -7316 -2955 -977 -648 -261 -142 -121 -338 -2 27 -12 -8 1 0 0 1 -3 0 1 -1 0 0 0 1 0 0 1 0 0 0 1 0 0 0 0 1 0 0 0 0 0 0 0 0 1583836345
-15504240 -14996200 20884621 4612325 -4804408 -6961896 -2100625 -142390 101937 -126787 -43546 34493 -3582 12560 -14680 -3660 -7336 -2020 -935 -1235 -260 -156 -117 -333 -4 63 -13 -6 6 -1 0 1 -3 0 1 -1 0 0 0 1 0 0 1 0 0 0 0 0 0 0 0 1 0 0 0 0 0 0 0 0 1583836345
-15968935 -15380035 21653383 6020739 23906872 -6920454 -3682770 -142791 122004 -130073 -44469 -15208 -1452 701210 -10573 -2629 20848 -1687 -1233 -440 -470 -114 -2442 -732 -6 -12 0 -5 0 0 0 0 -23 0 -11 -19 2 1 -15 15 3 0 3 -1 1 1 6 -4 3 -4 0 3 0 0 0 -1 0 0 0 0 1583836345
-16066868 -15477848 21905658 5122481 -4985983 -7517981 -2084374 -142522 118059 -126957 -43587 2391 -3662 8558 -10842 -3963 -6609 -1562 -894 -2332 -256 -54 -141 -352 -2 6 -12 12 30 -5 0 1 -4 0 1 -2 0 0 -1 2 -2 0 0 0 0 0 1 0 0 0 0 0 0 0 0 0 0 0 0 0 1583836345
-16085745 -15500905 21952181 5154757 -3971950 -7520163 -615464 -140052 124729 -122856 -41439 -21118 -4440 -38029 -11123 -3735 636 -3021 -1060 -667 -192 -159 -663 130 -6 -24 -24 -6 1 0 0 1 -10 0 -3 -2 0 -1 3 2 0 0 -3 2 1 0 0 1 -1 0 0 -2 0 0 -1 1 0 0 0 0 1583836345
-1186782 -3038109 -4557842 -7681567 41914709 7767534 16053461 -103484 -158470 -68476 -13341 -312234 -11493 163661 -11888 14285 13168 -2286 -1461 -827 -183 -978 -5189 -550 -6 -82 0 2 5 0 0 0 -24 4 -18 -20 0 0 -8 4 0 0 -2 -2 -3 -1 -3 -1 2 0 0 -2 1 -1 0 -2 0 0 0 0 1583836345
-7045151 -7918608 5831113 -2700204 20739032 1735140 10906711 -116052 -39159 -86210 -22592 -134688 -9511 -46683 52807 -39255 26346 -3114 -1347 -2367 -22 -359 -195 137 -12 34 -16 26 45 -4 0 -2 -24 7 -15 0 -2 -2 14 8 -2 0 -12 9 1 3 0 1 3 -3 0 1 -1 1 0 0 0 0 0 0 1583836345
-11217177 -11353698 13181386 396948 -7847002 -2649949 -1819382 -140468 120061 -124551 -42787 130571 -3649 -66859 -22062 -2627 -7560 3697 -889 770 -202 -775 -61 -294 -3 390 -20 -13 10 -4 0 4 0 -6 3 0 0 -1 0 1 -2 -3 0 0 0 0 0 0 0 0 -1 0 0 0 0 1 0 0 0 0 1583836345
-15615268 -15092703 21095982 4590335 -7886863 -7099621 -1819957 -142147 125632 -126191 -43292 -247 -3940 -66041 -12515 -3871 -6921 -1751 -970 -196 -216 -251 -72 -302 -3 14 -13 -8 0 0 0 1 0 0 1 -1 0 0 0 0 0 0 0 0 1 0 -1 0 0 -1 0 0 0 0 0 0 0 0 0 0 1583836345
-14823489 -14450878 19730318 3833328 -6851648 -6332102 -1920629 -141764 102178 -126030 -43249 -33664 -3872 -38497 -12644 -2162 10939 -3097 -1101 -792 -145 -274 -39 -485 -6 43 -7 -7 1 -1 0 1 -3 0 -8 -10 -1 -1 6 0 0 0 1 0 -2 0 -1 0 0 0 0 0 0 0 0 0 0 0 0 0 1583836345
-15804546 -15258398 21443936 4802589 -6727865 -7282997 -1926571 -142264 121208 -126482 -43398 -19608 -3862 -35645 -11526 -3590 -6191 -2211 -981 -343 -229 -209 213 -318 -3 -15 -13 -7 0 0 0 2 6 0 0 -2 0 -1 1 -2 0 0 0 0 0 0 0 0 0 0 0 0 0 0 0 0 0 0 0 0 1583836345
-16052606 -15473750 21901836 4987222 -7871462 -7547020 -1821376 -142240 127643 -126337 -43338 -11969 -3965 -65503 -11825 -3874 -7806 -2916 -962 -795 -224 -139 115 -303 -2 -15 -12 -5 3 0 0 1 0 0 2 -1 0 0 0 -1 1 0 0 0 0 0 0 0 0 0 0 0 0 0 0 0 0 0 0 0 1583836345
-13225376 -13124103 16917073 2235933 -7838116 -4807940 -1823045 -140894 67059 -125070 -42900 -85147 -4043 -64852 -11720 -205 -4715 -2373 -986 -462 -207 -365 -167 -255 -4 -40 -12 -5 2 0 0 1 -1 0 1 1 0 0 0 0 0 0 0 0 1 0 0 -1 0 -1 0 0 0 0 0 0 0 0 0 0 1583836345
-10159909 -10547307 11452374 -650599 -5415281 -1742302 -337777 -136987 33560 -119594 -40247 -97727 -4703 -83284 -16123 3510 -6043 -2689 -993 -665 -199 -528 -378 177 -5 -53 -22 -5 2 0 0 1 -5 0 1 -2 0 -1 3 1 0 0 0 0 0 -1 0 0 0 0 0 0 0 0 0 0 0 0 0 0 1583836345
14270072 11927123 -35907018 -24513902 -7532384 20970124 -1830275 -128235 -276947 -113377 -38960 -327856 -4024 -62636 -40223 31907 -7099 -541 -877 -510 -204 -2130 -76 -283 -3 -196 -11 -1 2 -2 0 3 0 -4 2 0 0 0 0 0 0 1 0 0 1 -4 2 0 0 0 0 0 0 1 0 0 0 0 0 0 1583836345
-595939 -2517701 -5558712 -10038666 -7703870 7618054 -1822768 -135045 -78870 -119701 -41090 -197008 -4041 -63875 7508 -7980 -7175 -3686 -933 -837 -214 -946 -68 -232 -3 -105 -14 -1 4 0 0 0 -2 0 0 1 0 0 0 0 -1 4 0 0 0 1 -1 0 1 0 0 0 0 1 0 0 0 0 0 0 1583836345
-1707560 -3512701 -3465416 -8952553 -7666430 6411170 -1829724 -135516 -144260 -120023 -41176 -312713 -4255 -61744 85919 -56019 -36 -5060 -1004 -372 -177 -590 -388 -191 -9 65 -9 -3 8 -1 0 2 -5 4 1 2 0 0 0 0 -1 5 0 1 0 6 -3 1 1 -2 0 0 -1 2 0 0 0 0 0 0 1583836345
-16085917 -15507347 21969934 5053185 -6772101 -7574549 -1922704 -142309 120858 -126560 -43423 -28877 -3885 -36883 -10961 -3653 -3420 -3142 -1005 -697 -217 -144 -170 -341 -3 -22 -12 -6 1 0 0 1 -3 0 -1 -2 0 -1 1 0 0 0 -1 0 0 0 0 0 0 0 0 0 0 0 0 0 0 0 0 0 1583836345
-16089147 -15506719 21968056 5073591 -6454229 -7572156 -1204494 -141175 120007 -124580 -42394 -21141 -4244 -64144 -11005 -3793 -1621 -3001 -1015 -1012 -192 -136 -465 40 -6 -24 -19 -2 7 -1 0 1 -7 0 -2 -1 0 -1 2 2 0 0 -1 1 1 0 -1 0 0 -1 1 0 0 0 1 0 0 0 0 0 1583836345
-15919451 -15365017 21668920 4890146 -6909412 -7406902 -1493439 -141580 121877 -125325 -42801 -22118 -4111 -60022 -11097 -3856 -7794 -2690 -976 -506 -225 -171 389 -296 -2 -10 -13 -7 1 0 0 1 -1 0 0 -1 0 -1 1 0 0 0 0 0 0 0 0 0 0 0 0 0 0 0 0 0 0 0 0 0 1583836345
-16088915 -15496132 21934928 5315375 268057 -7449677 1477644 -136467 124313 -116929 -38275 -11829 -5349 -45789 -7653 -5202 7033 2624 -1119 1230 -137 -497 -31 -327 -5 -78 -10 -4 0 0 0 1 -10 0 -7 -5 -1 -1 5 2 1 1 -1 0 0 -2 -2 -1 1 0 0 0 -1 1 0 0 0 0 0 -1 1583836345
-15615114 -15088995 21090334 4573379 -7867941 -7080324 -1821458 -142099 142095 -126214 -43308 26555 -3892 -65725 -15250 -3654 -6576 -3337 -975 -781 -218 -163 -59 -317 -2 28 -11 -8 1 0 0 1 -2 0 1 0 0 0 0 0 0 0 1 0 0 0 1 0 0 0 0 0 0 0 0 0 0 0 0 0 1583836345
-16066033 -15484132 21921881 5036219 -6933953 -7549313 -1472085 -141635 124147 -125339 -42799 -11179 -4107 -61639 -11337 -3996 -7756 -2322 -961 -783 -223 -155 -31 -242 -3 -17 -14 -3 5 0 0 1 -2 0 0 0 0 0 0 -1 4 0 -1 0 0 0 0 0 0 0 0 0 0 0 0 0 0 0 0 0 1583836345
-15509214 -15012431 20923380 4502602 -6797711 -6981004 -1423880 -141311 127116 -124991 -42659 736 -4099 -61098 -5588 -7004 -7192 7400 -956 3358 -194 -802 323 -287 -2 -62 -12 -12 -8 0 0 1 -2 0 0 -1 0 -1 1 0 -2 2 0 0 0 -3 0 0 0 0 0 0 0 0 0 0 0 0 -1 0 1583836345
-16067115 -15487772 21930060 5018710 -7325663 -7558402 -1615404 -141871 124677 -125743 -43016 -20899 -4062 -63221 -11471 -3742 -1187 -3250 -1023 -741 -192 -154 -126 -369 -4 -24 -10 -6 1 0 0 1 -2 0 -2 -3 0 -1 2 2 0 0 1 0 -1 0 0 0 0 0 0 0 0 0 0 0 0 0 0 0 1583836345
-15537568 -15002683 20910293 4527765 -7272345 -6970167 -1395498 -141394 156672 -125031 -42688 56358 -4040 -73100 -16024 -4082 -3795 -2234 -972 -1065 -197 -192 -294 -268 -3 133 -16 -6 6 0 0 2 -3 -1 -1 -1 0 -1 1 0 7 0 -1 0 0 0 0 0 0 0 0 0 0 0 0 0 0 0 0 0 1583836345
-16076597 -15496442 21947614 5043965 -6792231 -7559273 -1928701 -142321 124739 -126587 -43440 -21239 -3865 -37466 -10695 -3993 10249 -2288 -1092 -412 -146 -254 2720 -134 -6 -41 -9 -6 0 0 0 1 -3 0 4 1 0 0 -2 -1 0 0 0 3 0 0 -1 0 0 -2 0 1 0 0 0 0 0 0 0 0 1583836345
-16066583 -15485080 21924393 5025236 -7227915 -7555333 -1591483 -141841 124244 -125679 -42983 -12326 -4059 -62485 -11658 -3909 -6544 -2801 -976 -757 -218 -147 -123 -321 -3 -21 -13 -5 3 0 0 1 -2 0 1 -1 0 0 0 1 2 0 1 0 0 0 1 0 0 0 0 0 0 0 0 0 0 0 0 0 1583836345
-15828461 -15287129 21501514 4853449 -5488302 -7291229 -1038178 -140721 121332 -123977 -42078 -19909 -4286 -51875 -11884 -3414 -9143 -2973 -978 -617 -235 -150 -154 -311 -2 2 -12 -7 1 0 0 1 0 0 3 -1 0 0 -1 0 0 0 0 0 0 0 0 0 0 0 0 -1 0 0 0 0 0 0 0 0 1583836345
-14828825 -14364666 19565160 3871671 -5715260 -6208770 -962149 -140212 189745 -123521 -41914 63843 -4180 -60976 -15794 -4483 -9059 -89 -961 430 -221 -388 -173 -303 0 129 -15 -12 0 -1 0 2 -1 -2 3 -1 0 0 -1 0 0 -1 0 0 0 0 0 0 0 0 0 0 0 0 1 -1 0 0 0 0 1583836345
-15301216 -14758760 20389540 4497478 -5882392 -6745224 -1041619 -141137 99859 -123951 -42092 11547 -4244 -61640 -13267 -3620 -8843 -838 -960 -70 -223 -295 -168 -304 -4 233 -18 -16 0 -1 0 2 -1 -3 3 0 0 0 0 0 0 -1 1 0 1 0 0 0 0 1 0 1 0 0 0 0 0 0 0 0 1583836345
-15326846 -14853420 20564481 4728548 3097095 -6673600 2636768 -134266 83866 -113316 -36414 8259 -5813 -44473 909 13928 -342 -4501 -1490 8179 -175 54429 286 -272 1 -844 1 6 -6 -11 0 -4 -3 -2 2 0 0 7 -5 3 -2 -1 2 0 1 1 -1 1 0 1 0 0 -1 0 -2 1 0 0 0 0 1583836345
5877984 2898430 -17069695 -15810157 7091462 14167501 3950868 -121806 -198435 -100324 -31211 -338273 -6598 -22221 -858 6226 -4598 -1007 -1049 -117 -200 -1485 -1651 -340 -3 -149 -6 0 3 0 0 1 -10 -1 -5 -2 0 0 -5 7 0 3 1 0 4 1 0 0 0 4 0 0 -1 1 3 -1 0 0 0 -2 1583836345
-15011278 -5940525 2577682 18958985 -8399067 -1912934 -1923539 24111203 70702 -100625 -37945 -26735 -3437 -58516 -9769 -3315 12668 -6034 181445 6073 340 -18 -1385 -199 -2 -19 4 -41 8 0 0 0 -6 0 0 6 9 0 1 1 0 0 7 0 -1 0 5 -3 2 0 0 0 0 0 0 0 0 -1 0 0 1583836345
-15782469 -15250216 21425578 4761564 -6821840 -7269559 -1920451 -142190 119850 -126442 -43386 -21744 -3868 -37928 -11791 -3374 3810 -2979 -1054 -684 -180 -198 -278 -232 -6 10 -6 -7 1 0 0 1 -7 0 -4 -5 0 -1 3 0 0 0 -2 2 0 0 -1 0 0 0 0 0 0 0 0 0 0 0 0 0 1583836345
-15977230 -15412179 21768537 4962059 -6440374 -7454226 -1962961 -142312 123495 -126627 -43457 -20594 -3820 -27241 -11492 -3599 18040 -3339 -1144 -847 -115 -227 4562 -597 -6 -29 6 -6 1 0 0 1 1 0 9 -5 0 0 1 -2 0 0 -3 2 0 0 -2 0 0 0 0 0 0 0 0 0 0 0 0 0 1583836345
-16076529 -15497382 21951237 5005951 -7874194 -7578156 -1820976 -142231 124651 -126333 -43334 -21551 -3983 -65521 -9300 -4643 -7441 273 -967 634 -213 -345 4 -301 -2 -55 -12 -7 -1 0 0 1 0 0 2 -1 0 0 0 0 -1 0 0 0 0 0 0 0 0 0 0 0 0 0 0 0 0 0 0 0 1583836345
-16089816 -15498242 21932508 5436656 3718910 -7399023 2947306 -133881 120518 -112728 -36026 -27163 -6004 -44819 -9670 -3678 26386 -2617 -1304 -810 -43 -244 -342 4300 -32 -28 -126 -4 5 0 0 0 -46 1 0 -23 -1 -1 5 7 3 0 0 -6 10 0 -8 1 -1 -4 9 -3 0 0 2 2 0 2 0 -2 1583838187
-16076895 -15500631 21957326 5007422 -7825599 -7583940 -1838039 -142248 120799 -126371 -43354 -29127 -3972 -63434 -10660 -3764 17596 -3109 -1155 -758 -99 -226 -1171 -368 -8 -25 -9 -5 1 0 0 1 0 0 10 -6 0 0 2 3 0 0 -4 1 0 0 0 0 0 0 0 0 0 0 0 0 0 0 0 0 1583838187
-16062731 -15483919 21922647 5001514 -7757366 -7561064 -1839906 -142263 124101 -126382 -43359 -20829 -3957 -62115 -10750 -4022 11845 -2337 -1112 -442 -126 -253 -1007 -79 -8 -28 -15 -6 0 0 0 1 -10 0 0 8 0 0 0 1 0 0 3 0 -1 0 -3 0 0 -2 0 -1 -2 0 0 0 0 0 0 0 1583838187
-15941807 -15385846 21712258 4900259 -7801804 -7469562 -1833071 -142254 100953 -126296 -43330 -24047 -3971 -63801 -8535 -4297 4921 516 -1004 -702 -153 -307 -768 525 -10 -28 -33 0 9 0 0 1 -11 0 2 6 0 0 0 0 10 0 1 0 -4 0 -2 1 -1 -4 0 1 -3 0 0 0 0 0 0 0 1583838187
-16054646 -15478665 21911068 4996918 -7537366 -7550301 -1851726 -142246 124493 -126395 -43360 -21068 -3949 -57222 -11072 -3911 -6636 -2439 -979 -412 -220 -183 -96 -26 -4 -25 -20 -7 1 0 0 1 -5 0 2 -1 0 0 -1 0 0 0 1 0 0 0 0 0 0 0 1 0 1 0 0 0 0 0 0 0 1583838187
-16085832 -15508005 21972816 5019310 -7742136 -7591307 -1832949 -142239 120824 -126354 -43341 -29114 -3982 -62025 -10504 -3887 -6989 -2353 -976 -374 -220 -186 99 -307 -3 -29 -12 -6 1 0 0 1 -1 0 0 -1 0 -1 1 0 0 0 0 0 0 0 0 0 0 0 0 0 0 0 0 0 0 0 0 0 1583838187
-15899044 -15345342 21620516 4973234 -5400004 -7411531 -2067754 -142528 76390 -126821 -43548 -17754 -3698 502 -10652 -3871 39720 -2337 -1301 -792 -20 -331 -278 -718 -13 -15 2 -4 3 -1 0 1 -7 0 -26 -22 -2 -3 14 1 0 0 0 0 -3 0 -2 -1 1 1 0 0 0 0 0 0 0 0 0 0 1583838187
-16084115 -15460828 21877071 5103914 -7527440 -7562316 -1751562 -31716 120389 -126014 -43194 -30181 -4017 -61616 -10902 -3681 -6606 -3221 5342 -432 -204 -135 -132 207 -5 -25 -28 -5 1 0 0 1 -6 0 3 0 -2 -1 1 0 0 0 0 0 0 0 0 0 0 -1 0 0 0 0 0 0 0 0 0 0 1583838187
-16034231 -15463432 21878256 4979448 -7660062 -7534748 -1855298 -142272 120064 -126405 -43371 -23417 -3943 -59161 -10857 -3839 23017 -2889 -1194 -702 -74 -259 -1482 -132 -11 -4 -10 -6 1 0 0 1 -7 0 0 11 0 0 -1 0 0 0 9 -2 -1 0 2 -2 1 0 0 -2 -1 0 -1 2 0 0 0 0 1583838187
-15638921 -15035183 20992240 4538531 -7880368 -7079670 -1821701 -141928 201383 -126251 -43305 10 -3939 -65901 -10858 -4480 -4019 1021 -987 876 -194 -427 -254 -190 -1 28 -16 -11 -2 0 0 1 -3 -1 0 3 0 0 0 1 0 -1 -1 -1 -1 0 0 0 0 0 0 0 0 0 0 0 0 0 0 0 1583838187
-15670938 -15060989 21045574 4594075 -7112497 -7100848 -1171405 -140849 201869 -124437 -42347 -4096 -4260 -79857 -10493 -4479 -5309 1064 -989 911 -192 -424 -312 -275 0 9 -13 -10 -2 0 0 1 -1 0 -1 0 0 -1 1 4 0 -1 0 -1 0 0 0 0 0 0 0 0 0 0 0 0 0 0 0 0 1583838187
-9821261 -14221762 18714200 -960894 -7499826 1158963 -1634166 -139075 81130 -123280 -42268 -18282 -4030 -65968 568473 -403302 -4590 -16380 -993 1182 -169 2134 -43 -160 -12 -47 -9 3 14 -6 0 8 -5 -9 1 3 0 0 0 -2 13 -13 0 0 0 -5 2 0 1 0 0 0 0 0 0 0 0 0 1 0 1583838187
-15892124 -15316049 21562477 4964869 -6529147 -7412509 -1368619 -141663 74585 -125011 -42658 61018 -4009 -58079 -6073 -8261 14966 12051 -1059 3831 -74 -1053 -1131 -209 -10 -126 -6 0 1 0 0 0 -9 0 -12 3 0 0 0 5 8 1 -5 0 0 -1 2 0 0 0 0 0 0 0 0 -1 0 0 0 0 1583838187
-16091950 -15481453 21863713 6139585 23423597 -7064549 9093568 -122749 120376 -94983 -26351 -26528 -8308 100654 -8159 -3109 103099 -3284 -1923 -1771 274 -415 13802 -761 -19 -81 26 0 6 -1 0 0 -28 0 -32 -24 -4 -3 27 7 1 -1 0 6 -6 -1 -6 0 0 1 -1 0 0 0 0 0 0 0 0 0 1583838187
-15685987 -15150612 21201093 4992284 2063966 -7005763 2090942 -135207 128315 -115017 -37269 -1837 -5566 -34640 -10179 -4697 7270 -1483 -1151 -145 -149 -278 -1049 129 -7 1 -22 -8 0 0 0 1 -11 0 -9 11 0 -1 1 -5 -1 -1 -8 1 0 0 2 -1 1 0 0 1 0 0 0 0 0 0 0 0 1583838187
-16066892 -15487600 21929344 5025509 -7112132 -7554170 -1550148 -141751 124949 -125555 -42914 -19521 -4089 -62152 -10162 -4245 -7878 -1092 -963 -138 -220 -241 -91 -51 -3 -34 -19 -5 1 0 0 1 -3 0 2 0 0 0 0 0 1 0 1 0 0 0 0 0 0 0 1 0 0 0 1 0 0 0 0 0 1583838187
-16086943 -15497030 21933379 5366225 1729488 -7426388 2434382 -134847 121542 -114228 -36845 -22551 -5800 -59339 -8186 -4570 35487 208 -1356 450 8 -467 -936 533 -16 -57 -26 5 15 -2 0 0 -24 0 -12 1 0 0 -1 5 -1 -1 -6 2 0 0 0 1 -1 0 0 1 1 0 -1 0 0 0 0 0 1583838187
-16043936 -15465637 21884444 4982001 -7893260 -7542699 -1818581 -142247 124260 -126328 -43336 -9719 -3964 -66117 -9157 -4956 -6973 1365 -951 619 -209 -383 -82 -309 -2 -47 -14 -5 1 0 0 1 -1 0 3 0 0 0 0 0 3 0 0 0 0 0 0 0 0 0 -1 0 1 0 0 1 0 0 0 0 1583838187
-16089503 -15510874 21979178 5017785 -7892668 -7597391 -1819231 -142231 120995 -126325 -43329 -29196 -3996 -65918 -10691 -3813 -4865 -2717 -993 -521 -209 -172 -190 -344 -3 -29 -10 -4 4 0 0 1 0 0 4 0 0 0 1 3 0 0 0 -1 -1 0 0 0 0 -1 -2 0 2 0 1 2 0 0 0 0 1583838187
-16088244 -15502965 21964014 5019037 -7893030 -7582104 -1819244 -142248 129226 -126349 -43343 -11775 -3968 -66034 -7347 -5709 -4348 4003 -973 1851 -188 -564 -243 -339 -2 -90 -8 -3 2 0 0 1 0 0 4 0 0 0 1 3 0 0 0 -1 -1 0 0 0 0 -1 -2 0 2 0 1 2 0 0 0 0 1583838187
-16082523 -15447274 21850211 5111325 -7886694 -7560219 -1820765 -9886 120355 -126204 -43305 -30207 -3995 -65652 -10915 -3693 -6832 -3305 10755 -225 -191 -131 -89 -294 -2 -24 -12 -3 1 0 0 1 -1 0 1 0 -5 0 0 0 0 0 1 0 0 0 0 0 0 0 0 0 0 0 1 -1 0 0 0 0 1583838187
-16063533 -15485969 21927131 4994314 -7878120 -7564367 -1822416 -142232 124793 -126334 -43336 -20498 -3978 -65526 -11341 -3841 -4491 -2896 -995 -593 -207 -165 -193 -313 -3 -21 -12 -6 1 0 0 1 -1 0 0 1 0 0 0 0 0 0 0 0 1 0 0 0 0 0 0 -1 0 0 0 0 0 0 0 0 1583838187
-15885077 -15314760 21568569 4817514 -7844581 -7374396 -1827769 -142148 138672 -126295 -43324 -18663 -3966 -64646 -11446 -3735 1005 -2558 -1031 -545 -179 -210 -451 -174 -5 41 -13 -8 1 0 0 1 -3 0 0 5 0 0 -1 0 0 0 -1 -1 0 0 -2 -1 0 0 0 0 0 0 0 0 0 0 0 0 1583838187
-16067204 -15488682 21932169 5013915 -7410715 -7560057 -1863156 -142262 124844 -126428 -43372 -20395 -3936 -53548 -7299 -5463 -6565 3557 -967 1887 -206 -542 -101 -131 -3 -85 -16 -9 -4 0 0 1 -3 0 2 0 0 0 0 0 -1 0 0 2 0 0 1 0 0 -1 0 0 0 0 0 0 0 0 0 0 1583838187
-15884078 -15322803 21582433 4849081 -7885166 -7377182 -1820291 -142255 121854 -126285 -43320 -15135 -3969 -65830 -9899 -4505 -6158 497 -974 685 -206 -372 -102 -320 -3 -11 -10 -9 -1 0 0 1 -1 0 3 0 0 0 0 1 0 0 0 1 0 0 1 0 0 0 0 0 0 0 0 0 0 0 0 0 1583838187
-15660013 -15145226 21205222 4615731 -7791667 -7153963 -1833759 -142101 122615 -126215 -43305 -6037 -3934 -63191 -8878 -5984 4110 -1762 -1049 -226 -162 -273 -323 -358 -5 43 -10 -9 0 0 0 2 0 -1 2 0 0 0 0 -1 0 0 0 0 0 0 0 -1 0 0 0 0 0 0 0 0 0 0 0 0 1583838187
-15023982 -14515867 19874830 4230686 -7883918 -6543840 -1820881 -142646 52482 -126088 -43279 53884 -3839 -66274 -8474 4355 -6167 -761 -1160 5381 -198 6297 -107 -315 -5 -76 -12 -18 -8 -12 0 -3 -2 -1 1 0 0 7 1 0 -1 -2 1 0 0 0 0 0 0 0 0 0 0 0 1 -1 0 0 0 0 1583838187
-16085843 -15508249 21973473 5015612 -7838667 -7593012 -1833900 -142246 120869 -126364 -43350 -29038 -3977 -63842 -10685 -3771 14138 -3099 -1130 -741 -117 -214 -1118 -530 -7 -25 -5 -5 1 0 0 1 -4 0 4 -3 0 0 0 5 1 0 -3 1 6 0 -3 0 0 -1 0 -1 0 0 -1 0 0 -1 0 0 1583838187
-16082965 -15450993 21857520 5110902 -7740843 -7559948 -1843496 1420 120325 -126238 -43327 -30161 -3967 -61259 -10867 -3654 12226 -3493 694 -805 -124 -184 -627 -387 -7 -26 -5 -5 2 0 0 1 0 0 3 1 0 0 0 -2 0 0 0 0 0 0 -3 0 0 0 0 -1 0 0 1 0 0 0 0 0 1583838187
-16042979 -15456902 21858533 5153110 -2914858 -7448991 116937 -138815 131468 -120797 -40353 -8775 -4769 -49758 -1944 -7843 -8004 12828 -974 5443 -186 -1084 -450 -322 -1 -163 -10 -13 -14 1 0 1 0 0 3 -1 0 0 0 0 -4 1 0 0 0 -2 0 0 0 0 0 0 0 0 0 0 0 0 -1 0 1583838187
-16065220 -15473473 21892410 5208166 -1870070 -7453625 -97685 -139075 132827 -121348 -40607 -11705 -4604 -16866 -11219 -3870 -6072 -2335 -1002 -565 -233 -170 4155 -328 -1 -37 -12 -7 0 0 0 1 -4 0 5 0 0 0 -4 0 0 0 0 0 -1 0 0 0 0 0 0 0 0 0 0 0 0 0 0 0 1583838187
-16082260 -15441811 21829358 5239460 -1446667 -7517267 719827 -137754 120337 -119060 -39414 -28954 -5051 -45679 -10697 -3544 -3518 -3185 -1038 -692 -205 -147 5579 -342 -1 -42 -9 -6 1 0 0 1 -5 0 6 1 0 0 0 1 0 0 0 1 0 0 0 0 0 0 0 0 0 0 0 0 0 0 0 0 1583838187
-15984306 -15419303 21785744 4919894 -7814213 -7485734 -1840787 -142220 123566 -126351 -43351 -21902 -3957 -63099 -11118 -3776 17371 -2874 -1152 -676 -100 -245 -1233 -407 -8 -29 -1 -5 1 0 0 1 3 0 4 -2 0 0 0 5 1 0 0 0 2 0 0 2 -1 0 0 1 0 0 1 -2 0 -1 0 0 1583838187
-15720439 -15187551 21295711 4691110 -7734264 -7206446 -1842995 -142196 123520 -126286 -43337 8842 -3898 -61573 -11814 -4083 10862 -955 -1057 -998 -129 -276 -833 -329 -7 86 -7 -1 9 0 0 2 0 -1 1 4 0 0 0 -4 10 1 4 0 0 0 0 -2 1 0 0 0 0 0 0 0 0 0 0 0 1583838187
-16089302 -15510858 21978971 5020708 -7806069 -7595820 -1839975 -142257 120807 -126382 -43359 -29197 -3970 -62958 -10903 -3657 20172 -3611 -1175 -978 -88 -202 -1465 -290 -9 -23 11 -3 5 -1 0 1 -7 0 2 7 0 0 0 1 0 0 9 -1 -2 0 -4 0 0 0 1 0 1 0 1 -1 0 0 0 0 1583838187
-16084553 -15502086 21959930 5048803 -7165402 -7572032 -1890672 -142328 122432 -126507 -43405 -19776 -3902 -46652 -10749 -3731 3975 -2786 -1018 -1555 -176 -125 157 -412 -4 -13 -8 14 31 -4 0 1 -1 0 -6 -7 0 -1 4 0 -3 0 1 0 -1 0 0 0 0 0 0 0 0 0 0 0 0 0 0 0 1583838187
-16089307 -15505883 21967300 5060470 -6878778 -7578362 -1631588 -139285 120591 -125767 -43014 -30136 -4050 -52714 -10890 -3662 -7337 -3150 2945 -497 -217 -145 3930 -265 -1 -36 -12 -5 1 0 0 1 -5 0 3 0 -1 0 -1 1 0 0 0 0 0 0 0 0 0 0 0 0 0 0 0 0 0 0 0 0 1583838187
-16067467 -15479893 21897795 5345849 1875363 -7401730 1231270 -136708 124486 -117519 -38534 -19982 -5144 2736 -10856 -3598 8396 -2948 -1137 -660 -168 -190 5565 -461 -3 -38 -9 -6 1 0 0 1 -12 0 -2 -3 0 -1 5 5 1 0 2 0 -2 0 -1 -1 0 0 0 0 0 0 0 0 0 0 0 0 1583838187
-15873446 -15285556 21400390 6757612 43420173 -6652415 18491110 -106743 -2995 -68105 -12021 -5970 -12434 83280 -4512 -4182 8809 4453 -1406 78 -148 -358 -4735 -881 -5 -17 6 -9 -5 0 0 2 0 0 1 -12 -1 -1 5 3 0 0 4 1 -2 0 0 -1 0 0 0 0 0 0 0 0 0 0 -1 0 1583838187
-16080229 -15409129 21753978 5531764 2692924 -7363707 1949810 80562 119858 -115283 -37425 -29685 -5512 -14119 -10474 -3416 -1054 -3353 7039 -431 -187 -119 1212 -418 -2 -30 -8 -4 1 0 0 1 -1 0 -1 -2 -3 -1 5 0 0 0 1 0 -1 0 0 0 0 0 0 0 0 0 0 0 0 0 0 0 1583838187
-6387571 -7420209 4820827 -4400886 -7785242 1860580 -1819828 -137723 -57484 -122071 -41878 -204141 -4149 -64476 41596 -30716 -6495 -2302 -959 181 -207 -600 -99 -306 -5 -64 -10 -2 3 0 0 0 -1 2 2 -1 0 0 1 2 0 5 0 0 0 2 0 0 0 0 0 0 0 0 0 0 0 0 0 0 1583838187
-15719723 -15197280 21314920 4674805 -7870974 -7219594 -1821038 -142125 118556 -126201 -43295 -9723 -3957 -65626 -11261 -1805 -6606 -3032 -1021 432 -216 4304 -78 -233 -3 26 -15 -7 1 0 0 2 -3 -1 1 1 0 -1 0 0 0 0 0 0 0 0 0 0 0 0 0 0 0 0 0 0 0 0 0 0 1583838187
-16089630 -15510334 21978044 5019611 -7881373 -7597608 -1820466 -139727 120622 -126324 -43329 -30224 -3998 -65671 -10914 -3692 -7057 -3122 -490 -647 -219 -140 -63 -251 -3 -26 -14 -5 1 0 0 1 -2 0 0 1 -1 0 0 0 0 0 0 0 0 0 0 0 0 0 0 0 0 0 0 0 0 0 0 0 1583838187
-15944071 -15388778 21719829 4893209 -7704986 -7446444 -1871533 -142271 117558 -126422 -43391 -17808 -3910 -58775 -10284 -3804 55734 -2649 -1388 -1765 85 -315 -2869 -960 -15 45 24 -6 1 -1 -1 2 15 -1 12 -10 0 0 1 7 1 -1 -5 3 12 1 1 -1 0 -1 1 0 0 0 0 0 0 -2 0 1 1583838187
-16089532 -15507978 21971576 5059484 -6807164 -7578109 -1992448 -141149 120575 -126779 -43546 -29906 -3786 -33334 -10601 -3421 142302 -5905 1781 -2139 506 -482 -5313 -262 -39 -23 35 -3 3 0 -1 1 7 0 13 12 0 -1 5 -12 -3 0 2 2 -5 -2 -13 -2 1 -6 2 0 -6 0 4 0 0 0 0 -1 1583838187
-15842895 -15302229 21537316 4782657 -7817972 -7347923 -1833092 -142143 120605 -126267 -43318 -23673 -3966 -63667 -11354 -3560 8265 -2744 -1086 -596 -144 -231 -791 -318 -6 -15 -9 -6 1 0 0 1 -2 0 4 1 0 0 0 2 0 0 0 2 0 0 0 0 0 -1 0 0 -1 0 0 0 0 0 0 0 1583838187
-16056477 -15476495 21902511 5085095 -5207504 -7511232 -676805 -140235 124601 -123069 -41584 -19911 -4463 -62102 -10296 -3912 5114 -2043 -1059 -993 -156 -192 -816 249 -8 -21 -21 -7 0 0 0 1 -9 0 -2 2 0 0 1 5 1 0 0 3 -2 0 2 3 -2 -2 -1 0 -3 0 -2 0 0 0 0 0 1583838187
-15341900 -14909695 20674769 4542647 -6645294 -7139140 -784568 -140808 -131024 -122934 -41669 -24225 -4472 -87890 -11675 -2982 -8142 -1831 -953 -927 -209 -208 -217 -290 -13 21 -16 -8 0 0 0 1 -1 0 1 0 0 0 1 2 0 0 0 0 0 0 0 0 0 0 0 0 0 0 0 0 0 0 0 0 1583838187
-16071525 -15345555 21639378 5357784 -5003391 -7451208 -2109801 277781 119669 -126553 -43512 -29659 -3666 11674 -10765 -3484 45177 -4020 2210 -1043 7 -278 9102 -869 -9 -53 24 -6 2 0 0 1 1 0 11 -9 1 0 3 -3 0 0 -6 4 -1 -1 -5 0 0 1 0 0 0 0 0 0 0 0 0 0 1583838187
-16065383 -15484234 21923492 5007618 -7745484 -7562161 -1832780 -142266 123952 -126368 -43351 -10315 -3950 -62222 -10110 -4424 -6728 -527 -942 -485 -215 -240 49 -306 -3 -26 -12 -2 5 0 0 1 -1 0 0 -1 0 0 1 -1 6 0 0 0 0 0 0 0 0 0 0 0 0 0 0 0 0 0 0 0 1583838187
-16089654 -15507195 21967911 5104133 -5530093 -7556252 -2034769 -140862 120553 -126817 -43521 -29858 -3768 -4383 -10895 -3594 -7552 -3083 1364 -564 -249 -125 194 -336 -2 -26 -11 -5 1 0 0 1 0 0 2 0 -1 0 0 0 0 0 0 0 0 0 0 0 0 0 0 0 0 0 0 0 0 0 0 0 1583838187
-9866577 -10303391 10917067 -602257 3805768 -1318479 2095864 -132346 13166 -112356 -36302 -125885 -5607 -688 -12401 3186 28237 -2221 -1299 -620 -58 -649 -1705 2924 -27 -14 -95 -4 3 2 0 -2 -33 5 -6 -13 -2 -2 14 6 1 -1 0 -5 2 -1 -6 -1 0 -4 7 0 0 0 0 3 0 1 0 -1 1583838187
13420936 9449250 -31235411 -17003333 171871134 24457879 70091198 -2934 -328117 91633 71496 -338135 -34246 398876 -8664 23452 48998 13168 -2706 4489 62 -2508 -19501 -1854 -1 378 48 -9 -4 4 0 0 -21 11 40 -37 6 6 -50 29 2 -5 11 6 8 -3 0 5 -2 7 -1 -4 -2 2 9 -6 0 -1 -2 -5 1583838187
-16070430 -15447694 21773912 6519363 34506430 -6847346 13744648 -114619 123595 -81713 -19228 -17423 -10321 112972 -8464 -3157 32378 -1953 -1566 -617 -72 -202 -2369 -1100 -5 -38 20 0 4 0 0 2 -1 0 13 -14 0 0 -5 2 1 0 -2 3 0 0 -3 -1 1 0 0 -1 0 0 0 0 0 0 0 -1 1583838187
-16069789 -15483341 21908883 5265996 -605274 -7448541 859747 -137496 121668 -118653 -39185 -17479 -5055 -33636 -10117 -4004 21958 -1923 -1224 -528 -82 -282 551 -592 -7 -19 2 -6 0 0 0 1 -13 0 -13 -12 -2 -2 11 3 0 0 0 1 -3 0 -2 -1 1 0 0 0 0 0 0 0 0 0 0 0 1583838187
58478832 47213469 -111190153 -62572758 115319972 67568074 47083799 -23376 -1087631 45128 42564 -592563 -24253 279949 20544 17227 37101 27334 -1815 5835 64 -5700 -10669 -1725 -14 1378 24 -23 5 18 0 -6 13 21 28 -16 -2 -2 9 0 0 2 -4 8 -2 -18 -1 -5 -1 0 0 -3 1 0 0 -2 0 1 -1 0 1583838187
-16021257 -15424920 21779384 5408633 4578706 -7284356 2425979 -134660 137223 -114142 -36726 9856 -5614 3851 -11461 -4284 -518 -1126 -1107 42 -206 -247 -843 -476 -2 -11 -7 -4 4 -1 0 2 3 0 1 -4 -1 -1 5 -2 -1 0 0 1 -1 0 -1 0 0 0 0 0 0 0 0 0 0 0 0 0 1583838187
-16085455 -15504792 21966988 5014121 -7892189 -7587030 -1819916 -142235 124858 -126335 -43336 -21332 -3981 -65889 -11177 -3882 -1975 -2830 -1013 -579 -195 -176 -355 -384 -3 -27 -7 -6 1 0 0 1 0 0 6 0 0 0 1 5 1 0 -1 -2 -2 0 0 0 0 -1 -4 0 3 0 2 3 0 0 0 0 1583838187
-10168071 -10558539 11479409 -703657 -7814367 -1780038 -1822831 -139602 29020 -123814 -42488 -77719 -3984 -64996 -9031 -2322 -4221 -1727 -975 -228 -200 -565 -212 -250 -5 232 -16 -13 2 -1 0 3 0 4 2 0 0 0 0 2 0 0 -1 0 1 -2 1 0 0 0 0 0 0 2 0 0 0 0 0 0 1583838187
-11648132 -11594603 13696586 809044 -7745688 -3415766 -1847866 -140581 -9397 -124520 -42756 -30030 -3894 -62154 -9889 -2554 27618 2875 -1145 25 -34 -776 -1747 -324 -14 59 -6 -7 -1 3 0 1 2 7 7 -3 0 0 1 8 1 -3 -6 1 2 0 0 4 0 -1 0 0 0 0 -2 0 0 -1 0 0 1583838187
35732702 27933466 -70103909 -45190749 -7252140 43370429 -1836547 -118770 -571095 -104361 -35947 -447173 -3883 -59208 -22941 28101 2767 10331 -843 3305 -115 -4006 -503 -198 -9 225 -17 23 33 17 0 -18 -2 60 3 3 0 -2 0 0 -6 -4 0 0 2 -14 0 6 11 0 0 -1 0 6 0 0 0 0 1 -1 1583838187
-14819733 -14396102 19609600 4155057 2349152 -6112165 -2754649 -142445 143831 -128026 -44039 20644 -2901 197205 -12535 -4021 -3126 251 -1003 486 -326 -356 -484 -510 -2 274 -8 -17 -1 -1 0 3 -2 -3 5 -3 0 0 -3 0 0 -1 0 0 0 0 0 0 0 0 0 1 0 0 0 0 0 0 0 0 1583838187
-15648180 -11562850 13942004 11480537 12799938 -4901492 -3770397 10024556 99061 -119782 -42751 -25532 -1731 476549 -10196 -2633 3216 -2871 13971 -126 -401 -28 -1014 -739 -2 -17 1 -3 1 0 0 1 -3 0 9 -8 -3 0 -7 0 0 0 -1 0 -1 0 -2 0 0 0 0 0 0 0 0 0 0 0 0 0 1583838187
3357067 -918127 -10605016 -2287697 -7624166 -6448907 -1888920 -168964 -14459062 -107073 -38593 -458334 -4199 -56846 24460 -13587 43067 -2995 -1282 -283 39 -1426 -2576 -525 -609 -107 9 2 9 -2 0 3 4 -1 8 -5 0 0 0 16 3 1 -10 0 9 4 4 -1 0 -1 0 1 0 1 -2 -1 1 -2 0 1 1583838187
-15024643 -6059216 2818496 18782720 -8539645 -1985097 -1901621 24460904 69984 -99780 -37721 -26700 -3452 -63006 -9656 -3276 -7795 -2518 -13657 -1052 -231 -134 48 -184 -3 -22 -14 0 0 0 0 1 0 0 1 -1 -4 0 0 1 0 0 -1 0 0 0 0 1 -1 -1 0 0 0 0 0 0 0 0 0 0 1583838187
-16085476 -15504040 21964392 5038522 -7199943 -7574730 -1939107 -142370 124970 -126652 -43489 -20833 -3831 -44167 -11113 -3620 111432 -5156 -1833 -1904 349 -422 -4792 -1068 -28 -20 40 -1 2 0 -1 1 3 0 13 9 0 0 3 -1 0 0 10 2 -4 0 -2 0 0 0 -1 -2 -1 0 2 0 0 0 0 0 1583838187
-16067510 -15489636 21934764 4999415 -7815301 -7567947 -1841558 -142255 124673 -126389 -43365 -21343 -3954 -63341 -11264 -3769 25436 -3512 -1214 -944 -61 -229 -1909 129 -13 -22 -12 -5 1 0 0 0 -15 0 -2 19 0 0 -2 7 1 0 3 -3 -8 0 -2 2 -1 -1 -2 6 1 0 -5 -2 0 0 0 0 1583838187
-16067159 -15477397 21895901 5262708 -760468 -7447012 4118422 -132377 124283 -109696 -34568 -11830 -6821 -191531 -9721 -4483 -1105 -742 -1107 46 -106 -294 -1634 -218 -4 -41 -6 -5 0 0 0 1 -1 0 2 2 0 0 4 10 4 0 0 -3 -5 -1 0 1 0 -1 -1 1 -1 1 -1 -1 0 1 0 0 1583838187
-16038712 -15456696 21848846 5340103 2697100 -7357674 -2846063 -143049 123812 -128709 -44300 -20277 -2855 212775 -11049 -3079 133642 -5361 -2001 -2130 329 -427 -3236 -798 -33 -23 30 -1 2 0 -1 -1 -41 2 -70 -44 -4 -4 24 12 3 -1 -2 6 -5 0 -4 0 0 0 -1 0 0 0 3 -3 0 0 0 0 1583838187
-11716954 -11849361 14205784 1008696 -1200616 -3207514 -2429636 -140689 48672 -125824 -43234 -96997 -3397 106003 -10125 519 1122 2233 -1020 1138 -253 -701 -608 -223 -5 -26 -11 -8 -1 0 0 1 -9 0 -3 -8 0 0 -4 1 0 0 0 0 -1 -1 0 0 0 -1 0 0 0 0 0 0 0 0 0 0 1583838187
5129815 2327836 -15845805 -15244539 -6588266 13107550 -1897440 -133539 -338556 -117489 -40390 -154587 -3782 -37603 -31883 21853 -7123 7610 -626 -3948 -210 -1573 -87 -252 -13 1012 -26 -35 4 -6 0 6 -2 -13 0 0 0 -1 0 -3 6 -1 0 0 0 -1 0 0 0 0 0 0 0 0 0 0 0 0 -1 0 1583838187
-15814652 -15181694 21118590 8167517 87453950 -5696378 35373427 -76553 116933 -19839 14036 -20692 -19451 232639 -7506 -1149 28401 -3673 -1993 -1111 -98 49 -9959 634 -10 5 -24 -4 0 0 0 0 -40 0 -13 -15 -1 -1 2 3 0 0 0 1 -5 0 -2 -2 2 0 -1 6 1 0 -2 1 0 -2 -1 -1 1583838187
-15531543 -14977166 20735407 6832698 56853604 -5967113 19888842 -103192 82843 -63632 -9380 -5103 -12523 304299 974 13878 69421 -7035 -2376 7333 39 47539 -219 1725 -21 -809 -37 13 -3 -4 0 -4 -71 0 0 -25 0 5 0 21 2 -1 6 6 -3 1 1 1 0 -2 1 -2 0 0 -4 2 0 -1 0 0 1583838187
-14334717 -14001518 18779147 3491478 -3607865 -5757155 -601814 -139307 121751 -122128 -41182 -6479 -4376 -31300 -15377 -1529 4398 -3003 -1067 -731 -174 -292 3741 113 -6 142 -21 -12 1 -1 0 2 -7 -2 5 -3 0 0 1 2 0 0 0 0 1 0 0 -1 0 -1 0 0 0 0 0 0 0 0 0 0 1583838187
-11478508 -11355312 13112604 2855239 54368849 -1660546 22179509 -98273 273186 -56299 -5943 319138 -13289 141908 7185 -17873 14610 65826 -1401 24778 31 -4419 -5203 -911 6 27 5 -32 -38 1 0 5 8 -7 23 -14 1 0 -13 -3 -15 -5 -2 2 -3 -9 -3 0 0 0 0 2 2 6 0 -1 0 0 1 -1 1583838187
-15369741 -14846923 20580246 4397218 -6049083 -6800377 -1096629 -140712 155270 -124065 -42168 31625 -4186 -61676 -15620 -3349 -8431 -3035 -962 -1029 -226 -155 -174 304 -5 172 -31 -13 1 -1 0 2 -6 -2 2 -3 0 -1 0 0 0 0 0 0 0 0 0 0 0 0 0 0 1 0 -1 0 0 0 0 0 1583838187
-14785822 -14334021 19352223 6551212 70146490 -4972170 28854765 -87627 108263 -38093 4091 -19815 -16722 167482 -9819 -451 75544 -4539 -2106 -1540 161 -279 23587 1547 -17 -72 -32 -5 0 -1 1 0 -63 0 35 -10 3 4 -23 26 4 0 7 0 4 0 -5 5 -4 5 -2 -16 1 -1 -11 3 -1 0 0 -1 1583838187
-15657460 -15145077 21204643 4604171 -7880953 -7161758 -1813848 -142049 119879 -126145 -43270 -18789 -3974 -66071 -12011 -3397 -5227 -2464 -987 -446 -209 -213 -172 -339 -3 5 -11 -7 1 0 0 2 0 0 4 0 0 0 1 3 0 0 0 -1 -1 0 0 0 0 0 -1 0 0 0 0 0 0 0 0 0 1583838187
-16076472 -15496902 21950309 5005900 -7889557 -7577896 -1815833 -142226 124852 -126320 -43328 -21314 -3985 -66096 -11333 -3828 -7505 -2923 -974 -591 -222 -152 -38 -308 -2 -25 -12 -6 1 0 0 1 0 0 3 0 0 0 0 1 0 0 0 0 0 0 0 0 0 0 0 0 0 0 0 0 0 0 0 0 1583838187
-15121006 -14695693 20252008 4087600 -7882094 -6632596 -1820045 -141829 112162 -125938 -43204 -20191 -3964 -65883 -13062 -2662 -3801 -2981 -994 -732 -204 -214 -251 -357 -3 60 -12 -9 1 -1 0 2 2 -1 5 0 0 0 1 4 1 0 0 -3 -1 0 0 0 0 -1 -4 0 3 0 2 3 0 0 0 0 1583838187
-11702626 -11573077 13690581 685247 -7841544 -3021214 -1828292 -140133 310878 -124893 -42884 125205 -3647 -65841 -24361 -1211 25253 978 -1156 162 -47 -740 -1935 -745 -1 307 0 -14 3 -3 0 4 7 -5 21 -1 0 0 6 25 4 -3 -6 -14 -9 0 -4 4 -3 -7 -19 -2 14 -1 11 15 0 0 0 0 1583838187
-16056442 -15475078 21901287 5061193 -6151263 -7528546 -1992441 -142414 120688 -126735 -43497 -24884 -3797 -19464 -10955 -3683 23724 -3256 -1188 -838 -91 -242 3554 -615 -7 -3 7 -6 1 0 0 1 0 0 0 -8 0 -1 4 -1 0 0 -3 2 -1 0 -2 0 0 1 0 0 0 0 0 0 0 0 0 0 1583838187
-14491606 -14129087 19059288 3463470 -7586715 -5981923 -1847249 -141498 139254 -125770 -43150 -16976 -3921 -58325 -14201 -2039 -3894 -2927 -991 -662 -207 -262 696 -335 -2 2 -12 -7 1 0 0 1 -1 0 1 -2 0 -1 1 0 0 0 0 0 0 0 0 0 0 0 0 0 0 0 0 0 0 0 0 0 1583838187
-11757482 -11864719 14248373 954138 -4726000 -3247933 -2104366 -140598 74932 -125212 -43013 -13019 -3609 15077 71879 -61551 -7750 -5674 -961 -735 -259 69 -9 -356 -4 224 -13 -10 5 -1 0 3 -1 -2 3 -1 0 0 -1 -1 1 2 0 0 0 2 -1 0 0 0 0 0 0 0 0 0 0 0 0 0 1583838187
-6545880 -7524695 5022957 -3889219 -4593502 1620586 -2112565 -138880 -215366 -122864 -42243 -56275 -3580 17548 -21378 8755 -8180 1876 -673 -5793 -263 -507 -11 -335 -12 499 -18 12 40 -2 0 3 -1 -7 2 -1 0 0 -2 -11 42 4 0 0 0 1 0 0 0 0 0 0 0 0 0 0 0 0 0 0 1583838187
-15999790 -15428483 21791720 5225472 476319 -7363594 -2586190 -142788 119432 -128043 -44006 -27926 -3175 151567 -11043 -3225 -1056 -2978 -1031 -697 -302 -117 -232 -508 -3 -17 -6 -6 2 0 0 1 0 0 5 -4 0 0 -1 -2 0 0 -1 0 0 0 -1 0 0 0 0 0 0 0 0 0 0 0 0 0 1583838187
-16081342 -15499281 21955484 5014846 -7862939 -7580875 -1826573 -142255 124989 -126356 -43345 -20536 -3973 -64948 -11459 -3788 315 -3243 -1030 -744 -185 -160 -328 -339 -4 -19 -10 -6 1 0 0 1 1 0 2 0 0 0 0 -1 0 0 -1 0 0 0 0 0 0 0 0 0 0 0 0 0 0 0 0 0 1583838187
-15672121 -15152761 21221111 4633696 -7792219 -7170369 -1833460 -142127 119017 -126219 -43307 -6133 -3933 -63258 -11809 -3771 5471 -1574 -1045 -551 -156 -273 -433 -268 -6 44 -11 -3 7 -1 0 1 -3 0 2 1 0 0 0 -2 3 0 -1 0 1 0 -3 -1 0 0 0 0 0 0 0 0 0 0 0 0 1583838187
-11778548 -11869536 14262289 938606 -6457337 -3297561 -1596377 -140018 72295 -123908 -42372 -16026 -3959 -46094 -14554 8059 -2645 -4945 -1119 1902 -203 -351 1910 -360 -3 69 -11 -10 2 -5 0 -4 -5 4 4 0 0 4 1 0 2 -1 0 1 0 0 0 0 0 0 0 0 0 0 0 0 0 0 0 0 1583838187
-15952050 -15384951 21697241 5206004 872652 -7308082 2035751 -135482 119385 -115297 -37422 -23393 -5639 -57699 -11056 -3405 -6302 -3090 -1053 -759 -211 -123 -486 -398 -2 38 -8 -8 1 0 0 2 2 0 5 0 0 -1 3 -1 0 0 -1 1 0 0 0 0 0 0 0 0 0 0 0 0 0 0 0 0 1583838187
-15876027 -15311372 21527880 5425292 9228957 -7087753 4565921 -130834 121811 -107951 -33421 -20669 -6582 5007 -10917 -3127 10607 -3086 -1183 -706 -146 -218 17615 -459 0 -65 7 -6 0 -1 1 0 -18 0 15 6 0 0 -1 6 1 0 0 2 -1 0 -2 -1 0 0 0 0 0 0 0 0 0 0 0 0 1583838187
10963255 7040336 -25848415 -21253269 -7572827 18754483 -1823920 -129613 -386030 -114413 -39240 -552090 -4458 -61163 -33402 38671 -6803 -549 -908 -542 -209 -1956 -11 -291 -7 -135 -8 7 11 4 0 -4 0 6 2 -1 0 -1 0 0 0 -3 0 0 0 -1 0 0 0 0 0 0 0 0 0 0 0 0 0 0 1583838187
-15984039 -15421942 21789334 4942953 -7135714 -7481547 -1628859 -141829 118936 -125723 -43007 -31165 -4063 -58485 -10978 -3528 -3992 -3059 -1004 -665 -208 -158 -179 -271 -4 -23 -13 -6 1 0 0 1 -4 0 0 2 0 0 0 -2 0 0 -1 0 -1 0 0 0 0 0 0 0 0 0 0 0 0 0 0 0 1583838187
-16042219 -15465342 21883269 4985538 -7867237 -7543475 -1822968 -142263 121257 -126334 -43336 -22716 -3984 -65237 -2317 -7411 -4107 11223 -967 4822 -168 -1015 -154 -324 -2 -122 -10 -13 -12 1 0 1 0 0 2 0 0 -1 0 0 -3 0 1 0 0 -3 0 0 0 0 0 0 0 3 1 -1 0 0 1 0 1583838187
-14034494 -13656617 18075136 3092661 -7570394 -5386222 -1849125 -141636 208501 -125859 -43230 158828 -3619 -59343 -5140 -10675 -4020 27846 -819 8676 -127 -1967 -310 236 -2 105 -28 -14 -10 4 0 3 -5 -3 1 1 0 -1 0 -5 12 1 0 0 0 -2 0 0 0 0 1 0 0 0 0 0 0 0 -1 0 1583838187
-16002790 -15428222 21805098 4954990 -7886712 -7499972 -1819995 -142273 121671 -126320 -43330 -18828 -3977 -65841 -9687 -4561 -6199 -19 -976 509 -208 -334 -111 -316 -3 14 -11 -9 -1 0 0 1 -2 0 1 0 0 0 0 0 0 0 1 0 0 0 0 0 0 0 0 0 0 0 1 -1 0 0 0 0 1583838187
28453295 21691895 -56905892 -38207982 -7393611 35927453 -1825215 -121652 -634405 -106956 -36736 -725439 -4496 -59636 91526 -38516 -6866 -2220 -865 337 -191 -2484 -58 -287 -10 -228 -5 13 16 4 0 -4 0 10 2 -1 0 0 0 0 -3 10 0 1 0 3 0 0 -1 0 0 0 0 3 0 0 0 0 -1 0 1583838187
1802790 -2100159 -7995651 -1157631 11006820 -6150152 5622272 -153198 -13218336 -87102 -27350 -549184 -7569 -9382 23519 -6512 -3320 -1202 -1099 368 -193 -1239 488 -552 -544 -52 0 0 10 -2 0 3 -4 -2 13 -4 1 1 -11 3 0 3 1 1 0 3 0 0 0 0 0 -2 0 1 -1 0 1 0 0 0 1583838187
-16023085 -15446325 21827902 5260159 600098 -7385189 1239814 -136773 119819 -117523 -38572 -26422 -5226 -25813 -10630 -3561 -2730 -2924 -1043 -590 -207 -174 10179 -309 0 -22 -9 -7 1 0 0 1 -10 0 8 3 0 0 -3 2 0 0 0 0 0 0 0 0 0 0 0 0 0 0 0 0 0 0 0 0 1583838187
-16081685 -15502977 21962581 5013175 -7886788 -7588066 -1819836 -142239 121122 -126327 -43330 -27938 -3994 -65854 -10992 -3734 -6479 -3020 -982 -631 -217 -149 -98 -215 -3 -18 -15 -6 1 0 0 1 -3 0 1 1 0 0 0 0 0 0 0 0 0 0 0 0 0 0 0 0 0 0 0 0 0 0 0 0 1583838187
-14215697 -13917687 18605550 3252346 -7851176 -5706550 -1822037 -141584 109093 -125633 -43113 13027 -3893 -65836 -17054 -1627 -6891 -2824 -966 -690 -217 -271 -82 231 -6 281 -31 -16 1 -1 0 2 -5 -3 2 -2 0 -1 1 1 0 0 0 -1 0 0 0 0 0 0 0 0 0 0 0 0 0 0 0 0 1583838187
-11930581 -11948852 14445421 943732 -7839855 -3468949 -1821922 -140219 127057 -124617 -42745 -69717 -3998 -65298 -15969 2272 -3389 -1448 -975 -516 -197 -482 -282 -265 -2 231 -17 -13 2 0 0 2 -3 0 1 2 0 -1 0 0 0 -1 1 0 -1 0 -1 -1 0 0 0 0 0 0 0 0 0 0 0 0 1583838187
-14071895 -13815772 18386916 3070136 -7856538 -5604364 -1822774 -141349 97030 -125494 -43054 -35437 -3970 -65347 -14712 -812 -471 -3231 -1018 -807 -188 -282 -441 -284 -5 18 -11 -4 3 1 0 0 -6 5 1 0 0 0 0 4 1 -1 -4 0 2 0 -2 -1 -1 0 0 0 0 0 0 0 0 0 0 0 1583838187
-15201547 -8516875 7999288 4047228 -7822845 -10635733 -1846225 -142050 111205 -126120 -43311 69063 -3800 -65939 -16831 -4755 6531 -3873 -1067 -1021 -153 -151 -845 -35 -8 -35 -15 -6 0 0 0 1 -10 0 0 9 0 0 -1 5 1 0 -3 -3 -5 0 0 0 0 0 -1 1 -1 0 -1 -1 0 0 0 0 1583838187
-15437034 -14957094 20806644 4397325 -7869602 -6939065 -1821052 -141986 118535 -126083 -43254 -14057 -3959 -65674 -12546 -3229 -5942 -2253 -979 -394 -212 -235 -133 -133 -4 45 -18 -9 0 0 0 1 -4 0 2 0 0 0 0 1 0 0 0 0 -1 0 0 0 0 0 0 0 0 0 0 0 0 0 0 0 1583838187
-15839828 -15275085 21446891 5488170 11802940 -7000926 6290474 -127934 124379 -103097 -30860 -11069 -7393 -25415 -9858 -3821 -3467 -481 -1158 303 -195 -270 -2141 -262 -2 -1 -14 -8 -1 0 0 1 -11 0 -8 -4 0 0 -6 6 0 -1 0 0 2 1 4 -3 2 -1 0 0 0 0 0 0 0 0 0 0 1583838187
-16041439 -15467034 21880442 5085309 -4786612 -7497042 650342 -138097 120312 -119379 -39669 -28279 -5177 -115374 -10724 -3705 -8209 -2864 -1011 -553 -194 -155 -499 -281 -2 -15 -13 -6 1 0 0 1 -2 0 0 2 0 0 1 0 0 0 1 0 1 0 -1 0 0 0 0 0 0 0 0 0 0 0 0 0 1583838187
-15983256 -15421629 21790023 4915688 -7884888 -7492371 -1820108 -142186 119616 -126282 -43315 -29570 -3995 -65760 -11120 -3568 -7485 -3028 -974 -643 -222 -151 13 -308 -3 -23 -12 -6 1 0 0 1 0 0 2 -1 0 0 0 0 0 0 0 0 0 0 0 0 0 0 0 0 0 0 0 0 0 0 0 0 1583838187
-15868012 -15288859 21512671 4868566 -7886601 -7348571 -1820403 -142378 122683 -126318 -43329 -12236 -3963 -65851 -12227 -3664 -6740 -2891 -977 -605 -218 -168 -28 -319 -3 70 -13 -7 4 -1 0 2 0 -1 2 -1 0 0 0 0 0 0 0 0 0 0 0 0 0 0 0 0 0 0 0 0 0 0 0 0 1583838187
-15881489 -15324315 21585865 4832936 -7792612 -7369377 -1836527 -142216 128201 -126323 -43342 -6358 -3933 -62989 -12596 -3684 9837 -3325 -1097 -825 -138 -200 -785 -392 -6 15 -6 -7 1 0 0 1 -1 0 1 3 0 0 0 0 0 0 0 -1 -2 0 0 0 0 2 0 -1 0 0 0 -1 0 0 0 0 1583838187
82607557 26757671 -73148719 -89498637 -6904963 113691737 -1733950 -97201 -1933381 -82616 -28310 -1876690 -5582 -44812 -49155 136199 23054 27180 -1058 12600 29 790 -1810 -464 -31 -209 12 1 4 -7 0 -8 -5 -7 3 3 0 6 1 3 -6 -6 7 0 -2 -1 0 0 0 2 0 -2 0 -1 1 -1 0 0 0 0 1583838187
-16061563 -15467533 21891789 4985105 -7815524 -7546818 -1840416 -142230 141145 -126405 -43370 -12030 -3941 -63567 -11952 -3821 20444 -3646 -1177 -979 -86 -205 -1588 193 -11 -18 -21 -6 1 0 0 1 -6 0 1 -1 0 0 0 16 4 -1 -12 -5 4 0 0 2 -2 -2 0 0 -1 0 0 -2 0 -2 0 1 1583838187
-16085752 -15507454 21971904 5015817 -7866781 -7593018 -1823053 -142237 120860 -126335 -43335 -28743 -3993 -65164 -6135 -5666 -2863 4508 -991 2243 -180 -613 -281 -349 -3 -93 -10 -9 -5 0 0 1 -3 0 1 1 0 0 0 1 -1 0 3 0 0 0 1 0 0 0 0 0 0 -1 1 -1 0 0 0 0 1583838187
-13467211 -13194942 17060946 2928672 -6997147 -5139798 -1907411 -142621 -107162 -125642 -43200 165489 -3524 -43923 -25279 -2407 6739 -1541 -951 -2836 -159 -264 -697 -65 -18 243 -21 -9 7 -2 0 2 -8 -3 -4 7 0 -1 -1 -3 3 0 -2 2 -1 0 1 1 -1 0 0 0 0 0 2 -1 0 0 0 0 1583838187
-15909872 -15340811 21591131 5497810 10674512 -7090522 -3518058 -143478 122360 -130149 -44836 -17629 -2161 416532 -11665 -2747 4636 -2907 -1086 -768 -409 -74 -698 -375 -4 -6 -10 -5 2 0 0 1 -16 0 -2 1 1 0 -9 -6 -1 0 -4 -1 -5 0 -2 0 0 0 0 0 1 0 0 0 0 0 0 0 1583838187
-15599430 -15071221 21020636 5177325 8514827 -6854226 -3321510 -143381 84166 -129581 -44630 1636 -2332 360446 -13062 -2733 4220 -2455 -1067 -809 -381 -121 -556 -427 -6 8 -11 -7 1 0 0 1 -12 0 -3 0 0 0 -7 -4 -1 0 -3 -1 -4 0 -2 0 0 0 0 0 1 0 0 0 0 0 0 0 1583838187
-7369356 -14430543 18802667 -2539928 12528651 5131609 5953779 -124524 -74352 -100213 -30005 -199203 -7358 11381 76761 -53701 1810 -963 -1180 1117 -176 -538 -1682 -404 -6 -104 -6 -2 1 0 0 1 -5 1 -10 -4 -2 -2 12 1 -1 2 -1 1 -1 1 -1 0 2 0 0 0 0 0 0 0 0 0 -1 0 1583838187
-1177654 -3023652 -4507069 -9146206 937710 7177443 1224079 -129932 -95731 -111172 -36423 -195671 -5265 -19950 -31127 19130 -1566 -2615 -1034 -1008 -203 -1089 -609 -361 -4 -106 -9 -1 3 0 0 1 -3 2 -5 -3 -1 -1 6 0 0 -2 0 0 0 0 0 0 1 0 0 0 0 0 0 0 0 0 0 0 1583838187
-15749909 -15218697 21361231 4697867 -7877939 -7249999 -1811839 -142103 122350 -126185 -43282 -17188 -3972 -66044 -12202 -3456 -2023 -3180 -1012 -721 -195 -175 -353 -384 -4 33 -10 -6 4 -1 0 2 0 0 6 0 0 0 1 5 0 0 -1 -2 -1 0 0 0 0 0 -2 0 1 0 0 0 0 0 0 0 1583838187
-14958808 -14545763 19935424 3956520 -7843942 -6468013 -1829131 -141856 108330 -125916 -43198 -26290 -3961 -64562 -13334 -2162 5319 -3175 -1062 -801 -159 -248 -694 -340 -6 46 -5 -8 1 0 0 2 -1 0 1 -2 0 0 1 4 1 0 0 -1 2 0 -1 2 -1 0 0 0 1 0 0 -2 0 -1 0 0 1583838187
-15964552 -15402601 21750496 4898285 -7885493 -7467149 -1819952 -142184 123567 -126285 -43318 -21654 -3981 -65827 -11679 -3608 -6365 -3159 -982 -692 -217 -149 -97 -308 -3 -24 -13 -6 1 0 0 1 -2 0 1 0 0 0 0 0 0 0 1 0 0 0 0 0 0 0 0 0 1 0 0 0 0 0 0 0 1583838187
-15897637 -15346359 21630652 4846692 -7552885 -7396499 -1880222 -142228 121582 -126418 -43388 -23456 -3906 -55488 -11560 -3382 58277 -4328 -1450 -1396 95 -301 -3119 -120 -20 -11 -12 -4 2 0 0 0 -16 0 0 20 0 0 -2 2 0 0 4 -2 -3 0 -4 -3 2 -2 0 0 -1 0 0 0 0 0 0 0 1583838187
-15748720 -15178609 21284605 4690487 -7567101 -7205853 -1888039 -142162 160333 -126449 -43411 10694 -3838 -55717 -10891 -4590 70846 -287 -1514 -315 168 -566 -4077 -15 -22 12 -8 -4 1 0 0 1 -10 0 4 21 0 0 0 7 5 1 22 -3 -9 0 0 4 -3 -1 0 2 -1 1 10 -9 0 0 0 0 1583838187
-15078822 -14627317 20111488 4097731 -7720700 -6551780 -1834439 -142011 123090 -126052 -43267 52845 -3829 -62201 -6780 9494 -7098 -6439 -1317 6936 -215 25361 116 -301 0 -398 -5 -9 -7 -16 0 -6 0 0 0 -1 0 10 2 0 -1 -1 0 0 0 0 0 0 0 0 0 0 0 0 0 0 0 0 0 0 1583838187
-15929984 -15372943 21683883 4945079 -5592212 -7394370 -2028785 -142328 122165 -126746 -43500 -21990 -3760 -6456 -11027 -3729 -7464 -2037 -975 -273 -250 -198 -54 -208 -3 -19 -15 -7 0 0 0 1 -3 0 1 0 0 0 -1 -1 0 0 0 1 -1 0 0 0 0 0 0 0 0 0 0 0 0 0 0 0 1583838187
-16018894 -15439791 21828420 5012109 -6417062 -7479869 -1965404 -142373 130533 -126679 -43481 56 -3784 -26796 -10920 -4131 18653 -1603 -1106 -1506 -111 -223 -45 -543 -7 -11 0 -1 6 0 0 1 -4 0 -14 -13 -1 -2 8 -1 6 0 0 0 -2 0 -1 0 0 0 0 0 0 0 0 0 0 0 0 0 1583838187
775172 -1469157 -7807824 -11313567 -6227869 8818981 -1329945 -133439 -216765 -117422 -39981 -397735 -4551 -54197 -21133 22398 -5135 -1265 -958 -474 -207 -1284 830 -322 -6 -98 -9 0 7 0 0 1 -1 1 4 0 0 0 0 0 0 0 0 1 0 -1 1 0 0 0 0 0 0 0 0 0 0 0 0 0 1583838187
-15792023 -15214856 21283764 6182352 32573133 -6600543 13990729 -114254 123302 -81002 -18924 -11423 -10538 62443 -9983 -2825 425 -2100 -1348 -371 -204 -120 -3730 -643 0 0 0 -6 0 0 0 2 1 0 0 -11 0 0 -1 -1 0 0 0 0 -3 0 -1 -1 0 -1 0 0 0 0 0 0 0 0 0 0 1583838187
-16066694 -15479399 21904203 5205282 -2077893 -7461184 196647 -138635 129141 -120545 -40200 -11404 -4773 -35573 -10499 -4252 -5103 -1113 -1025 85 -215 -255 891 -333 -2 -42 -9 -7 0 0 0 1 -4 0 3 0 0 0 -3 0 0 0 0 0 0 0 0 0 0 0 0 0 0 0 0 0 0 0 0 0 1583838187
-15835700 -15295048 21520919 4803497 -7084268 -7326912 -1634075 -141780 120703 -125686 -43000 -21858 -4044 -57970 -11729 -3474 -7350 -2849 -979 -576 -223 -168 -116 581 -7 1 -36 -8 1 0 0 1 -7 0 4 -2 0 -1 2 -1 0 0 0 0 0 0 0 0 0 0 0 1 0 0 -1 0 0 0 0 0 1583838187
-16088718 -15505283 21965007 5082803 -6085376 -7558710 -1173023 -141091 124921 -124485 -42337 -18636 -4247 -57540 8348 -11753 -5452 28145 -927 11117 -132 -2003 -383 0 -2 -308 -15 -15 -23 2 0 1 -3 0 0 2 0 -1 0 0 -5 -2 0 1 -1 6 0 0 -1 0 0 0 0 0 0 0 0 0 0 0 1583838187
-15249115 -14637871 20100559 5235270 20162271 -6327680 8908142 -123034 124175 -95347 -26696 25515 -8333 29872 -11231 -3128 2060 362 -1167 -1596 -189 -184 -3058 -588 -2 244 -6 -15 -1 -1 0 1 -8 -3 0 -16 1 0 -12 4 0 0 6 -1 -2 0 0 0 1 0 0 1 0 0 -1 0 0 0 0 0 1583838187
-16079848 -15495178 21941977 5111692 -5189527 -7535850 -673708 -140251 123002 -123068 -41580 -20081 -4469 -61724 -10404 -2618 -6411 -3264 -1028 -142 -215 2006 -326 -16 -4 -63 -19 -5 1 0 0 1 -4 0 0 0 0 -1 1 0 0 0 0 2 0 0 0 2 -1 -1 0 0 -1 0 0 0 0 0 0 0 1583838187
-15871195 -15286568 21443876 6085596 27771692 -6763156 12079297 -117644 123486 -86498 -21878 -15312 -9725 50639 -10452 -2661 36201 -3861 -1571 -1158 -27 -151 -3636 1212 -18 -14 -42 -5 1 0 0 0 -34 0 -13 0 -3 -2 16 1 0 0 -2 11 -6 0 1 4 -3 -5 0 2 -3 0 -1 2 0 -1 0 0 1583838187
-16042478 -15464755 21882804 4979027 -7892692 -7536675 -1819255 -142243 127179 -126332 -43337 -10417 -3963 -66028 -11567 -3951 -4222 -2550 -980 -876 -205 -158 -226 -353 -3 -11 -11 -3 5 0 0 1 0 0 4 0 0 0 1 2 5 0 0 -1 -1 0 0 0 0 -1 -2 0 2 0 1 2 0 0 0 0 1583838187
-15840422 -15291324 21507612 4938723 -3456261 -7263732 -1012 -138949 124838 -121049 -40512 -15346 -4736 -55855 -12050 -3429 -7804 -3101 -1007 -675 -224 -143 -351 -323 -2 -12 -15 -6 1 0 0 1 -1 0 0 -1 0 -1 3 0 0 0 0 0 0 0 0 0 0 0 0 0 0 0 0 0 0 0 0 0 1583838187
-16085415 -15504346 21965969 5017460 -7807454 -7585149 -1843268 -142267 124997 -126400 -43368 -20993 -3954 -62817 -10894 -3954 19514 -2818 -1168 -655 -89 -250 -1338 -394 -9 -29 -5 -5 1 0 0 1 4 0 1 -4 0 0 2 5 1 0 0 0 3 0 -2 4 -3 0 0 1 2 0 -1 -3 0 -2 0 1 1583838187
-15041537 -14587349 20030089 4006860 -7472047 -6530915 -1890796 -141826 139665 -126125 -43296 -11704 -3861 -53703 -12675 -2518 67321 -3665 -1468 -2332 140 -342 -3710 320 -23 0 -16 0 7 0 0 0 -24 0 -3 30 0 0 -4 1 6 0 -1 -6 -2 -2 -13 -4 3 -5 0 -3 -5 0 0 1 0 0 0 -1 1583838187
-15960666 -15395359 21735015 4912447 -7889369 -7461207 -1819643 -142246 119562 -126295 -43321 -21389 -3981 -65955 -11717 -3604 -7243 -3162 -975 -690 -221 -145 -53 -246 -3 14 -14 -7 1 0 0 1 -2 0 0 1 0 0 0 0 0 0 0 0 0 0 0 0 0 0 0 0 0 0 0 0 0 0 0 0 1583838187
-15456772 -14968444 20831565 4426600 -7830346 -6945590 -1833125 -142050 122981 -126152 -43291 10354 -3901 -64342 -12954 -3935 12536 -1867 -1104 -489 -120 -306 -1130 -47 -9 106 -18 -9 2 0 0 1 -9 -1 2 7 0 0 -1 5 3 0 0 -1 -3 0 1 0 0 0 -1 1 0 0 0 -2 0 0 0 0 1583838187
-896371 -2863318 -4849206 -9761233 -7550498 7128861 -1836467 -135005 -195387 -119541 -40974 -429592 -4426 -58531 -4984 14610 -6970 8408 -925 3361 -191 -1735 -126 -120 -6 -163 -11 -3 0 1 0 0 -2 3 1 0 0 0 0 0 -2 0 1 1 0 -1 0 1 0 0 0 0 0 -1 1 -1 0 0 0 0 1583838187
-15667490 -15148364 21199673 4882135 -462003 -7043366 -2561590 -142713 116101 -127917 -44001 -12432 -3135 132244 -11395 -1929 138733 -5469 -2026 -1911 396 1759 2213 -1325 -31 32 35 -2 2 0 -1 0 -26 0 -62 -42 -5 -5 29 6 2 -1 -4 4 -5 0 -3 -5 3 2 -1 -1 0 0 0 0 0 0 0 0 1583838187
-15742470 -15213847 21350317 4700054 -7455641 -7234714 -1861415 -142128 123833 -126299 -43332 -14682 -3921 -54580 -12147 -3496 -1383 -2678 -1014 -560 -197 -205 -81 -280 -4 -8 -12 -7 1 0 0 1 -3 0 -3 -3 0 -1 2 0 0 0 0 0 0 0 0 0 0 0 0 -1 0 0 0 0 0 0 0 0 1583838187
-15857304 -15311085 21551614 4904848 -4864038 -7307157 -2095223 -142364 121102 -126875 -43556 -17694 -3684 10991 -11905 -3468 -7316 -2955 -977 -648 -261 -142 -121 -338 -2 27 -12 -8 1 0 0 1 -3 0 1 -1 0 0 0 1 0 0 1 0 0 0 1 0 0 0 0 1 0 0 0 0 0 0 0 0 1583838187
-15504240 -14996200 20884621 4612325 -4804408 -6961896 -2100625 -142390 101937 -126787 -43546 34493 -3582 12560 -14680 -3660 -7336 -2020 -935 -1235 -260 -156 -117 -333 -4 63 -13 -6 6 -1 0 1 -3 0 1 -1 0 0 0 1 0 0 1 0 0 0 0 0 0 0 0 1 0 0 0 0 0 0 0 0 1583838187
-15968935 -15380035 21653383 6020739 23906872 -6920454 -3682770 -142791 122004 -130073 -44469 -15208 -1452 701210 -10573 -2629 20848 -1687 -1233 -440 -470 -114 -2442 -732 -6 -12 0 -5 0 0 0 0 -23 0 -11 -19 2 1 -15 15 3 0 3 -1 1 1 6 -4 3 -4 0 3 0 0 0 -1 0 0 0 0 1583838187
-16066868 -15477848 21905658 5122481 -4985983 -7517981 -2084374 -142522 118059 -126957 -43587 2391 -3662 8558 -10842 -3963 -6609 -1562 -894 -2332 -256 -54 -141 -352 -2 6 -12 12 30 -5 0 1 -4 0 1 -2 0 0 -1 2 -2 0 0 0 0 0 1 0 0 0 0 0 0 0 0 0 0 0 0 0 1583838187
-16085745 -15500905 21952181 5154757 -3971950 -7520163 -615464 -140052 124729 -122856 -41439 -21118 -4440 -38029 -11123 -3735 636 -3021 -1060 -667 -192 -159 -663 130 -6 -24 -24 -6 1 0 0 1 -10 0 -3 -2 0 -1 3 2 0 0 -3 2 1 0 0 1 -1 0 0 -2 0 0 -1 1 0 0 0 0 1583838187
-1186782 -3038109 -4557842 -7681567 41914709 7767534 16053461 -103484 -158470 -68476 -13341 -312234 -11493 163661 -11888 14285 13168 -2286 -1461 -827 -183 -978 -5189 -550 -6 -82 0 2 5 0 0 0 -24 4 -18 -20 0 0 -8 4 0 0 -2 -2 -3 -1 -3 -1 2 0 0 -2 1 -1 0 -2 0 0 0 0 1583838187
-7045151 -7918608 5831113 -2700204 20739032 1735140 10906711 -116052 -39159 -86210 -22592 -134688 -9511 -46683 52807 -39255 26346 -3114 -1347 -2367 -22 -359 -195 137 -12 34 -16 26 45 -4 0 -2 -24 7 -15 0 -2 -2 14 8 -2 0 -12 9 1 3 0 1 3 -3 0 1 -1 1 0 0 0 0 0 0 1583838187
-11217177 -11353698 13181386 396948 -7847002 -2649949 -1819382 -140468 120061 -124551 -42787 130571 -3649 -66859 -22062 -2627 -7560 3697 -889 770 -202 -775 -61 -294 -3 390 -20 -13 10 -4 0 4 0 -6 3 0 0 -1 0 1 -2 -3 0 0 0 0 0 0 0 0 -1 0 0 0 0 1 0 0 0 0 1583838187
-15615268 -15092703 21095982 4590335 -7886863 -7099621 -1819957 -142147 125632 -126191 -43292 -247 -3940 -66041 -12515 -3871 -6921 -1751 -970 -196 -216 -251 -72 -302 -3 14 -13 -8 0 0 0 1 0 0 1 -1 0 0 0 0 0 0 0 0 1 0 -1 0 0 -1 0 0 0 0 0 0 0 0 0 0 1583838187
-14823489 -14450878 19730318 3833328 -6851648 -6332102 -1920629 -141764 102178 -126030 -43249 -33664 -3872 -38497 -12644 -2162 10939 -3097 -1101 -792 -145 -274 -39 -485 -6 43 -7 -7 1 -1 0 1 -3 0 -8 -10 -1 -1 6 0 0 0 1 0 -2 0 -1 0 0 0 0 0 0 0 0 0 0 0 0 0 1583838187
-15804546 -15258398 21443936 4802589 -6727865 -7282997 -1926571 -142264 121208 -126482 -43398 -19608 -3862 -35645 -11526 -3590 -6191 -2211 -981 -343 -229 -209 213 -318 -3 -15 -13 -7 0 0 0 2 6 0 0 -2 0 -1 1 -2 0 0 0 0 0 0 0 0 0 0 0 0 0 0 0 0 0 0 0 0 1583838187
-16052606 -15473750 21901836 4987222 -7871462 -7547020 -1821376 -142240 127643 -126337 -43338 -11969 -3965 -65503 -11825 -3874 -7806 -2916 -962 -795 -224 -139 115 -303 -2 -15 -12 -5 3 0 0 1 0 0 2 -1 0 0 0 -1 1 0 0 0 0 0 0 0 0 0 0 0 0 0 0 0 0 0 0 0 1583838187
-13225376 -13124103 16917073 2235933 -7838116 -4807940 -1823045 -140894 67059 -125070 -42900 -85147 -4043 -64852 -11720 -205 -4715 -2373 -986 -462 -207 -365 -167 -255 -4 -40 -12 -5 2 0 0 1 -1 0 1 1 0 0 0 0 0 0 0 0 1 0 0 -1 0 -1 0 0 0 0 0 0 0 0 0 0 1583838187
-10159909 -10547307 11452374 -650599 -5415281 -1742302 -337777 -136987 33560 -119594 -40247 -97727 -4703 -83284 -16123 3510 -6043 -2689 -993 -665 -199 -528 -378 177 -5 -53 -22 -5 2 0 0 1 -5 0 1 -2 0 -1 3 1 0 0 0 0 0 -1 0 0 0 0 0 0 0 0 0 0 0 0 0 0 1583838187
14270072 11927123 -35907018 -24513902 -7532384 20970124 -1830275 -128235 -276947 -113377 -38960 -327856 -4024 -62636 -40223 31907 -7099 -541 -877 -510 -204 -2130 -76 -283 -3 -196 -11 -1 2 -2 0 3 0 -4 2 0 0 0 0 0 0 1 0 0 1 -4 2 0 0 0 0 0 0 1 0 0 0 0 0 0 1583838187
-595939 -2517701 -5558712 -10038666 -7703870 7618054 -1822768 -135045 -78870 -119701 -41090 -197008 -4041 -63875 7508 -7980 -7175 -3686 -933 -837 -214 -946 -68 -232 -3 -105 -14 -1 4 0 0 0 -2 0 0 1 0 0 0 0 -1 4 0 0 0 1 -1 0 1 0 0 0 0 1 0 0 0 0 0 0 1583838187
-1707560 -3512701 -3465416 -8952553 -7666430 6411170 -1829724 -135516 -144260 -120023 -41176 -312713 -4255 -61744 85919 -56019 -36 -5060 -1004 -372 -177 -590 -388 -191 -9 65 -9 -3 8 -1 0 2 -5 4 1 2 0 0 0 0 -1 5 0 1 0 6 -3 1 1 -2 0 0 -1 2 0 0 0 0 0 0 1583838187
-16085917 -15507347 21969934 5053185 -6772101 -7574549 -1922704 -142309 120858 -126560 -43423 -28877 -3885 -36883 -10961 -3653 -3420 -3142 -1005 -697 -217 -144 -170 -341 -3 -22 -12 -6 1 0 0 1 -3 0 -1 -2 0 -1 1 0 0 0 -1 0 0 0 0 0 0 0 0 0 0 0 0 0 0 0 0 0 1583838187
-16089147 -15506719 21968056 5073591 -6454229 -7572156 -1204494 -141175 120007 -124580 -42394 -21141 -4244 -64144 -11005 -3793 -1621 -3001 -1015 -1012 -192 -136 -465 40 -6 -24 -19 -2 7 -1 0 1 -7 0 -2 -1 0 -1 2 2 0 0 -1 1 1 0 -1 0 0 -1 1 0 0 0 1 0 0 0 0 0 1583838187
-15919451 -15365017 21668920 4890146 -6909412 -7406902 -1493439 -141580 121877 -125325 -42801 -22118 -4111 -60022 -11097 -3856 -7794 -2690 -976 -506 -225 -171 389 -296 -2 -10 -13 -7 1 0 0 1 -1 0 0 -1 0 -1 1 0 0 0 0 0 0 0 0 0 0 0 0 0 0 0 0 0 0 0 0 0 1583838187
-16088915 -15496132 21934928 5315375 268057 -7449677 1477644 -136467 124313 -116929 -38275 -11829 -5349 -45789 -7653 -5202 7033 2624 -1119 1230 -137 -497 -31 -327 -5 -78 -10 -4 0 0 0 1 -10 0 -7 -5 -1 -1 5 2 1 1 -1 0 0 -2 -2 -1 1 0 0 0 -1 1 0 0 0 0 0 -1 1583838187
-15615114 -15088995 21090334 4573379 -7867941 -7080324 -1821458 -142099 142095 -126214 -43308 26555 -3892 -65725 -15250 -3654 -6576 -3337 -975 -781 -218 -163 -59 -317 -2 28 -11 -8 1 0 0 1 -2 0 1 0 0 0 0 0 0 0 1 0 0 0 1 0 0 0 0 0 0 0 0 0 0 0 0 0 1583838187
-16066033 -15484132 21921881 5036219 -6933953 -7549313 -1472085 -141635 124147 -125339 -42799 -11179 -4107 -61639 -11337 -3996 -7756 -2322 -961 -783 -223 -155 -31 -242 -3 -17 -14 -3 5 0 0 1 -2 0 0 0 0 0 0 -1 4 0 -1 0 0 0 0 0 0 0 0 0 0 0 0 0 0 0 0 0 1583838187
-15509214 -15012431 20923380 4502602 -6797711 -6981004 -1423880 -141311 127116 -124991 -42659 736 -4099 -61098 -5588 -7004 -7192 7400 -956 3358 -194 -802 323 -287 -2 -62 -12 -12 -8 0 0 1 -2 0 0 -1 0 -1 1 0 -2 2 0 0 0 -3 0 0 0 0 0 0 0 0 0 0 0 0 -1 0 1583838187
-16067115 -15487772 21930060 5018710 -7325663 -7558402 -1615404 -141871 124677 -125743 -43016 -20899 -4062 -63221 -11471 -3742 -1187 -3250 -1023 -741 -192 -154 -126 -369 -4 -24 -10 -6 1 0 0 1 -2 0 -2 -3 0 -1 2 2 0 0 1 0 -1 0 0 0 0 0 0 0 0 0 0 0 0 0 0 0 1583838187
-15537568 -15002683 20910293 4527765 -7272345 -6970167 -1395498 -141394 156672 -125031 -42688 56358 -4040 -73100 -16024 -4082 -3795 -2234 -972 -1065 -197 -192 -294 -268 -3 133 -16 -6 6 0 0 2 -3 -1 -1 -1 0 -1 1 0 7 0 -1 0 0 0 0 0 0 0 0 0 0 0 0 0 0 0 0 0 1583838187
-16076597 -15496442 21947614 5043965 -6792231 -7559273 -1928701 -142321 124739 -126587 -43440 -21239 -3865 -37466 -10695 -3993 10249 -2288 -1092 -412 -146 -254 2720 -134 -6 -41 -9 -6 0 0 0 1 -3 0 4 1 0 0 -2 -1 0 0 0 3 0 0 -1 0 0 -2 0 1 0 0 0 0 0 0 0 0 1583838187
-16066583 -15485080 21924393 5025236 -7227915 -7555333 -1591483 -141841 124244 -125679 -42983 -12326 -4059 -62485 -11658 -3909 -6544 -2801 -976 -757 -218 -147 -123 -321 -3 -21 -13 -5 3 0 0 1 -2 0 1 -1 0 0 0 1 2 0 1 0 0 0 1 0 0 0 0 0 0 0 0 0 0 0 0 0 1583838187
-15828461 -15287129 21501514 4853449 -5488302 -7291229 -1038178 -140721 121332 -123977 -42078 -19909 -4286 -51875 -11884 -3414 -9143 -2973 -978 -617 -235 -150 -154 -311 -2 2 -12 -7 1 0 0 1 0 0 3 -1 0 0 -1 0 0 0 0 0 0 0 0 0 0 0 0 -1 0 0 0 0 0 0 0 0 1583838187
-14828825 -14364666 19565160 3871671 -5715260 -6208770 -962149 -140212 189745 -123521 -41914 63843 -4180 -60976 -15794 -4483 -9059 -89 -961 430 -221 -388 -173 -303 0 129 -15 -12 0 -1 0 2 -1 -2 3 -1 0 0 -1 0 0 -1 0 0 0 0 0 0 0 0 0 0 0 0 1 -1 0 0 0 0 1583838187
-15301216 -14758760 20389540 4497478 -5882392 -6745224 -1041619 -141137 99859 -123951 -42092 11547 -4244 -61640 -13267 -3620 -8843 -838 -960 -70 -223 -295 -168 -304 -4 233 -18 -16 0 -1 0 2 -1 -3 3 0 0 0 0 0 0 -1 1 0 1 0 0 0 0 1 0 1 0 0 0 0 0 0 0 0 1583838187
-15326846 -14853420 20564481 4728548 3097095 -6673600 2636768 -134266 83866 -113316 -36414 8259 -5813 -44473 909 13928 -342 -4501 -1490 8179 -175 54429 286 -272 1 -844 1 6 -6 -11 0 -4 -3 -2 2 0 0 7 -5 3 -2 -1 2 0 1 1 -1 1 0 1 0 0 -1 0 -2 1 0 0 0 0 1583838187
5877984 2898430 -17069695 -15810157 7091462 14167501 3950868 -121806 -198435 -100324 -31211 -338273 -6598 -22221 -858 6226 -4598 -1007 -1049 -117 -200 -1485 -1651 -340 -3 -149 -6 0 3 0 0 1 -10 -1 -5 -2 0 0 -5 7 0 3 1 0 4 1 0 0 0 4 0 0 -1 1 3 -1 0 0 0 -2 1583838187
-15011278 -5940525 2577682 18958985 -8399067 -1912934 -1923539 24111203 70702 -100625 -37945 -26735 -3437 -58516 -9769 -3315 12668 -6034 181445 6073 340 -18 -1385 -199 -2 -19 4 -41 8 0 0 0 -6 0 0 6 9 0 1 1 0 0 7 0 -1 0 5 -3 2 0 0 0 0 0 0 0 0 -1 0 0 1583838187
-15782469 -15250216 21425578 4761564 -6821840 -7269559 -1920451 -142190 119850 -126442 -43386 -21744 -3868 -37928 -11791 -3374 3810 -2979 -1054 -684 -180 -198 -278 -232 -6 10 -6 -7 1 0 0 1 -7 0 -4 -5 0 -1 3 0 0 0 -2 2 0 0 -1 0 0 0 0 0 0 0 0 0 0 0 0 0 1583838187
-15977230 -15412179 21768537 4962059 -6440374 -7454226 -1962961 -142312 123495 -126627 -43457 -20594 -3820 -27241 -11492 -3599 18040 -3339 -1144 -847 -115 -227 4562 -597 -6 -29 6 -6 1 0 0 1 1 0 9 -5 0 0 1 -2 0 0 -3 2 0 0 -2 0 0 0 0 0 0 0 0 0 0 0 0 0 1583838187
-16076529 -15497382 21951237 5005951 -7874194 -7578156 -1820976 -142231 124651 -126333 -43334 -21551 -3983 -65521 -9300 -4643 -7441 273 -967 634 -213 -345 4 -301 -2 -55 -12 -7 -1 0 0 1 0 0 2 -1 0 0 0 0 -1 0 0 0 0 0 0 0 0 0 0 0 0 0 0 0 0 0 0 0 1583838187
