-16088222 -15509788 21974895 5056668 -6786739 -7578547 -1921399 -142315 119272 -126558 -43422 -27983 -3887 -37190 -9496 -2073 -5591 -3337 -1002 -407 -227 -158 -34 -210 -3 -26 -14 -6 1 0 0 1 -1 0 0 0 0 0 1 0 0 0 1 1 0 0 0 1 -1 0 0 0 0 0 1 0 0 0 0 0 1583836345
-16088968 -15502154 21943811 5399120 2955807 -7410341 -2827652 -143027 119003 -128641 -44246 -26278 -2912 217358 -9370 -1515 23648 -3731 -1227 -571 -213 -269 642 -167 -10 -27 -13 -5 2 0 0 1 2 0 -13 1 0 -1 4 -3 0 0 1 -1 0 1 4 -1 1 0 1 1 1 0 0 1 0 0 0 0 1583836345
-16087272 -15481453 21868115 6030899 20300319 -7116931 8696173 -123625 115854 -96205 -27069 -22253 -8270 47425 -5706 1489 59022 -4952 -1672 -644 83 -328 8744 2005 -24 -53 -60 -5 1 0 0 0 -13 0 -10 2 -1 -1 5 -1 0 0 -12 5 5 1 4 3 -3 -2 0 0 0 0 -4 3 0 0 0 0 1583836345
-16089590 -15495886 21919384 5604083 8497699 -7319220 3598066 -132500 118837 -110724 -34861 -27488 -6124 31507 -9068 -1828 9500 -3674 -1232 -547 -171 -137 -1939 1568 -15 -23 -53 -6 1 0 0 0 -20 0 -1 14 0 0 -5 -9 -2 0 2 4 -7 0 4 5 -4 -3 3 2 -1 0 4 0 0 -1 0 1 1583836345
-16088851 -15495889 21940788 5193084 -3465398 -7516673 -41897 -139170 120491 -121264 -40599 -30055 -4739 -53679 -10705 -3575 1643 -3287 -1074 -764 -179 -150 395 -203 -5 -23 -12 4 0 0 0 1 -3 0 -9 -3 0 -1 3 0 0 0 -2 0 1 0 1 -1 0 0 0 0 0 0 0 0 0 0 0 0 1583836345
-16086765 -15509158 21975264 5018414 -7886207 -7595003 -1820200 -142242 119351 -126328 -43332 -26557 -3993 -65794 -9415 -2127 -8179 -3191 -972 -564 -226 -194 53 -299 -2 -25 -12 -4 2 1 0 2 1 0 2 -1 0 0 0 -1 0 0 0 0 0 0 0 0 0 0 0 0 0 0 0 0 0 0 0 0 1583836345
-16085543 -15506847 21969898 5033378 -7500304 -7585269 -1901521 -142350 119585 -126549 -43441 -24567 -3896 -53279 -9800 -2175 60948 -4647 -1484 -1085 107 -311 -2428 -159 -20 -20 10 1 9 1 -1 3 28 0 9 -9 0 0 5 -3 -1 0 -11 -2 9 0 -9 2 -2 0 5 -5 -2 0 0 2 0 0 0 0 1583836345
-15803408 -15270994 21470762 4741783 -7851699 -7313611 -1824214 -142107 118052 -126218 -43295 -28730 -3986 -64873 -10742 -3886 -5125 -3197 -991 -709 -211 -157 -109 -310 -3 -24 -13 -6 1 0 0 1 0 0 1 1 0 0 0 -1 0 0 0 0 0 0 0 0 0 0 0 0 1 0 0 0 0 0 0 0 1583836345
-16088180 -15510599 21978242 5019549 -7845184 -7596796 -1823565 -142238 119333 -126333 -43333 -28084 -3991 -64722 -8991 -2102 -7422 -2949 -961 -880 -222 -190 241 -307 -2 -27 -12 -6 1 0 0 1 0 0 2 -1 0 0 0 0 0 0 0 0 0 0 0 0 0 0 0 0 0 0 0 0 0 0 0 0 1583836345
-16089259 -15504752 21964405 5068677 -6710973 -7575546 -833265 -140620 120590 -123570 -41875 -30298 -4470 -86730 -10811 -3672 712 -3292 -1051 -757 -170 -157 -711 -399 -4 -23 -7 0 0 0 0 1 -6 0 0 -2 0 0 2 7 1 0 0 -1 -2 0 0 0 0 0 0 0 0 0 -1 -1 0 0 0 0 1583836345
-16079493 -15480687 21873527 5861444 15726025 -7196156 7310142 -126140 110532 -100201 -29251 -26865 -7751 13378 -9316 -3027 61063 -3962 -1616 -2052 103 -208 272 2355 -30 -28 -65 -5 1 0 0 0 -24 0 -40 -5 -3 -3 16 0 0 0 5 -4 1 1 5 1 -1 1 7 0 3 0 5 0 0 0 0 0 1583836345
-16089026 -15504993 21967238 5026943 -7893653 -7594658 -1818577 -142265 120628 -126332 -43330 -30226 -3999 -65985 -10914 -3692 -7100 -3114 -978 -664 -221 -141 -60 -314 -3 -26 -12 -4 1 0 0 1 0 0 3 0 0 0 0 1 0 0 0 0 0 0 0 0 0 0 -1 0 0 0 0 1 0 0 0 0 1583836345
-16088967 -15501463 21942693 5356498 1518683 -7438138 2247754 -135141 119042 -114734 -37108 -27838 -5735 -54725 -8953 -1892 -4535 -3353 -1083 -552 -203 -179 -988 -244 -3 -25 -9 -6 1 0 0 1 -8 0 -4 -1 0 0 0 1 0 0 -3 0 0 0 0 -1 0 0 0 0 0 0 0 0 0 0 0 0 1583836345
-16088331 -15508942 21971833 5076188 -6293455 -7570883 -587970 -140179 119286 -122868 -41506 -28221 -4584 -89850 -9284 -2109 -8742 -3257 -993 -501 -213 -194 -224 -98 -3 -26 -16 -6 1 0 0 1 -4 0 1 -1 0 0 0 0 0 0 0 1 0 0 -1 0 0 -1 0 0 -1 0 0 0 0 0 0 0 1583836345
-16086558 -15509416 21975600 5019622 -7867169 -7596098 -1822940 -142247 118048 -126334 -43335 -26198 -3989 -65265 -7919 -658 -5477 -3360 -998 -437 -212 -223 -152 -262 -3 -25 -14 -6 1 0 0 1 0 0 2 1 0 0 0 0 0 0 0 -1 0 0 0 0 0 -1 0 0 0 0 0 0 0 0 0 0 1583836345
-16088181 -15510213 21977072 5028453 -7599121 -7592433 -1858293 -142276 119323 -126422 -43375 -27877 -3951 -57888 -9006 -1952 14374 -3480 -1127 -946 -118 -284 -222 173 -10 -26 -19 -6 1 0 0 1 3 0 6 -2 0 -1 2 -4 -1 0 0 0 -1 0 0 1 -1 2 0 -1 0 0 0 0 0 0 0 0 1583836345
-16088156 -15510353 21977776 5019288 -7862934 -7596954 -1826396 -142245 119334 -126343 -43339 -27948 -3987 -64897 -9309 -1990 -451 -3419 -1034 -529 -188 -264 -282 -380 -4 -25 -8 -6 1 0 0 1 3 0 2 -2 0 0 0 -1 0 0 -2 0 2 0 -1 0 0 0 0 0 0 0 0 0 0 0 0 0 1583836345
-16088559 -15500286 21957039 5048262 -7465452 -7584617 -1933135 -142436 120602 -126654 -43492 -30035 -3864 -50227 -10673 -3496 109154 -5249 -1818 -1929 341 -408 -5131 -970 -28 -16 14 8 0 0 -2 4 72 -1 5 0 0 -1 5 -4 -1 0 -3 -11 16 -1 -16 2 -2 -9 0 0 0 0 1 0 0 -4 0 0 1583836345
-16047622 -15460958 21875309 5036054 -7876864 -7499886 -1821073 -142449 131612 -126424 -43385 48589 -3861 -65986 -15787 -4471 -6260 -3626 -978 -882 -217 -118 -104 -260 -4 169 -17 41 28 64 0 -98 -1 -55 2 0 0 0 0 0 0 2 0 0 0 -1 0 -1 0 0 0 0 0 0 0 0 0 0 0 0 1583836345
-16079156 -15498542 21952352 5046862 -7167567 -7561205 -1944674 -142424 123391 -126677 -43502 -9974 -3815 -43816 -11924 -3701 97741 -5150 -1736 -1861 282 -373 -4762 -233 -29 28 11 9 9 16 0 -24 6 -14 -21 59 1 0 -11 -5 -3 1 18 -11 3 -2 -14 -1 0 -2 0 -1 1 0 -4 0 0 0 0 0 1583836345
-16086474 -15508002 21973116 5018409 -7886866 -7590894 -1819833 -142244 121498 -126331 -43333 -23973 -3988 -65835 -11302 -3754 -7933 -3137 -971 -673 -225 -137 35 -303 -2 -11 -14 -2 4 4 0 -6 1 -4 2 -1 0 0 0 -1 0 0 0 0 0 0 0 0 0 0 0 0 0 0 0 0 0 0 0 0 1583836345
-16085828 -15506982 21970550 5028780 -7599565 -7584380 -1858244 -142286 121655 -126430 -43378 -22666 -3939 -57505 -11323 -3713 18785 -3633 -1163 -966 -98 -198 -735 -499 -8 -8 1 0 4 5 0 -8 -3 -5 0 7 0 0 -1 -1 0 0 -2 1 1 0 -2 1 -1 3 0 0 2 0 4 -4 0 0 0 0 1583836345
-16089303 -15509730 21973582 5088206 -5861014 -7562146 -2111672 -142536 120716 -127071 -43676 -28475 -3657 -6894 -10595 -3337 177984 -6478 -2310 -2663 659 -569 -4692 -263 -47 -23 22 0 3 0 -1 0 34 -1 -8 47 0 0 -4 -13 -4 0 16 -5 1 0 -5 5 -4 3 0 4 9 0 5 -6 0 0 0 0 1583836345
-16035071 -15428293 21775517 5758689 12520535 -7115055 -3724429 -144021 134642 -130838 -45145 78080 -1774 464359 -17046 -3765 68189 -4602 -1521 -1690 -118 -194 4165 673 -24 223 -12 59 37 86 -1 -133 4 -73 -36 -37 -2 -2 16 2 0 3 5 0 0 -1 0 4 -4 -4 1 3 0 0 1 -1 0 0 0 0 1583836345
-16087049 -15509070 21974800 5027173 -7602123 -7588786 -1846963 -142258 120757 -126390 -43356 -26866 -3963 -58296 -11112 -3709 -5591 -3150 -984 -686 -217 -147 1518 -317 -2 -28 -10 -3 3 3 0 3 0 0 3 -1 0 0 0 0 0 0 0 0 0 0 0 0 0 0 0 0 0 0 0 0 0 0 0 0 1583836345
-16079631 -15494199 21924332 5445231 4198199 -7379838 -3023829 -143281 113815 -129155 -44490 -15447 -2652 256695 -2624 6778 172555 -7997 -2290 107 510 -650 36366 -2123 -24 -129 73 0 2 0 -1 3 67 0 -8 -51 -2 -4 21 -19 -3 0 0 0 -6 -1 -9 1 -1 2 0 0 -1 0 0 1 0 0 0 0 1583836345
-16089826 -15488605 21907617 5610601 8568327 -7308407 -3324800 -143449 120128 -129785 -44689 -27683 -2396 359170 -10750 -2992 -164 -2836 -1051 -700 -402 -65 -723 499 -8 -16 -29 4 0 0 0 1 -12 0 7 -4 0 0 -5 -3 0 0 0 -1 -1 0 1 0 0 0 1 2 0 0 0 1 0 0 0 0 1583836345
-16082925 -15501987 21953640 5156002 -4024019 -7521938 -869649 -140475 119375 -123554 -41801 -21674 -4303 -26479 -10229 -2203 5103 -3803 -1108 -239 -177 -182 1982 -410 -4 -27 -10 0 5 8 0 5 2 0 -11 -8 -1 0 6 0 0 0 4 0 0 0 1 -1 0 0 0 0 0 0 0 0 0 0 0 0 1583836345
-16102170 -15373544 21437931 10262935 138277414 -5118527 54424082 -42945 116144 34633 43482 -24353 -27294 434196 -4774 -184 3507 -3669 -2207 -1057 -272 315 -12084 1075 -3 -8 -29 -1 0 0 0 0 -15 0 -45 14 3 1 -36 -19 -5 0 -30 -10 3 1 6 -6 4 0 0 -1 5 -1 0 1 0 0 0 0 1583836345
-16089477 -15496558 21923479 5552279 7062925 -7341456 3060268 -133453 120316 -112267 -35692 -26401 -5906 27109 2122 -8443 -2758 16822 -1071 6929 -178 -1299 -985 901 -7 -208 -41 -12 -16 4 0 1 -8 0 -3 7 0 -1 2 -4 -6 0 -1 0 -1 3 3 0 0 0 1 0 0 -2 0 1 0 0 1 0 1583836345
-16088869 -15505564 21958550 5217246 -2271387 -7500235 -574739 -139859 120581 -122662 -41294 -28007 -4391 -2583 -10835 -3527 599 -3225 -1063 -752 -211 -137 -93 -310 -4 -26 -13 -4 2 1 0 2 0 0 -8 0 0 -1 3 -3 0 0 -1 0 -1 0 0 0 0 0 0 0 0 0 0 0 0 0 0 0 1583836345
-16089164 -15502250 21945785 5330869 850539 -7447844 1708438 -136035 120566 -116247 -37906 -28007 -5479 -44530 -10660 -3511 -7994 -3129 -1032 -662 -226 -122 2854 -336 -1 -33 -14 -4 2 1 0 2 -1 0 6 0 0 0 -4 1 0 0 1 0 0 0 0 0 0 0 0 0 0 0 1 0 0 0 0 0 1583836345
-16103068 -15342348 21322478 11306517 167254524 -4624574 65333034 -23665 113858 65862 60327 -7606 -31765 540272 3588 11249 19870 -7429 -2754 3175 -216 -3276 -13815 -957 4 40 12 -12 -5 -14 -1 -1 46 0 3 -36 2 11 -24 -8 -2 1 14 -6 -2 1 7 0 0 -1 3 3 0 0 4 0 0 -1 -1 -1 1583836345
-16090338 -15502054 21945829 5327852 701210 -7451886 1476543 -136417 120364 -116892 -38239 -29874 -5361 -35515 -10552 -3484 -6060 -3153 -1052 -691 -222 -115 -611 -315 -2 -25 -14 -4 1 0 0 1 3 0 -2 0 0 -1 1 -3 0 0 -2 0 0 0 0 0 0 0 0 0 0 0 0 0 0 0 0 0 1583836345
-16083866 -15426147 21673713 7663200 66096692 -6319870 27991934 -89862 125611 -41175 2505 -12379 -16475 124163 -8493 -2120 23552 -3814 -1775 -1079 -86 -11 1610 -520 -1 -39 4 -4 0 0 0 1 11 0 -43 -9 -3 -3 15 0 0 0 -5 -4 3 0 0 -3 2 0 0 0 0 0 2 -1 0 0 0 1 1583836345
-16086545 -15509277 21975352 5019056 -7889622 -7596406 -1815841 -142238 118049 -126315 -43326 -26078 -3995 -66071 -8241 -566 -7427 -3647 -1005 3 -221 -273 -43 -311 -3 -25 -12 -6 1 0 0 1 0 0 3 0 0 0 0 1 0 0 0 0 0 0 0 0 0 0 0 0 0 0 0 0 0 0 0 0 1583836345
-16084951 -15508298 21973093 5019501 -7892710 -7595497 -1819033 -142250 116774 -126324 -43332 -24479 -3991 -66124 -7106 669 -7440 -3799 -1013 187 -221 -222 -44 -95 -4 -26 -17 -6 2 0 0 1 -3 0 2 0 0 0 0 0 0 0 0 0 -1 0 0 1 0 -1 -1 0 0 0 0 1 0 0 0 0 1583836345
-16086243 -15480313 21917210 5062724 -7895348 -7580083 -1818690 -142405 120628 -126372 -43341 -30228 -4000 -66002 -10916 -3694 -8240 -3093 -969 -652 -226 -138 4 -298 -2 -9 -12 28 -5 -1 0 1 0 0 3 0 0 0 0 1 0 0 0 0 0 0 0 0 0 0 -1 0 0 0 0 1 0 0 0 0 1583836345
-16084642 -15508588 21973586 5020398 -7893400 -7594569 -1818562 -142254 116419 -126324 -43332 -22442 -3988 -66066 -7251 1763 -8602 -4849 -1062 1326 -227 -2226 16 -296 -3 10 -12 -6 2 0 0 2 0 0 2 0 0 -1 0 1 0 0 0 0 0 0 0 0 0 0 -1 0 0 0 0 1 0 0 0 0 1583836345
-16080727 -15502928 21961459 5027745 -7887263 -7589671 -1819863 -142295 113443 -126338 -43341 -14026 -3974 -65921 -1992 7582 -6782 -5729 -1110 2099 -216 -4385 -92 -296 -4 55 -12 -2 5 7 0 5 -3 0 1 1 0 -6 -1 0 0 0 0 0 0 0 0 0 0 0 0 0 0 0 0 0 0 0 0 0 1583836345
-16085104 -15507546 21971415 5026218 -7699092 -7590532 -1849317 -142283 118030 -126404 -43369 -24736 -3956 -60305 -8810 -697 13456 -4304 -1174 110 -122 -273 -1019 -196 -8 -23 -13 -3 3 1 0 2 0 0 -1 11 0 0 -1 0 0 0 11 -1 -2 0 2 2 -2 2 -1 -4 0 0 -3 1 0 0 0 0 1583836345
-16089369 -15508030 21973383 5022747 -7887372 -7596349 -1819854 -142249 120627 -126330 -43330 -30225 -3998 -65816 -10915 -3693 -7638 -3104 -974 -659 -223 -139 -28 -277 -3 -25 -12 -2 1 0 0 1 -1 0 0 2 0 0 0 0 0 0 0 0 0 0 0 0 0 0 0 0 0 0 0 0 0 0 0 0 1583836345
-16075851 -15498368 21951747 5026995 -7861782 -7582775 -1823721 -142312 113132 -126359 -43357 -9865 -3973 -65271 50228 6012 -4818 35782 1569 -50879 -213 2246 -63 -222 7 -47 -6 -11 0 -11 0 -2 -1 1 0 2 0 1 0 0 -1 1 1 0 0 1 0 0 0 0 0 0 0 0 1 -1 0 0 0 0 1583836345
-16060522 -15489341 21930954 5030540 -7794629 -7569212 -1832308 -142368 103999 -126375 -43365 3293 -3933 -63567 5322 14659 468 -5677 -1158 2115 -180 -246 -445 -10 -6 -17 -16 4 7 13 0 7 -4 0 0 3 0 0 0 -1 0 0 1 1 0 0 -2 0 0 -3 0 0 -2 0 0 0 0 0 0 0 1583836345
-16086016 -15471175 21891450 5203764 -4243893 -7516107 1221366 -136812 120512 -117862 -38856 -30460 -5456 -130653 -10616 -3644 9020 -3543 452 -803 -96 -171 -1625 600 -11 -8 -31 25 -4 -1 0 1 -2 0 -9 -5 0 -1 7 19 4 0 0 -11 -5 0 0 0 0 0 1 1 -1 0 -2 -1 0 2 0 -1 1583836345
-16087490 -15491938 21915129 5577172 7802819 -7323009 -3285835 -143430 117448 -129717 -44683 -9495 -2396 342991 -733 9380 53058 -6006 -1612 3809 -122 -4165 8557 72 -16 -7 -6 -17 -4 -15 0 -5 -5 1 -16 -15 0 10 0 2 1 -1 -8 1 5 0 -2 3 -3 0 0 -5 -1 0 0 0 0 1 0 0 1583836345
-16088048 -15505138 21966355 5045839 -7284966 -7584672 -1876020 -142308 119226 -126468 -43391 -14439 -3914 -50111 -3667 7188 -5001 -6618 -1196 3624 -215 -3836 418 -332 -4 24 -12 -17 -2 -14 0 -4 0 1 -1 -3 0 9 3 0 0 0 0 0 0 0 0 0 0 0 0 0 0 0 0 0 0 0 0 0 1583836345
-16090412 -15485857 21880891 5966427 18569814 -7148143 7607690 -125449 118530 -99274 -28699 -26886 -7781 59043 -8477 -1388 60016 -4698 -1674 -1028 74 -289 -1902 1629 -26 -26 -43 -4 1 0 -1 0 -12 1 -51 -26 -4 -4 27 6 2 0 2 -3 3 0 0 1 -1 1 6 2 2 0 1 1 0 0 0 -1 1583836345
-16088439 -15507553 21966421 5130615 -4762957 -7544637 -381547 -139742 119236 -122235 -41139 -28069 -4619 -66033 -9262 -2054 -5167 -3320 -1027 -522 -206 -187 -420 75 -5 -25 -24 -6 1 0 0 1 -4 0 0 4 0 0 0 -1 0 0 0 2 -1 0 3 0 0 -2 0 1 -1 0 0 0 0 0 0 0 1583836345
-16088300 -15508606 21971082 5080898 -6158323 -7568126 -954616 -140748 119289 -123872 -42020 -28153 -4377 -69302 -9565 -2107 -3874 -3508 -1036 -313 -200 -207 -389 -41 -5 -25 -18 -6 1 0 0 1 -4 0 -1 3 0 0 0 0 0 0 0 1 1 0 2 0 0 0 0 -1 0 0 -1 1 0 0 0 0 1583836345
-16085076 -15507364 21971358 5019936 -7889977 -7593598 -1822656 -142257 118093 -126338 -43339 -24394 -3982 -65600 -8341 -532 5046 -3937 -1098 -88 -161 -308 -757 -480 -5 -22 -5 -4 2 1 0 3 6 0 10 0 0 0 3 11 2 0 -2 -7 -4 0 -1 2 -1 -3 -9 -1 7 0 5 7 0 0 0 0 1583836345
-16088148 -15510497 21978086 5018555 -7878376 -7597290 -1822211 -142239 119321 -126332 -43334 -28123 -3991 -65457 -9726 -2099 -2288 -3613 -1036 -212 -197 -231 -317 -353 -4 -25 -7 -6 1 0 0 1 -3 0 2 0 0 0 0 2 0 0 -1 0 2 0 -1 0 0 0 0 -2 0 0 0 0 0 0 0 0 1583836345
-16085338 -15502767 21951463 5248393 -1397292 -7483094 -2426317 -142732 116547 -127724 -43888 -23452 -3339 102929 -7308 992 18440 -4368 -1226 246 -179 -243 -1265 406 -12 -23 -24 -5 2 0 0 0 -12 0 -11 22 1 0 -10 -7 -2 0 -3 -1 0 1 6 0 0 3 -1 -3 0 0 0 0 0 0 0 0 1583836345
-16086876 -15508361 21971640 5062209 -6631845 -7573423 -1935399 -142330 119343 -126591 -43435 -26491 -3869 -33103 -9857 -2185 -5691 -3456 -1009 -260 -230 -169 -1 -257 -3 -25 -12 -4 2 1 0 2 -2 0 0 3 0 0 0 -1 0 0 0 0 0 0 1 0 0 0 0 0 0 0 0 0 0 0 0 0 1583836345
-16075719 -15497043 21943977 5132977 -4823053 -7532537 -2100363 -142520 111500 -126981 -43597 -12251 -3678 13321 14661 -244 -5381 21891 -1001 10881 -181 -1773 -190 -209 -2 -265 -10 -13 -21 7 0 3 -3 0 0 2 0 0 -2 0 -6 -1 0 0 0 4 0 -1 0 0 0 0 0 0 0 0 0 0 0 0 1583836345
-16082412 -15503748 21961701 5058286 -6838307 -7571232 -939302 -140798 118184 -123864 -42034 -21682 -4409 -84656 -8678 -891 -7464 -3626 -1015 -115 -210 -151 -220 -300 -3 -22 -13 -1 4 6 0 4 1 0 -1 -1 0 0 1 3 0 0 1 -1 -1 0 0 0 0 0 0 0 0 0 0 0 0 0 0 0 1583836345
-16078458 -15500362 21952151 5093167 -6020432 -7559063 -258568 -139699 111417 -121966 -41044 -14079 -4737 -99148 52387 7701 -7632 35734 1559 -50745 -206 2180 -234 -270 8 -52 -7 -19 -8 -14 0 -4 3 1 4 0 0 1 1 2 0 0 0 -1 -1 1 0 0 0 0 0 0 0 0 0 0 0 0 0 0 1583836345
-16088488 -15507097 21964570 5151314 -4172768 -7534411 -481473 -139856 119224 -122485 -41253 -27941 -4533 -48108 -9220 -2012 -1138 -3348 -1045 -568 -195 -219 3062 -356 -3 -34 -9 -6 1 0 0 1 0 0 -1 -3 0 -1 2 0 0 0 1 0 0 0 0 0 0 0 0 0 0 0 0 0 0 0 0 0 1583836345
-16085833 -15495847 21925739 5469599 4879896 -7375640 2142817 -135051 120373 -114879 -37099 -28260 -5525 20686 -10531 -3361 -8098 -3080 -1057 -676 -259 -92 -775 -399 -1 -21 -7 -6 1 0 0 1 1 0 0 -4 0 0 -2 0 0 0 2 0 0 0 0 0 0 0 0 2 0 0 0 0 0 0 0 0 1583836345
-16089352 -15497321 21925935 5529102 6373975 -7355272 3202066 -133282 118874 -111902 -35520 -27280 -6011 6062 -9094 -1630 -596 -3690 -1155 -201 -211 -219 -757 -472 -2 -25 -5 -5 1 0 0 1 7 0 -2 -8 0 -1 2 -4 0 0 1 0 -2 0 -1 0 0 0 0 0 0 0 0 0 0 0 0 0 1583836345
-16086534 -15509245 21975292 5019009 -7892169 -7596423 -1819922 -142245 118042 -126327 -43332 -26032 -3991 -65881 -8313 -528 -3460 -3810 -1039 63 -202 -301 -270 -364 -3 -24 -11 -6 1 0 0 1 2 0 5 0 0 0 1 4 1 0 -1 -2 -1 0 0 1 0 -1 -4 0 3 0 2 3 0 0 0 0 1583836345
-16088156 -15510514 21977965 5021918 -7777189 -7595600 -1850629 -142275 119308 -126410 -43374 -28068 -3959 -61760 -9271 -2049 25773 -3827 -1220 -901 -61 -242 -1612 -349 -10 -25 -4 -5 2 0 0 1 10 0 -2 2 0 0 0 5 1 0 -7 -5 3 0 -3 2 -2 0 0 1 1 0 -1 -2 0 -2 0 1 1583836345
-16087584 -15509371 21975059 5034578 -7435186 -7588329 -1891690 -142319 119362 -126514 -43421 -27310 -3911 -52880 -9210 -2169 45814 -4009 -1355 -1352 33 -236 -2552 327 -19 -22 -12 -2 5 0 0 0 -6 0 -15 40 0 0 -8 -4 -2 0 4 -5 6 -1 -12 -3 2 -9 0 -4 -6 0 5 0 0 0 0 -1 1583836345
-16081510 -15502018 21957509 5068093 -6705543 -7571927 -984363 -140880 114107 -123985 -42095 -19187 -4373 -79612 -2850 4612 -1728 -3990 -1065 119 -183 -587 -391 -323 -4 -17 -10 -3 3 2 0 3 1 0 -2 -1 0 -3 1 5 1 0 0 -2 -1 0 0 0 0 0 0 0 0 0 0 0 0 0 0 0 1583836345
-16088270 -15509694 21974509 5061149 -6660639 -7576361 -1932772 -142323 119300 -126583 -43432 -27950 -3874 -33799 -9625 -2068 -6103 -3423 -1004 -274 -232 -214 219 -320 -3 -26 -13 -6 1 0 0 1 0 0 -1 -2 0 -1 2 0 0 0 1 0 0 0 0 0 0 0 0 0 0 0 0 0 0 0 0 0 1583836345
-16088298 -15509416 21973836 5056622 -6838350 -7579954 -939536 -140773 119331 -123858 -42030 -28435 -4420 -84611 -9658 -2282 -8710 -3372 -995 -338 -217 -208 -149 -296 -2 -25 -13 -6 2 0 0 1 0 0 3 0 0 0 0 1 0 0 0 0 0 0 0 0 0 0 0 0 0 0 0 0 0 0 0 0 1583836345
-16086735 -15504346 21958145 5179571 -3379393 -7517689 -2268756 -142628 117913 -127382 -43762 -24928 -3499 54216 -6638 -56 57051 -3770 -1381 -1823 37 -476 10762 -586 -13 -53 13 -3 2 0 0 2 19 0 -13 -18 -1 -3 9 -2 0 0 2 0 -1 0 -1 3 -3 0 0 -1 -1 0 1 0 0 0 0 0 1583836345
-16091303 -15478306 21845602 6491299 34048650 -6873859 -5656024 -145199 118091 -135101 -46779 -21857 96 1020350 -9235 -498 7722 -2545 -1151 -490 -702 -10 -1385 -661 -3 -15 2 -4 2 0 0 1 -9 0 -4 -1 2 0 -18 -12 -3 0 -5 -5 -7 -1 -4 0 0 0 0 0 2 0 0 -1 0 0 0 0 1583836345
-16083255 -15501617 21954319 5133427 -4801533 -7539271 -2101121 -142493 115403 -126975 -43587 -21159 -3685 14346 -5013 2870 -8378 -3844 -1014 331 -266 -475 58 -337 -2 -20 -11 -5 2 0 0 2 -1 0 0 -2 0 -1 0 0 0 0 0 0 0 0 0 0 0 0 0 0 0 0 0 0 0 0 0 0 1583836345
-16078612 -15397335 21731818 5547557 2817515 -7351010 -2800332 -143588 120305 -128739 -44258 -28565 -2951 211741 -10803 -3232 -1294 -2955 -1034 -701 -334 -94 -466 -206 -4 23 -17 91 -17 -2 0 1 -9 0 0 1 0 0 -7 -5 -1 0 -2 0 -4 0 -1 0 0 0 0 0 0 0 0 0 0 0 0 0 1583836345
-16088297 -15491951 21905992 5712527 11517954 -7266396 4076221 -131534 117530 -109282 -34035 -24974 -6213 77555 -8780 -1567 27241 -3814 -1318 -799 -103 -262 15103 -161 -5 -65 1 -4 2 1 0 1 -15 0 -7 12 0 0 0 -2 0 0 -9 0 0 0 0 -2 2 1 0 0 0 0 0 0 0 0 0 0 1583836345
-16098164 -15384910 21484966 9761363 124242459 -5355123 51100043 -49212 115395 24883 38075 -21627 -26185 281383 -4278 953 13726 -4457 -2224 -524 -146 143 -8085 5408 -26 -15 -150 -4 1 2 -1 1 -45 0 11 -46 0 0 -10 2 0 1 15 -15 0 0 -5 10 -8 4 8 -16 0 -1 0 3 0 1 0 -2 1583836345
-16091551 -15488985 21894113 5830004 14695664 -7214654 7007001 -126680 119932 -101085 -29730 -29352 -7668 2740 -9928 -3136 11172 -3469 -1251 -846 -138 -156 12105 -173 -2 -60 -10 -4 1 0 0 1 -6 0 -4 9 0 0 -1 1 0 0 -3 -1 0 0 1 -2 1 0 0 1 0 0 0 0 0 0 0 1 1583836345
-15681745 -15197123 21264861 5177023 602692 -7423422 717195 -138210 -186572 -118594 -39234 -24499 -4932 -1689 -1476 4161 11306 -1850 -1049 -2934 -153 -52 16 -89 -19 -23 -12 -6 1 0 0 1 -4 0 -12 6 0 -1 2 -3 -1 0 -4 0 0 0 2 -2 1 0 0 1 1 0 0 0 0 0 0 0 1583836345
-16075419 -15209541 21183422 8994855 94592677 -5739451 39069548 -71488 117489 -9793 19524 -26418 -21097 222459 -6496 -1270 4054 -3642 -1882 -987 -206 160 -7569 -1036 4 -13 5 9 -1 0 0 3 35 -1 -12 -24 -4 -4 18 -14 -3 0 5 -1 -10 -1 -6 2 -1 0 0 -1 0 0 -1 0 0 0 0 0 1583836345
-16086709 -15489840 21900345 5733193 12041499 -7256459 4635935 -130625 116229 -107719 -33218 -22775 -6504 60388 -5144 1557 4488 -3383 -1193 -787 -209 -426 -98 -410 -3 -23 -2 -6 1 -1 0 1 2 0 -15 -7 -2 -2 11 0 0 0 1 0 0 0 -1 0 0 1 0 1 0 0 0 0 0 0 0 0 1583836345
-16088406 -15510460 21978218 5016965 -7893238 -7596017 -1818550 -142231 120848 -126323 -43328 -28284 -3996 -66006 -11034 -3711 -7690 -3114 -973 -667 -224 -139 -26 -306 -3 -25 -12 -4 2 1 0 2 0 0 3 0 0 0 0 1 0 0 0 0 0 0 0 0 0 0 -1 0 0 0 0 1 0 0 0 0 1583836345
-16081752 -15501368 21958700 5021907 -7892361 -7594710 -1819946 -142274 114471 -126338 -43344 -13984 -3977 -65974 16356 -14696 -1534 40209 -854 14140 -81 -2630 -529 -311 -1 -416 -5 -23 -39 3 0 1 0 0 5 0 0 -1 1 7 -8 -5 -1 -2 -2 6 -2 0 -1 -1 -4 0 3 0 2 3 0 0 0 0 1583836345
-16088294 -15498495 21954055 5036587 -7887506 -7590709 -1820000 -142303 120628 -126346 -43335 -30225 -3998 -65782 -10915 -3692 -7565 -3105 -974 -659 -223 -140 13 -307 -3 -23 -12 0 0 0 0 1 0 0 2 -1 0 0 0 -1 0 0 0 0 0 0 0 0 0 0 0 0 0 0 0 0 0 0 0 0 1583836345
-16088171 -15510643 21978397 5018058 -7886741 -7597525 -1819831 -142235 119330 -126325 -43330 -28158 -3995 -65806 -9496 -2133 -7591 -3308 -984 -416 -223 -189 15 -307 -3 -26 -12 -6 1 0 0 1 0 0 2 -1 0 0 0 -1 0 0 0 0 0 0 0 0 0 0 0 0 0 0 0 0 0 0 0 0 1583836345
-16088166 -15510626 21978341 5018519 -7874269 -7597295 -1820967 -142236 119325 -126327 -43331 -28156 -3994 -65476 -9875 -2126 -7278 -3610 -1006 -37 -221 -228 66 -311 -3 -26 -12 -6 2 0 0 1 0 0 2 -1 0 0 0 0 0 0 0 0 0 0 0 0 0 0 0 0 0 0 0 0 0 0 0 0 1583836345
-16089416 -15508415 21974126 5022995 -7863641 -7596178 -1822100 -142249 120627 -126335 -43332 -30221 -3996 -65207 -10913 -3691 -6919 -3117 -979 -666 -220 -141 -66 -248 -3 -25 -11 -2 1 0 0 1 -2 0 0 1 0 0 0 0 0 0 0 0 0 0 0 0 0 0 0 0 1 0 -1 0 0 0 0 0 1583836345
-16086751 -15508770 21974046 5028149 -7616148 -7590224 -1855681 -142279 119329 -126417 -43372 -26512 -3952 -58040 -9864 -2083 10572 -3902 -1131 -283 -137 -266 58 -440 -6 -25 -5 -4 2 1 0 2 8 0 3 0 0 0 0 -3 0 0 -1 1 1 0 0 0 0 1 0 0 1 0 0 -1 0 0 0 0 1583836345
-16089603 -15509381 21975299 5038588 -7362532 -7588296 -1910992 -142343 120604 -126566 -43444 -30072 -3893 -49621 -10771 -3567 60542 -4348 -1466 -1397 102 -297 -2375 -506 -18 -24 -5 -2 1 0 -1 2 24 0 3 -8 0 0 3 4 0 0 -6 -1 19 0 -11 1 -1 -7 2 0 0 0 -2 0 0 -5 0 1 1583836345
-16087614 -15506428 21969809 5024401 -7874465 -7594739 -1821090 -142263 118881 -126338 -43338 -16248 -3973 -65545 -11691 -3851 -7342 -3108 -972 -721 -222 -137 12 -308 -3 -26 -12 -5 2 0 0 0 0 0 2 -1 0 0 0 0 0 0 0 0 0 0 0 0 0 0 0 0 0 0 0 0 0 0 0 0 1583836345
-15993747 -15438042 21816134 5064977 -6948887 -7498847 -1978754 -142757 68934 -126782 -43587 60978 -3676 -37610 45492 64156 118883 -18193 -2618 13859 400 -460 -5307 -758 -33 -23 38 5 6 7 -1 5 16 -1 -9 46 0 -3 -4 -7 -3 2 37 -9 -2 0 -6 5 -4 5 -1 -6 4 0 0 -3 0 -2 0 0 1583836345
-16084966 -15508145 21972543 5024898 -7740240 -7592849 -1838856 -142270 116776 -126374 -43354 -24452 -3967 -61659 -7069 689 4293 -3999 -1096 40 -166 -240 -249 -335 -5 -26 -10 -5 2 0 0 1 -1 0 2 1 0 0 0 -1 0 0 -1 0 0 0 -1 0 0 0 0 0 0 0 1 -1 0 0 0 0 1583836345
-16081006 -15430980 21813955 5203938 -5846673 -7516397 -2100858 -142966 120550 -127163 -43691 -29743 -3676 -7471 -10566 -3360 154619 -6043 -2144 -2410 545 -512 -4592 386 -45 13 2 76 -13 -2 -1 1 14 0 -3 45 0 0 -5 -13 -4 0 11 -4 4 1 2 1 -1 8 -2 10 19 -2 -8 -2 0 -1 0 2 1583836345
-16088460 -15507723 21966482 5147912 -4200151 -7534036 -1946347 -142164 119224 -126519 -43337 -27562 -3743 19465 -9047 -1933 8712 -3271 -1088 -903 -185 -220 1220 -422 -5 -30 -9 -5 1 0 0 1 0 0 -2 -5 0 0 -1 1 0 0 1 -1 -1 0 0 0 0 1 0 -1 0 0 0 -1 0 0 0 0 1583836345
-16089605 -15509890 21976894 5025565 -7725068 -7594723 -1834509 -142249 120622 -126360 -43342 -30200 -3983 -61601 -10914 -3686 -7730 -3098 -973 -657 -226 -138 15 -257 -3 -26 -15 -4 1 0 0 1 -1 0 0 1 0 0 0 -1 0 0 0 0 0 0 0 0 0 0 0 0 0 0 0 0 0 0 0 0 1583836345
-16088526 -15498958 21945350 5208381 -2672758 -7497536 2527137 -135015 127589 -114163 -36921 -15185 -6067 -158078 -3891 6878 -5931 -6908 -1284 4025 -153 -3754 -1042 5 -5 23 -22 -17 -3 -14 0 -4 -2 0 -1 2 0 9 4 6 1 0 0 -3 -3 0 0 0 0 0 0 0 0 0 0 0 0 0 0 0 1583836345
-16080842 -15477707 21909045 5108630 -6176743 -7540446 -1989867 -142534 122133 -126804 -43550 47254 -3696 -20868 23129 49679 16960 -21675 -2244 22180 -107 -18419 762 -416 -12 226 -20 -62 -22 -70 0 -30 5 4 -19 -15 -2 49 16 -2 1 -1 4 0 -2 0 0 0 0 0 0 1 0 0 0 0 0 0 0 0 1583836345
-16083361 -15487508 21930868 5051681 -7749169 -7582424 -1832536 -142380 115723 -126411 -43384 29446 -3895 -62628 15947 37203 -7528 -16228 -1808 17278 -209 -14680 164 -322 -6 172 -16 -50 -17 -53 0 -22 0 3 0 -2 0 38 5 -2 1 -1 0 0 -1 0 0 0 0 0 0 0 0 0 0 0 0 0 0 0 1583836345
-16085934 -15498999 21952767 5068097 -6859561 -7574145 -1489431 -141702 117531 -125399 -42832 -522 -4081 -59322 1945 16954 -5644 -10544 -1420 8112 -210 -7104 -160 -209 -5 75 -16 -27 -6 -27 0 -10 -2 1 -2 0 0 18 3 0 0 0 -2 0 1 0 0 0 0 0 0 -1 0 0 0 0 0 0 0 0 1583836345
-16087235 -15421972 21642630 8124944 78756773 -6112450 30296151 -85335 116949 -34294 6376 -14984 -17133 284923 -6609 -245 9982 -3781 -1779 -867 -225 120 -8319 2804 -17 -4 -88 4 6 13 0 5 -42 0 -34 1 2 3 -26 -1 0 0 -13 0 1 2 11 3 -2 -7 4 1 0 0 2 2 0 0 0 0 1583836345
-16089156 -15494414 21922772 5478635 4791645 -7380387 3075149 -133621 118886 -112334 -35796 -15428 -6016 -27457 -4090 6502 -2767 -6611 -1317 3637 -201 -3469 -1459 596 -8 22 -32 -16 -2 -13 0 -4 -7 0 -2 -3 0 8 4 0 0 0 1 1 2 0 -1 3 -2 1 0 2 0 0 0 0 0 0 0 -1 1583836345
-16087691 -15481877 21908472 5287348 -1329093 -7473471 951555 -137517 120427 -118457 -39091 -30020 -5176 -54576 -10625 -3546 -8688 -3112 -1019 -659 -227 -119 193 -310 -2 -17 -11 14 -2 -1 0 1 0 0 -2 -3 0 -1 2 0 0 0 1 0 -1 0 0 0 0 0 0 0 0 0 0 0 0 0 0 0 1583836345
-13123715 -13272622 16948301 6555404 1733377 -5042623 2365240 -148465 -1867188 -116282 -39363 3411804 -900 -81388 2983815 2585816 -16001 149170 13100 -217868 336 16152 1998 -197 127 -369 23 -7 -33 -21 0 -9 -2 4 -7 -5 0 -40 2 2 -3 5 -6 1 -1 2 1 0 0 -1 0 0 0 1 0 0 0 0 0 0 1583836345
-15771671 -12689973 16260963 9108260 -8085296 -5932131 -1833287 -150764 120695 -130892 -44612 -30281 -3979 -65830 -10894 -3683 -189 -3654 25704 276 -122 -112 -516 -374 -7 1301 -25 2687 -551 -68 0 0 -1 -1 7 -1 27 0 6 5 0 0 -2 -1 -3 0 0 1 0 -2 -4 -1 3 0 3 4 0 0 0 0 1583836345
-16086518 -15509066 21974869 5020543 -7854724 -7595687 -1824175 -142250 118046 -126337 -43336 -26218 -3988 -64890 -7827 -673 -5444 -3276 -993 -541 -212 -199 82 -336 -3 -26 -12 -6 1 0 0 1 2 0 2 -1 0 0 0 -1 0 0 0 0 0 0 0 0 0 0 0 0 0 0 0 0 0 0 0 0 1583836345
-16089377 -15508083 21973465 5023239 -7870524 -7596094 -1824955 -142256 120627 -126344 -43337 -30219 -3993 -65178 -10908 -3687 -4151 -3168 -999 -696 -207 -148 -120 -300 -3 -25 -12 -2 1 0 0 1 4 0 1 -1 0 0 0 -1 0 0 -1 0 2 0 -1 0 0 0 0 0 0 0 0 0 0 0 0 0 1583836345
-16082290 -15504472 21965148 5022870 -7815589 -7587200 -1830401 -142274 118291 -126359 -43347 -21318 -3972 -63750 -8695 -789 -671 -3761 -1051 -137 -189 -206 -73 -325 -4 -22 -11 -1 4 5 0 4 2 0 2 0 0 0 0 -2 0 0 0 0 0 0 -1 0 0 0 0 0 0 0 0 0 0 0 0 0 1583836345
-16088177 -15510355 21977538 5024400 -7712614 -7594425 -1841265 -142257 119328 -126378 -43354 -27976 -3970 -60890 -9525 -2012 2926 -3618 -1067 -374 -173 -273 221 -395 -4 -26 -5 -6 1 0 0 1 2 0 3 0 0 0 0 -2 0 0 -1 1 0 0 -1 0 0 0 0 0 1 0 0 0 0 0 0 0 1583836345
-16089242 -15505362 21966246 5063311 -6808533 -7576647 -1918170 -142335 120595 -126558 -43419 -30059 -3894 -37922 -10905 -3647 -7486 -3080 -976 -657 -237 -134 -24 -229 -3 -24 -14 -1 0 0 0 1 -2 0 0 1 0 0 0 -1 0 0 0 0 0 0 0 0 0 0 0 0 0 0 0 0 0 0 0 0 1583836345
-16084000 -15495565 21927966 5401132 2651767 -7414714 2392638 -134862 115097 -114292 -36851 -21522 -5750 -36921 -4655 2812 -8025 -3862 -1094 199 -227 -333 -930 -150 -3 -23 -16 -6 1 -1 0 1 -6 0 -1 6 0 0 -5 -4 -1 0 -2 0 -2 0 0 -1 0 0 0 0 0 0 0 0 0 0 0 0 1583836345
-16088784 -15495335 21939674 5194920 -3430122 -7515623 -202678 -139424 120491 -121705 -40827 -30029 -4659 -46632 -10739 -3586 -9207 -3081 -996 -649 -237 -121 -336 -330 -2 -21 -11 4 0 0 0 1 0 0 4 -1 0 0 -3 0 0 0 1 0 0 0 1 0 0 0 0 -1 0 0 0 0 0 0 0 0 1583836345
-16040948 -15453546 21819221 5736641 12662411 -7221962 6306183 -128007 94976 -103072 -30812 -14118 -7357 -3488 -1842 5230 1630 -4263 -1245 256 -186 -190 -630 -574 -3 -18 1 -5 1 0 0 2 12 0 2 -4 -1 -2 9 -5 -1 0 0 1 -1 0 -1 0 0 0 0 0 0 0 0 0 0 0 0 0 1583836345
-16087312 -15488599 21932630 5080988 -7000052 -7569827 -2044464 -142639 120577 -126973 -43647 -29852 -3735 -33585 -10465 -3323 209224 -7081 -2540 -3014 822 -639 -8790 -2247 -46 -12 105 14 0 0 -4 6 112 -1 31 -28 0 0 10 -5 0 0 -11 6 31 1 -5 2 -3 -5 3 3 3 -1 -6 2 0 -4 0 1 1583836345
-16084989 -15506890 21967899 5071847 -6409719 -7569653 -2063452 -142523 116677 -126966 -43639 -24016 -3692 -20483 -7303 1082 202780 -8155 -2566 -1432 787 -742 -8068 -1207 -49 -18 47 1 2 0 -1 1 11 0 -6 59 0 0 -7 -13 -4 1 23 -6 4 -1 -12 -5 3 2 -2 -16 -4 0 -3 4 -1 -1 0 -1 1583836345
-16087992 -15505513 21967852 5029537 -7747733 -7592662 -1836764 -142280 119223 -126380 -43359 -14612 -3956 -62088 -3843 7055 -1046 -6683 -1237 3893 -189 -3829 -73 -234 -5 23 -15 -17 -3 -14 0 -4 1 0 2 0 0 9 1 -2 0 0 2 1 0 0 0 0 0 -1 0 0 -1 0 0 0 0 0 0 0 1583836345
-16088896 -15498771 21948883 5158949 -4272954 -7530021 -2307902 -142783 120488 -127575 -43906 -29415 -3452 32525 -10337 -3139 261999 -7989 -2921 -3559 1067 -767 -4879 8270 -108 -21 -169 4 1 1 -4 0 4 0 34 28 -3 -3 12 -29 -8 1 17 -34 -16 2 14 -1 0 5 -12 1 -4 0 -10 1 -2 -1 0 0 1583836345
-16086549 -15509182 21975043 5021739 -7815088 -7595085 -1829007 -142254 118054 -126349 -43342 -26217 -3982 -63852 -8237 -665 -2733 -3647 -1034 -164 -199 -245 -227 -219 -4 -25 -15 -6 2 0 0 1 -1 0 -1 -1 0 0 1 1 0 0 1 0 -1 0 1 0 0 -1 0 1 0 0 0 0 0 0 0 0 1583836345
-15795427 -15260526 21440448 4915720 -2844046 -7218250 -1925827 -141914 116059 -126294 -43214 -26044 -3673 46073 -11578 -3039 39806 -3912 -1332 -1197 -42 -239 -2549 2712 -29 -8 -81 -1 4 6 0 2 -33 0 -4 18 0 0 -1 2 0 0 9 5 -1 0 0 13 -10 -1 2 0 3 0 -7 3 0 0 0 0 1583836345
-16089455 -15507599 21971166 5051938 -7047272 -7581977 -1901342 -142314 120601 -126520 -43408 -30089 -3911 -44205 -10888 -3644 1623 -3256 -1043 -758 -188 -156 -548 515 -9 -23 -33 -2 1 0 0 1 -7 0 0 6 0 0 0 0 0 0 3 2 0 0 0 4 -3 0 0 3 2 0 0 -1 0 0 0 0 1583836345
-16088403 -15508299 21968759 5125113 -4839383 -7544940 -2097621 -142449 119241 -126960 -43579 -27622 -3699 13198 -8858 -1988 -7464 -2773 -961 -951 -262 -165 -50 -346 -2 -26 -11 -6 1 0 0 1 -2 0 0 -2 0 0 0 0 0 0 0 0 0 0 0 0 0 0 0 0 0 0 0 0 0 0 0 0 1583836345
-16092153 -15482348 21867800 6092217 22039621 -7089529 8982911 -123030 119709 -95335 -26570 -28846 -8381 69646 -9684 -2931 5789 -3389 -1300 -858 -195 -67 -3546 1062 -11 -19 -44 -4 1 0 0 1 1 0 6 11 1 0 -8 7 1 0 -3 -12 -9 0 1 2 -2 -2 -3 2 -2 0 -3 -2 0 1 0 0 1583836345
-16085239 -15506366 21966258 5086388 -5980581 -7560969 -1993544 -142384 117974 -126725 -43489 -24478 -3806 -16779 -8923 -647 -7986 -3941 -1026 448 -249 -224 -34 -255 -3 -24 -13 -4 2 1 0 2 -2 0 0 0 0 0 -1 -1 0 0 0 0 0 0 0 0 0 0 0 0 0 0 0 0 0 0 0 0 1583836345
-16090132 -15499826 21939898 5392792 2645783 -7414470 -2871232 -143129 120289 -128801 -44344 -28409 -2841 214139 -10470 -2986 164494 -5985 -2203 -2459 483 -516 3802 -49 -42 -43 31 2 1 0 -1 0 -3 1 -88 -25 -4 -4 23 0 0 -1 -1 -1 4 3 14 -8 5 0 1 2 1 0 2 2 0 0 0 0 1583836345
-16088175 -15510629 21978372 5018040 -7887995 -7597538 -1819651 -142235 119333 -126324 -43330 -28107 -3995 -65835 -9466 -2099 -6980 -3326 -989 -418 -220 -209 -47 -314 -3 -26 -12 -6 1 0 0 1 0 0 2 0 0 0 0 0 0 0 0 0 0 0 0 0 0 0 0 -1 0 0 0 0 0 0 0 0 1583836345
-16089652 -15509928 21976543 5034613 -7457326 -7590246 -1861587 -142271 120614 -126424 -43369 -30154 -3953 -54453 -10902 -3667 -3015 -3177 -1007 -706 -206 -149 203 -299 -4 -27 -10 -4 1 0 0 1 0 0 -2 0 0 -1 0 0 0 0 0 0 0 0 1 0 0 0 0 0 0 0 0 0 0 0 0 0 1583836345
-16089387 -15497818 21925786 5601069 8708133 -7311141 -3337669 -143408 118821 -129799 -44700 -25610 -2384 361436 -9768 -1427 -2914 -3323 -1063 0 -417 -143 -647 414 -7 -21 -27 -6 2 0 0 1 -10 0 2 -4 0 0 -5 0 0 0 3 -1 -1 0 3 0 0 -1 2 2 0 0 0 1 0 0 0 0 1583836345
-16088620 -15505658 21957980 5243872 -1458712 -7486599 -2407041 -142688 119117 -127668 -43859 -27183 -3371 99840 -9558 -1862 -6725 -3260 -1006 -285 -303 -127 -196 -378 -2 -25 -9 -6 2 0 0 1 -3 0 -1 -2 0 0 -2 0 0 0 0 0 0 0 0 0 0 0 0 0 0 0 0 0 0 0 0 0 1583836345
-16090261 -15489089 21889668 6004545 20199221 -7112931 -4394204 -144227 118479 -132220 -45654 -23808 -1252 659852 -9329 -920 15480 -3146 -1196 -466 -480 -104 -1660 -231 -7 -18 -11 -4 2 0 0 0 -14 0 -10 -20 0 0 -7 -2 0 0 2 -3 -6 0 -2 0 0 -2 1 0 0 0 0 0 0 0 0 0 1583836345
-16088921 -15503019 21946953 5368262 2084690 -7425493 -2732711 -142941 119031 -128415 -44155 -26600 -3024 191227 -9441 -1695 -128 -3248 -1055 -412 -317 -170 -612 -368 -4 -23 -8 -5 2 0 0 1 -9 0 -4 -5 0 0 -5 0 0 0 -3 0 0 0 0 0 0 0 0 0 0 0 0 0 0 0 0 0 1583836345
-16090435 -15486299 21881652 5970769 18725944 -7145523 7293261 -125930 118506 -100129 -29134 -27008 -7601 78944 -8786 -1519 56914 -4714 -1656 -859 51 -220 -1454 3459 -34 -26 -90 -5 2 0 0 0 -30 0 -17 18 -1 -2 4 -6 -1 0 0 9 -1 2 13 8 -6 -5 1 3 -1 0 -6 7 0 -1 0 1 1583836345
-16112972 -15241546 20914215 15365576 280594270 -2704829 109031608 53495 110442 190905 127730 -16648 -49933 905896 2258 4833 55943 -5502 -3708 -1182 -113 586 -16544 -2309 12 -16 72 3 -1 0 0 4 18 -1 -35 -71 0 0 -20 11 1 1 22 -9 -13 0 4 -6 5 -7 0 1 0 0 0 -3 0 -1 0 0 1583836345
-16108747 -15288664 21097488 13697367 234625897 -3476704 78884865 2648 111894 106014 82790 -15071 -35765 1365184 51 4479 140477 -5861 -3664 -2014 8 105 27193 -1588 -3 -118 57 2 0 0 0 4 60 -3 1 -10 -1 -2 6 -32 -8 0 -20 1 -4 -2 -11 0 0 1 -2 4 2 0 -3 1 0 0 0 0 1583836345
-16090716 -15482674 21867557 6104766 22454623 -7082291 8818734 -123254 118357 -95777 -26790 -26591 -8219 90395 -8250 -1207 92566 -5262 -1912 -1334 224 -332 5909 1471 -30 -49 -40 -3 1 0 0 -1 -24 0 -58 20 -1 -1 7 6 1 -1 -8 2 12 4 18 -2 1 0 -2 -1 1 0 -1 1 0 0 0 0 1583836345
-16110770 -15265059 21007606 14450652 255061960 -3138048 99657793 36857 111226 164046 113247 -17519 -46067 814669 1263 4321 35966 -5136 -3385 -887 -188 518 -17637 -455 5 -9 3 1 -1 0 0 4 28 -2 -32 -36 0 0 -20 4 0 1 19 -7 0 3 15 0 0 -1 0 -2 -2 0 1 2 0 -2 -1 -2 1583836345
-16103309 -15358835 21376891 10887563 155801285 -4820739 60359109 -32305 115707 51706 52754 -22311 -29567 543894 -4009 385 86650 -4834 -2650 -1527 134 -158 92879 4166 -5 -276 -70 -5 1 -1 5 -3 -95 -2 32 37 1 3 -8 28 4 1 18 -6 0 2 9 -3 2 0 1 -5 0 0 -2 1 0 -2 0 0 1583836345
-16089748 -15511398 21980211 5017894 -7885217 -7598310 -1828108 -142242 120609 -126351 -43345 -29720 -3981 -65032 -10432 -3330 18778 -3535 -1161 -1039 -95 -312 -1543 -671 -7 -21 4 -3 2 1 0 3 21 0 20 0 0 -1 5 24 5 0 -5 -17 -9 0 -2 5 -3 -8 -20 -2 15 -1 12 17 0 0 0 0 1583836345
-16086422 -15508913 21974596 5019569 -7886441 -7596158 -1819912 -142246 117974 -126327 -43332 -25804 -3992 -65830 -8396 -348 -7642 -3942 -1023 379 -222 -282 -27 -284 -3 -25 -12 -6 1 -1 0 1 -1 0 0 2 0 0 0 0 0 0 0 0 0 0 0 0 0 0 0 0 0 0 0 0 0 0 0 0 1583836345
-16088127 -15510439 21977885 5020403 -7824706 -7596365 -1836631 -142258 119296 -126372 -43354 -27968 -3974 -63516 -9284 -1987 13213 -3651 -1134 -675 -122 -241 -1102 -371 -7 -25 -11 -5 1 0 0 1 -2 0 -3 13 0 0 -2 -2 0 0 3 -2 3 -1 -7 -4 2 -4 0 -1 -2 0 1 1 0 0 0 0 1583836345
-16078319 -15468377 21828807 6252599 26283661 -7009388 11947202 -118117 108159 -87002 -22167 -11436 -9751 21683 -287 7614 -6952 -4773 -1314 1160 -223 -372 6550 -518 2 -40 -3 -2 3 3 0 4 5 0 18 0 2 2 -12 2 0 0 3 0 1 0 3 -1 1 -2 0 0 0 0 0 0 0 0 0 0 1583836345
-16073998 -15499675 21954074 5022629 -7886507 -7583749 -1820127 -142297 111622 -126335 -43341 -12254 -3972 -65910 -817 10040 -7498 -6729 -1190 3892 -219 -219 -35 -302 -3 -27 -12 -4 3 1 0 2 -1 0 1 0 0 -1 0 0 0 0 2 0 0 0 0 0 0 0 0 0 1 0 0 0 0 0 0 0 1583836345
-15346397 -14905848 20680343 4415615 -7845903 -7037674 -1827298 -142266 -28799 -125929 -43219 -31038 -3979 -64609 -7535 1430 929 -3520 -1044 -466 -181 -212 -447 -372 -10 -21 -9 -5 2 0 0 1 -1 0 0 3 0 0 0 0 0 0 3 0 0 0 0 0 0 0 0 0 0 0 -1 0 0 0 0 0 1583836345
-16086568 -15508776 21974004 5027430 -7664938 -7592286 -1882821 -142328 118064 -126501 -43421 -25677 -3918 -57712 -7929 -271 59521 -4899 -1492 -703 102 -559 -3471 -250 -19 -18 0 -4 2 0 0 1 15 0 -6 4 0 0 0 17 3 0 -1 -8 20 0 -9 3 -3 -8 1 0 0 0 -4 0 0 -7 -1 2 1583836345
-16088232 -15509669 21974704 5056607 -6792212 -7578484 -2008820 -142450 119274 -126825 -43572 -27659 -3764 -31978 -9503 -1714 162255 -6796 -2240 -1792 593 -657 -8018 -632 -43 -15 62 0 2 0 0 0 -13 0 -25 84 1 1 -16 -4 -3 2 39 -12 7 -1 -13 -9 7 -6 0 -15 -7 0 0 4 -1 -2 -1 -1 1583836345
-16075128 -15499193 21953060 5027157 -7858195 -7585652 -1828082 -142316 110508 -126359 -43354 -11506 -3960 -64983 -343 8786 2962 -5458 -1170 1856 -168 -712 -637 -94 -7 -17 -13 -5 2 0 0 1 -6 0 -2 10 0 0 -2 0 0 0 0 -1 1 0 -3 -1 1 -3 0 0 -2 0 0 0 0 0 0 0 1583836345
-16088186 -15510622 21978318 5018942 -7862115 -7597097 -1822105 -142237 119340 -126330 -43332 -28159 -3993 -65166 -9642 -2135 -7562 -3418 -992 -274 -223 -210 10 -301 -3 -26 -12 -6 1 0 0 1 0 0 0 -1 0 0 1 0 0 0 0 0 0 0 0 0 0 0 0 0 0 0 0 0 0 0 0 0 1583836345
-16022272 -15453964 21855114 5026781 -5780667 -7494734 -2013006 -142351 119523 -126739 -43494 -28455 -3787 -10858 -11119 -3517 -5309 -3101 -992 -687 -240 -138 297 -340 -3 -23 -13 -6 1 0 0 1 -1 0 -1 -2 0 -1 2 0 0 0 0 0 0 0 0 0 0 0 0 0 0 0 0 0 0 0 0 0 1583836345
-16088860 -15503119 21948134 5337284 1137053 -7442561 -1323936 -140792 119045 -124586 -42202 -26851 -3796 107435 -9137 -1602 53792 -4314 -1444 -981 -5 -366 3895 -455 -14 -38 -3 -4 2 0 0 1 3 0 -37 -28 -3 -3 17 6 2 0 9 -3 -7 0 -1 2 -2 -2 0 1 -2 0 1 -2 0 0 0 0 1583836345
-16088174 -15510375 21977598 5023902 -7726505 -7594674 -1834469 -142248 119327 -126359 -43343 -27983 -3979 -61621 -9519 -2023 -6847 -3425 -996 -293 -221 -247 77 -309 -3 -25 -12 -6 1 0 0 1 -1 0 0 -1 0 0 1 0 0 0 0 0 0 0 0 0 0 0 0 0 0 0 0 0 0 0 0 0 1583836345
-16090309 -15488583 21887973 6010816 20326073 -7111448 -3259453 -142431 118484 -129091 -44033 -24053 -1851 611203 -9167 -959 17207 -3175 -1222 -573 -439 -109 -1309 2616 -22 -18 -84 -6 2 0 0 0 -26 0 0 2 0 -1 0 -7 -2 0 0 -5 -4 1 7 0 0 -2 2 1 0 0 0 2 0 0 0 0 1583836345
-16085918 -15503750 21955155 5217837 -2164312 -7492424 -2343982 -142646 120597 -127528 -43804 -24236 -3431 82162 -11170 -3495 -3578 -3071 -1011 -709 -277 -115 -292 847 -9 -20 -41 -1 4 6 0 3 -11 0 4 -2 0 0 -1 -4 -1 0 0 0 -1 0 0 1 -1 0 0 0 0 0 -1 0 0 0 0 0 1583836345
-16088762 -15504575 21953430 5296051 29811 -7460881 -2609475 -142895 119081 -128180 -44090 -26785 -3128 144406 -9265 -1600 118099 -5489 -1890 -1629 290 -484 2086 -138 -31 -37 10 -2 2 0 -1 0 -4 0 -69 0 -2 -3 12 -5 -1 0 3 -4 0 3 13 -3 2 6 -2 -2 1 0 4 -1 0 -1 0 1 1583836345
-16085057 -15507824 21972050 5023858 -7748951 -7591392 -1832348 -142263 117962 -126366 -43356 -20860 -3982 -62368 47454 1710 -7692 37093 1662 -52367 -230 2321 115 -203 8 -54 -11 -19 -8 -14 0 -4 0 1 0 1 0 1 0 0 0 1 0 0 0 1 1 0 0 0 0 0 0 0 0 0 0 0 0 0 1583836345
-16084624 -15500151 21950239 5163130 -3904624 -7526026 -2182752 -142547 116357 -127162 -43661 -15208 -3584 37835 -10458 -3943 -6337 -1552 -955 -850 -267 -155 -14 -318 -3 -34 -13 -7 0 0 0 1 -5 0 1 1 0 0 0 0 0 0 -1 0 0 0 0 0 0 0 0 0 0 0 0 0 0 0 0 0 1583836345
-16067884 -15312269 21570917 5420184 -4584892 -7425687 -1325727 -141765 120531 -125139 -42556 -29906 -4104 -17251 -10828 -3582 -6933 -3105 606 -605 -239 -124 -186 -281 -3 20 -13 89 -17 -2 0 1 -1 0 0 1 0 0 1 0 0 0 0 0 -1 0 0 0 0 0 0 0 0 0 0 0 0 0 0 0 1583836345
-16088222 -15509788 21974895 5056668 -6786739 -7578547 -1921399 -142315 119272 -126558 -43422 -27983 -3887 -37190 -9496 -2073 -5591 -3337 -1002 -407 -227 -158 -34 -210 -3 -26 -14 -6 1 0 0 1 -1 0 0 0 0 0 1 0 0 0 1 1 0 0 0 1 -1 0 0 0 0 0 1 0 0 0 0 0 1583838187
-16088968 -15502154 21943811 5399120 2955807 -7410341 -2827652 -143027 119003 -128641 -44246 -26278 -2912 217358 -9370 -1515 23648 -3731 -1227 -571 -213 -269 642 -167 -10 -27 -13 -5 2 0 0 1 2 0 -13 1 0 -1 4 -3 0 0 1 -1 0 1 4 -1 1 0 1 1 1 0 0 1 0 0 0 0 1583838187
-16087272 -15481453 21868115 6030899 20300319 -7116931 8696173 -123625 115854 -96205 -27069 -22253 -8270 47425 -5706 1489 59022 -4952 -1672 -644 83 -328 8744 2005 -24 -53 -60 -5 1 0 0 0 -13 0 -10 2 -1 -1 5 -1 0 0 -12 5 5 1 4 3 -3 -2 0 0 0 0 -4 3 0 0 0 0 1583838187
-16089590 -15495886 21919384 5604083 8497699 -7319220 3598066 -132500 118837 -110724 -34861 -27488 -6124 31507 -9068 -1828 9500 -3674 -1232 -547 -171 -137 -1939 1568 -15 -23 -53 -6 1 0 0 0 -20 0 -1 14 0 0 -5 -9 -2 0 2 4 -7 0 4 5 -4 -3 3 2 -1 0 4 0 0 -1 0 1 1583838187
-16088851 -15495889 21940788 5193084 -3465398 -7516673 -41897 -139170 120491 -121264 -40599 -30055 -4739 -53679 -10705 -3575 1643 -3287 -1074 -764 -179 -150 395 -203 -5 -23 -12 4 0 0 0 1 -3 0 -9 -3 0 -1 3 0 0 0 -2 0 1 0 1 -1 0 0 0 0 0 0 0 0 0 0 0 0 1583838187
-16086765 -15509158 21975264 5018414 -7886207 -7595003 -1820200 -142242 119351 -126328 -43332 -26557 -3993 -65794 -9415 -2127 -8179 -3191 -972 -564 -226 -194 53 -299 -2 -25 -12 -4 2 1 0 2 1 0 2 -1 0 0 0 -1 0 0 0 0 0 0 0 0 0 0 0 0 0 0 0 0 0 0 0 0 1583838187
-16085543 -15506847 21969898 5033378 -7500304 -7585269 -1901521 -142350 119585 -126549 -43441 -24567 -3896 -53279 -9800 -2175 60948 -4647 -1484 -1085 107 -311 -2428 -159 -20 -20 10 1 9 1 -1 3 28 0 9 -9 0 0 5 -3 -1 0 -11 -2 9 0 -9 2 -2 0 5 -5 -2 0 0 2 0 0 0 0 1583838187
-15803408 -15270994 21470762 4741783 -7851699 -7313611 -1824214 -142107 118052 -126218 -43295 -28730 -3986 -64873 -10742 -3886 -5125 -3197 -991 -709 -211 -157 -109 -310 -3 -24 -13 -6 1 0 0 1 0 0 1 1 0 0 0 -1 0 0 0 0 0 0 0 0 0 0 0 0 1 0 0 0 0 0 0 0 1583838187
-16088180 -15510599 21978242 5019549 -7845184 -7596796 -1823565 -142238 119333 -126333 -43333 -28084 -3991 -64722 -8991 -2102 -7422 -2949 -961 -880 -222 -190 241 -307 -2 -27 -12 -6 1 0 0 1 0 0 2 -1 0 0 0 0 0 0 0 0 0 0 0 0 0 0 0 0 0 0 0 0 0 0 0 0 1583838187
-16089259 -15504752 21964405 5068677 -6710973 -7575546 -833265 -140620 120590 -123570 -41875 -30298 -4470 -86730 -10811 -3672 712 -3292 -1051 -757 -170 -157 -711 -399 -4 -23 -7 0 0 0 0 1 -6 0 0 -2 0 0 2 7 1 0 0 -1 -2 0 0 0 0 0 0 0 0 0 -1 -1 0 0 0 0 1583838187
-16079493 -15480687 21873527 5861444 15726025 -7196156 7310142 -126140 110532 -100201 -29251 -26865 -7751 13378 -9316 -3027 61063 -3962 -1616 -2052 103 -208 272 2355 -30 -28 -65 -5 1 0 0 0 -24 0 -40 -5 -3 -3 16 0 0 0 5 -4 1 1 5 1 -1 1 7 0 3 0 5 0 0 0 0 0 1583838187
-16089026 -15504993 21967238 5026943 -7893653 -7594658 -1818577 -142265 120628 -126332 -43330 -30226 -3999 -65985 -10914 -3692 -7100 -3114 -978 -664 -221 -141 -60 -314 -3 -26 -12 -4 1 0 0 1 0 0 3 0 0 0 0 1 0 0 0 0 0 0 0 0 0 0 -1 0 0 0 0 1 0 0 0 0 1583838187
-16088967 -15501463 21942693 5356498 1518683 -7438138 2247754 -135141 119042 -114734 -37108 -27838 -5735 -54725 -8953 -1892 -4535 -3353 -1083 -552 -203 -179 -988 -244 -3 -25 -9 -6 1 0 0 1 -8 0 -4 -1 0 0 0 1 0 0 -3 0 0 0 0 -1 0 0 0 0 0 0 0 0 0 0 0 0 1583838187
-16088331 -15508942 21971833 5076188 -6293455 -7570883 -587970 -140179 119286 -122868 -41506 -28221 -4584 -89850 -9284 -2109 -8742 -3257 -993 -501 -213 -194 -224 -98 -3 -26 -16 -6 1 0 0 1 -4 0 1 -1 0 0 0 0 0 0 0 1 0 0 -1 0 0 -1 0 0 -1 0 0 0 0 0 0 0 1583838187
-16086558 -15509416 21975600 5019622 -7867169 -7596098 -1822940 -142247 118048 -126334 -43335 -26198 -3989 -65265 -7919 -658 -5477 -3360 -998 -437 -212 -223 -152 -262 -3 -25 -14 -6 1 0 0 1 0 0 2 1 0 0 0 0 0 0 0 -1 0 0 0 0 0 -1 0 0 0 0 0 0 0 0 0 0 1583838187
-16088181 -15510213 21977072 5028453 -7599121 -7592433 -1858293 -142276 119323 -126422 -43375 -27877 -3951 -57888 -9006 -1952 14374 -3480 -1127 -946 -118 -284 -222 173 -10 -26 -19 -6 1 0 0 1 3 0 6 -2 0 -1 2 -4 -1 0 0 0 -1 0 0 1 -1 2 0 -1 0 0 0 0 0 0 0 0 1583838187
-16088156 -15510353 21977776 5019288 -7862934 -7596954 -1826396 -142245 119334 -126343 -43339 -27948 -3987 -64897 -9309 -1990 -451 -3419 -1034 -529 -188 -264 -282 -380 -4 -25 -8 -6 1 0 0 1 3 0 2 -2 0 0 0 -1 0 0 -2 0 2 0 -1 0 0 0 0 0 0 0 0 0 0 0 0 0 1583838187
-16088559 -15500286 21957039 5048262 -7465452 -7584617 -1933135 -142436 120602 -126654 -43492 -30035 -3864 -50227 -10673 -3496 109154 -5249 -1818 -1929 341 -408 -5131 -970 -28 -16 14 8 0 0 -2 4 72 -1 5 0 0 -1 5 -4 -1 0 -3 -11 16 -1 -16 2 -2 -9 0 0 0 0 1 0 0 -4 0 0 1583838187
-16047622 -15460958 21875309 5036054 -7876864 -7499886 -1821073 -142449 131612 -126424 -43385 48589 -3861 -65986 -15787 -4471 -6260 -3626 -978 -882 -217 -118 -104 -260 -4 169 -17 41 28 64 0 -98 -1 -55 2 0 0 0 0 0 0 2 0 0 0 -1 0 -1 0 0 0 0 0 0 0 0 0 0 0 0 1583838187
-16079156 -15498542 21952352 5046862 -7167567 -7561205 -1944674 -142424 123391 -126677 -43502 -9974 -3815 -43816 -11924 -3701 97741 -5150 -1736 -1861 282 -373 -4762 -233 -29 28 11 9 9 16 0 -24 6 -14 -21 59 1 0 -11 -5 -3 1 18 -11 3 -2 -14 -1 0 -2 0 -1 1 0 -4 0 0 0 0 0 1583838187
-16086474 -15508002 21973116 5018409 -7886866 -7590894 -1819833 -142244 121498 -126331 -43333 -23973 -3988 -65835 -11302 -3754 -7933 -3137 -971 -673 -225 -137 35 -303 -2 -11 -14 -2 4 4 0 -6 1 -4 2 -1 0 0 0 -1 0 0 0 0 0 0 0 0 0 0 0 0 0 0 0 0 0 0 0 0 1583838187
-16085828 -15506982 21970550 5028780 -7599565 -7584380 -1858244 -142286 121655 -126430 -43378 -22666 -3939 -57505 -11323 -3713 18785 -3633 -1163 -966 -98 -198 -735 -499 -8 -8 1 0 4 5 0 -8 -3 -5 0 7 0 0 -1 -1 0 0 -2 1 1 0 -2 1 -1 3 0 0 2 0 4 -4 0 0 0 0 1583838187
-16089303 -15509730 21973582 5088206 -5861014 -7562146 -2111672 -142536 120716 -127071 -43676 -28475 -3657 -6894 -10595 -3337 177984 -6478 -2310 -2663 659 -569 -4692 -263 -47 -23 22 0 3 0 -1 0 34 -1 -8 47 0 0 -4 -13 -4 0 16 -5 1 0 -5 5 -4 3 0 4 9 0 5 -6 0 0 0 0 1583838187
-16035071 -15428293 21775517 5758689 12520535 -7115055 -3724429 -144021 134642 -130838 -45145 78080 -1774 464359 -17046 -3765 68189 -4602 -1521 -1690 -118 -194 4165 673 -24 223 -12 59 37 86 -1 -133 4 -73 -36 -37 -2 -2 16 2 0 3 5 0 0 -1 0 4 -4 -4 1 3 0 0 1 -1 0 0 0 0 1583838187
-16087049 -15509070 21974800 5027173 -7602123 -7588786 -1846963 -142258 120757 -126390 -43356 -26866 -3963 -58296 -11112 -3709 -5591 -3150 -984 -686 -217 -147 1518 -317 -2 -28 -10 -3 3 3 0 3 0 0 3 -1 0 0 0 0 0 0 0 0 0 0 0 0 0 0 0 0 0 0 0 0 0 0 0 0 1583838187
-16079631 -15494199 21924332 5445231 4198199 -7379838 -3023829 -143281 113815 -129155 -44490 -15447 -2652 256695 -2624 6778 172555 -7997 -2290 107 510 -650 36366 -2123 -24 -129 73 0 2 0 -1 3 67 0 -8 -51 -2 -4 21 -19 -3 0 0 0 -6 -1 -9 1 -1 2 0 0 -1 0 0 1 0 0 0 0 1583838187
-16089826 -15488605 21907617 5610601 8568327 -7308407 -3324800 -143449 120128 -129785 -44689 -27683 -2396 359170 -10750 -2992 -164 -2836 -1051 -700 -402 -65 -723 499 -8 -16 -29 4 0 0 0 1 -12 0 7 -4 0 0 -5 -3 0 0 0 -1 -1 0 1 0 0 0 1 2 0 0 0 1 0 0 0 0 1583838187
-16082925 -15501987 21953640 5156002 -4024019 -7521938 -869649 -140475 119375 -123554 -41801 -21674 -4303 -26479 -10229 -2203 5103 -3803 -1108 -239 -177 -182 1982 -410 -4 -27 -10 0 5 8 0 5 2 0 -11 -8 -1 0 6 0 0 0 4 0 0 0 1 -1 0 0 0 0 0 0 0 0 0 0 0 0 1583838187
-16102170 -15373544 21437931 10262935 138277414 -5118527 54424082 -42945 116144 34633 43482 -24353 -27294 434196 -4774 -184 3507 -3669 -2207 -1057 -272 315 -12084 1075 -3 -8 -29 -1 0 0 0 0 -15 0 -45 14 3 1 -36 -19 -5 0 -30 -10 3 1 6 -6 4 0 0 -1 5 -1 0 1 0 0 0 0 1583838187
-16089477 -15496558 21923479 5552279 7062925 -7341456 3060268 -133453 120316 -112267 -35692 -26401 -5906 27109 2122 -8443 -2758 16822 -1071 6929 -178 -1299 -985 901 -7 -208 -41 -12 -16 4 0 1 -8 0 -3 7 0 -1 2 -4 -6 0 -1 0 -1 3 3 0 0 0 1 0 0 -2 0 1 0 0 1 0 1583838187
-16088869 -15505564 21958550 5217246 -2271387 -7500235 -574739 -139859 120581 -122662 -41294 -28007 -4391 -2583 -10835 -3527 599 -3225 -1063 -752 -211 -137 -93 -310 -4 -26 -13 -4 2 1 0 2 0 0 -8 0 0 -1 3 -3 0 0 -1 0 -1 0 0 0 0 0 0 0 0 0 0 0 0 0 0 0 1583838187
-16089164 -15502250 21945785 5330869 850539 -7447844 1708438 -136035 120566 -116247 -37906 -28007 -5479 -44530 -10660 -3511 -7994 -3129 -1032 -662 -226 -122 2854 -336 -1 -33 -14 -4 2 1 0 2 -1 0 6 0 0 0 -4 1 0 0 1 0 0 0 0 0 0 0 0 0 0 0 1 0 0 0 0 0 1583838187
-16103068 -15342348 21322478 11306517 167254524 -4624574 65333034 -23665 113858 65862 60327 -7606 -31765 540272 3588 11249 19870 -7429 -2754 3175 -216 -3276 -13815 -957 4 40 12 -12 -5 -14 -1 -1 46 0 3 -36 2 11 -24 -8 -2 1 14 -6 -2 1 7 0 0 -1 3 3 0 0 4 0 0 -1 -1 -1 1583838187
-16090338 -15502054 21945829 5327852 701210 -7451886 1476543 -136417 120364 -116892 -38239 -29874 -5361 -35515 -10552 -3484 -6060 -3153 -1052 -691 -222 -115 -611 -315 -2 -25 -14 -4 1 0 0 1 3 0 -2 0 0 -1 1 -3 0 0 -2 0 0 0 0 0 0 0 0 0 0 0 0 0 0 0 0 0 1583838187
-16083866 -15426147 21673713 7663200 66096692 -6319870 27991934 -89862 125611 -41175 2505 -12379 -16475 124163 -8493 -2120 23552 -3814 -1775 -1079 -86 -11 1610 -520 -1 -39 4 -4 0 0 0 1 11 0 -43 -9 -3 -3 15 0 0 0 -5 -4 3 0 0 -3 2 0 0 0 0 0 2 -1 0 0 0 1 1583838187
-16086545 -15509277 21975352 5019056 -7889622 -7596406 -1815841 -142238 118049 -126315 -43326 -26078 -3995 -66071 -8241 -566 -7427 -3647 -1005 3 -221 -273 -43 -311 -3 -25 -12 -6 1 0 0 1 0 0 3 0 0 0 0 1 0 0 0 0 0 0 0 0 0 0 0 0 0 0 0 0 0 0 0 0 1583838187
-16084951 -15508298 21973093 5019501 -7892710 -7595497 -1819033 -142250 116774 -126324 -43332 -24479 -3991 -66124 -7106 669 -7440 -3799 -1013 187 -221 -222 -44 -95 -4 -26 -17 -6 2 0 0 1 -3 0 2 0 0 0 0 0 0 0 0 0 -1 0 0 1 0 -1 -1 0 0 0 0 1 0 0 0 0 1583838187
-16086243 -15480313 21917210 5062724 -7895348 -7580083 -1818690 -142405 120628 -126372 -43341 -30228 -4000 -66002 -10916 -3694 -8240 -3093 -969 -652 -226 -138 4 -298 -2 -9 -12 28 -5 -1 0 1 0 0 3 0 0 0 0 1 0 0 0 0 0 0 0 0 0 0 -1 0 0 0 0 1 0 0 0 0 1583838187
-16084642 -15508588 21973586 5020398 -7893400 -7594569 -1818562 -142254 116419 -126324 -43332 -22442 -3988 -66066 -7251 1763 -8602 -4849 -1062 1326 -227 -2226 16 -296 -3 10 -12 -6 2 0 0 2 0 0 2 0 0 -1 0 1 0 0 0 0 0 0 0 0 0 0 -1 0 0 0 0 1 0 0 0 0 1583838187
-16080727 -15502928 21961459 5027745 -7887263 -7589671 -1819863 -142295 113443 -126338 -43341 -14026 -3974 -65921 -1992 7582 -6782 -5729 -1110 2099 -216 -4385 -92 -296 -4 55 -12 -2 5 7 0 5 -3 0 1 1 0 -6 -1 0 0 0 0 0 0 0 0 0 0 0 0 0 0 0 0 0 0 0 0 0 1583838187
-16085104 -15507546 21971415 5026218 -7699092 -7590532 -1849317 -142283 118030 -126404 -43369 -24736 -3956 -60305 -8810 -697 13456 -4304 -1174 110 -122 -273 -1019 -196 -8 -23 -13 -3 3 1 0 2 0 0 -1 11 0 0 -1 0 0 0 11 -1 -2 0 2 2 -2 2 -1 -4 0 0 -3 1 0 0 0 0 1583838187
-16089369 -15508030 21973383 5022747 -7887372 -7596349 -1819854 -142249 120627 -126330 -43330 -30225 -3998 -65816 -10915 -3693 -7638 -3104 -974 -659 -223 -139 -28 -277 -3 -25 -12 -2 1 0 0 1 -1 0 0 2 0 0 0 0 0 0 0 0 0 0 0 0 0 0 0 0 0 0 0 0 0 0 0 0 1583838187
-16075851 -15498368 21951747 5026995 -7861782 -7582775 -1823721 -142312 113132 -126359 -43357 -9865 -3973 -65271 50228 6012 -4818 35782 1569 -50879 -213 2246 -63 -222 7 -47 -6 -11 0 -11 0 -2 -1 1 0 2 0 1 0 0 -1 1 1 0 0 1 0 0 0 0 0 0 0 0 1 -1 0 0 0 0 1583838187
-16060522 -15489341 21930954 5030540 -7794629 -7569212 -1832308 -142368 103999 -126375 -43365 3293 -3933 -63567 5322 14659 468 -5677 -1158 2115 -180 -246 -445 -10 -6 -17 -16 4 7 13 0 7 -4 0 0 3 0 0 0 -1 0 0 1 1 0 0 -2 0 0 -3 0 0 -2 0 0 0 0 0 0 0 1583838187
-16086016 -15471175 21891450 5203764 -4243893 -7516107 1221366 -136812 120512 -117862 -38856 -30460 -5456 -130653 -10616 -3644 9020 -3543 452 -803 -96 -171 -1625 600 -11 -8 -31 25 -4 -1 0 1 -2 0 -9 -5 0 -1 7 19 4 0 0 -11 -5 0 0 0 0 0 1 1 -1 0 -2 -1 0 2 0 -1 1583838187
-16087490 -15491938 21915129 5577172 7802819 -7323009 -3285835 -143430 117448 -129717 -44683 -9495 -2396 342991 -733 9380 53058 -6006 -1612 3809 -122 -4165 8557 72 -16 -7 -6 -17 -4 -15 0 -5 -5 1 -16 -15 0 10 0 2 1 -1 -8 1 5 0 -2 3 -3 0 0 -5 -1 0 0 0 0 1 0 0 1583838187
-16088048 -15505138 21966355 5045839 -7284966 -7584672 -1876020 -142308 119226 -126468 -43391 -14439 -3914 -50111 -3667 7188 -5001 -6618 -1196 3624 -215 -3836 418 -332 -4 24 -12 -17 -2 -14 0 -4 0 1 -1 -3 0 9 3 0 0 0 0 0 0 0 0 0 0 0 0 0 0 0 0 0 0 0 0 0 1583838187
-16090412 -15485857 21880891 5966427 18569814 -7148143 7607690 -125449 118530 -99274 -28699 -26886 -7781 59043 -8477 -1388 60016 -4698 -1674 -1028 74 -289 -1902 1629 -26 -26 -43 -4 1 0 -1 0 -12 1 -51 -26 -4 -4 27 6 2 0 2 -3 3 0 0 1 -1 1 6 2 2 0 1 1 0 0 0 -1 1583838187
-16088439 -15507553 21966421 5130615 -4762957 -7544637 -381547 -139742 119236 -122235 -41139 -28069 -4619 -66033 -9262 -2054 -5167 -3320 -1027 -522 -206 -187 -420 75 -5 -25 -24 -6 1 0 0 1 -4 0 0 4 0 0 0 -1 0 0 0 2 -1 0 3 0 0 -2 0 1 -1 0 0 0 0 0 0 0 1583838187
-16088300 -15508606 21971082 5080898 -6158323 -7568126 -954616 -140748 119289 -123872 -42020 -28153 -4377 -69302 -9565 -2107 -3874 -3508 -1036 -313 -200 -207 -389 -41 -5 -25 -18 -6 1 0 0 1 -4 0 -1 3 0 0 0 0 0 0 0 1 1 0 2 0 0 0 0 -1 0 0 -1 1 0 0 0 0 1583838187
-16085076 -15507364 21971358 5019936 -7889977 -7593598 -1822656 -142257 118093 -126338 -43339 -24394 -3982 -65600 -8341 -532 5046 -3937 -1098 -88 -161 -308 -757 -480 -5 -22 -5 -4 2 1 0 3 6 0 10 0 0 0 3 11 2 0 -2 -7 -4 0 -1 2 -1 -3 -9 -1 7 0 5 7 0 0 0 0 1583838187
-16088148 -15510497 21978086 5018555 -7878376 -7597290 -1822211 -142239 119321 -126332 -43334 -28123 -3991 -65457 -9726 -2099 -2288 -3613 -1036 -212 -197 -231 -317 -353 -4 -25 -7 -6 1 0 0 1 -3 0 2 0 0 0 0 2 0 0 -1 0 2 0 -1 0 0 0 0 -2 0 0 0 0 0 0 0 0 1583838187
-16085338 -15502767 21951463 5248393 -1397292 -7483094 -2426317 -142732 116547 -127724 -43888 -23452 -3339 102929 -7308 992 18440 -4368 -1226 246 -179 -243 -1265 406 -12 -23 -24 -5 2 0 0 0 -12 0 -11 22 1 0 -10 -7 -2 0 -3 -1 0 1 6 0 0 3 -1 -3 0 0 0 0 0 0 0 0 1583838187
-16086876 -15508361 21971640 5062209 -6631845 -7573423 -1935399 -142330 119343 -126591 -43435 -26491 -3869 -33103 -9857 -2185 -5691 -3456 -1009 -260 -230 -169 -1 -257 -3 -25 -12 -4 2 1 0 2 -2 0 0 3 0 0 0 -1 0 0 0 0 0 0 1 0 0 0 0 0 0 0 0 0 0 0 0 0 1583838187
-16075719 -15497043 21943977 5132977 -4823053 -7532537 -2100363 -142520 111500 -126981 -43597 -12251 -3678 13321 14661 -244 -5381 21891 -1001 10881 -181 -1773 -190 -209 -2 -265 -10 -13 -21 7 0 3 -3 0 0 2 0 0 -2 0 -6 -1 0 0 0 4 0 -1 0 0 0 0 0 0 0 0 0 0 0 0 1583838187
-16082412 -15503748 21961701 5058286 -6838307 -7571232 -939302 -140798 118184 -123864 -42034 -21682 -4409 -84656 -8678 -891 -7464 -3626 -1015 -115 -210 -151 -220 -300 -3 -22 -13 -1 4 6 0 4 1 0 -1 -1 0 0 1 3 0 0 1 -1 -1 0 0 0 0 0 0 0 0 0 0 0 0 0 0 0 1583838187
-16078458 -15500362 21952151 5093167 -6020432 -7559063 -258568 -139699 111417 -121966 -41044 -14079 -4737 -99148 52387 7701 -7632 35734 1559 -50745 -206 2180 -234 -270 8 -52 -7 -19 -8 -14 0 -4 3 1 4 0 0 1 1 2 0 0 0 -1 -1 1 0 0 0 0 0 0 0 0 0 0 0 0 0 0 1583838187
-16088488 -15507097 21964570 5151314 -4172768 -7534411 -481473 -139856 119224 -122485 -41253 -27941 -4533 -48108 -9220 -2012 -1138 -3348 -1045 -568 -195 -219 3062 -356 -3 -34 -9 -6 1 0 0 1 0 0 -1 -3 0 -1 2 0 0 0 1 0 0 0 0 0 0 0 0 0 0 0 0 0 0 0 0 0 1583838187
-16085833 -15495847 21925739 5469599 4879896 -7375640 2142817 -135051 120373 -114879 -37099 -28260 -5525 20686 -10531 -3361 -8098 -3080 -1057 -676 -259 -92 -775 -399 -1 -21 -7 -6 1 0 0 1 1 0 0 -4 0 0 -2 0 0 0 2 0 0 0 0 0 0 0 0 2 0 0 0 0 0 0 0 0 1583838187
-16089352 -15497321 21925935 5529102 6373975 -7355272 3202066 -133282 118874 -111902 -35520 -27280 -6011 6062 -9094 -1630 -596 -3690 -1155 -201 -211 -219 -757 -472 -2 -25 -5 -5 1 0 0 1 7 0 -2 -8 0 -1 2 -4 0 0 1 0 -2 0 -1 0 0 0 0 0 0 0 0 0 0 0 0 0 1583838187
-16086534 -15509245 21975292 5019009 -7892169 -7596423 -1819922 -142245 118042 -126327 -43332 -26032 -3991 -65881 -8313 -528 -3460 -3810 -1039 63 -202 -301 -270 -364 -3 -24 -11 -6 1 0 0 1 2 0 5 0 0 0 1 4 1 0 -1 -2 -1 0 0 1 0 -1 -4 0 3 0 2 3 0 0 0 0 1583838187
-16088156 -15510514 21977965 5021918 -7777189 -7595600 -1850629 -142275 119308 -126410 -43374 -28068 -3959 -61760 -9271 -2049 25773 -3827 -1220 -901 -61 -242 -1612 -349 -10 -25 -4 -5 2 0 0 1 10 0 -2 2 0 0 0 5 1 0 -7 -5 3 0 -3 2 -2 0 0 1 1 0 -1 -2 0 -2 0 1 1583838187
-16087584 -15509371 21975059 5034578 -7435186 -7588329 -1891690 -142319 119362 -126514 -43421 -27310 -3911 -52880 -9210 -2169 45814 -4009 -1355 -1352 33 -236 -2552 327 -19 -22 -12 -2 5 0 0 0 -6 0 -15 40 0 0 -8 -4 -2 0 4 -5 6 -1 -12 -3 2 -9 0 -4 -6 0 5 0 0 0 0 -1 1583838187
-16081510 -15502018 21957509 5068093 -6705543 -7571927 -984363 -140880 114107 -123985 -42095 -19187 -4373 -79612 -2850 4612 -1728 -3990 -1065 119 -183 -587 -391 -323 -4 -17 -10 -3 3 2 0 3 1 0 -2 -1 0 -3 1 5 1 0 0 -2 -1 0 0 0 0 0 0 0 0 0 0 0 0 0 0 0 1583838187
-16088270 -15509694 21974509 5061149 -6660639 -7576361 -1932772 -142323 119300 -126583 -43432 -27950 -3874 -33799 -9625 -2068 -6103 -3423 -1004 -274 -232 -214 219 -320 -3 -26 -13 -6 1 0 0 1 0 0 -1 -2 0 -1 2 0 0 0 1 0 0 0 0 0 0 0 0 0 0 0 0 0 0 0 0 0 1583838187
-16088298 -15509416 21973836 5056622 -6838350 -7579954 -939536 -140773 119331 -123858 -42030 -28435 -4420 -84611 -9658 -2282 -8710 -3372 -995 -338 -217 -208 -149 -296 -2 -25 -13 -6 2 0 0 1 0 0 3 0 0 0 0 1 0 0 0 0 0 0 0 0 0 0 0 0 0 0 0 0 0 0 0 0 1583838187
-16086735 -15504346 21958145 5179571 -3379393 -7517689 -2268756 -142628 117913 -127382 -43762 -24928 -3499 54216 -6638 -56 57051 -3770 -1381 -1823 37 -476 10762 -586 -13 -53 13 -3 2 0 0 2 19 0 -13 -18 -1 -3 9 -2 0 0 2 0 -1 0 -1 3 -3 0 0 -1 -1 0 1 0 0 0 0 0 1583838187
-16091303 -15478306 21845602 6491299 34048650 -6873859 -5656024 -145199 118091 -135101 -46779 -21857 96 1020350 -9235 -498 7722 -2545 -1151 -490 -702 -10 -1385 -661 -3 -15 2 -4 2 0 0 1 -9 0 -4 -1 2 0 -18 -12 -3 0 -5 -5 -7 -1 -4 0 0 0 0 0 2 0 0 -1 0 0 0 0 1583838187
-16083255 -15501617 21954319 5133427 -4801533 -7539271 -2101121 -142493 115403 -126975 -43587 -21159 -3685 14346 -5013 2870 -8378 -3844 -1014 331 -266 -475 58 -337 -2 -20 -11 -5 2 0 0 2 -1 0 0 -2 0 -1 0 0 0 0 0 0 0 0 0 0 0 0 0 0 0 0 0 0 0 0 0 0 1583838187
-16078612 -15397335 21731818 5547557 2817515 -7351010 -2800332 -143588 120305 -128739 -44258 -28565 -2951 211741 -10803 -3232 -1294 -2955 -1034 -701 -334 -94 -466 -206 -4 23 -17 91 -17 -2 0 1 -9 0 0 1 0 0 -7 -5 -1 0 -2 0 -4 0 -1 0 0 0 0 0 0 0 0 0 0 0 0 0 1583838187
-16088297 -15491951 21905992 5712527 11517954 -7266396 4076221 -131534 117530 -109282 -34035 -24974 -6213 77555 -8780 -1567 27241 -3814 -1318 -799 -103 -262 15103 -161 -5 -65 1 -4 2 1 0 1 -15 0 -7 12 0 0 0 -2 0 0 -9 0 0 0 0 -2 2 1 0 0 0 0 0 0 0 0 0 0 1583838187
-16098164 -15384910 21484966 9761363 124242459 -5355123 51100043 -49212 115395 24883 38075 -21627 -26185 281383 -4278 953 13726 -4457 -2224 -524 -146 143 -8085 5408 -26 -15 -150 -4 1 2 -1 1 -45 0 11 -46 0 0 -10 2 0 1 15 -15 0 0 -5 10 -8 4 8 -16 0 -1 0 3 0 1 0 -2 1583838187
-16091551 -15488985 21894113 5830004 14695664 -7214654 7007001 -126680 119932 -101085 -29730 -29352 -7668 2740 -9928 -3136 11172 -3469 -1251 -846 -138 -156 12105 -173 -2 -60 -10 -4 1 0 0 1 -6 0 -4 9 0 0 -1 1 0 0 -3 -1 0 0 1 -2 1 0 0 1 0 0 0 0 0 0 0 1 1583838187
-15681745 -15197123 21264861 5177023 602692 -7423422 717195 -138210 -186572 -118594 -39234 -24499 -4932 -1689 -1476 4161 11306 -1850 -1049 -2934 -153 -52 16 -89 -19 -23 -12 -6 1 0 0 1 -4 0 -12 6 0 -1 2 -3 -1 0 -4 0 0 0 2 -2 1 0 0 1 1 0 0 0 0 0 0 0 1583838187
-16075419 -15209541 21183422 8994855 94592677 -5739451 39069548 -71488 117489 -9793 19524 -26418 -21097 222459 -6496 -1270 4054 -3642 -1882 -987 -206 160 -7569 -1036 4 -13 5 9 -1 0 0 3 35 -1 -12 -24 -4 -4 18 -14 -3 0 5 -1 -10 -1 -6 2 -1 0 0 -1 0 0 -1 0 0 0 0 0 1583838187
-16086709 -15489840 21900345 5733193 12041499 -7256459 4635935 -130625 116229 -107719 -33218 -22775 -6504 60388 -5144 1557 4488 -3383 -1193 -787 -209 -426 -98 -410 -3 -23 -2 -6 1 -1 0 1 2 0 -15 -7 -2 -2 11 0 0 0 1 0 0 0 -1 0 0 1 0 1 0 0 0 0 0 0 0 0 1583838187
-16088406 -15510460 21978218 5016965 -7893238 -7596017 -1818550 -142231 120848 -126323 -43328 -28284 -3996 -66006 -11034 -3711 -7690 -3114 -973 -667 -224 -139 -26 -306 -3 -25 -12 -4 2 1 0 2 0 0 3 0 0 0 0 1 0 0 0 0 0 0 0 0 0 0 -1 0 0 0 0 1 0 0 0 0 1583838187
-16081752 -15501368 21958700 5021907 -7892361 -7594710 -1819946 -142274 114471 -126338 -43344 -13984 -3977 -65974 16356 -14696 -1534 40209 -854 14140 -81 -2630 -529 -311 -1 -416 -5 -23 -39 3 0 1 0 0 5 0 0 -1 1 7 -8 -5 -1 -2 -2 6 -2 0 -1 -1 -4 0 3 0 2 3 0 0 0 0 1583838187
-16088294 -15498495 21954055 5036587 -7887506 -7590709 -1820000 -142303 120628 -126346 -43335 -30225 -3998 -65782 -10915 -3692 -7565 -3105 -974 -659 -223 -140 13 -307 -3 -23 -12 0 0 0 0 1 0 0 2 -1 0 0 0 -1 0 0 0 0 0 0 0 0 0 0 0 0 0 0 0 0 0 0 0 0 1583838187
-16088171 -15510643 21978397 5018058 -7886741 -7597525 -1819831 -142235 119330 -126325 -43330 -28158 -3995 -65806 -9496 -2133 -7591 -3308 -984 -416 -223 -189 15 -307 -3 -26 -12 -6 1 0 0 1 0 0 2 -1 0 0 0 -1 0 0 0 0 0 0 0 0 0 0 0 0 0 0 0 0 0 0 0 0 1583838187
-16088166 -15510626 21978341 5018519 -7874269 -7597295 -1820967 -142236 119325 -126327 -43331 -28156 -3994 -65476 -9875 -2126 -7278 -3610 -1006 -37 -221 -228 66 -311 -3 -26 -12 -6 2 0 0 1 0 0 2 -1 0 0 0 0 0 0 0 0 0 0 0 0 0 0 0 0 0 0 0 0 0 0 0 0 1583838187
-16089416 -15508415 21974126 5022995 -7863641 -7596178 -1822100 -142249 120627 -126335 -43332 -30221 -3996 -65207 -10913 -3691 -6919 -3117 -979 -666 -220 -141 -66 -248 -3 -25 -11 -2 1 0 0 1 -2 0 0 1 0 0 0 0 0 0 0 0 0 0 0 0 0 0 0 0 1 0 -1 0 0 0 0 0 1583838187
-16086751 -15508770 21974046 5028149 -7616148 -7590224 -1855681 -142279 119329 -126417 -43372 -26512 -3952 -58040 -9864 -2083 10572 -3902 -1131 -283 -137 -266 58 -440 -6 -25 -5 -4 2 1 0 2 8 0 3 0 0 0 0 -3 0 0 -1 1 1 0 0 0 0 1 0 0 1 0 0 -1 0 0 0 0 1583838187
-16089603 -15509381 21975299 5038588 -7362532 -7588296 -1910992 -142343 120604 -126566 -43444 -30072 -3893 -49621 -10771 -3567 60542 -4348 -1466 -1397 102 -297 -2375 -506 -18 -24 -5 -2 1 0 -1 2 24 0 3 -8 0 0 3 4 0 0 -6 -1 19 0 -11 1 -1 -7 2 0 0 0 -2 0 0 -5 0 1 1583838187
-16087614 -15506428 21969809 5024401 -7874465 -7594739 -1821090 -142263 118881 -126338 -43338 -16248 -3973 -65545 -11691 -3851 -7342 -3108 -972 -721 -222 -137 12 -308 -3 -26 -12 -5 2 0 0 0 0 0 2 -1 0 0 0 0 0 0 0 0 0 0 0 0 0 0 0 0 0 0 0 0 0 0 0 0 1583838187
-15993747 -15438042 21816134 5064977 -6948887 -7498847 -1978754 -142757 68934 -126782 -43587 60978 -3676 -37610 45492 64156 118883 -18193 -2618 13859 400 -460 -5307 -758 -33 -23 38 5 6 7 -1 5 16 -1 -9 46 0 -3 -4 -7 -3 2 37 -9 -2 0 -6 5 -4 5 -1 -6 4 0 0 -3 0 -2 0 0 1583838187
-16084966 -15508145 21972543 5024898 -7740240 -7592849 -1838856 -142270 116776 -126374 -43354 -24452 -3967 -61659 -7069 689 4293 -3999 -1096 40 -166 -240 -249 -335 -5 -26 -10 -5 2 0 0 1 -1 0 2 1 0 0 0 -1 0 0 -1 0 0 0 -1 0 0 0 0 0 0 0 1 -1 0 0 0 0 1583838187
-16081006 -15430980 21813955 5203938 -5846673 -7516397 -2100858 -142966 120550 -127163 -43691 -29743 -3676 -7471 -10566 -3360 154619 -6043 -2144 -2410 545 -512 -4592 386 -45 13 2 76 -13 -2 -1 1 14 0 -3 45 0 0 -5 -13 -4 0 11 -4 4 1 2 1 -1 8 -2 10 19 -2 -8 -2 0 -1 0 2 1583838187
-16088460 -15507723 21966482 5147912 -4200151 -7534036 -1946347 -142164 119224 -126519 -43337 -27562 -3743 19465 -9047 -1933 8712 -3271 -1088 -903 -185 -220 1220 -422 -5 -30 -9 -5 1 0 0 1 0 0 -2 -5 0 0 -1 1 0 0 1 -1 -1 0 0 0 0 1 0 -1 0 0 0 -1 0 0 0 0 1583838187
-16089605 -15509890 21976894 5025565 -7725068 -7594723 -1834509 -142249 120622 -126360 -43342 -30200 -3983 -61601 -10914 -3686 -7730 -3098 -973 -657 -226 -138 15 -257 -3 -26 -15 -4 1 0 0 1 -1 0 0 1 0 0 0 -1 0 0 0 0 0 0 0 0 0 0 0 0 0 0 0 0 0 0 0 0 1583838187
-16088526 -15498958 21945350 5208381 -2672758 -7497536 2527137 -135015 127589 -114163 -36921 -15185 -6067 -158078 -3891 6878 -5931 -6908 -1284 4025 -153 -3754 -1042 5 -5 23 -22 -17 -3 -14 0 -4 -2 0 -1 2 0 9 4 6 1 0 0 -3 -3 0 0 0 0 0 0 0 0 0 0 0 0 0 0 0 1583838187
-16080842 -15477707 21909045 5108630 -6176743 -7540446 -1989867 -142534 122133 -126804 -43550 47254 -3696 -20868 23129 49679 16960 -21675 -2244 22180 -107 -18419 762 -416 -12 226 -20 -62 -22 -70 0 -30 5 4 -19 -15 -2 49 16 -2 1 -1 4 0 -2 0 0 0 0 0 0 1 0 0 0 0 0 0 0 0 1583838187
-16083361 -15487508 21930868 5051681 -7749169 -7582424 -1832536 -142380 115723 -126411 -43384 29446 -3895 -62628 15947 37203 -7528 -16228 -1808 17278 -209 -14680 164 -322 -6 172 -16 -50 -17 -53 0 -22 0 3 0 -2 0 38 5 -2 1 -1 0 0 -1 0 0 0 0 0 0 0 0 0 0 0 0 0 0 0 1583838187
-16085934 -15498999 21952767 5068097 -6859561 -7574145 -1489431 -141702 117531 -125399 -42832 -522 -4081 -59322 1945 16954 -5644 -10544 -1420 8112 -210 -7104 -160 -209 -5 75 -16 -27 -6 -27 0 -10 -2 1 -2 0 0 18 3 0 0 0 -2 0 1 0 0 0 0 0 0 -1 0 0 0 0 0 0 0 0 1583838187
-16087235 -15421972 21642630 8124944 78756773 -6112450 30296151 -85335 116949 -34294 6376 -14984 -17133 284923 -6609 -245 9982 -3781 -1779 -867 -225 120 -8319 2804 -17 -4 -88 4 6 13 0 5 -42 0 -34 1 2 3 -26 -1 0 0 -13 0 1 2 11 3 -2 -7 4 1 0 0 2 2 0 0 0 0 1583838187
-16089156 -15494414 21922772 5478635 4791645 -7380387 3075149 -133621 118886 -112334 -35796 -15428 -6016 -27457 -4090 6502 -2767 -6611 -1317 3637 -201 -3469 -1459 596 -8 22 -32 -16 -2 -13 0 -4 -7 0 -2 -3 0 8 4 0 0 0 1 1 2 0 -1 3 -2 1 0 2 0 0 0 0 0 0 0 -1 1583838187
-16087691 -15481877 21908472 5287348 -1329093 -7473471 951555 -137517 120427 -118457 -39091 -30020 -5176 -54576 -10625 -3546 -8688 -3112 -1019 -659 -227 -119 193 -310 -2 -17 -11 14 -2 -1 0 1 0 0 -2 -3 0 -1 2 0 0 0 1 0 -1 0 0 0 0 0 0 0 0 0 0 0 0 0 0 0 1583838187
-13123715 -13272622 16948301 6555404 1733377 -5042623 2365240 -148465 -1867188 -116282 -39363 3411804 -900 -81388 2983815 2585816 -16001 149170 13100 -217868 336 16152 1998 -197 127 -369 23 -7 -33 -21 0 -9 -2 4 -7 -5 0 -40 2 2 -3 5 -6 1 -1 2 1 0 0 -1 0 0 0 1 0 0 0 0 0 0 1583838187
-15771671 -12689973 16260963 9108260 -8085296 -5932131 -1833287 -150764 120695 -130892 -44612 -30281 -3979 -65830 -10894 -3683 -189 -3654 25704 276 -122 -112 -516 -374 -7 1301 -25 2687 -551 -68 0 0 -1 -1 7 -1 27 0 6 5 0 0 -2 -1 -3 0 0 1 0 -2 -4 -1 3 0 3 4 0 0 0 0 1583838187
-16086518 -15509066 21974869 5020543 -7854724 -7595687 -1824175 -142250 118046 -126337 -43336 -26218 -3988 -64890 -7827 -673 -5444 -3276 -993 -541 -212 -199 82 -336 -3 -26 -12 -6 1 0 0 1 2 0 2 -1 0 0 0 -1 0 0 0 0 0 0 0 0 0 0 0 0 0 0 0 0 0 0 0 0 1583838187
-16089377 -15508083 21973465 5023239 -7870524 -7596094 -1824955 -142256 120627 -126344 -43337 -30219 -3993 -65178 -10908 -3687 -4151 -3168 -999 -696 -207 -148 -120 -300 -3 -25 -12 -2 1 0 0 1 4 0 1 -1 0 0 0 -1 0 0 -1 0 2 0 -1 0 0 0 0 0 0 0 0 0 0 0 0 0 1583838187
-16082290 -15504472 21965148 5022870 -7815589 -7587200 -1830401 -142274 118291 -126359 -43347 -21318 -3972 -63750 -8695 -789 -671 -3761 -1051 -137 -189 -206 -73 -325 -4 -22 -11 -1 4 5 0 4 2 0 2 0 0 0 0 -2 0 0 0 0 0 0 -1 0 0 0 0 0 0 0 0 0 0 0 0 0 1583838187
-16088177 -15510355 21977538 5024400 -7712614 -7594425 -1841265 -142257 119328 -126378 -43354 -27976 -3970 -60890 -9525 -2012 2926 -3618 -1067 -374 -173 -273 221 -395 -4 -26 -5 -6 1 0 0 1 2 0 3 0 0 0 0 -2 0 0 -1 1 0 0 -1 0 0 0 0 0 1 0 0 0 0 0 0 0 1583838187
-16089242 -15505362 21966246 5063311 -6808533 -7576647 -1918170 -142335 120595 -126558 -43419 -30059 -3894 -37922 -10905 -3647 -7486 -3080 -976 -657 -237 -134 -24 -229 -3 -24 -14 -1 0 0 0 1 -2 0 0 1 0 0 0 -1 0 0 0 0 0 0 0 0 0 0 0 0 0 0 0 0 0 0 0 0 1583838187
-16084000 -15495565 21927966 5401132 2651767 -7414714 2392638 -134862 115097 -114292 -36851 -21522 -5750 -36921 -4655 2812 -8025 -3862 -1094 199 -227 -333 -930 -150 -3 -23 -16 -6 1 -1 0 1 -6 0 -1 6 0 0 -5 -4 -1 0 -2 0 -2 0 0 -1 0 0 0 0 0 0 0 0 0 0 0 0 1583838187
-16088784 -15495335 21939674 5194920 -3430122 -7515623 -202678 -139424 120491 -121705 -40827 -30029 -4659 -46632 -10739 -3586 -9207 -3081 -996 -649 -237 -121 -336 -330 -2 -21 -11 4 0 0 0 1 0 0 4 -1 0 0 -3 0 0 0 1 0 0 0 1 0 0 0 0 -1 0 0 0 0 0 0 0 0 1583838187
-16040948 -15453546 21819221 5736641 12662411 -7221962 6306183 -128007 94976 -103072 -30812 -14118 -7357 -3488 -1842 5230 1630 -4263 -1245 256 -186 -190 -630 -574 -3 -18 1 -5 1 0 0 2 12 0 2 -4 -1 -2 9 -5 -1 0 0 1 -1 0 -1 0 0 0 0 0 0 0 0 0 0 0 0 0 1583838187
-16087312 -15488599 21932630 5080988 -7000052 -7569827 -2044464 -142639 120577 -126973 -43647 -29852 -3735 -33585 -10465 -3323 209224 -7081 -2540 -3014 822 -639 -8790 -2247 -46 -12 105 14 0 0 -4 6 112 -1 31 -28 0 0 10 -5 0 0 -11 6 31 1 -5 2 -3 -5 3 3 3 -1 -6 2 0 -4 0 1 1583838187
-16084989 -15506890 21967899 5071847 -6409719 -7569653 -2063452 -142523 116677 -126966 -43639 -24016 -3692 -20483 -7303 1082 202780 -8155 -2566 -1432 787 -742 -8068 -1207 -49 -18 47 1 2 0 -1 1 11 0 -6 59 0 0 -7 -13 -4 1 23 -6 4 -1 -12 -5 3 2 -2 -16 -4 0 -3 4 -1 -1 0 -1 1583838187
-16087992 -15505513 21967852 5029537 -7747733 -7592662 -1836764 -142280 119223 -126380 -43359 -14612 -3956 -62088 -3843 7055 -1046 -6683 -1237 3893 -189 -3829 -73 -234 -5 23 -15 -17 -3 -14 0 -4 1 0 2 0 0 9 1 -2 0 0 2 1 0 0 0 0 0 -1 0 0 -1 0 0 0 0 0 0 0 1583838187
-16088896 -15498771 21948883 5158949 -4272954 -7530021 -2307902 -142783 120488 -127575 -43906 -29415 -3452 32525 -10337 -3139 261999 -7989 -2921 -3559 1067 -767 -4879 8270 -108 -21 -169 4 1 1 -4 0 4 0 34 28 -3 -3 12 -29 -8 1 17 -34 -16 2 14 -1 0 5 -12 1 -4 0 -10 1 -2 -1 0 0 1583838187
-16086549 -15509182 21975043 5021739 -7815088 -7595085 -1829007 -142254 118054 -126349 -43342 -26217 -3982 -63852 -8237 -665 -2733 -3647 -1034 -164 -199 -245 -227 -219 -4 -25 -15 -6 2 0 0 1 -1 0 -1 -1 0 0 1 1 0 0 1 0 -1 0 1 0 0 -1 0 1 0 0 0 0 0 0 0 0 1583838187
-15795427 -15260526 21440448 4915720 -2844046 -7218250 -1925827 -141914 116059 -126294 -43214 -26044 -3673 46073 -11578 -3039 39806 -3912 -1332 -1197 -42 -239 -2549 2712 -29 -8 -81 -1 4 6 0 2 -33 0 -4 18 0 0 -1 2 0 0 9 5 -1 0 0 13 -10 -1 2 0 3 0 -7 3 0 0 0 0 1583838187
-16089455 -15507599 21971166 5051938 -7047272 -7581977 -1901342 -142314 120601 -126520 -43408 -30089 -3911 -44205 -10888 -3644 1623 -3256 -1043 -758 -188 -156 -548 515 -9 -23 -33 -2 1 0 0 1 -7 0 0 6 0 0 0 0 0 0 3 2 0 0 0 4 -3 0 0 3 2 0 0 -1 0 0 0 0 1583838187
-16088403 -15508299 21968759 5125113 -4839383 -7544940 -2097621 -142449 119241 -126960 -43579 -27622 -3699 13198 -8858 -1988 -7464 -2773 -961 -951 -262 -165 -50 -346 -2 -26 -11 -6 1 0 0 1 -2 0 0 -2 0 0 0 0 0 0 0 0 0 0 0 0 0 0 0 0 0 0 0 0 0 0 0 0 1583838187
-16092153 -15482348 21867800 6092217 22039621 -7089529 8982911 -123030 119709 -95335 -26570 -28846 -8381 69646 -9684 -2931 5789 -3389 -1300 -858 -195 -67 -3546 1062 -11 -19 -44 -4 1 0 0 1 1 0 6 11 1 0 -8 7 1 0 -3 -12 -9 0 1 2 -2 -2 -3 2 -2 0 -3 -2 0 1 0 0 1583838187
-16085239 -15506366 21966258 5086388 -5980581 -7560969 -1993544 -142384 117974 -126725 -43489 -24478 -3806 -16779 -8923 -647 -7986 -3941 -1026 448 -249 -224 -34 -255 -3 -24 -13 -4 2 1 0 2 -2 0 0 0 0 0 -1 -1 0 0 0 0 0 0 0 0 0 0 0 0 0 0 0 0 0 0 0 0 1583838187
-16090132 -15499826 21939898 5392792 2645783 -7414470 -2871232 -143129 120289 -128801 -44344 -28409 -2841 214139 -10470 -2986 164494 -5985 -2203 -2459 483 -516 3802 -49 -42 -43 31 2 1 0 -1 0 -3 1 -88 -25 -4 -4 23 0 0 -1 -1 -1 4 3 14 -8 5 0 1 2 1 0 2 2 0 0 0 0 1583838187
-16088175 -15510629 21978372 5018040 -7887995 -7597538 -1819651 -142235 119333 -126324 -43330 -28107 -3995 -65835 -9466 -2099 -6980 -3326 -989 -418 -220 -209 -47 -314 -3 -26 -12 -6 1 0 0 1 0 0 2 0 0 0 0 0 0 0 0 0 0 0 0 0 0 0 0 -1 0 0 0 0 0 0 0 0 1583838187
-16089652 -15509928 21976543 5034613 -7457326 -7590246 -1861587 -142271 120614 -126424 -43369 -30154 -3953 -54453 -10902 -3667 -3015 -3177 -1007 -706 -206 -149 203 -299 -4 -27 -10 -4 1 0 0 1 0 0 -2 0 0 -1 0 0 0 0 0 0 0 0 1 0 0 0 0 0 0 0 0 0 0 0 0 0 1583838187
-16089387 -15497818 21925786 5601069 8708133 -7311141 -3337669 -143408 118821 -129799 -44700 -25610 -2384 361436 -9768 -1427 -2914 -3323 -1063 0 -417 -143 -647 414 -7 -21 -27 -6 2 0 0 1 -10 0 2 -4 0 0 -5 0 0 0 3 -1 -1 0 3 0 0 -1 2 2 0 0 0 1 0 0 0 0 1583838187
-16088620 -15505658 21957980 5243872 -1458712 -7486599 -2407041 -142688 119117 -127668 -43859 -27183 -3371 99840 -9558 -1862 -6725 -3260 -1006 -285 -303 -127 -196 -378 -2 -25 -9 -6 2 0 0 1 -3 0 -1 -2 0 0 -2 0 0 0 0 0 0 0 0 0 0 0 0 0 0 0 0 0 0 0 0 0 1583838187
-16090261 -15489089 21889668 6004545 20199221 -7112931 -4394204 -144227 118479 -132220 -45654 -23808 -1252 659852 -9329 -920 15480 -3146 -1196 -466 -480 -104 -1660 -231 -7 -18 -11 -4 2 0 0 0 -14 0 -10 -20 0 0 -7 -2 0 0 2 -3 -6 0 -2 0 0 -2 1 0 0 0 0 0 0 0 0 0 1583838187
-16088921 -15503019 21946953 5368262 2084690 -7425493 -2732711 -142941 119031 -128415 -44155 -26600 -3024 191227 -9441 -1695 -128 -3248 -1055 -412 -317 -170 -612 -368 -4 -23 -8 -5 2 0 0 1 -9 0 -4 -5 0 0 -5 0 0 0 -3 0 0 0 0 0 0 0 0 0 0 0 0 0 0 0 0 0 1583838187
-16090435 -15486299 21881652 5970769 18725944 -7145523 7293261 -125930 118506 -100129 -29134 -27008 -7601 78944 -8786 -1519 56914 -4714 -1656 -859 51 -220 -1454 3459 -34 -26 -90 -5 2 0 0 0 -30 0 -17 18 -1 -2 4 -6 -1 0 0 9 -1 2 13 8 -6 -5 1 3 -1 0 -6 7 0 -1 0 1 1583838187
-16112972 -15241546 20914215 15365576 280594270 -2704829 109031608 53495 110442 190905 127730 -16648 -49933 905896 2258 4833 55943 -5502 -3708 -1182 -113 586 -16544 -2309 12 -16 72 3 -1 0 0 4 18 -1 -35 -71 0 0 -20 11 1 1 22 -9 -13 0 4 -6 5 -7 0 1 0 0 0 -3 0 -1 0 0 1583838187
-16108747 -15288664 21097488 13697367 234625897 -3476704 78884865 2648 111894 106014 82790 -15071 -35765 1365184 51 4479 140477 -5861 -3664 -2014 8 105 27193 -1588 -3 -118 57 2 0 0 0 4 60 -3 1 -10 -1 -2 6 -32 -8 0 -20 1 -4 -2 -11 0 0 1 -2 4 2 0 -3 1 0 0 0 0 1583838187
-16090716 -15482674 21867557 6104766 22454623 -7082291 8818734 -123254 118357 -95777 -26790 -26591 -8219 90395 -8250 -1207 92566 -5262 -1912 -1334 224 -332 5909 1471 -30 -49 -40 -3 1 0 0 -1 -24 0 -58 20 -1 -1 7 6 1 -1 -8 2 12 4 18 -2 1 0 -2 -1 1 0 -1 1 0 0 0 0 1583838187
-16110770 -15265059 21007606 14450652 255061960 -3138048 99657793 36857 111226 164046 113247 -17519 -46067 814669 1263 4321 35966 -5136 -3385 -887 -188 518 -17637 -455 5 -9 3 1 -1 0 0 4 28 -2 -32 -36 0 0 -20 4 0 1 19 -7 0 3 15 0 0 -1 0 -2 -2 0 1 2 0 -2 -1 -2 1583838187
-16103309 -15358835 21376891 10887563 155801285 -4820739 60359109 -32305 115707 51706 52754 -22311 -29567 543894 -4009 385 86650 -4834 -2650 -1527 134 -158 92879 4166 -5 -276 -70 -5 1 -1 5 -3 -95 -2 32 37 1 3 -8 28 4 1 18 -6 0 2 9 -3 2 0 1 -5 0 0 -2 1 0 -2 0 0 1583838187
-16089748 -15511398 21980211 5017894 -7885217 -7598310 -1828108 -142242 120609 -126351 -43345 -29720 -3981 -65032 -10432 -3330 18778 -3535 -1161 -1039 -95 -312 -1543 -671 -7 -21 4 -3 2 1 0 3 21 0 20 0 0 -1 5 24 5 0 -5 -17 -9 0 -2 5 -3 -8 -20 -2 15 -1 12 17 0 0 0 0 1583838187
-16086422 -15508913 21974596 5019569 -7886441 -7596158 -1819912 -142246 117974 -126327 -43332 -25804 -3992 -65830 -8396 -348 -7642 -3942 -1023 379 -222 -282 -27 -284 -3 -25 -12 -6 1 -1 0 1 -1 0 0 2 0 0 0 0 0 0 0 0 0 0 0 0 0 0 0 0 0 0 0 0 0 0 0 0 1583838187
-16088127 -15510439 21977885 5020403 -7824706 -7596365 -1836631 -142258 119296 -126372 -43354 -27968 -3974 -63516 -9284 -1987 13213 -3651 -1134 -675 -122 -241 -1102 -371 -7 -25 -11 -5 1 0 0 1 -2 0 -3 13 0 0 -2 -2 0 0 3 -2 3 -1 -7 -4 2 -4 0 -1 -2 0 1 1 0 0 0 0 1583838187
-16078319 -15468377 21828807 6252599 26283661 -7009388 11947202 -118117 108159 -87002 -22167 -11436 -9751 21683 -287 7614 -6952 -4773 -1314 1160 -223 -372 6550 -518 2 -40 -3 -2 3 3 0 4 5 0 18 0 2 2 -12 2 0 0 3 0 1 0 3 -1 1 -2 0 0 0 0 0 0 0 0 0 0 1583838187
-16073998 -15499675 21954074 5022629 -7886507 -7583749 -1820127 -142297 111622 -126335 -43341 -12254 -3972 -65910 -817 10040 -7498 -6729 -1190 3892 -219 -219 -35 -302 -3 -27 -12 -4 3 1 0 2 -1 0 1 0 0 -1 0 0 0 0 2 0 0 0 0 0 0 0 0 0 1 0 0 0 0 0 0 0 1583838187
-15346397 -14905848 20680343 4415615 -7845903 -7037674 -1827298 -142266 -28799 -125929 -43219 -31038 -3979 -64609 -7535 1430 929 -3520 -1044 -466 -181 -212 -447 -372 -10 -21 -9 -5 2 0 0 1 -1 0 0 3 0 0 0 0 0 0 3 0 0 0 0 0 0 0 0 0 0 0 -1 0 0 0 0 0 1583838187
-16086568 -15508776 21974004 5027430 -7664938 -7592286 -1882821 -142328 118064 -126501 -43421 -25677 -3918 -57712 -7929 -271 59521 -4899 -1492 -703 102 -559 -3471 -250 -19 -18 0 -4 2 0 0 1 15 0 -6 4 0 0 0 17 3 0 -1 -8 20 0 -9 3 -3 -8 1 0 0 0 -4 0 0 -7 -1 2 1583838187
-16088232 -15509669 21974704 5056607 -6792212 -7578484 -2008820 -142450 119274 -126825 -43572 -27659 -3764 -31978 -9503 -1714 162255 -6796 -2240 -1792 593 -657 -8018 -632 -43 -15 62 0 2 0 0 0 -13 0 -25 84 1 1 -16 -4 -3 2 39 -12 7 -1 -13 -9 7 -6 0 -15 -7 0 0 4 -1 -2 -1 -1 1583838187
-16075128 -15499193 21953060 5027157 -7858195 -7585652 -1828082 -142316 110508 -126359 -43354 -11506 -3960 -64983 -343 8786 2962 -5458 -1170 1856 -168 -712 -637 -94 -7 -17 -13 -5 2 0 0 1 -6 0 -2 10 0 0 -2 0 0 0 0 -1 1 0 -3 -1 1 -3 0 0 -2 0 0 0 0 0 0 0 1583838187
-16088186 -15510622 21978318 5018942 -7862115 -7597097 -1822105 -142237 119340 -126330 -43332 -28159 -3993 -65166 -9642 -2135 -7562 -3418 -992 -274 -223 -210 10 -301 -3 -26 -12 -6 1 0 0 1 0 0 0 -1 0 0 1 0 0 0 0 0 0 0 0 0 0 0 0 0 0 0 0 0 0 0 0 0 1583838187
-16022272 -15453964 21855114 5026781 -5780667 -7494734 -2013006 -142351 119523 -126739 -43494 -28455 -3787 -10858 -11119 -3517 -5309 -3101 -992 -687 -240 -138 297 -340 -3 -23 -13 -6 1 0 0 1 -1 0 -1 -2 0 -1 2 0 0 0 0 0 0 0 0 0 0 0 0 0 0 0 0 0 0 0 0 0 1583838187
-16088860 -15503119 21948134 5337284 1137053 -7442561 -1323936 -140792 119045 -124586 -42202 -26851 -3796 107435 -9137 -1602 53792 -4314 -1444 -981 -5 -366 3895 -455 -14 -38 -3 -4 2 0 0 1 3 0 -37 -28 -3 -3 17 6 2 0 9 -3 -7 0 -1 2 -2 -2 0 1 -2 0 1 -2 0 0 0 0 1583838187
-16088174 -15510375 21977598 5023902 -7726505 -7594674 -1834469 -142248 119327 -126359 -43343 -27983 -3979 -61621 -9519 -2023 -6847 -3425 -996 -293 -221 -247 77 -309 -3 -25 -12 -6 1 0 0 1 -1 0 0 -1 0 0 1 0 0 0 0 0 0 0 0 0 0 0 0 0 0 0 0 0 0 0 0 0 1583838187
-16090309 -15488583 21887973 6010816 20326073 -7111448 -3259453 -142431 118484 -129091 -44033 -24053 -1851 611203 -9167 -959 17207 -3175 -1222 -573 -439 -109 -1309 2616 -22 -18 -84 -6 2 0 0 0 -26 0 0 2 0 -1 0 -7 -2 0 0 -5 -4 1 7 0 0 -2 2 1 0 0 0 2 0 0 0 0 1583838187
-16085918 -15503750 21955155 5217837 -2164312 -7492424 -2343982 -142646 120597 -127528 -43804 -24236 -3431 82162 -11170 -3495 -3578 -3071 -1011 -709 -277 -115 -292 847 -9 -20 -41 -1 4 6 0 3 -11 0 4 -2 0 0 -1 -4 -1 0 0 0 -1 0 0 1 -1 0 0 0 0 0 -1 0 0 0 0 0 1583838187
-16088762 -15504575 21953430 5296051 29811 -7460881 -2609475 -142895 119081 -128180 -44090 -26785 -3128 144406 -9265 -1600 118099 -5489 -1890 -1629 290 -484 2086 -138 -31 -37 10 -2 2 0 -1 0 -4 0 -69 0 -2 -3 12 -5 -1 0 3 -4 0 3 13 -3 2 6 -2 -2 1 0 4 -1 0 -1 0 1 1583838187
-16085057 -15507824 21972050 5023858 -7748951 -7591392 -1832348 -142263 117962 -126366 -43356 -20860 -3982 -62368 47454 1710 -7692 37093 1662 -52367 -230 2321 115 -203 8 -54 -11 -19 -8 -14 0 -4 0 1 0 1 0 1 0 0 0 1 0 0 0 1 1 0 0 0 0 0 0 0 0 0 0 0 0 0 1583838187
-16084624 -15500151 21950239 5163130 -3904624 -7526026 -2182752 -142547 116357 -127162 -43661 -15208 -3584 37835 -10458 -3943 -6337 -1552 -955 -850 -267 -155 -14 -318 -3 -34 -13 -7 0 0 0 1 -5 0 1 1 0 0 0 0 0 0 -1 0 0 0 0 0 0 0 0 0 0 0 0 0 0 0 0 0 1583838187
-16067884 -15312269 21570917 5420184 -4584892 -7425687 -1325727 -141765 120531 -125139 -42556 -29906 -4104 -17251 -10828 -3582 -6933 -3105 606 -605 -239 -124 -186 -281 -3 20 -13 89 -17 -2 0 1 -1 0 0 1 0 0 1 0 0 0 0 0 -1 0 0 0 0 0 0 0 0 0 0 0 0 0 0 0 1583838187
