-16088336 -15508665 21970552 5102280 -5495131 -7556170 -2037194 -142403 119257 -126821 -43524 -27698 -3764 -3755 -7704 -2026 -10252 -1846 -881 -2096 -267 -90 141 -171 -2 -27 -14 -6 1 -1 0 1 1 0 0 0 0 0 0 0 0 1 0 2 0 -1 0 0 0 0 0 0 0 0 0 0 0 0 0 0 1583836345
-16093393 -15456683 21756331 7486040 62376406 -6385215 -8230149 -147169 117202 -140998 -49141 -17403 2752 1724476 -8626 797 -26737 -1070 -928 -264 -1230 223 -1039 148 2 -8 -11 -5 2 0 0 2 6 0 3 10 0 -1 2 7 2 0 2 6 2 1 5 -4 3 1 -1 1 -1 0 0 0 0 0 1 2 1583836345
-16089652 -15505153 21961487 5155634 -4102355 -7531047 -2181188 -142540 120513 -127164 -43664 -29645 -3625 32026 -10888 -3539 -10515 -2960 -960 -618 -283 -112 244 2394 -15 -22 -11 -4 1 0 0 2 32 0 -12 8 1 0 -5 3 1 0 8 24 0 0 6 5 -4 2 -6 -12 -4 0 0 1 0 0 0 0 1583836345
-16087045 -15509066 21974824 5026476 -7623023 -7589143 -1843820 -142255 120752 -126382 -43352 -26886 -3968 -59072 -11119 -3718 -9719 -3071 -959 -640 -237 -133 96 -98 -3 -24 -16 -3 3 3 0 3 0 0 0 0 0 0 0 0 0 0 0 2 0 0 0 0 0 0 0 -1 0 0 0 0 0 0 0 0 1583836345
-16086451 -15509216 21975211 5019170 -7885634 -7596310 -1823705 -142250 117980 -126337 -43340 -26169 -3996 -67307 -8583 -596 -9627 -3845 -1006 331 -230 -186 70 1053 -11 3 2189 -3 4 0 0 0 4 0 4 0 0 0 -1 3 1 0 -1 -1 -3 0 0 0 0 0 0 0 0 0 0 0 0 -1 0 0 1583836345
-16089412 -15508418 21974174 5022118 -7889226 -7596608 -1821364 -142249 120628 -126334 -43333 -30230 -4000 -66265 -10919 -3697 -9641 -3068 -959 -637 -232 -135 82 56 -4 -16 649 -2 2 0 0 1 5 0 -3 1 0 0 0 2 0 0 -1 -3 0 0 0 0 0 0 0 0 0 0 0 0 0 0 0 0 1583836345
-16088336 -15508665 21970552 5102280 -5495131 -7556170 -2037194 -142403 119257 -126821 -43524 -27698 -3764 -3755 -7704 -2026 -10252 -1846 -881 -2096 -267 -90 141 -171 -2 -27 -14 -6 1 -1 0 1 1 0 0 0 0 0 0 0 0 1 0 2 0 -1 0 0 0 0 0 0 0 0 0 0 0 0 0 0 1583838187
-16093393 -15456683 21756331 7486040 62376406 -6385215 -8230149 -147169 117202 -140998 -49141 -17403 2752 1724476 -8626 797 -26737 -1070 -928 -264 -1230 223 -1039 148 2 -8 -11 -5 2 0 0 2 6 0 3 10 0 -1 2 7 2 0 2 6 2 1 5 -4 3 1 -1 1 -1 0 0 0 0 0 1 2 1583838187
-16089652 -15505153 21961487 5155634 -4102355 -7531047 -2181188 -142540 120513 -127164 -43664 -29645 -3625 32026 -10888 -3539 -10515 -2960 -960 -618 -283 -112 244 2394 -15 -22 -11 -4 1 0 0 2 32 0 -12 8 1 0 -5 3 1 0 8 24 0 0 6 5 -4 2 -6 -12 -4 0 0 1 0 0 0 0 1583838187
-16087045 -15509066 21974824 5026476 -7623023 -7589143 -1843820 -142255 120752 -126382 -43352 -26886 -3968 -59072 -11119 -3718 -9719 -3071 -959 -640 -237 -133 96 -98 -3 -24 -16 -3 3 3 0 3 0 0 0 0 0 0 0 0 0 0 0 2 0 0 0 0 0 0 0 -1 0 0 0 0 0 0 0 0 1583838187
-16086451 -15509216 21975211 5019170 -7885634 -7596310 -1823705 -142250 117980 -126337 -43340 -26169 -3996 -67307 -8583 -596 -9627 -3845 -1006 331 -230 -186 70 1053 -11 3 2189 -3 4 0 0 0 4 0 4 0 0 0 -1 3 1 0 -1 -1 -3 0 0 0 0 0 0 0 0 0 0 0 0 -1 0 0 1583838187
-16089412 -15508418 21974174 5022118 -7889226 -7596608 -1821364 -142249 120628 -126334 -43333 -30230 -4000 -66265 -10919 -3697 -9641 -3068 -959 -637 -232 -135 82 56 -4 -16 649 -2 2 0 0 1 5 0 -3 1 0 0 0 2 0 0 -1 -3 0 0 0 0 0 0 0 0 0 0 0 0 0 0 0 0 1583838187
