-16083447 -15506425 21969154 5020545 -7888204 -7592697 -1819664 -142259 116732 -126328 -43333 -23054 -3987 -65879 -7977 614 -7404 -4369 -1050 913 -221 -223 -25 -309 -3 -25 -12 -4 3 1 0 2 0 0 2 0 0 0 0 0 0 0 0 0 0 0 0 0 0 0 0 -1 0 0 0 0 0 0 0 0 1583836345
-16086586 -15508319 21971713 5052852 -6950887 -7580430 -1446304 -141588 118001 -125258 -42756 -26253 -4149 -63160 -8712 -674 -7922 -3924 -1028 365 -224 -233 -36 -271 -3 -26 -13 -6 2 0 0 1 -2 0 0 1 0 0 0 -1 0 0 0 0 0 0 0 0 0 0 0 0 0 0 0 0 0 0 0 0 1583836345
-15998959 -15418845 21755232 5532577 8851266 -7222568 4489270 -131039 117800 -108222 -33571 -25619 -6594 -5062 -9297 -1763 -3285 -3462 -1148 -475 -216 -107 -1779 -177 -3 -15 -14 -6 1 0 0 1 -13 0 -8 -1 1 0 -8 6 1 0 -4 0 5 1 3 -3 2 0 0 2 1 0 0 0 0 0 0 0 1583836345
-16085568 -15501392 21945802 5285463 -473336 -7469566 907717 -137412 116531 -118507 -39106 -24080 -5102 -34066 -6748 898 -5574 -3846 -1083 153 -221 -214 -628 -137 -3 -25 -16 -6 1 0 0 1 -3 0 -6 0 0 -1 3 0 0 0 -4 2 1 0 1 0 0 0 0 0 0 0 0 0 0 0 0 0 1583836345
-16086541 -15509312 21975415 5019175 -7885006 -7596332 -1820389 -142245 118048 -126327 -43332 -26279 -3992 -65749 -8337 -704 -6876 -3617 -1007 -61 -219 -228 -44 -318 -3 -26 -12 -6 2 0 0 1 0 0 3 0 0 0 0 0 0 0 0 1 0 0 1 0 0 0 0 0 0 0 0 0 0 0 0 0 1583836345
-16088176 -15510322 21977456 5024836 -7700905 -7594205 -1849375 -142269 119325 -126402 -43367 -27909 -3959 -60137 -9473 -1956 17399 -3903 -1174 -521 -103 -318 -1099 -474 -8 -24 -9 -5 1 0 0 1 -4 0 0 10 0 0 -1 0 0 0 7 0 0 0 1 0 0 1 0 0 2 0 -1 0 0 0 0 0 1583836345
-15576146 -15119459 21111764 4786261 -7870765 -7500735 -1821636 -142818 -212597 -125861 -43214 -35306 -3993 -65410 -11268 -3311 -6797 -3054 -974 -746 -219 -170 -71 -298 -16 -20 -13 -6 2 0 0 1 -2 0 1 0 0 0 0 0 0 0 1 0 0 0 0 0 0 0 0 0 0 0 1 -1 0 0 0 0 1583836345
-16088173 -15510593 21978276 5018563 -7874461 -7597283 -1821082 -142237 119334 -126328 -43331 -28135 -3994 -65469 -9569 -2118 -6450 -3398 -997 -343 -217 -215 -76 -314 -3 -26 -12 -6 1 0 0 1 -2 0 1 0 0 0 0 0 0 0 1 0 0 0 0 0 0 0 0 -1 0 0 0 0 0 0 0 0 1583836345
-16063804 -15217990 21318332 6734030 29501409 -6810965 12210833 -118840 119487 -86547 -21740 -28617 -9752 81568 -9342 -2760 6232 -3435 -904 -859 -193 -46 -3589 -756 -1 -3 3 34 -6 -1 0 1 -5 0 -8 -13 -1 -2 11 0 0 0 2 0 -6 0 -4 0 0 0 0 0 0 0 0 0 0 0 0 0 1583836345
-16077560 -15492108 21922261 5351745 1157855 -7436356 2511842 -134815 110072 -114031 -36758 -13034 -5871 -74279 1396 9265 -4786 -4715 -1152 1045 -191 -717 -855 -354 -2 -18 -11 -7 1 -2 0 0 0 0 -5 -4 -1 0 7 0 0 0 1 0 -1 0 0 0 0 0 0 0 0 0 0 0 0 0 0 0 1583836345
-16088171 -15510652 21978425 5017836 -7893240 -7597633 -1818550 -142234 119331 -126322 -43329 -28188 -3996 -65996 -9675 -2151 -6691 -3448 -999 -265 -218 -204 -84 -321 -3 -26 -12 -6 1 0 0 1 -1 0 3 0 0 0 0 1 0 0 0 0 0 0 0 0 0 0 -1 0 0 0 0 0 0 0 0 0 1583836345
-16089618 -15510235 21977853 5019585 -7886149 -7597633 -1819988 -142237 120627 -126327 -43330 -30224 -3998 -65756 -10913 -3691 -6632 -3122 -981 -669 -218 -142 -61 -320 -3 -26 -10 -4 1 0 0 1 -1 0 3 0 0 0 0 0 0 0 0 1 0 0 1 0 0 0 0 0 0 0 0 0 0 0 0 0 1583836345
-16076797 -15499925 21955524 5020255 -7874565 -7579043 -1821100 -142281 118311 -126341 -43340 -15317 -3972 -65552 -9119 -934 -7215 -3641 -1001 -132 -221 -160 5 -311 -3 -16 -12 5 8 14 0 8 0 0 2 -1 0 1 0 0 0 0 0 0 0 0 0 0 0 0 0 0 0 0 0 0 0 0 0 0 1583836345
-16088165 -15510499 21978078 5018901 -7867990 -7597121 -1827090 -142246 119329 -126346 -43341 -27982 -3985 -64914 -8999 -2017 4035 -3243 -1050 -906 -166 -239 -600 -443 -5 -25 -7 -6 1 -1 0 1 0 0 3 2 0 0 0 2 0 0 6 1 1 0 1 0 0 0 0 3 3 0 -2 0 0 0 0 0 1583836345
-16070231 -15475682 21881812 5501494 6116898 -7328433 3659037 -132577 127115 -110667 -34896 -15020 -6260 -24391 -11033 -3579 -6219 -2913 -1094 -606 -223 -115 -1398 -461 -1 -25 -9 -6 1 0 0 2 1 0 9 -4 1 0 -8 0 0 0 1 0 1 0 0 0 0 0 0 2 0 0 0 0 0 0 0 0 1583836345
-16089308 -15504346 21962568 5093022 -6003320 -7563177 -1190987 -141132 120570 -124523 -42349 -30129 -4248 -55078 -10844 -3645 -8078 -3095 -984 -657 -229 -132 -159 -321 -2 -24 -12 -1 0 0 0 1 -1 0 3 -1 0 0 -1 0 0 0 0 0 0 0 0 0 0 0 0 0 0 0 0 0 0 0 0 0 1583836345
-16088163 -15510461 21977979 5019410 -7854594 -7596878 -1824080 -142241 119325 -126336 -43335 -27858 -3990 -64886 -7628 -1976 -5056 -2060 -918 -2115 -211 -164 -125 -326 -3 -26 -11 -6 1 -1 0 1 0 0 1 1 0 0 0 0 0 1 3 0 0 0 2 0 0 0 0 0 0 0 0 0 0 0 0 0 1583836345
-16090040 -15505036 21957939 5203303 -2799147 -7511545 691870 -137908 120470 -119213 -39557 -30260 -5153 -90615 -10677 -3623 -8781 -3127 -1001 -646 -209 -138 3660 -272 -1 -36 -12 -4 1 0 0 1 -4 0 5 2 0 0 -1 2 0 0 0 0 0 0 0 0 0 0 0 0 0 0 0 0 0 0 0 0 1583836345
-16088168 -15510469 21977998 5019400 -7854691 -7596879 -1829093 -142248 119332 -126351 -43343 -27954 -3984 -64571 -9248 -1995 2170 -3417 -1050 -622 -176 -265 -424 -397 -4 -25 -9 -6 1 0 0 1 4 0 1 -3 0 0 1 0 0 0 -1 0 3 0 -2 0 0 0 0 0 0 0 0 0 0 -1 0 0 1583836345
-16089616 -15510203 21977768 5020037 -7874241 -7597414 -1820974 -142238 120627 -126329 -43330 -30223 -3997 -65461 -10913 -3691 -6903 -3117 -979 -667 -220 -141 -56 -303 -3 -26 -12 -4 1 0 0 1 -1 0 1 0 0 0 0 0 0 0 2 0 0 0 0 0 0 0 0 -1 0 0 0 0 0 0 0 0 1583836345
-16088216 -15509787 21975400 5043767 -7177503 -7585352 -1575375 -141800 119315 -125622 -42949 -28147 -4092 -61905 -9592 -2132 -7226 -3389 -992 -310 -222 -208 2055 -292 -2 -31 -12 -6 1 0 0 1 -3 0 3 0 0 0 0 0 0 0 0 0 0 0 0 0 0 0 0 0 0 0 0 0 0 0 0 0 1583836345
-16088157 -15510429 21977945 5018811 -7874209 -7597182 -1820974 -142238 119337 -126328 -43331 -28181 -3994 -65477 -9619 -2150 -7174 -3396 -993 -318 -221 -204 -29 -306 -3 -26 -12 -6 1 0 0 1 -1 0 1 0 0 0 0 0 0 0 1 0 0 0 1 0 0 0 0 0 0 0 0 0 0 0 0 0 1583836345
-16088924 -15503393 21963258 5043226 -7490025 -7587109 -1638104 -141664 120615 -125820 -43055 -30217 -4077 -65777 -10900 -3686 -6861 -3247 6842 -373 -200 -134 -106 -267 -3 -32 -13 -18 4 0 0 1 -3 0 0 0 16 0 2 0 0 0 0 0 1 0 1 0 0 0 0 0 0 0 0 0 0 0 0 0 1583836345
-16062349 -15479046 21912877 5029057 -7888442 -7534994 -1819892 -142370 127474 -126386 -43364 20534 -3911 -66113 -14048 -4199 -7248 -3423 -973 -792 -221 -125 -39 -306 -3 100 -14 24 19 41 0 -63 0 -36 2 0 0 0 0 0 0 1 2 0 0 0 0 0 0 0 0 0 0 0 1 -1 0 0 0 0 1583836345
-16071113 -15488936 21932416 5046150 -7306488 -7545342 -1543354 -141847 125305 -125581 -42933 4499 -4060 -66488 -12832 -4108 -7601 -3006 -976 -626 -221 -147 -73 -205 -3 57 -16 14 13 28 0 -43 -1 -24 1 0 0 0 0 0 0 1 0 0 0 0 1 -1 0 0 0 0 0 0 0 0 0 0 0 0 1583836345
-16089154 -15511237 21979817 5017777 -7870763 -7596884 -1824118 -142235 120796 -126337 -43336 -28975 -3991 -65230 -10980 -3696 -2227 -3210 -1013 -720 -197 -151 -327 -289 -4 -23 -14 -5 2 0 0 0 0 0 0 -2 0 0 0 4 0 0 -1 -1 3 0 -1 1 -1 0 0 1 1 0 -2 0 0 -1 0 0 1583836345
-16082465 -15503036 21962739 5021816 -7840882 -7580579 -1828002 -142274 122629 -126362 -43349 -16305 -3964 -64379 -11760 -3814 863 -3352 -1034 -790 -183 -155 -311 -408 -4 7 -9 2 6 10 0 -15 0 -9 3 0 0 0 0 0 0 0 2 0 0 0 1 0 0 0 0 0 0 0 1 -1 0 0 0 0 1583836345
-16085153 -15506188 21969058 5025717 -7695906 -7584381 -1838438 -142266 121901 -126378 -43353 -21337 -3963 -60884 -11457 -3766 -4462 -3217 -997 -719 -210 -143 -194 -145 -4 -4 -16 -1 4 6 0 -9 -3 -6 0 2 0 0 0 0 0 0 0 1 0 0 0 1 -1 0 0 -1 0 0 0 0 0 0 0 0 1583836345
-15987446 -15387033 21717882 5135999 -5832280 -7326010 -1099628 -141478 146022 -124488 -42342 159196 -3958 -56539 -22307 -5590 1417 -4143 -1040 -1151 -181 -113 -640 -124 -7 447 -25 109 66 157 0 -242 -1 -135 1 -2 0 0 0 4 0 6 0 2 1 -2 2 -1 0 0 0 0 0 -1 1 -1 0 0 0 0 1583836345
-16085867 -15499988 21941044 5329682 791000 -7446339 896902 -137335 117789 -118488 -39064 -24241 -5021 -5343 -8099 -460 22284 -4170 -1278 -363 -98 -243 -1375 9 -11 -23 -14 -3 2 1 0 1 -15 0 -16 21 0 -1 0 -12 -3 0 -12 1 -3 0 1 -2 1 1 0 2 0 0 0 0 0 0 0 0 1583836345
-16080059 -15504531 21964588 5022766 -7878614 -7591921 -1822236 -142279 112902 -126336 -43340 -18712 -3979 -65549 -3421 5051 -4835 -4649 -1077 1145 -208 -321 -87 -347 -3 -25 -10 -5 2 0 0 1 1 0 3 -2 0 0 1 -1 0 0 0 0 0 0 0 0 0 0 0 0 0 0 0 0 0 0 0 0 1583836345
-16088162 -15510480 21978048 5018727 -7874206 -7597217 -1820975 -142237 119332 -126328 -43331 -28023 -3994 -65481 -9520 -2044 -7663 -3403 -990 -294 -223 -241 88 -304 -3 -26 -14 -6 1 0 0 1 0 0 2 -1 0 0 0 -1 0 0 0 0 0 0 0 0 0 0 0 0 0 0 0 0 0 0 0 0 1583836345
-16087998 -15494516 21944617 5066545 -7196735 -7577281 -1236951 -141353 120606 -124717 -42475 -30274 -4280 -78317 -10865 -3689 -8372 -3110 -978 -655 -219 -137 -107 -293 -2 -19 -12 9 -1 -1 0 1 0 0 0 0 0 0 1 1 0 0 0 0 0 0 0 0 0 0 0 0 0 0 0 0 0 0 0 0 1583836345
-16090625 -15484021 21872724 6050876 20925249 -7108792 8999020 -123083 118419 -95337 -26608 -27152 -8455 40725 -8398 -1564 -3336 -3412 -1238 -541 -227 -47 -2970 -173 -3 -22 -17 -5 1 0 0 1 -18 0 -4 11 2 1 -22 1 0 0 3 -2 0 1 6 -1 0 1 -1 -5 1 0 -4 2 0 0 0 0 1583836345
-16090356 -15505119 21955065 5267288 -915327 -7480001 573968 -137948 120403 -119443 -39601 -29536 -4954 -29054 -10427 -3278 -3163 -3223 -1059 -682 -214 -212 -851 -270 -3 -22 -11 -4 2 1 0 2 -10 0 -1 3 1 0 -9 0 0 0 -1 0 0 0 3 -1 1 0 0 0 0 0 0 0 0 0 0 0 1583836345
-16089439 -15508627 21974569 5022456 -7870291 -7596413 -1824881 -142252 120626 -126343 -43337 -30217 -3993 -65124 -10905 -3684 -2706 -3194 -1009 -712 -200 -151 -150 -373 -3 -25 -9 -2 1 0 0 1 3 0 3 -2 0 -1 1 -2 0 0 0 1 0 0 0 0 0 0 0 0 0 0 0 0 0 0 0 0 1583836345
-16080112 -15504693 21964727 5026679 -7756595 -7589972 -1839831 -142296 112918 -126381 -43360 -18944 -3957 -61892 -3482 4895 8428 -4803 -1168 912 -144 -269 -376 -504 -6 -26 -6 -5 2 0 0 2 4 0 4 -2 0 -1 1 -2 0 0 1 1 0 0 0 0 0 0 0 0 0 0 0 0 0 0 0 0 1583836345
-16090823 -15477308 21864730 5963057 18088695 -7151287 7357476 -125929 119831 -99991 -29079 -29019 -7712 56281 -9881 -3046 -4695 -3180 -1188 -734 -247 -57 -2298 -560 0 -18 -3 5 0 0 0 2 2 0 7 -8 1 0 -9 0 0 0 2 0 0 0 0 -1 0 -2 0 0 0 0 0 0 0 0 0 0 1583836345
-16087041 -15504192 21954865 5223544 -2171538 -7499350 126553 -138759 117873 -120727 -40295 -25989 -4766 -33999 -8187 -556 -5816 -3690 -1059 -4 -225 -215 -219 -386 -2 -26 -12 -6 1 0 0 1 0 0 5 -1 0 0 0 0 0 0 0 1 0 0 0 0 0 0 0 0 0 0 0 0 0 0 0 0 1583836345
-16089389 -15508193 21973700 5022813 -7878427 -7596294 -1822324 -142251 120627 -126337 -43334 -30221 -3995 -65459 -10909 -3688 -4874 -3155 -994 -689 -210 -146 -130 -330 -3 -25 -11 -2 1 0 0 1 1 0 2 -2 0 0 0 0 0 0 0 0 1 0 0 0 0 0 0 0 1 0 -1 0 0 0 0 0 1583836345
-16086495 -15508799 21974297 5021581 -7834865 -7595207 -1827399 -142255 118034 -126346 -43341 -25764 -3983 -64276 -7920 -354 -2100 -3676 -1039 -150 -196 -347 -241 -364 -4 -24 -9 -6 1 -1 0 1 0 0 2 0 0 0 0 0 0 0 3 0 0 0 2 0 0 0 0 0 0 0 0 0 0 0 0 0 1583836345
-16088234 -15509609 21974180 5064463 -6564863 -7574706 -1950551 -142344 119261 -126631 -43454 -27921 -3851 -30561 -9756 -2028 11426 -3859 -1124 -249 -146 -239 5626 -497 -4 -42 0 -5 1 0 0 1 4 0 7 -3 0 0 0 -2 0 0 -1 1 0 0 -1 0 0 0 0 0 0 0 0 0 0 0 0 0 1583836345
-16088182 -15510634 21978382 5018038 -7888136 -7597541 -1819733 -142235 119340 -126325 -43330 -28155 -3995 -65839 -9611 -2131 -7454 -3401 -991 -300 -222 -209 0 -309 -3 -26 -12 -6 1 0 0 1 0 0 2 -1 0 0 0 0 0 0 0 0 0 0 0 0 0 0 0 0 0 0 0 0 0 0 0 0 1583836345
-16088251 -15509667 21974734 5051818 -6949901 -7581582 -1455256 -141593 119305 -125282 -42768 -27972 -4147 -62694 -9455 -2010 -8266 -3381 -992 -307 -227 -238 37 -299 -2 -25 -12 -6 1 0 0 1 0 0 0 -1 0 0 1 0 0 0 0 0 0 0 0 0 0 0 0 0 0 0 0 0 0 0 0 0 1583836345
-16088805 -15501500 21958595 5059574 -7106127 -7579960 -1161924 -141188 120603 -124496 -42361 -30280 -4316 -79919 -10859 -3688 -8198 -3116 -981 -657 -217 -137 -132 -260 -3 -22 -14 2 0 0 0 1 0 0 2 1 0 0 0 1 0 0 -1 0 0 0 0 0 0 0 0 0 0 0 0 0 0 0 0 0 1583836345
-16086589 -15509148 21974401 5033896 -7459119 -7589078 -1861246 -142277 118036 -126422 -43370 -26263 -3947 -54475 -8292 -718 -1697 -3642 -1040 -182 -199 -219 236 -366 -4 -27 -10 -6 2 0 0 1 -1 0 -2 -4 0 -1 2 0 0 0 1 0 0 0 0 0 0 0 0 0 0 0 0 0 0 0 0 0 1583836345
-16089426 -15508335 21973777 5027072 -7747176 -7594174 -1832513 -142256 120623 -126358 -43341 -30203 -3985 -62148 -10913 -3686 -7383 -3105 -975 -660 -224 -140 119 -301 -3 -25 -12 -2 1 0 0 1 0 0 0 -1 0 -1 1 0 0 0 0 0 0 0 0 0 0 0 0 0 0 0 0 0 0 0 0 0 1583836345
-16090801 -15483134 21865486 6269978 27749393 -6982570 -5079170 -144753 118254 -133780 -46258 -22775 -513 858507 -9312 -710 9339 -2789 -1158 -441 -612 -2 -1306 -743 -3 -18 -4 -4 2 0 0 1 -13 0 -9 -17 0 0 -8 0 0 0 1 -2 -6 0 -4 0 0 -2 0 0 0 0 -1 -1 0 0 0 0 1583836345
-16089148 -15509918 21974921 5064633 -6573848 -7575215 -1800900 -142107 120007 -126218 -43241 -28848 -3945 -38860 -10332 -3644 -7407 -2615 -948 -1272 -236 -103 -82 -276 -3 -25 -13 -4 4 -1 0 1 -3 0 1 0 0 0 -2 0 0 0 0 0 0 0 0 0 0 0 0 -1 0 0 0 0 0 0 0 0 1583836345
-16089411 -15495162 21918967 5580921 7778479 -7331091 3918379 -132051 118844 -109904 -34522 -27430 -6438 -36182 -8247 -1641 -3375 -3101 -1109 -938 -203 -205 -1597 -357 -2 -21 -12 -4 2 1 0 2 -9 0 -1 1 0 -1 -4 3 0 0 0 0 0 0 0 -1 0 1 0 0 -1 0 0 0 0 0 0 0 1583836345
-16091351 -15478586 21851833 6257969 26759251 -7007595 10169194 -120811 119685 -91866 -24653 -26730 -8781 119244 -9636 -2810 3535 -3315 -1307 -831 -231 -46 -2478 -656 -1 -22 0 -3 2 1 0 2 -1 0 -7 -9 -2 -2 10 -1 0 0 0 0 -4 0 -3 0 0 0 0 0 0 0 0 0 0 0 0 0 1583836345
-16086649 -15507051 21967159 5094903 -5776364 -7560145 -1310852 -141290 117968 -124836 -42507 -26181 -4165 -44011 -8307 -683 -8318 -3573 -1008 -44 -236 -189 48 -318 -2 -26 -12 -6 2 0 0 1 0 0 2 0 0 0 1 0 0 0 0 0 0 0 0 0 0 0 0 0 0 0 0 0 0 0 0 0 1583836345
-16088155 -15510515 21978147 5018036 -7893249 -7597553 -1818552 -142235 119334 -126322 -43328 -28307 -3996 -66003 -9637 -2234 -7197 -3340 -989 -382 -221 -160 -55 -311 -3 -26 -12 -6 2 0 0 1 0 0 3 0 0 0 0 1 0 0 0 0 0 0 0 0 0 0 -1 0 0 0 0 1 0 0 0 0 1583836345
-14006285 -13855655 18301107 4728273 -6717497 -7066545 -1940270 -147020 -1386395 -125407 -43454 514775 -3014 -38555 331149 320174 7895 -1997 -357 -7559 -84 -6455 5098 -497 -47 133 -4 -5 1 1 0 2 2 0 7 -4 0 20 3 -3 0 -2 -1 1 0 0 -1 0 0 0 0 0 0 0 0 0 0 0 0 0 1583836345
-15994293 -15437232 21814730 5001295 -7749079 -7581689 -1832576 -142428 48639 -126282 -43331 -14300 -3957 -62297 -5403 2374 -7046 -3452 -983 -386 -221 -286 763 -308 -5 -20 -12 -3 3 3 0 3 -1 0 2 0 0 0 0 0 0 0 0 0 0 0 0 0 0 0 0 0 0 0 0 0 0 0 0 0 1583836345
-16079824 -15504053 21963692 5017146 -7854555 -7595874 -1824090 -142255 113058 -126329 -43333 -27304 -3988 -64865 -10792 -3702 -4221 -2952 -983 -1006 -207 -132 -109 -352 -3 -22 -8 -6 1 0 0 1 0 0 3 -2 0 0 1 -1 0 0 0 1 0 0 0 0 0 0 0 0 0 0 0 0 0 0 0 0 1583836345
-15895043 -15360618 21644380 4959491 -7834254 -7579209 -1827599 -142557 -25534 -126172 -43304 -16259 -3962 -64333 -6409 1210 -1277 -3461 -1021 -595 -192 -383 -328 -369 -10 -21 -10 -7 1 -1 0 1 -2 0 1 2 0 0 0 0 0 0 5 0 -1 0 2 0 0 1 0 -1 0 0 -1 0 0 0 0 0 1583836345
-15921350 -14017539 18951903 7186598 -7903626 -6714645 -1841128 -150152 120666 -128785 -44027 -30230 -3972 -63175 -10875 -3665 6160 -3384 988 -728 -152 -166 -540 -336 -6 204 -15 462 -94 -12 0 1 -1 0 2 2 1 0 0 0 0 0 4 0 -3 0 0 2 -1 1 0 -2 0 0 0 0 0 0 0 0 1583836345
-16064068 -15476453 21898879 5200748 -3113534 -7460705 37389 -139091 124621 -121067 -40498 17911 -4689 -50565 -10956 -1078 -8603 -3902 -1030 -153 -230 -167 -358 -325 -2 79 -13 19 16 34 0 -52 0 -30 0 -3 0 0 0 0 0 1 1 0 0 0 0 0 0 0 0 0 0 0 0 0 0 0 0 0 1583836345
-16086935 -15504513 21956637 5202148 -2774350 -7509352 -202200 -139323 117875 -121658 -40791 -25979 -4618 -31600 -8030 -560 -5536 -3551 -1046 -183 -225 -193 -357 -305 -3 -26 -12 -6 1 0 0 1 -2 0 -2 -2 0 0 0 0 0 0 0 0 0 0 1 0 0 0 0 0 0 0 0 0 0 0 0 0 1583836345
-16092315 -15476419 21847973 6250915 26389091 -7014630 10624813 -120137 119576 -90633 -24027 -28654 -9053 88187 -9512 -2829 1106 -3308 -1299 -813 -224 -42 -3206 773 -8 -19 -37 -2 0 0 0 0 -21 0 -6 23 0 -1 -6 -17 -4 0 -8 0 -9 0 1 0 0 0 0 3 0 0 0 0 0 -1 0 1 1583836345
-16088177 -15510640 21978402 5017853 -7893241 -7597630 -1818551 -142234 119335 -126322 -43329 -28128 -3996 -66006 -9203 -2124 -7379 -3095 -972 -686 -222 -189 -44 -311 -3 -26 -12 -6 1 0 0 1 0 0 3 0 0 0 0 1 0 0 0 0 0 0 0 0 0 0 -1 0 0 0 0 1 0 0 0 0 1583836345
-16090029 -15505250 21958653 5199365 -2896273 -7513053 395419 -138383 120472 -120023 -39952 -30083 -4946 -63357 -10644 -3555 12806 -3514 -1167 -895 -117 -171 -1634 508 -11 -23 -30 -4 1 0 0 0 -17 0 -3 16 0 0 -7 0 0 0 2 2 0 0 1 4 -4 1 0 0 3 0 0 -1 0 0 0 0 1583836345
-16088408 -15510506 21978300 5017013 -7893237 -7596159 -1818550 -142232 120704 -126325 -43332 -27582 -3999 -66024 1990 -9012 -7056 17566 -933 7269 -166 -1383 -137 -278 -1 -216 -10 -13 -17 4 0 2 0 0 3 0 0 0 0 2 -4 0 0 0 0 3 0 0 0 0 -1 0 0 -1 0 0 0 0 1 0 1583836345
-16088145 -15510459 21978024 5018329 -7886763 -7597411 -1819827 -142236 119326 -126325 -43330 -28161 -3995 -65792 -9683 -2130 -6260 -3480 -1004 -243 -216 -209 -97 -319 -3 -26 -12 -6 1 0 0 1 -2 0 1 0 0 0 0 0 0 0 1 0 0 0 0 0 0 0 0 0 0 0 1 -1 0 0 0 0 1583836345
-16090236 -15503161 21950139 5288842 -372284 -7469883 733991 -137664 120396 -118987 -39362 -29884 -5031 -31256 -10616 -3504 -1908 -3215 -1069 -733 -206 -128 -873 -162 -4 -24 -15 -4 1 0 0 1 -8 0 -4 3 0 0 -2 1 0 0 0 0 4 0 -4 0 0 3 -1 4 -1 0 0 2 0 0 0 0 1583836345
-16087212 -15508614 21974131 5020577 -7874319 -7596174 -1820977 -142247 118631 -126331 -43334 -25050 -3989 -65513 -8278 51 -6838 -4108 -1057 1088 -218 -566 -75 -285 -3 -24 -13 -7 1 -1 0 1 -2 0 0 1 0 0 0 0 0 0 0 0 0 0 0 0 0 0 0 0 1 0 0 0 0 0 0 0 1583836345
-16088623 -15510204 21977772 5017137 -7886753 -7595613 -1819824 -142232 121340 -126327 -43331 -27753 -3994 -65802 -9703 -1914 -6137 -3628 -1024 207 -215 -320 -114 -313 -3 -26 -10 -6 1 -1 0 1 -2 0 1 0 0 0 0 0 0 0 1 0 0 0 0 0 0 0 0 0 0 0 0 0 0 0 0 0 1583836345
-16047848 -15407044 21723115 5930483 16223583 -7093162 6442236 -127814 123493 -102743 -30581 133707 -7058 61973 82932 102817 -1440 -9620 -3531 62537 -112 -29473 -2609 -544 -7 48 -9 -99 -64 -96 0 -44 -6 7 -8 -16 0 76 -1 3 -4 -3 8 -3 -3 2 3 -2 0 -2 0 0 0 0 0 0 0 -1 1 0 1583836345
-16067439 -15477931 21906026 5105173 -6271157 -7548932 -1168516 -141273 103889 -124517 -42374 35714 -4175 -62025 25414 41451 -8314 -10188 -1887 21909 -191 -9806 -163 -309 -5 22 -14 -35 -16 -32 0 -13 0 2 0 -1 0 24 4 -1 -1 0 0 0 0 0 0 0 0 0 0 0 0 0 0 0 0 0 0 0 1583836345
-16085761 -15497709 21948888 5101053 -5737712 -7545775 -1106625 -140995 124904 -124302 -42235 -2248 -4239 -53031 4567 14042 -9249 -4271 -1367 9907 -215 -6839 -25 -304 -3 12 -16 -28 -11 -24 0 -9 0 1 2 0 0 17 3 -1 0 0 0 0 0 0 0 0 0 0 0 0 0 0 0 0 0 0 0 0 1583836345
-16086907 -15504945 21965927 5041745 -7392576 -7586147 -1864928 -142301 118321 -126441 -43380 -14514 -3927 -53006 -2658 7121 -7095 -5592 -1151 3262 -222 -3328 383 -310 -3 12 -13 -16 -2 -12 0 -3 -1 0 0 -1 0 8 2 0 0 0 0 0 0 0 0 0 0 0 0 0 0 0 0 0 0 0 0 0 1583836345
-16084082 -15393589 21669948 6555967 31699918 -6879614 14048312 -114794 119414 -81113 -18950 -28774 -10643 40862 -9188 -2751 4312 -3456 -1380 -868 -178 -40 -3580 -527 -2 10 -8 63 -12 -2 0 1 -10 0 -19 -13 -2 -2 8 0 0 0 0 -1 -4 0 -4 0 0 1 0 0 0 0 0 0 0 0 0 0 1583836345
-16038905 -15467111 21882939 5039422 -5919123 -7513852 -1056173 -140862 120078 -124119 -42145 -28755 -4313 -59402 -11020 -3589 -8151 -3107 -985 -666 -227 -134 -163 -302 -2 -22 -13 -6 1 0 0 1 -2 0 0 -2 0 0 0 0 0 0 0 0 0 0 0 0 0 0 0 0 0 0 0 0 0 0 0 0 1583836345
-16088662 -15508551 21971058 5082784 -6097583 -7567050 -1236329 -141187 119579 -124645 -42417 -27378 -4221 -54487 -9528 -1624 -5527 -3802 -1041 165 -217 -404 -39 -336 -3 -23 -11 -6 1 -1 0 1 -1 0 -1 -2 0 0 2 0 0 0 0 0 0 0 0 0 0 0 0 0 0 0 0 0 0 0 0 0 1583836345
-16077473 -15499986 21955399 5024985 -7888578 -7582924 -1819680 -142296 115202 -126339 -43341 -13456 -3972 -65946 -3931 3744 -7290 -3699 -998 -60 -220 -686 -10 -313 -3 -10 -12 2 10 3 0 3 0 0 2 -1 0 -3 0 -1 3 0 0 0 0 0 0 0 0 0 0 0 0 0 0 0 0 0 0 0 1583836345
-16090130 -15503165 21951306 5261477 -1182289 -7483633 1188898 -137010 120551 -117768 -38747 -29050 -5307 -66469 -8478 -2896 -8212 -2062 -956 -2078 -218 -281 -689 -340 -1 -13 -16 2 6 12 0 7 -1 0 0 -1 0 -9 0 2 0 0 2 0 1 0 -1 0 0 2 0 2 0 0 0 0 0 0 0 -1 1583836345
-16060798 -15490245 21932413 5031351 -7886150 -7577774 -1820164 -142375 98565 -126361 -43375 10537 -3960 -66214 119390 23980 -7145 73711 4088 -99634 -226 4630 174 -166 19 -80 -9 -30 -17 -27 0 -10 0 2 0 0 0 2 0 1 -1 2 -1 0 2 3 -1 0 0 -1 0 0 0 0 0 0 0 0 0 0 1583836345
-16085024 -15506216 21965707 5089627 -5918444 -7561102 -2006757 -142404 116688 -126762 -43510 -23595 -3790 -15580 -6825 1166 8383 -4192 -1137 196 -169 -402 -88 -431 -6 -24 -6 -6 1 -1 0 1 -2 0 -9 -8 0 -1 4 0 0 0 1 0 0 0 0 0 0 1 0 0 0 0 1 0 0 0 0 0 1583836345
-16080715 -15504450 21964695 5024346 -7748587 -7585520 -1832391 -142275 116962 -126361 -43348 -19190 -3968 -62257 -4769 4595 -6606 -5270 -1106 1979 -218 -637 110 -317 -3 -19 -12 -5 2 0 0 2 -2 0 0 -1 0 -1 1 0 0 0 0 0 0 0 0 0 0 0 0 0 0 0 0 0 0 0 0 0 1583836345
-16091458 -15491413 21900213 5884521 16751270 -7172328 -4073668 -143974 120091 -131496 -45390 -25517 -1631 557662 -9355 -2017 7368 -2323 -1082 -1384 -469 -239 -1517 -774 -3 -6 1 4 7 12 0 7 -15 0 -2 -7 0 -9 -1 13 2 0 8 0 5 0 0 0 0 8 -2 2 -5 0 -2 5 0 0 0 0 1583836345
-16074491 -15371242 21690689 5335903 -4520150 -7458839 -2128189 -142137 120527 -127251 -43671 -29719 -3675 19677 -10886 -3555 -7582 -3070 2007 -539 -260 -118 -126 -340 -2 7 -12 61 -11 -2 0 1 -3 0 1 -1 2 0 0 1 0 0 1 0 0 0 0 0 0 1 0 0 -1 0 0 1 0 0 0 0 1583836345
-15951116 -15405107 21739369 5055467 -5491742 -7545161 -2038258 -142611 16240 -126695 -43498 -25374 -3757 -4640 -9120 -1833 -7279 -2784 -958 -1039 -252 -195 -106 -70 -8 -17 -19 -7 1 -1 0 1 -5 0 3 0 0 0 -1 0 0 0 0 0 0 0 1 0 0 0 1 0 0 0 0 0 0 0 0 0 1583836345
-16085611 -15503044 21961153 5055602 -7051006 -7579444 -1512828 -141730 117268 -125460 -42867 -11871 -4098 -62548 200 7905 -8208 -2747 -1233 6803 -210 -3802 -97 -239 -3 -24 -14 -18 -6 -12 0 -4 0 1 1 0 0 8 0 0 0 0 -1 0 1 0 0 0 0 0 0 -1 0 0 0 0 0 0 0 0 1583836345
-16088808 -15503049 21963279 5030073 -7884844 -7593365 -1813018 -142266 120627 -126320 -43324 -30224 -4001 -66174 -10907 -3688 -4146 -3169 -999 -697 -206 -147 -234 -79 -5 -24 -18 -1 0 0 0 1 -3 0 1 -1 0 0 1 4 0 0 -3 0 0 0 0 1 -1 -1 -1 0 0 0 0 0 0 -1 0 0 1583836345
-15964563 -15405972 21755655 4921171 -7435346 -7466972 -1862090 -142240 115746 -126377 -43356 -22602 -3939 -54110 -7466 895 -4470 -3906 -1038 206 -212 -229 -165 -173 -4 -22 -18 -6 2 0 0 1 -4 0 0 3 0 0 -1 0 0 0 0 0 0 0 3 -1 1 0 0 0 0 0 0 0 0 0 0 0 1583836345
-16088167 -15510180 21977086 5026671 -7653448 -7593334 -1841040 -142253 119331 -126374 -43349 -28094 -3973 -59930 -9550 -2104 -7383 -3367 -991 -340 -224 -206 -48 55 -4 -25 -21 -6 1 0 0 1 -3 0 2 0 0 0 0 0 0 0 1 0 0 0 0 0 0 0 1 0 1 0 0 0 0 0 0 0 1583836345
-16085254 -15503101 21954255 5180906 -3458860 -7520345 690484 -137977 116626 -119238 -39573 -24451 -5150 -95508 -7025 798 -8341 -4024 -1064 410 -204 -226 -512 -292 -2 -25 -13 -6 1 0 0 1 -1 0 1 0 0 0 0 1 0 0 -1 0 0 0 0 0 0 0 0 0 0 0 0 0 0 0 0 0 1583836345
-16086798 -15508154 21970416 5069524 -6491323 -7573078 -883697 -140666 118083 -123690 -41935 -26311 -4431 -79842 -8490 -706 -8984 -3772 -1018 161 -220 -350 -130 -292 -2 -23 -13 -6 2 0 0 1 0 0 0 0 0 0 0 1 0 0 1 0 0 0 1 0 0 0 0 0 0 0 0 0 0 0 0 0 1583836345
-16086837 -15507372 21967871 5086561 -6042166 -7565562 -334867 -139770 118075 -122163 -41138 -26126 -4709 -97312 -7699 -549 -9560 -3351 -994 -405 -212 -386 -225 -289 -2 -23 -13 -6 1 -1 0 1 0 0 3 0 0 0 0 1 0 0 0 0 0 0 0 0 0 1 0 1 -1 0 0 0 0 0 0 0 1583836345
-16087467 -15500492 21940644 5360446 1677441 -7432322 1504518 -136303 119181 -116775 -38160 -25924 -5329 -18096 -9425 -2055 -5485 -3385 -1072 -427 -228 -122 -925 -396 -2 -24 -8 -4 2 1 0 2 -4 0 -1 -4 0 0 0 3 0 0 4 0 0 0 0 0 0 1 0 0 0 0 0 0 0 0 0 0 1583836345
-16088846 -15470937 21863900 5731394 11068116 -7263795 5975736 -128691 120045 -104107 -31367 -29569 -7283 -23330 -10065 -3241 2501 -3363 -1201 -806 -175 -105 -1300 -481 -3 -16 -7 15 -2 -1 0 1 -4 0 -10 -7 -1 -1 5 0 0 0 0 0 -1 0 0 -1 0 0 0 0 0 0 0 0 0 0 0 0 1583836345
-16088438 -15507623 21967671 5111822 -5262006 -7551000 -681988 -140250 120790 -123084 -41590 -27917 -4484 -63242 -10922 -3660 -9212 -3088 -984 -668 -230 -127 -208 -308 -2 -25 -13 -4 2 1 0 2 -1 0 3 0 0 0 -1 0 0 0 0 0 0 0 0 0 0 0 0 -1 0 0 0 0 0 0 0 0 1583836345
-16088330 -15508464 21970343 5085429 -6051668 -7566808 -287641 -139689 119265 -122035 -41077 -28039 -4746 -102996 -9069 -1949 -9706 -3249 -989 -513 -211 -249 -217 -287 -2 -25 -13 -6 1 -1 0 1 0 0 3 0 0 0 0 1 0 0 0 0 0 0 0 0 0 0 0 0 -1 0 0 0 0 0 0 1 1583836345
-16089591 -15509966 21977271 5020752 -7863249 -7597086 -1826042 -142246 120626 -126344 -43338 -30212 -3990 -64870 -10896 -3678 1418 -3270 -1039 -757 -180 -160 -413 -423 -4 -25 -6 -4 1 0 0 1 0 0 4 -1 0 0 0 0 0 0 1 1 0 0 0 0 0 0 0 0 0 0 1 -1 0 0 0 0 1583836345
-16072269 -15480864 21910190 5172132 -3214831 -7476737 -32902 -139094 134643 -121242 -40587 -72 -4685 -48962 -12180 -4030 -7599 -2673 -1007 -503 -225 -154 -308 -234 -2 -26 -15 -7 0 0 0 1 -3 0 -1 2 0 -1 1 -1 0 0 -2 0 0 0 0 0 0 0 0 0 0 0 0 0 0 0 0 0 1583836345
-16088163 -15510500 21978089 5018696 -7874238 -7597229 -1820972 -142237 119330 -126328 -43331 -28017 -3994 -65485 -9556 -2037 -7472 -3437 -993 -258 -222 -245 -12 -305 -3 -25 -12 -6 1 0 0 1 -1 0 1 0 0 0 0 0 0 0 1 0 0 0 1 0 0 0 0 0 0 0 0 0 0 0 0 0 1583836345
-16089658 -15509786 21976120 5034682 -7473624 -7590757 -1468157 -141652 120615 -125341 -42810 -30255 -4168 -73426 -10884 -3690 -7457 -3119 -981 -663 -218 -139 -112 -297 -3 -26 -13 -4 1 0 0 1 -1 0 0 -1 0 0 1 1 0 0 0 0 0 0 0 0 0 0 0 0 0 0 0 0 0 0 0 0 1583836345
-16087077 -15508487 21972815 5042118 -7196005 -7581805 -1478523 -141649 120869 -125359 -42813 -26664 -4143 -66945 -11091 -3711 -7029 -3136 -984 -687 -219 -138 -81 -306 -3 -24 -13 -3 3 3 0 3 -2 0 0 -1 0 0 1 0 0 0 0 0 0 0 0 0 0 0 0 0 0 0 0 0 0 0 0 0 1583836345
-16086501 -15508983 21974699 5020655 -7854723 -7595636 -1824076 -142250 118032 -126337 -43337 -25966 -3987 -64891 -7503 -507 -4465 -3189 -993 -697 -208 -259 -156 -336 -3 -25 -11 -6 1 -1 0 1 -1 0 1 1 0 0 0 0 0 0 3 0 0 0 3 -1 1 0 0 1 0 0 0 0 0 0 0 0 1583836345
-16088411 -15508085 21968361 5113391 -5239512 -7552757 -577384 -140085 119254 -122793 -41439 -28075 -4538 -67020 -9504 -2060 -9644 -3407 -1001 -249 -229 -205 -116 -227 -2 -26 -14 -6 1 0 0 1 -1 0 0 2 0 0 0 -1 0 0 0 0 0 0 0 0 0 0 0 0 0 0 0 0 0 0 0 0 1583836345
-16086691 -15507597 21968681 5085162 -6041091 -7564944 -1252117 -141215 117993 -124685 -42437 -26197 -4210 -52533 -7724 -690 -8148 -3142 -981 -621 -230 -174 -4 -274 -2 -26 -13 -6 1 0 0 1 -2 0 0 1 0 0 0 -1 0 0 0 0 0 0 0 0 0 0 0 0 0 0 0 0 0 0 0 0 1583836345
-16088928 -15500342 21953793 5111132 -5648578 -7555027 -1005535 -140834 120558 -124009 -42085 -30170 -4349 -62840 -10829 -3650 -8080 -3104 -987 -659 -225 -132 -216 -249 -3 -22 -14 2 0 0 0 1 -4 0 1 1 0 0 0 0 0 0 0 0 0 0 -1 0 0 0 0 0 0 0 0 0 0 0 0 0 1583836345
-16088244 -15509510 21973981 5060727 -6695568 -7577253 -1427867 -141531 119272 -125198 -42724 -28021 -4159 -62008 -9437 -2041 -8132 -3344 -992 -353 -226 -202 -108 -265 -3 -26 -13 -6 1 0 0 1 -1 0 2 0 0 0 -1 0 0 0 0 0 1 0 -1 0 0 0 0 0 -1 0 0 0 0 0 0 1 1583836345
-16089786 -15507907 21969039 5103236 -5552824 -7557764 -1172834 -141046 120555 -124457 -42325 -30146 -4267 -57373 -10842 -3648 -8122 -3096 -984 -657 -228 -131 -186 -310 -2 -26 -13 -4 1 0 0 1 -2 0 1 -1 0 0 0 2 0 0 0 0 0 0 0 0 0 0 0 0 0 0 0 0 0 0 0 0 1583836345
-16085121 -15504938 21961835 5111974 -5317852 -7549667 -934269 -140670 117982 -123783 -41953 -24102 -4339 -51681 -8309 -501 -1612 -3808 -1060 36 -197 -291 3573 -316 -3 -33 -9 -4 2 1 0 2 -2 0 3 1 0 0 0 -1 0 0 0 0 0 0 0 0 0 0 0 0 0 0 0 0 0 0 0 0 1583836345
-12962110 -12952903 16402868 3766271 15352746 -5323523 6817013 -128545 -937505 -99682 -29516 103791 -7282 25350 65528 76451 -3150 -4238 -1077 -910 -205 -1276 -13 -580 -39 -9 -4 -9 0 -5 0 0 4 0 13 -3 0 2 -5 0 0 0 0 1 1 -1 0 0 0 0 0 2 0 0 0 0 0 0 0 0 1583836345
-16005647 -14759235 20449021 6232034 -4360057 -7095530 -297774 -143817 120540 -123190 -41332 -30130 -4643 -60107 -10747 -3609 -7067 -3128 -1006 -671 -219 -130 -8 -334 -2 22 -12 95 -18 -3 0 1 0 0 1 -1 0 -1 2 0 0 0 0 0 0 0 0 0 0 0 0 0 0 0 0 0 0 0 0 0 1583836345
-15692867 -15173512 21262828 4678579 -6773938 -7181971 -1378952 -141299 118076 -124911 -42602 -22735 -4163 -62524 -8965 -2015 -4513 -2519 -954 -1649 -208 -131 -56 -294 -3 -26 -13 -6 1 0 0 1 -3 0 -1 -1 0 -1 1 0 0 0 -1 0 0 0 0 0 0 0 0 0 0 0 0 0 0 0 0 0 1583836345
-16089566 -15509780 21976929 5020246 -7886171 -7597364 -1819996 -142239 120627 -126328 -43330 -30224 -3998 -65760 -10913 -3691 -6804 -3119 -980 -668 -219 -141 -51 -318 -3 -26 -12 -4 1 0 0 1 0 0 3 0 0 0 0 0 0 0 0 1 0 0 1 0 0 0 0 0 0 0 0 0 0 0 0 0 1583836345
-16088170 -15503780 21960623 5110986 -5426191 -7552627 -2064124 -142467 119149 -126913 -43576 -14184 -3705 -843 -2740 7278 35920 -6666 -1443 2247 -38 -3824 957 83 -15 20 -18 -16 -2 -14 0 -5 -10 0 0 12 0 10 -1 -4 0 0 -5 3 1 0 2 0 0 2 0 0 2 0 -1 0 0 0 0 0 1583836345
-15890047 -15362185 21643714 5090885 -7325832 -7477749 -1555347 -142566 -28854 -125626 -43053 150527 -3867 -67539 206837 129222 -6947 53777 2951 -74940 -196 3434 513 -258 15 -70 -3 -23 -13 -20 0 -7 -1 1 3 -1 0 0 1 0 -1 1 0 0 0 3 0 0 0 0 0 0 0 0 0 0 0 0 0 0 1583836345
-16088701 -15504106 21953165 5256684 -1251539 -7484880 850313 -137546 119113 -118697 -39225 -27767 -5117 -49260 -9538 -1862 -5945 -3713 -1073 -1 -216 -245 -644 -372 -2 -24 -11 -6 1 0 0 1 -2 0 0 -1 0 0 2 1 0 0 1 0 0 0 0 0 0 1 0 0 0 0 1 0 0 0 0 0 1583836345
-16088976 -15501614 21942774 5362401 1706076 -7434933 2036097 -135459 119016 -115309 -37402 -27808 -5615 -42004 -9192 -1889 -4354 -3506 -1093 -337 -208 -144 -1111 39 -4 -25 -21 -6 1 0 0 1 -7 0 2 5 0 0 -5 0 0 0 1 2 -1 0 2 1 -1 -1 0 0 0 0 0 0 0 0 0 0 1583836345
-16088144 -15510640 21978396 5017825 -7892668 -7597631 -1819234 -142235 119310 -126324 -43330 -28179 -3995 -65935 -9610 -2134 -5353 -3437 -1007 -326 -212 -165 -161 -336 -3 -26 -10 -6 1 0 0 1 0 0 4 0 0 0 1 3 0 0 0 -1 -1 0 0 0 0 -1 -2 0 2 0 1 2 0 0 0 0 1583836345
-16086453 -15509201 21975180 5019172 -7886254 -7596319 -1819893 -142245 117982 -126326 -43331 -26128 -3992 -65805 -8662 -570 -7429 -3967 -1026 419 -221 -204 6 -311 -3 -27 -12 -6 2 0 0 1 0 0 2 -1 0 0 0 0 0 0 0 0 0 0 0 0 0 0 0 0 0 0 0 0 0 0 0 0 1583836345
-16088186 -15510008 21975932 5041833 -7221368 -7586185 -1627615 -141884 119278 -125767 -43025 -28082 -4067 -60487 -9869 -2072 -7783 -3641 -1010 21 -226 -190 -34 -242 -3 -26 -14 -6 1 0 0 1 -1 0 0 0 0 0 0 0 0 0 -1 0 0 0 0 0 0 0 0 0 0 0 0 0 0 0 0 0 1583836345
-15216762 -14853408 20508397 4786608 -6746609 -7490885 -1254492 -142676 -536609 -123945 -42321 28814 -4145 -68702 35424 42678 -7845 -4792 -1012 1026 -210 -404 -134 -308 -27 -12 -13 -6 2 0 0 1 -3 0 1 -2 0 0 -1 0 0 0 1 0 0 -1 0 0 0 0 0 0 0 0 0 -1 0 0 0 0 1583836345
-16084859 -15507650 21971753 5020877 -7878617 -7594881 -1822018 -142258 116736 -126334 -43336 -23811 -3986 -65526 -5828 1104 -4420 -3241 -993 -654 -207 -336 -157 -334 -3 -24 -11 -6 1 -1 0 1 0 0 2 -2 0 0 1 0 0 0 0 0 1 0 0 0 0 0 0 0 1 0 -1 0 0 0 0 0 1583836345
-16086911 -15509563 21976145 5018495 -7835065 -7592903 -1827172 -142243 120642 -126345 -43339 -26885 -3984 -64276 -11036 -3712 -2032 -3169 -1010 -800 -197 -148 -258 -369 -4 -24 -9 -2 3 3 0 3 -1 0 1 2 0 0 0 0 0 0 5 0 0 0 4 -2 1 0 0 1 0 0 0 0 0 0 0 0 1583836345
-16088913 -15506335 21969476 5033617 -7604521 -7590273 -1846784 -142279 120347 -126401 -43364 -16739 -3950 -58490 -3073 4125 -5171 -2706 -1134 3610 -204 -3640 -128 -250 -4 -3 -13 -14 -1 -11 0 -3 -2 0 0 3 0 7 0 -1 -1 0 -1 0 0 0 1 0 0 0 0 0 0 0 0 0 0 0 0 0 1583836345
-16085534 -15501582 21946704 5272059 -868318 -7476537 1224830 -136942 116539 -117650 -38674 -24338 -5292 -57431 -7790 810 -6087 -4616 -1133 1120 -211 -250 -699 -60 -4 -24 -18 -5 2 0 0 1 -6 0 0 3 0 -1 2 -2 0 0 -2 2 -1 0 0 0 0 0 0 0 0 0 0 0 0 0 0 0 1583836345
-16088857 -15503386 21949897 5293083 -227441 -7467580 1182327 -136947 119118 -117739 -38701 -27683 -5241 -41184 -9473 -1835 -4373 -3715 -1085 -47 -211 -313 1142 -261 -3 -28 -11 -6 1 0 0 1 -5 0 -1 5 0 0 1 -2 0 0 -3 0 0 0 0 0 0 0 0 0 0 0 0 0 0 0 0 0 1583836345
-16088162 -15510477 21978038 5018848 -7870835 -7597155 -1824026 -142242 119335 -126337 -43336 -28152 -3990 -65225 -9644 -2124 -2441 -3526 -1030 -316 -198 -220 -270 -331 -4 -26 -12 -6 1 0 0 1 0 0 0 0 0 0 0 0 0 0 0 0 2 0 -1 0 0 0 0 0 0 0 0 0 0 0 0 0 1583836345
-16080080 -15504717 21964863 5024639 -7815735 -7590962 -1830290 -142286 112894 -126356 -43349 -18795 -3969 -63752 -425 4916 648 -2343 -960 -1999 -182 -102 -407 -382 -4 -27 -8 -6 1 0 0 1 -1 0 1 3 0 0 0 0 0 1 7 0 -1 0 3 0 0 1 0 -2 0 0 -2 1 0 0 0 0 1583836345
-16054390 -15483123 21912316 5123275 -5456674 -7533693 -827686 -140663 92307 -123510 -41832 10980 -4354 -60230 16345 27664 -3541 -8286 -1306 5578 -195 -462 -327 -202 -5 -25 -12 -4 3 1 0 2 -4 0 0 4 0 -1 0 -2 0 0 -3 1 0 0 1 -1 0 0 0 0 0 0 0 0 0 0 0 0 1583836345
-16085067 -15506129 21965259 5085371 -6089175 -7565010 -656205 -140288 116694 -123054 -41610 -24185 -4550 -88758 -6790 940 -9548 -3851 -1020 251 -217 -310 -166 -291 -2 -24 -13 -6 1 0 0 1 0 0 3 0 0 0 0 1 0 0 0 0 0 0 0 0 0 0 0 0 0 0 0 0 0 0 0 0 1583836345
-16046978 -15467829 21862611 5474659 4210584 -7363554 2606713 -134594 85248 -113695 -36576 28504 -5791 -35219 135686 38398 9032 73714 3927 -100427 -147 4162 -1652 101 15 -71 -14 -31 -18 -29 0 -11 -12 2 -1 6 0 4 -7 1 -1 2 -1 -1 -1 0 -5 1 -1 0 -1 2 -2 1 1 -1 0 0 0 1 1583836345
-16085319 -15507736 21970906 5040220 -7261753 -7586313 -1540532 -141757 117106 -125528 -42903 -27188 -4114 -65414 -10355 -3693 -7519 -2589 -944 -1366 -222 -104 64 -300 -3 -23 -12 -6 1 0 0 1 -1 0 0 -1 0 -1 1 0 0 0 0 0 0 0 0 0 0 0 0 0 0 0 0 0 0 0 0 0 1583836345
-16000505 -14719775 20375514 6165865 -7932769 -7130674 -1825567 -145612 120648 -127613 -43692 -30238 -3991 -65488 -10903 -3686 -4177 -3216 2204 -574 -199 -142 -177 -335 -4 144 -14 341 -69 -9 0 1 -1 0 2 0 2 0 1 0 0 0 1 1 0 0 0 0 0 0 0 0 1 0 0 0 0 0 0 0 1583836345
-16081787 -15504048 21961040 5084915 -6097155 -7562080 -1996663 -142416 114128 -126744 -43504 -19921 -3788 -18226 -4510 3987 21028 -4988 -1258 777 -105 -462 569 -539 -8 -27 -5 -5 2 0 0 1 0 0 -18 -14 -1 -1 9 1 0 0 2 0 -1 0 0 -1 1 0 0 0 0 0 0 0 0 0 0 0 1583836345
-16088583 -15507096 21964761 5147595 -4253616 -7534345 -257465 -139505 120627 -121873 -40939 -28139 -4657 -60577 -10853 -3616 1414 -3298 -1068 -772 -177 -151 -76 -399 -4 -26 -7 -4 2 1 0 2 -3 0 -6 -4 0 -1 4 1 0 0 0 0 0 0 0 -1 0 0 0 0 0 0 0 0 0 0 0 0 1583836345
-16088986 -15500599 21953961 5120232 -5361850 -7550147 -1294115 -141266 120551 -124785 -42466 -30018 -4161 -36219 -10842 -3617 -8515 -3068 -981 -650 -241 -127 -128 -312 -2 -22 -12 2 0 0 0 1 -2 0 0 -2 0 0 0 0 0 0 0 0 0 0 0 0 0 0 0 0 0 0 0 0 0 0 0 0 1583836345
-16083447 -15506425 21969154 5020545 -7888204 -7592697 -1819664 -142259 116732 -126328 -43333 -23054 -3987 -65879 -7977 614 -7404 -4369 -1050 913 -221 -223 -25 -309 -3 -25 -12 -4 3 1 0 2 0 0 2 0 0 0 0 0 0 0 0 0 0 0 0 0 0 0 0 -1 0 0 0 0 0 0 0 0 1583838187
-16086586 -15508319 21971713 5052852 -6950887 -7580430 -1446304 -141588 118001 -125258 -42756 -26253 -4149 -63160 -8712 -674 -7922 -3924 -1028 365 -224 -233 -36 -271 -3 -26 -13 -6 2 0 0 1 -2 0 0 1 0 0 0 -1 0 0 0 0 0 0 0 0 0 0 0 0 0 0 0 0 0 0 0 0 1583838187
-15998959 -15418845 21755232 5532577 8851266 -7222568 4489270 -131039 117800 -108222 -33571 -25619 -6594 -5062 -9297 -1763 -3285 -3462 -1148 -475 -216 -107 -1779 -177 -3 -15 -14 -6 1 0 0 1 -13 0 -8 -1 1 0 -8 6 1 0 -4 0 5 1 3 -3 2 0 0 2 1 0 0 0 0 0 0 0 1583838187
-16085568 -15501392 21945802 5285463 -473336 -7469566 907717 -137412 116531 -118507 -39106 -24080 -5102 -34066 -6748 898 -5574 -3846 -1083 153 -221 -214 -628 -137 -3 -25 -16 -6 1 0 0 1 -3 0 -6 0 0 -1 3 0 0 0 -4 2 1 0 1 0 0 0 0 0 0 0 0 0 0 0 0 0 1583838187
-16086541 -15509312 21975415 5019175 -7885006 -7596332 -1820389 -142245 118048 -126327 -43332 -26279 -3992 -65749 -8337 -704 -6876 -3617 -1007 -61 -219 -228 -44 -318 -3 -26 -12 -6 2 0 0 1 0 0 3 0 0 0 0 0 0 0 0 1 0 0 1 0 0 0 0 0 0 0 0 0 0 0 0 0 1583838187
-16088176 -15510322 21977456 5024836 -7700905 -7594205 -1849375 -142269 119325 -126402 -43367 -27909 -3959 -60137 -9473 -1956 17399 -3903 -1174 -521 -103 -318 -1099 -474 -8 -24 -9 -5 1 0 0 1 -4 0 0 10 0 0 -1 0 0 0 7 0 0 0 1 0 0 1 0 0 2 0 -1 0 0 0 0 0 1583838187
-15576146 -15119459 21111764 4786261 -7870765 -7500735 -1821636 -142818 -212597 -125861 -43214 -35306 -3993 -65410 -11268 -3311 -6797 -3054 -974 -746 -219 -170 -71 -298 -16 -20 -13 -6 2 0 0 1 -2 0 1 0 0 0 0 0 0 0 1 0 0 0 0 0 0 0 0 0 0 0 1 -1 0 0 0 0 1583838187
-16088173 -15510593 21978276 5018563 -7874461 -7597283 -1821082 -142237 119334 -126328 -43331 -28135 -3994 -65469 -9569 -2118 -6450 -3398 -997 -343 -217 -215 -76 -314 -3 -26 -12 -6 1 0 0 1 -2 0 1 0 0 0 0 0 0 0 1 0 0 0 0 0 0 0 0 -1 0 0 0 0 0 0 0 0 1583838187
-16063804 -15217990 21318332 6734030 29501409 -6810965 12210833 -118840 119487 -86547 -21740 -28617 -9752 81568 -9342 -2760 6232 -3435 -904 -859 -193 -46 -3589 -756 -1 -3 3 34 -6 -1 0 1 -5 0 -8 -13 -1 -2 11 0 0 0 2 0 -6 0 -4 0 0 0 0 0 0 0 0 0 0 0 0 0 1583838187
-16077560 -15492108 21922261 5351745 1157855 -7436356 2511842 -134815 110072 -114031 -36758 -13034 -5871 -74279 1396 9265 -4786 -4715 -1152 1045 -191 -717 -855 -354 -2 -18 -11 -7 1 -2 0 0 0 0 -5 -4 -1 0 7 0 0 0 1 0 -1 0 0 0 0 0 0 0 0 0 0 0 0 0 0 0 1583838187
-16088171 -15510652 21978425 5017836 -7893240 -7597633 -1818550 -142234 119331 -126322 -43329 -28188 -3996 -65996 -9675 -2151 -6691 -3448 -999 -265 -218 -204 -84 -321 -3 -26 -12 -6 1 0 0 1 -1 0 3 0 0 0 0 1 0 0 0 0 0 0 0 0 0 0 -1 0 0 0 0 0 0 0 0 0 1583838187
-16089618 -15510235 21977853 5019585 -7886149 -7597633 -1819988 -142237 120627 -126327 -43330 -30224 -3998 -65756 -10913 -3691 -6632 -3122 -981 -669 -218 -142 -61 -320 -3 -26 -10 -4 1 0 0 1 -1 0 3 0 0 0 0 0 0 0 0 1 0 0 1 0 0 0 0 0 0 0 0 0 0 0 0 0 1583838187
-16076797 -15499925 21955524 5020255 -7874565 -7579043 -1821100 -142281 118311 -126341 -43340 -15317 -3972 -65552 -9119 -934 -7215 -3641 -1001 -132 -221 -160 5 -311 -3 -16 -12 5 8 14 0 8 0 0 2 -1 0 1 0 0 0 0 0 0 0 0 0 0 0 0 0 0 0 0 0 0 0 0 0 0 1583838187
-16088165 -15510499 21978078 5018901 -7867990 -7597121 -1827090 -142246 119329 -126346 -43341 -27982 -3985 -64914 -8999 -2017 4035 -3243 -1050 -906 -166 -239 -600 -443 -5 -25 -7 -6 1 -1 0 1 0 0 3 2 0 0 0 2 0 0 6 1 1 0 1 0 0 0 0 3 3 0 -2 0 0 0 0 0 1583838187
-16070231 -15475682 21881812 5501494 6116898 -7328433 3659037 -132577 127115 -110667 -34896 -15020 -6260 -24391 -11033 -3579 -6219 -2913 -1094 -606 -223 -115 -1398 -461 -1 -25 -9 -6 1 0 0 2 1 0 9 -4 1 0 -8 0 0 0 1 0 1 0 0 0 0 0 0 2 0 0 0 0 0 0 0 0 1583838187
-16089308 -15504346 21962568 5093022 -6003320 -7563177 -1190987 -141132 120570 -124523 -42349 -30129 -4248 -55078 -10844 -3645 -8078 -3095 -984 -657 -229 -132 -159 -321 -2 -24 -12 -1 0 0 0 1 -1 0 3 -1 0 0 -1 0 0 0 0 0 0 0 0 0 0 0 0 0 0 0 0 0 0 0 0 0 1583838187
-16088163 -15510461 21977979 5019410 -7854594 -7596878 -1824080 -142241 119325 -126336 -43335 -27858 -3990 -64886 -7628 -1976 -5056 -2060 -918 -2115 -211 -164 -125 -326 -3 -26 -11 -6 1 -1 0 1 0 0 1 1 0 0 0 0 0 1 3 0 0 0 2 0 0 0 0 0 0 0 0 0 0 0 0 0 1583838187
-16090040 -15505036 21957939 5203303 -2799147 -7511545 691870 -137908 120470 -119213 -39557 -30260 -5153 -90615 -10677 -3623 -8781 -3127 -1001 -646 -209 -138 3660 -272 -1 -36 -12 -4 1 0 0 1 -4 0 5 2 0 0 -1 2 0 0 0 0 0 0 0 0 0 0 0 0 0 0 0 0 0 0 0 0 1583838187
-16088168 -15510469 21977998 5019400 -7854691 -7596879 -1829093 -142248 119332 -126351 -43343 -27954 -3984 -64571 -9248 -1995 2170 -3417 -1050 -622 -176 -265 -424 -397 -4 -25 -9 -6 1 0 0 1 4 0 1 -3 0 0 1 0 0 0 -1 0 3 0 -2 0 0 0 0 0 0 0 0 0 0 -1 0 0 1583838187
-16089616 -15510203 21977768 5020037 -7874241 -7597414 -1820974 -142238 120627 -126329 -43330 -30223 -3997 -65461 -10913 -3691 -6903 -3117 -979 -667 -220 -141 -56 -303 -3 -26 -12 -4 1 0 0 1 -1 0 1 0 0 0 0 0 0 0 2 0 0 0 0 0 0 0 0 -1 0 0 0 0 0 0 0 0 1583838187
-16088216 -15509787 21975400 5043767 -7177503 -7585352 -1575375 -141800 119315 -125622 -42949 -28147 -4092 -61905 -9592 -2132 -7226 -3389 -992 -310 -222 -208 2055 -292 -2 -31 -12 -6 1 0 0 1 -3 0 3 0 0 0 0 0 0 0 0 0 0 0 0 0 0 0 0 0 0 0 0 0 0 0 0 0 1583838187
-16088157 -15510429 21977945 5018811 -7874209 -7597182 -1820974 -142238 119337 -126328 -43331 -28181 -3994 -65477 -9619 -2150 -7174 -3396 -993 -318 -221 -204 -29 -306 -3 -26 -12 -6 1 0 0 1 -1 0 1 0 0 0 0 0 0 0 1 0 0 0 1 0 0 0 0 0 0 0 0 0 0 0 0 0 1583838187
-16088924 -15503393 21963258 5043226 -7490025 -7587109 -1638104 -141664 120615 -125820 -43055 -30217 -4077 -65777 -10900 -3686 -6861 -3247 6842 -373 -200 -134 -106 -267 -3 -32 -13 -18 4 0 0 1 -3 0 0 0 16 0 2 0 0 0 0 0 1 0 1 0 0 0 0 0 0 0 0 0 0 0 0 0 1583838187
-16062349 -15479046 21912877 5029057 -7888442 -7534994 -1819892 -142370 127474 -126386 -43364 20534 -3911 -66113 -14048 -4199 -7248 -3423 -973 -792 -221 -125 -39 -306 -3 100 -14 24 19 41 0 -63 0 -36 2 0 0 0 0 0 0 1 2 0 0 0 0 0 0 0 0 0 0 0 1 -1 0 0 0 0 1583838187
-16071113 -15488936 21932416 5046150 -7306488 -7545342 -1543354 -141847 125305 -125581 -42933 4499 -4060 -66488 -12832 -4108 -7601 -3006 -976 -626 -221 -147 -73 -205 -3 57 -16 14 13 28 0 -43 -1 -24 1 0 0 0 0 0 0 1 0 0 0 0 1 -1 0 0 0 0 0 0 0 0 0 0 0 0 1583838187
-16089154 -15511237 21979817 5017777 -7870763 -7596884 -1824118 -142235 120796 -126337 -43336 -28975 -3991 -65230 -10980 -3696 -2227 -3210 -1013 -720 -197 -151 -327 -289 -4 -23 -14 -5 2 0 0 0 0 0 0 -2 0 0 0 4 0 0 -1 -1 3 0 -1 1 -1 0 0 1 1 0 -2 0 0 -1 0 0 1583838187
-16082465 -15503036 21962739 5021816 -7840882 -7580579 -1828002 -142274 122629 -126362 -43349 -16305 -3964 -64379 -11760 -3814 863 -3352 -1034 -790 -183 -155 -311 -408 -4 7 -9 2 6 10 0 -15 0 -9 3 0 0 0 0 0 0 0 2 0 0 0 1 0 0 0 0 0 0 0 1 -1 0 0 0 0 1583838187
-16085153 -15506188 21969058 5025717 -7695906 -7584381 -1838438 -142266 121901 -126378 -43353 -21337 -3963 -60884 -11457 -3766 -4462 -3217 -997 -719 -210 -143 -194 -145 -4 -4 -16 -1 4 6 0 -9 -3 -6 0 2 0 0 0 0 0 0 0 1 0 0 0 1 -1 0 0 -1 0 0 0 0 0 0 0 0 1583838187
-15987446 -15387033 21717882 5135999 -5832280 -7326010 -1099628 -141478 146022 -124488 -42342 159196 -3958 -56539 -22307 -5590 1417 -4143 -1040 -1151 -181 -113 -640 -124 -7 447 -25 109 66 157 0 -242 -1 -135 1 -2 0 0 0 4 0 6 0 2 1 -2 2 -1 0 0 0 0 0 -1 1 -1 0 0 0 0 1583838187
-16085867 -15499988 21941044 5329682 791000 -7446339 896902 -137335 117789 -118488 -39064 -24241 -5021 -5343 -8099 -460 22284 -4170 -1278 -363 -98 -243 -1375 9 -11 -23 -14 -3 2 1 0 1 -15 0 -16 21 0 -1 0 -12 -3 0 -12 1 -3 0 1 -2 1 1 0 2 0 0 0 0 0 0 0 0 1583838187
-16080059 -15504531 21964588 5022766 -7878614 -7591921 -1822236 -142279 112902 -126336 -43340 -18712 -3979 -65549 -3421 5051 -4835 -4649 -1077 1145 -208 -321 -87 -347 -3 -25 -10 -5 2 0 0 1 1 0 3 -2 0 0 1 -1 0 0 0 0 0 0 0 0 0 0 0 0 0 0 0 0 0 0 0 0 1583838187
-16088162 -15510480 21978048 5018727 -7874206 -7597217 -1820975 -142237 119332 -126328 -43331 -28023 -3994 -65481 -9520 -2044 -7663 -3403 -990 -294 -223 -241 88 -304 -3 -26 -14 -6 1 0 0 1 0 0 2 -1 0 0 0 -1 0 0 0 0 0 0 0 0 0 0 0 0 0 0 0 0 0 0 0 0 1583838187
-16087998 -15494516 21944617 5066545 -7196735 -7577281 -1236951 -141353 120606 -124717 -42475 -30274 -4280 -78317 -10865 -3689 -8372 -3110 -978 -655 -219 -137 -107 -293 -2 -19 -12 9 -1 -1 0 1 0 0 0 0 0 0 1 1 0 0 0 0 0 0 0 0 0 0 0 0 0 0 0 0 0 0 0 0 1583838187
-16090625 -15484021 21872724 6050876 20925249 -7108792 8999020 -123083 118419 -95337 -26608 -27152 -8455 40725 -8398 -1564 -3336 -3412 -1238 -541 -227 -47 -2970 -173 -3 -22 -17 -5 1 0 0 1 -18 0 -4 11 2 1 -22 1 0 0 3 -2 0 1 6 -1 0 1 -1 -5 1 0 -4 2 0 0 0 0 1583838187
-16090356 -15505119 21955065 5267288 -915327 -7480001 573968 -137948 120403 -119443 -39601 -29536 -4954 -29054 -10427 -3278 -3163 -3223 -1059 -682 -214 -212 -851 -270 -3 -22 -11 -4 2 1 0 2 -10 0 -1 3 1 0 -9 0 0 0 -1 0 0 0 3 -1 1 0 0 0 0 0 0 0 0 0 0 0 1583838187
-16089439 -15508627 21974569 5022456 -7870291 -7596413 -1824881 -142252 120626 -126343 -43337 -30217 -3993 -65124 -10905 -3684 -2706 -3194 -1009 -712 -200 -151 -150 -373 -3 -25 -9 -2 1 0 0 1 3 0 3 -2 0 -1 1 -2 0 0 0 1 0 0 0 0 0 0 0 0 0 0 0 0 0 0 0 0 1583838187
-16080112 -15504693 21964727 5026679 -7756595 -7589972 -1839831 -142296 112918 -126381 -43360 -18944 -3957 -61892 -3482 4895 8428 -4803 -1168 912 -144 -269 -376 -504 -6 -26 -6 -5 2 0 0 2 4 0 4 -2 0 -1 1 -2 0 0 1 1 0 0 0 0 0 0 0 0 0 0 0 0 0 0 0 0 1583838187
-16090823 -15477308 21864730 5963057 18088695 -7151287 7357476 -125929 119831 -99991 -29079 -29019 -7712 56281 -9881 -3046 -4695 -3180 -1188 -734 -247 -57 -2298 -560 0 -18 -3 5 0 0 0 2 2 0 7 -8 1 0 -9 0 0 0 2 0 0 0 0 -1 0 -2 0 0 0 0 0 0 0 0 0 0 1583838187
-16087041 -15504192 21954865 5223544 -2171538 -7499350 126553 -138759 117873 -120727 -40295 -25989 -4766 -33999 -8187 -556 -5816 -3690 -1059 -4 -225 -215 -219 -386 -2 -26 -12 -6 1 0 0 1 0 0 5 -1 0 0 0 0 0 0 0 1 0 0 0 0 0 0 0 0 0 0 0 0 0 0 0 0 1583838187
-16089389 -15508193 21973700 5022813 -7878427 -7596294 -1822324 -142251 120627 -126337 -43334 -30221 -3995 -65459 -10909 -3688 -4874 -3155 -994 -689 -210 -146 -130 -330 -3 -25 -11 -2 1 0 0 1 1 0 2 -2 0 0 0 0 0 0 0 0 1 0 0 0 0 0 0 0 1 0 -1 0 0 0 0 0 1583838187
-16086495 -15508799 21974297 5021581 -7834865 -7595207 -1827399 -142255 118034 -126346 -43341 -25764 -3983 -64276 -7920 -354 -2100 -3676 -1039 -150 -196 -347 -241 -364 -4 -24 -9 -6 1 -1 0 1 0 0 2 0 0 0 0 0 0 0 3 0 0 0 2 0 0 0 0 0 0 0 0 0 0 0 0 0 1583838187
-16088234 -15509609 21974180 5064463 -6564863 -7574706 -1950551 -142344 119261 -126631 -43454 -27921 -3851 -30561 -9756 -2028 11426 -3859 -1124 -249 -146 -239 5626 -497 -4 -42 0 -5 1 0 0 1 4 0 7 -3 0 0 0 -2 0 0 -1 1 0 0 -1 0 0 0 0 0 0 0 0 0 0 0 0 0 1583838187
-16088182 -15510634 21978382 5018038 -7888136 -7597541 -1819733 -142235 119340 -126325 -43330 -28155 -3995 -65839 -9611 -2131 -7454 -3401 -991 -300 -222 -209 0 -309 -3 -26 -12 -6 1 0 0 1 0 0 2 -1 0 0 0 0 0 0 0 0 0 0 0 0 0 0 0 0 0 0 0 0 0 0 0 0 1583838187
-16088251 -15509667 21974734 5051818 -6949901 -7581582 -1455256 -141593 119305 -125282 -42768 -27972 -4147 -62694 -9455 -2010 -8266 -3381 -992 -307 -227 -238 37 -299 -2 -25 -12 -6 1 0 0 1 0 0 0 -1 0 0 1 0 0 0 0 0 0 0 0 0 0 0 0 0 0 0 0 0 0 0 0 0 1583838187
-16088805 -15501500 21958595 5059574 -7106127 -7579960 -1161924 -141188 120603 -124496 -42361 -30280 -4316 -79919 -10859 -3688 -8198 -3116 -981 -657 -217 -137 -132 -260 -3 -22 -14 2 0 0 0 1 0 0 2 1 0 0 0 1 0 0 -1 0 0 0 0 0 0 0 0 0 0 0 0 0 0 0 0 0 1583838187
-16086589 -15509148 21974401 5033896 -7459119 -7589078 -1861246 -142277 118036 -126422 -43370 -26263 -3947 -54475 -8292 -718 -1697 -3642 -1040 -182 -199 -219 236 -366 -4 -27 -10 -6 2 0 0 1 -1 0 -2 -4 0 -1 2 0 0 0 1 0 0 0 0 0 0 0 0 0 0 0 0 0 0 0 0 0 1583838187
-16089426 -15508335 21973777 5027072 -7747176 -7594174 -1832513 -142256 120623 -126358 -43341 -30203 -3985 -62148 -10913 -3686 -7383 -3105 -975 -660 -224 -140 119 -301 -3 -25 -12 -2 1 0 0 1 0 0 0 -1 0 -1 1 0 0 0 0 0 0 0 0 0 0 0 0 0 0 0 0 0 0 0 0 0 1583838187
-16090801 -15483134 21865486 6269978 27749393 -6982570 -5079170 -144753 118254 -133780 -46258 -22775 -513 858507 -9312 -710 9339 -2789 -1158 -441 -612 -2 -1306 -743 -3 -18 -4 -4 2 0 0 1 -13 0 -9 -17 0 0 -8 0 0 0 1 -2 -6 0 -4 0 0 -2 0 0 0 0 -1 -1 0 0 0 0 1583838187
-16089148 -15509918 21974921 5064633 -6573848 -7575215 -1800900 -142107 120007 -126218 -43241 -28848 -3945 -38860 -10332 -3644 -7407 -2615 -948 -1272 -236 -103 -82 -276 -3 -25 -13 -4 4 -1 0 1 -3 0 1 0 0 0 -2 0 0 0 0 0 0 0 0 0 0 0 0 -1 0 0 0 0 0 0 0 0 1583838187
-16089411 -15495162 21918967 5580921 7778479 -7331091 3918379 -132051 118844 -109904 -34522 -27430 -6438 -36182 -8247 -1641 -3375 -3101 -1109 -938 -203 -205 -1597 -357 -2 -21 -12 -4 2 1 0 2 -9 0 -1 1 0 -1 -4 3 0 0 0 0 0 0 0 -1 0 1 0 0 -1 0 0 0 0 0 0 0 1583838187
-16091351 -15478586 21851833 6257969 26759251 -7007595 10169194 -120811 119685 -91866 -24653 -26730 -8781 119244 -9636 -2810 3535 -3315 -1307 -831 -231 -46 -2478 -656 -1 -22 0 -3 2 1 0 2 -1 0 -7 -9 -2 -2 10 -1 0 0 0 0 -4 0 -3 0 0 0 0 0 0 0 0 0 0 0 0 0 1583838187
-16086649 -15507051 21967159 5094903 -5776364 -7560145 -1310852 -141290 117968 -124836 -42507 -26181 -4165 -44011 -8307 -683 -8318 -3573 -1008 -44 -236 -189 48 -318 -2 -26 -12 -6 2 0 0 1 0 0 2 0 0 0 1 0 0 0 0 0 0 0 0 0 0 0 0 0 0 0 0 0 0 0 0 0 1583838187
-16088155 -15510515 21978147 5018036 -7893249 -7597553 -1818552 -142235 119334 -126322 -43328 -28307 -3996 -66003 -9637 -2234 -7197 -3340 -989 -382 -221 -160 -55 -311 -3 -26 -12 -6 2 0 0 1 0 0 3 0 0 0 0 1 0 0 0 0 0 0 0 0 0 0 -1 0 0 0 0 1 0 0 0 0 1583838187
-14006285 -13855655 18301107 4728273 -6717497 -7066545 -1940270 -147020 -1386395 -125407 -43454 514775 -3014 -38555 331149 320174 7895 -1997 -357 -7559 -84 -6455 5098 -497 -47 133 -4 -5 1 1 0 2 2 0 7 -4 0 20 3 -3 0 -2 -1 1 0 0 -1 0 0 0 0 0 0 0 0 0 0 0 0 0 1583838187
-15994293 -15437232 21814730 5001295 -7749079 -7581689 -1832576 -142428 48639 -126282 -43331 -14300 -3957 -62297 -5403 2374 -7046 -3452 -983 -386 -221 -286 763 -308 -5 -20 -12 -3 3 3 0 3 -1 0 2 0 0 0 0 0 0 0 0 0 0 0 0 0 0 0 0 0 0 0 0 0 0 0 0 0 1583838187
-16079824 -15504053 21963692 5017146 -7854555 -7595874 -1824090 -142255 113058 -126329 -43333 -27304 -3988 -64865 -10792 -3702 -4221 -2952 -983 -1006 -207 -132 -109 -352 -3 -22 -8 -6 1 0 0 1 0 0 3 -2 0 0 1 -1 0 0 0 1 0 0 0 0 0 0 0 0 0 0 0 0 0 0 0 0 1583838187
-15895043 -15360618 21644380 4959491 -7834254 -7579209 -1827599 -142557 -25534 -126172 -43304 -16259 -3962 -64333 -6409 1210 -1277 -3461 -1021 -595 -192 -383 -328 -369 -10 -21 -10 -7 1 -1 0 1 -2 0 1 2 0 0 0 0 0 0 5 0 -1 0 2 0 0 1 0 -1 0 0 -1 0 0 0 0 0 1583838187
-15921350 -14017539 18951903 7186598 -7903626 -6714645 -1841128 -150152 120666 -128785 -44027 -30230 -3972 -63175 -10875 -3665 6160 -3384 988 -728 -152 -166 -540 -336 -6 204 -15 462 -94 -12 0 1 -1 0 2 2 1 0 0 0 0 0 4 0 -3 0 0 2 -1 1 0 -2 0 0 0 0 0 0 0 0 1583838187
-16064068 -15476453 21898879 5200748 -3113534 -7460705 37389 -139091 124621 -121067 -40498 17911 -4689 -50565 -10956 -1078 -8603 -3902 -1030 -153 -230 -167 -358 -325 -2 79 -13 19 16 34 0 -52 0 -30 0 -3 0 0 0 0 0 1 1 0 0 0 0 0 0 0 0 0 0 0 0 0 0 0 0 0 1583838187
-16086935 -15504513 21956637 5202148 -2774350 -7509352 -202200 -139323 117875 -121658 -40791 -25979 -4618 -31600 -8030 -560 -5536 -3551 -1046 -183 -225 -193 -357 -305 -3 -26 -12 -6 1 0 0 1 -2 0 -2 -2 0 0 0 0 0 0 0 0 0 0 1 0 0 0 0 0 0 0 0 0 0 0 0 0 1583838187
-16092315 -15476419 21847973 6250915 26389091 -7014630 10624813 -120137 119576 -90633 -24027 -28654 -9053 88187 -9512 -2829 1106 -3308 -1299 -813 -224 -42 -3206 773 -8 -19 -37 -2 0 0 0 0 -21 0 -6 23 0 -1 -6 -17 -4 0 -8 0 -9 0 1 0 0 0 0 3 0 0 0 0 0 -1 0 1 1583838187
-16088177 -15510640 21978402 5017853 -7893241 -7597630 -1818551 -142234 119335 -126322 -43329 -28128 -3996 -66006 -9203 -2124 -7379 -3095 -972 -686 -222 -189 -44 -311 -3 -26 -12 -6 1 0 0 1 0 0 3 0 0 0 0 1 0 0 0 0 0 0 0 0 0 0 -1 0 0 0 0 1 0 0 0 0 1583838187
-16090029 -15505250 21958653 5199365 -2896273 -7513053 395419 -138383 120472 -120023 -39952 -30083 -4946 -63357 -10644 -3555 12806 -3514 -1167 -895 -117 -171 -1634 508 -11 -23 -30 -4 1 0 0 0 -17 0 -3 16 0 0 -7 0 0 0 2 2 0 0 1 4 -4 1 0 0 3 0 0 -1 0 0 0 0 1583838187
-16088408 -15510506 21978300 5017013 -7893237 -7596159 -1818550 -142232 120704 -126325 -43332 -27582 -3999 -66024 1990 -9012 -7056 17566 -933 7269 -166 -1383 -137 -278 -1 -216 -10 -13 -17 4 0 2 0 0 3 0 0 0 0 2 -4 0 0 0 0 3 0 0 0 0 -1 0 0 -1 0 0 0 0 1 0 1583838187
-16088145 -15510459 21978024 5018329 -7886763 -7597411 -1819827 -142236 119326 -126325 -43330 -28161 -3995 -65792 -9683 -2130 -6260 -3480 -1004 -243 -216 -209 -97 -319 -3 -26 -12 -6 1 0 0 1 -2 0 1 0 0 0 0 0 0 0 1 0 0 0 0 0 0 0 0 0 0 0 1 -1 0 0 0 0 1583838187
-16090236 -15503161 21950139 5288842 -372284 -7469883 733991 -137664 120396 -118987 -39362 -29884 -5031 -31256 -10616 -3504 -1908 -3215 -1069 -733 -206 -128 -873 -162 -4 -24 -15 -4 1 0 0 1 -8 0 -4 3 0 0 -2 1 0 0 0 0 4 0 -4 0 0 3 -1 4 -1 0 0 2 0 0 0 0 1583838187
-16087212 -15508614 21974131 5020577 -7874319 -7596174 -1820977 -142247 118631 -126331 -43334 -25050 -3989 -65513 -8278 51 -6838 -4108 -1057 1088 -218 -566 -75 -285 -3 -24 -13 -7 1 -1 0 1 -2 0 0 1 0 0 0 0 0 0 0 0 0 0 0 0 0 0 0 0 1 0 0 0 0 0 0 0 1583838187
-16088623 -15510204 21977772 5017137 -7886753 -7595613 -1819824 -142232 121340 -126327 -43331 -27753 -3994 -65802 -9703 -1914 -6137 -3628 -1024 207 -215 -320 -114 -313 -3 -26 -10 -6 1 -1 0 1 -2 0 1 0 0 0 0 0 0 0 1 0 0 0 0 0 0 0 0 0 0 0 0 0 0 0 0 0 1583838187
-16047848 -15407044 21723115 5930483 16223583 -7093162 6442236 -127814 123493 -102743 -30581 133707 -7058 61973 82932 102817 -1440 -9620 -3531 62537 -112 -29473 -2609 -544 -7 48 -9 -99 -64 -96 0 -44 -6 7 -8 -16 0 76 -1 3 -4 -3 8 -3 -3 2 3 -2 0 -2 0 0 0 0 0 0 0 -1 1 0 1583838187
-16067439 -15477931 21906026 5105173 -6271157 -7548932 -1168516 -141273 103889 -124517 -42374 35714 -4175 -62025 25414 41451 -8314 -10188 -1887 21909 -191 -9806 -163 -309 -5 22 -14 -35 -16 -32 0 -13 0 2 0 -1 0 24 4 -1 -1 0 0 0 0 0 0 0 0 0 0 0 0 0 0 0 0 0 0 0 1583838187
-16085761 -15497709 21948888 5101053 -5737712 -7545775 -1106625 -140995 124904 -124302 -42235 -2248 -4239 -53031 4567 14042 -9249 -4271 -1367 9907 -215 -6839 -25 -304 -3 12 -16 -28 -11 -24 0 -9 0 1 2 0 0 17 3 -1 0 0 0 0 0 0 0 0 0 0 0 0 0 0 0 0 0 0 0 0 1583838187
-16086907 -15504945 21965927 5041745 -7392576 -7586147 -1864928 -142301 118321 -126441 -43380 -14514 -3927 -53006 -2658 7121 -7095 -5592 -1151 3262 -222 -3328 383 -310 -3 12 -13 -16 -2 -12 0 -3 -1 0 0 -1 0 8 2 0 0 0 0 0 0 0 0 0 0 0 0 0 0 0 0 0 0 0 0 0 1583838187
-16084082 -15393589 21669948 6555967 31699918 -6879614 14048312 -114794 119414 -81113 -18950 -28774 -10643 40862 -9188 -2751 4312 -3456 -1380 -868 -178 -40 -3580 -527 -2 10 -8 63 -12 -2 0 1 -10 0 -19 -13 -2 -2 8 0 0 0 0 -1 -4 0 -4 0 0 1 0 0 0 0 0 0 0 0 0 0 1583838187
-16038905 -15467111 21882939 5039422 -5919123 -7513852 -1056173 -140862 120078 -124119 -42145 -28755 -4313 -59402 -11020 -3589 -8151 -3107 -985 -666 -227 -134 -163 -302 -2 -22 -13 -6 1 0 0 1 -2 0 0 -2 0 0 0 0 0 0 0 0 0 0 0 0 0 0 0 0 0 0 0 0 0 0 0 0 1583838187
-16088662 -15508551 21971058 5082784 -6097583 -7567050 -1236329 -141187 119579 -124645 -42417 -27378 -4221 -54487 -9528 -1624 -5527 -3802 -1041 165 -217 -404 -39 -336 -3 -23 -11 -6 1 -1 0 1 -1 0 -1 -2 0 0 2 0 0 0 0 0 0 0 0 0 0 0 0 0 0 0 0 0 0 0 0 0 1583838187
-16077473 -15499986 21955399 5024985 -7888578 -7582924 -1819680 -142296 115202 -126339 -43341 -13456 -3972 -65946 -3931 3744 -7290 -3699 -998 -60 -220 -686 -10 -313 -3 -10 -12 2 10 3 0 3 0 0 2 -1 0 -3 0 -1 3 0 0 0 0 0 0 0 0 0 0 0 0 0 0 0 0 0 0 0 1583838187
-16090130 -15503165 21951306 5261477 -1182289 -7483633 1188898 -137010 120551 -117768 -38747 -29050 -5307 -66469 -8478 -2896 -8212 -2062 -956 -2078 -218 -281 -689 -340 -1 -13 -16 2 6 12 0 7 -1 0 0 -1 0 -9 0 2 0 0 2 0 1 0 -1 0 0 2 0 2 0 0 0 0 0 0 0 -1 1583838187
-16060798 -15490245 21932413 5031351 -7886150 -7577774 -1820164 -142375 98565 -126361 -43375 10537 -3960 -66214 119390 23980 -7145 73711 4088 -99634 -226 4630 174 -166 19 -80 -9 -30 -17 -27 0 -10 0 2 0 0 0 2 0 1 -1 2 -1 0 2 3 -1 0 0 -1 0 0 0 0 0 0 0 0 0 0 1583838187
-16085024 -15506216 21965707 5089627 -5918444 -7561102 -2006757 -142404 116688 -126762 -43510 -23595 -3790 -15580 -6825 1166 8383 -4192 -1137 196 -169 -402 -88 -431 -6 -24 -6 -6 1 -1 0 1 -2 0 -9 -8 0 -1 4 0 0 0 1 0 0 0 0 0 0 1 0 0 0 0 1 0 0 0 0 0 1583838187
-16080715 -15504450 21964695 5024346 -7748587 -7585520 -1832391 -142275 116962 -126361 -43348 -19190 -3968 -62257 -4769 4595 -6606 -5270 -1106 1979 -218 -637 110 -317 -3 -19 -12 -5 2 0 0 2 -2 0 0 -1 0 -1 1 0 0 0 0 0 0 0 0 0 0 0 0 0 0 0 0 0 0 0 0 0 1583838187
-16091458 -15491413 21900213 5884521 16751270 -7172328 -4073668 -143974 120091 -131496 -45390 -25517 -1631 557662 -9355 -2017 7368 -2323 -1082 -1384 -469 -239 -1517 -774 -3 -6 1 4 7 12 0 7 -15 0 -2 -7 0 -9 -1 13 2 0 8 0 5 0 0 0 0 8 -2 2 -5 0 -2 5 0 0 0 0 1583838187
-16074491 -15371242 21690689 5335903 -4520150 -7458839 -2128189 -142137 120527 -127251 -43671 -29719 -3675 19677 -10886 -3555 -7582 -3070 2007 -539 -260 -118 -126 -340 -2 7 -12 61 -11 -2 0 1 -3 0 1 -1 2 0 0 1 0 0 1 0 0 0 0 0 0 1 0 0 -1 0 0 1 0 0 0 0 1583838187
-15951116 -15405107 21739369 5055467 -5491742 -7545161 -2038258 -142611 16240 -126695 -43498 -25374 -3757 -4640 -9120 -1833 -7279 -2784 -958 -1039 -252 -195 -106 -70 -8 -17 -19 -7 1 -1 0 1 -5 0 3 0 0 0 -1 0 0 0 0 0 0 0 1 0 0 0 1 0 0 0 0 0 0 0 0 0 1583838187
-16085611 -15503044 21961153 5055602 -7051006 -7579444 -1512828 -141730 117268 -125460 -42867 -11871 -4098 -62548 200 7905 -8208 -2747 -1233 6803 -210 -3802 -97 -239 -3 -24 -14 -18 -6 -12 0 -4 0 1 1 0 0 8 0 0 0 0 -1 0 1 0 0 0 0 0 0 -1 0 0 0 0 0 0 0 0 1583838187
-16088808 -15503049 21963279 5030073 -7884844 -7593365 -1813018 -142266 120627 -126320 -43324 -30224 -4001 -66174 -10907 -3688 -4146 -3169 -999 -697 -206 -147 -234 -79 -5 -24 -18 -1 0 0 0 1 -3 0 1 -1 0 0 1 4 0 0 -3 0 0 0 0 1 -1 -1 -1 0 0 0 0 0 0 -1 0 0 1583838187
-15964563 -15405972 21755655 4921171 -7435346 -7466972 -1862090 -142240 115746 -126377 -43356 -22602 -3939 -54110 -7466 895 -4470 -3906 -1038 206 -212 -229 -165 -173 -4 -22 -18 -6 2 0 0 1 -4 0 0 3 0 0 -1 0 0 0 0 0 0 0 3 -1 1 0 0 0 0 0 0 0 0 0 0 0 1583838187
-16088167 -15510180 21977086 5026671 -7653448 -7593334 -1841040 -142253 119331 -126374 -43349 -28094 -3973 -59930 -9550 -2104 -7383 -3367 -991 -340 -224 -206 -48 55 -4 -25 -21 -6 1 0 0 1 -3 0 2 0 0 0 0 0 0 0 1 0 0 0 0 0 0 0 1 0 1 0 0 0 0 0 0 0 1583838187
-16085254 -15503101 21954255 5180906 -3458860 -7520345 690484 -137977 116626 -119238 -39573 -24451 -5150 -95508 -7025 798 -8341 -4024 -1064 410 -204 -226 -512 -292 -2 -25 -13 -6 1 0 0 1 -1 0 1 0 0 0 0 1 0 0 -1 0 0 0 0 0 0 0 0 0 0 0 0 0 0 0 0 0 1583838187
-16086798 -15508154 21970416 5069524 -6491323 -7573078 -883697 -140666 118083 -123690 -41935 -26311 -4431 -79842 -8490 -706 -8984 -3772 -1018 161 -220 -350 -130 -292 -2 -23 -13 -6 2 0 0 1 0 0 0 0 0 0 0 1 0 0 1 0 0 0 1 0 0 0 0 0 0 0 0 0 0 0 0 0 1583838187
-16086837 -15507372 21967871 5086561 -6042166 -7565562 -334867 -139770 118075 -122163 -41138 -26126 -4709 -97312 -7699 -549 -9560 -3351 -994 -405 -212 -386 -225 -289 -2 -23 -13 -6 1 -1 0 1 0 0 3 0 0 0 0 1 0 0 0 0 0 0 0 0 0 1 0 1 -1 0 0 0 0 0 0 0 1583838187
-16087467 -15500492 21940644 5360446 1677441 -7432322 1504518 -136303 119181 -116775 -38160 -25924 -5329 -18096 -9425 -2055 -5485 -3385 -1072 -427 -228 -122 -925 -396 -2 -24 -8 -4 2 1 0 2 -4 0 -1 -4 0 0 0 3 0 0 4 0 0 0 0 0 0 1 0 0 0 0 0 0 0 0 0 0 1583838187
-16088846 -15470937 21863900 5731394 11068116 -7263795 5975736 -128691 120045 -104107 -31367 -29569 -7283 -23330 -10065 -3241 2501 -3363 -1201 -806 -175 -105 -1300 -481 -3 -16 -7 15 -2 -1 0 1 -4 0 -10 -7 -1 -1 5 0 0 0 0 0 -1 0 0 -1 0 0 0 0 0 0 0 0 0 0 0 0 1583838187
-16088438 -15507623 21967671 5111822 -5262006 -7551000 -681988 -140250 120790 -123084 -41590 -27917 -4484 -63242 -10922 -3660 -9212 -3088 -984 -668 -230 -127 -208 -308 -2 -25 -13 -4 2 1 0 2 -1 0 3 0 0 0 -1 0 0 0 0 0 0 0 0 0 0 0 0 -1 0 0 0 0 0 0 0 0 1583838187
-16088330 -15508464 21970343 5085429 -6051668 -7566808 -287641 -139689 119265 -122035 -41077 -28039 -4746 -102996 -9069 -1949 -9706 -3249 -989 -513 -211 -249 -217 -287 -2 -25 -13 -6 1 -1 0 1 0 0 3 0 0 0 0 1 0 0 0 0 0 0 0 0 0 0 0 0 -1 0 0 0 0 0 0 1 1583838187
-16089591 -15509966 21977271 5020752 -7863249 -7597086 -1826042 -142246 120626 -126344 -43338 -30212 -3990 -64870 -10896 -3678 1418 -3270 -1039 -757 -180 -160 -413 -423 -4 -25 -6 -4 1 0 0 1 0 0 4 -1 0 0 0 0 0 0 1 1 0 0 0 0 0 0 0 0 0 0 1 -1 0 0 0 0 1583838187
-16072269 -15480864 21910190 5172132 -3214831 -7476737 -32902 -139094 134643 -121242 -40587 -72 -4685 -48962 -12180 -4030 -7599 -2673 -1007 -503 -225 -154 -308 -234 -2 -26 -15 -7 0 0 0 1 -3 0 -1 2 0 -1 1 -1 0 0 -2 0 0 0 0 0 0 0 0 0 0 0 0 0 0 0 0 0 1583838187
-16088163 -15510500 21978089 5018696 -7874238 -7597229 -1820972 -142237 119330 -126328 -43331 -28017 -3994 -65485 -9556 -2037 -7472 -3437 -993 -258 -222 -245 -12 -305 -3 -25 -12 -6 1 0 0 1 -1 0 1 0 0 0 0 0 0 0 1 0 0 0 1 0 0 0 0 0 0 0 0 0 0 0 0 0 1583838187
-16089658 -15509786 21976120 5034682 -7473624 -7590757 -1468157 -141652 120615 -125341 -42810 -30255 -4168 -73426 -10884 -3690 -7457 -3119 -981 -663 -218 -139 -112 -297 -3 -26 -13 -4 1 0 0 1 -1 0 0 -1 0 0 1 1 0 0 0 0 0 0 0 0 0 0 0 0 0 0 0 0 0 0 0 0 1583838187
-16087077 -15508487 21972815 5042118 -7196005 -7581805 -1478523 -141649 120869 -125359 -42813 -26664 -4143 -66945 -11091 -3711 -7029 -3136 -984 -687 -219 -138 -81 -306 -3 -24 -13 -3 3 3 0 3 -2 0 0 -1 0 0 1 0 0 0 0 0 0 0 0 0 0 0 0 0 0 0 0 0 0 0 0 0 1583838187
-16086501 -15508983 21974699 5020655 -7854723 -7595636 -1824076 -142250 118032 -126337 -43337 -25966 -3987 -64891 -7503 -507 -4465 -3189 -993 -697 -208 -259 -156 -336 -3 -25 -11 -6 1 -1 0 1 -1 0 1 1 0 0 0 0 0 0 3 0 0 0 3 -1 1 0 0 1 0 0 0 0 0 0 0 0 1583838187
-16088411 -15508085 21968361 5113391 -5239512 -7552757 -577384 -140085 119254 -122793 -41439 -28075 -4538 -67020 -9504 -2060 -9644 -3407 -1001 -249 -229 -205 -116 -227 -2 -26 -14 -6 1 0 0 1 -1 0 0 2 0 0 0 -1 0 0 0 0 0 0 0 0 0 0 0 0 0 0 0 0 0 0 0 0 1583838187
-16086691 -15507597 21968681 5085162 -6041091 -7564944 -1252117 -141215 117993 -124685 -42437 -26197 -4210 -52533 -7724 -690 -8148 -3142 -981 -621 -230 -174 -4 -274 -2 -26 -13 -6 1 0 0 1 -2 0 0 1 0 0 0 -1 0 0 0 0 0 0 0 0 0 0 0 0 0 0 0 0 0 0 0 0 1583838187
-16088928 -15500342 21953793 5111132 -5648578 -7555027 -1005535 -140834 120558 -124009 -42085 -30170 -4349 -62840 -10829 -3650 -8080 -3104 -987 -659 -225 -132 -216 -249 -3 -22 -14 2 0 0 0 1 -4 0 1 1 0 0 0 0 0 0 0 0 0 0 -1 0 0 0 0 0 0 0 0 0 0 0 0 0 1583838187
-16088244 -15509510 21973981 5060727 -6695568 -7577253 -1427867 -141531 119272 -125198 -42724 -28021 -4159 -62008 -9437 -2041 -8132 -3344 -992 -353 -226 -202 -108 -265 -3 -26 -13 -6 1 0 0 1 -1 0 2 0 0 0 -1 0 0 0 0 0 1 0 -1 0 0 0 0 0 -1 0 0 0 0 0 0 1 1583838187
-16089786 -15507907 21969039 5103236 -5552824 -7557764 -1172834 -141046 120555 -124457 -42325 -30146 -4267 -57373 -10842 -3648 -8122 -3096 -984 -657 -228 -131 -186 -310 -2 -26 -13 -4 1 0 0 1 -2 0 1 -1 0 0 0 2 0 0 0 0 0 0 0 0 0 0 0 0 0 0 0 0 0 0 0 0 1583838187
-16085121 -15504938 21961835 5111974 -5317852 -7549667 -934269 -140670 117982 -123783 -41953 -24102 -4339 -51681 -8309 -501 -1612 -3808 -1060 36 -197 -291 3573 -316 -3 -33 -9 -4 2 1 0 2 -2 0 3 1 0 0 0 -1 0 0 0 0 0 0 0 0 0 0 0 0 0 0 0 0 0 0 0 0 1583838187
-12962110 -12952903 16402868 3766271 15352746 -5323523 6817013 -128545 -937505 -99682 -29516 103791 -7282 25350 65528 76451 -3150 -4238 -1077 -910 -205 -1276 -13 -580 -39 -9 -4 -9 0 -5 0 0 4 0 13 -3 0 2 -5 0 0 0 0 1 1 -1 0 0 0 0 0 2 0 0 0 0 0 0 0 0 1583838187
-16005647 -14759235 20449021 6232034 -4360057 -7095530 -297774 -143817 120540 -123190 -41332 -30130 -4643 -60107 -10747 -3609 -7067 -3128 -1006 -671 -219 -130 -8 -334 -2 22 -12 95 -18 -3 0 1 0 0 1 -1 0 -1 2 0 0 0 0 0 0 0 0 0 0 0 0 0 0 0 0 0 0 0 0 0 1583838187
-15692867 -15173512 21262828 4678579 -6773938 -7181971 -1378952 -141299 118076 -124911 -42602 -22735 -4163 -62524 -8965 -2015 -4513 -2519 -954 -1649 -208 -131 -56 -294 -3 -26 -13 -6 1 0 0 1 -3 0 -1 -1 0 -1 1 0 0 0 -1 0 0 0 0 0 0 0 0 0 0 0 0 0 0 0 0 0 1583838187
-16089566 -15509780 21976929 5020246 -7886171 -7597364 -1819996 -142239 120627 -126328 -43330 -30224 -3998 -65760 -10913 -3691 -6804 -3119 -980 -668 -219 -141 -51 -318 -3 -26 -12 -4 1 0 0 1 0 0 3 0 0 0 0 0 0 0 0 1 0 0 1 0 0 0 0 0 0 0 0 0 0 0 0 0 1583838187
-16088170 -15503780 21960623 5110986 -5426191 -7552627 -2064124 -142467 119149 -126913 -43576 -14184 -3705 -843 -2740 7278 35920 -6666 -1443 2247 -38 -3824 957 83 -15 20 -18 -16 -2 -14 0 -5 -10 0 0 12 0 10 -1 -4 0 0 -5 3 1 0 2 0 0 2 0 0 2 0 -1 0 0 0 0 0 1583838187
-15890047 -15362185 21643714 5090885 -7325832 -7477749 -1555347 -142566 -28854 -125626 -43053 150527 -3867 -67539 206837 129222 -6947 53777 2951 -74940 -196 3434 513 -258 15 -70 -3 -23 -13 -20 0 -7 -1 1 3 -1 0 0 1 0 -1 1 0 0 0 3 0 0 0 0 0 0 0 0 0 0 0 0 0 0 1583838187
-16088701 -15504106 21953165 5256684 -1251539 -7484880 850313 -137546 119113 -118697 -39225 -27767 -5117 -49260 -9538 -1862 -5945 -3713 -1073 -1 -216 -245 -644 -372 -2 -24 -11 -6 1 0 0 1 -2 0 0 -1 0 0 2 1 0 0 1 0 0 0 0 0 0 1 0 0 0 0 1 0 0 0 0 0 1583838187
-16088976 -15501614 21942774 5362401 1706076 -7434933 2036097 -135459 119016 -115309 -37402 -27808 -5615 -42004 -9192 -1889 -4354 -3506 -1093 -337 -208 -144 -1111 39 -4 -25 -21 -6 1 0 0 1 -7 0 2 5 0 0 -5 0 0 0 1 2 -1 0 2 1 -1 -1 0 0 0 0 0 0 0 0 0 0 1583838187
-16088144 -15510640 21978396 5017825 -7892668 -7597631 -1819234 -142235 119310 -126324 -43330 -28179 -3995 -65935 -9610 -2134 -5353 -3437 -1007 -326 -212 -165 -161 -336 -3 -26 -10 -6 1 0 0 1 0 0 4 0 0 0 1 3 0 0 0 -1 -1 0 0 0 0 -1 -2 0 2 0 1 2 0 0 0 0 1583838187
-16086453 -15509201 21975180 5019172 -7886254 -7596319 -1819893 -142245 117982 -126326 -43331 -26128 -3992 -65805 -8662 -570 -7429 -3967 -1026 419 -221 -204 6 -311 -3 -27 -12 -6 2 0 0 1 0 0 2 -1 0 0 0 0 0 0 0 0 0 0 0 0 0 0 0 0 0 0 0 0 0 0 0 0 1583838187
-16088186 -15510008 21975932 5041833 -7221368 -7586185 -1627615 -141884 119278 -125767 -43025 -28082 -4067 -60487 -9869 -2072 -7783 -3641 -1010 21 -226 -190 -34 -242 -3 -26 -14 -6 1 0 0 1 -1 0 0 0 0 0 0 0 0 0 -1 0 0 0 0 0 0 0 0 0 0 0 0 0 0 0 0 0 1583838187
-15216762 -14853408 20508397 4786608 -6746609 -7490885 -1254492 -142676 -536609 -123945 -42321 28814 -4145 -68702 35424 42678 -7845 -4792 -1012 1026 -210 -404 -134 -308 -27 -12 -13 -6 2 0 0 1 -3 0 1 -2 0 0 -1 0 0 0 1 0 0 -1 0 0 0 0 0 0 0 0 0 -1 0 0 0 0 1583838187
-16084859 -15507650 21971753 5020877 -7878617 -7594881 -1822018 -142258 116736 -126334 -43336 -23811 -3986 -65526 -5828 1104 -4420 -3241 -993 -654 -207 -336 -157 -334 -3 -24 -11 -6 1 -1 0 1 0 0 2 -2 0 0 1 0 0 0 0 0 1 0 0 0 0 0 0 0 1 0 -1 0 0 0 0 0 1583838187
-16086911 -15509563 21976145 5018495 -7835065 -7592903 -1827172 -142243 120642 -126345 -43339 -26885 -3984 -64276 -11036 -3712 -2032 -3169 -1010 -800 -197 -148 -258 -369 -4 -24 -9 -2 3 3 0 3 -1 0 1 2 0 0 0 0 0 0 5 0 0 0 4 -2 1 0 0 1 0 0 0 0 0 0 0 0 1583838187
-16088913 -15506335 21969476 5033617 -7604521 -7590273 -1846784 -142279 120347 -126401 -43364 -16739 -3950 -58490 -3073 4125 -5171 -2706 -1134 3610 -204 -3640 -128 -250 -4 -3 -13 -14 -1 -11 0 -3 -2 0 0 3 0 7 0 -1 -1 0 -1 0 0 0 1 0 0 0 0 0 0 0 0 0 0 0 0 0 1583838187
-16085534 -15501582 21946704 5272059 -868318 -7476537 1224830 -136942 116539 -117650 -38674 -24338 -5292 -57431 -7790 810 -6087 -4616 -1133 1120 -211 -250 -699 -60 -4 -24 -18 -5 2 0 0 1 -6 0 0 3 0 -1 2 -2 0 0 -2 2 -1 0 0 0 0 0 0 0 0 0 0 0 0 0 0 0 1583838187
-16088857 -15503386 21949897 5293083 -227441 -7467580 1182327 -136947 119118 -117739 -38701 -27683 -5241 -41184 -9473 -1835 -4373 -3715 -1085 -47 -211 -313 1142 -261 -3 -28 -11 -6 1 0 0 1 -5 0 -1 5 0 0 1 -2 0 0 -3 0 0 0 0 0 0 0 0 0 0 0 0 0 0 0 0 0 1583838187
-16088162 -15510477 21978038 5018848 -7870835 -7597155 -1824026 -142242 119335 -126337 -43336 -28152 -3990 -65225 -9644 -2124 -2441 -3526 -1030 -316 -198 -220 -270 -331 -4 -26 -12 -6 1 0 0 1 0 0 0 0 0 0 0 0 0 0 0 0 2 0 -1 0 0 0 0 0 0 0 0 0 0 0 0 0 1583838187
-16080080 -15504717 21964863 5024639 -7815735 -7590962 -1830290 -142286 112894 -126356 -43349 -18795 -3969 -63752 -425 4916 648 -2343 -960 -1999 -182 -102 -407 -382 -4 -27 -8 -6 1 0 0 1 -1 0 1 3 0 0 0 0 0 1 7 0 -1 0 3 0 0 1 0 -2 0 0 -2 1 0 0 0 0 1583838187
-16054390 -15483123 21912316 5123275 -5456674 -7533693 -827686 -140663 92307 -123510 -41832 10980 -4354 -60230 16345 27664 -3541 -8286 -1306 5578 -195 -462 -327 -202 -5 -25 -12 -4 3 1 0 2 -4 0 0 4 0 -1 0 -2 0 0 -3 1 0 0 1 -1 0 0 0 0 0 0 0 0 0 0 0 0 1583838187
-16085067 -15506129 21965259 5085371 -6089175 -7565010 -656205 -140288 116694 -123054 -41610 -24185 -4550 -88758 -6790 940 -9548 -3851 -1020 251 -217 -310 -166 -291 -2 -24 -13 -6 1 0 0 1 0 0 3 0 0 0 0 1 0 0 0 0 0 0 0 0 0 0 0 0 0 0 0 0 0 0 0 0 1583838187
-16046978 -15467829 21862611 5474659 4210584 -7363554 2606713 -134594 85248 -113695 -36576 28504 -5791 -35219 135686 38398 9032 73714 3927 -100427 -147 4162 -1652 101 15 -71 -14 -31 -18 -29 0 -11 -12 2 -1 6 0 4 -7 1 -1 2 -1 -1 -1 0 -5 1 -1 0 -1 2 -2 1 1 -1 0 0 0 1 1583838187
-16085319 -15507736 21970906 5040220 -7261753 -7586313 -1540532 -141757 117106 -125528 -42903 -27188 -4114 -65414 -10355 -3693 -7519 -2589 -944 -1366 -222 -104 64 -300 -3 -23 -12 -6 1 0 0 1 -1 0 0 -1 0 -1 1 0 0 0 0 0 0 0 0 0 0 0 0 0 0 0 0 0 0 0 0 0 1583838187
-16000505 -14719775 20375514 6165865 -7932769 -7130674 -1825567 -145612 120648 -127613 -43692 -30238 -3991 -65488 -10903 -3686 -4177 -3216 2204 -574 -199 -142 -177 -335 -4 144 -14 341 -69 -9 0 1 -1 0 2 0 2 0 1 0 0 0 1 1 0 0 0 0 0 0 0 0 1 0 0 0 0 0 0 0 1583838187
-16081787 -15504048 21961040 5084915 -6097155 -7562080 -1996663 -142416 114128 -126744 -43504 -19921 -3788 -18226 -4510 3987 21028 -4988 -1258 777 -105 -462 569 -539 -8 -27 -5 -5 2 0 0 1 0 0 -18 -14 -1 -1 9 1 0 0 2 0 -1 0 0 -1 1 0 0 0 0 0 0 0 0 0 0 0 1583838187
-16088583 -15507096 21964761 5147595 -4253616 -7534345 -257465 -139505 120627 -121873 -40939 -28139 -4657 -60577 -10853 -3616 1414 -3298 -1068 -772 -177 -151 -76 -399 -4 -26 -7 -4 2 1 0 2 -3 0 -6 -4 0 -1 4 1 0 0 0 0 0 0 0 -1 0 0 0 0 0 0 0 0 0 0 0 0 1583838187
-16088986 -15500599 21953961 5120232 -5361850 -7550147 -1294115 -141266 120551 -124785 -42466 -30018 -4161 -36219 -10842 -3617 -8515 -3068 -981 -650 -241 -127 -128 -312 -2 -22 -12 2 0 0 0 1 -2 0 0 -2 0 0 0 0 0 0 0 0 0 0 0 0 0 0 0 0 0 0 0 0 0 0 0 0 1583838187
