-15056590 -6339945 3381825 18471873 -4473028 -2107958 -2296396 -235250 147566 23744146 -23035 -20039 -2353 16856 -7466 -2437 -6737 -1964 -570 -363 -34072 -83 19 -432 0 -21 -61 -6 1 0 0 1 0 0 0 -1 0 0 0 0 0 0 1 -1 0 0 0 0 0 0 0 0 -1 0 0 0 0 0 0 1 1583836345
-16090303 -15503350 21950404 5279850 -674665 -7476287 2235391 -135320 120406 -114814 -37229 -30260 -5846 -102731 -10545 -3585 -17092 -3023 -983 -583 933 -100 -378 -42 -1 -19 447 -4 2 0 0 1 7 0 1 0 0 0 -2 0 0 0 3 -1 1 0 2 1 -1 0 0 0 0 0 2 -2 0 0 0 0 1583836345
-16089742 -15506375 21964879 5120282 -5148056 -7550875 -216308 -139520 120545 -121805 -34627 -30247 -4732 -82034 -10772 -3655 -12485 -3047 -964 -610 -234 -126 1285 -242 -1 -29 -10 -4 1 0 0 1 1 0 2 0 0 0 0 -1 0 0 0 0 0 0 0 0 0 0 0 0 0 0 0 0 0 0 0 0 1583836345
-16089096 -15505548 21968282 5027831 -7843983 -7594149 -1824557 -142278 120634 -119910 -43332 -30226 -3998 -65975 -10920 -3696 -9679 -3083 -980 -652 8195 -134 75 366 -5 -24 25 -4 1 0 0 2 30 0 3 1 0 0 -2 7 1 0 -1 -3 -3 0 -1 -1 1 2 0 0 0 0 0 -1 0 -3 0 2 1583836345
-16089386 -15508121 21973497 5024170 -7841539 -7595629 -1828725 -142262 120628 -126360 -35267 -30216 -3992 -64552 -10918 -3693 -9655 -3065 -959 -636 -234 -135 108 -183 -3 -25 32 -4 1 0 0 2 27 0 0 3 0 0 -3 1 0 0 4 2 5 0 -6 -4 3 -1 0 -2 0 0 0 0 0 -4 0 1 1583836345
-15056590 -6339945 3381825 18471873 -4473028 -2107958 -2296396 -235250 147566 23744146 -23035 -20039 -2353 16856 -7466 -2437 -6737 -1964 -570 -363 -34072 -83 19 -432 0 -21 -61 -6 1 0 0 1 0 0 0 -1 0 0 0 0 0 0 1 -1 0 0 0 0 0 0 0 0 -1 0 0 0 0 0 0 1 1583838187
-16090303 -15503350 21950404 5279850 -674665 -7476287 2235391 -135320 120406 -114814 -37229 -30260 -5846 -102731 -10545 -3585 -17092 -3023 -983 -583 933 -100 -378 -42 -1 -19 447 -4 2 0 0 1 7 0 1 0 0 0 -2 0 0 0 3 -1 1 0 2 1 -1 0 0 0 0 0 2 -2 0 0 0 0 1583838187
-16089742 -15506375 21964879 5120282 -5148056 -7550875 -216308 -139520 120545 -121805 -34627 -30247 -4732 -82034 -10772 -3655 -12485 -3047 -964 -610 -234 -126 1285 -242 -1 -29 -10 -4 1 0 0 1 1 0 2 0 0 0 0 -1 0 0 0 0 0 0 0 0 0 0 0 0 0 0 0 0 0 0 0 0 1583838187
-16089096 -15505548 21968282 5027831 -7843983 -7594149 -1824557 -142278 120634 -119910 -43332 -30226 -3998 -65975 -10920 -3696 -9679 -3083 -980 -652 8195 -134 75 366 -5 -24 25 -4 1 0 0 2 30 0 3 1 0 0 -2 7 1 0 -1 -3 -3 0 -1 -1 1 2 0 0 0 0 0 -1 0 -3 0 2 1583838187
-16089386 -15508121 21973497 5024170 -7841539 -7595629 -1828725 -142262 120628 -126360 -35267 -30216 -3992 -64552 -10918 -3693 -9655 -3065 -959 -636 -234 -135 108 -183 -3 -25 32 -4 1 0 0 2 27 0 0 3 0 0 -3 1 0 0 4 2 5 0 -6 -4 3 -1 0 -2 0 0 0 0 0 -4 0 1 1583838187
