-16085128 -15507479 21970810 5035400 -7434662 -7586114 -1771029 -142140 118019 -126176 -43247 -24703 -4003 -61064 -9036 -700 -9836 -4042 -1019 572 -233 -241 51 1287 -13 31 4084 1 8 1 0 0 -28 1 4 -1 0 0 0 -1 0 1 -1 -1 -1 0 0 0 0 0 0 0 0 0 0 0 0 0 0 0 1583838658
-16090116 -15500589 21942491 5368815 1970567 -7426339 -2719773 -142942 120329 -128386 -44136 -28701 -3039 190125 -10834 -3284 -12088 -2777 -955 -585 -375 -75 226 469 -5 -23 -24 -3 1 0 0 1 7 0 -2 0 0 -1 0 -3 0 0 0 7 -4 0 0 0 0 -1 -1 0 -1 0 0 0 0 0 0 0 1583838658
-16093603 -15454047 21745760 7600648 65633928 -6328925 -8527287 -147398 117090 -141680 -49417 -16977 3057 1804550 -8483 889 -27495 -857 -918 -398 -1276 270 -1096 -383 4 -8 9 -4 2 0 0 2 8 0 0 14 0 -1 1 7 2 0 1 5 3 1 3 -3 2 4 -2 -2 -1 0 -1 1 0 0 1 2 1583838658
-16089580 -15509776 21976785 5023168 -7800412 -7595922 -1827654 -142245 120625 -126345 -43336 -30214 -3991 -63574 -10918 -3692 -9672 -3064 -959 -636 -234 -135 171 -270 -2 -26 -9 -4 1 0 0 1 2 0 0 -1 0 -1 0 -1 0 0 1 0 0 0 0 0 0 0 0 0 0 0 0 0 0 0 0 0 1583838658
-16079311 -15495589 21933228 5314014 384471 -7444947 -2575084 -142867 113888 -128061 -44019 -16372 -3181 146328 -5172 3880 -11725 -4354 -1042 1276 -350 -205 5 -295 -2 -21 -4 -2 4 4 0 3 2 0 -1 0 0 0 -1 1 0 0 1 0 3 0 3 0 0 1 0 2 -1 0 0 1 0 0 0 -1 1583838658
-16088983 -15502258 21943905 5401255 3022253 -7409292 -2816679 -143005 119002 -128604 -44226 -26469 -2938 215781 -9462 -1675 -12341 -3002 -969 -277 -388 -136 35 753 -6 -23 -26 -6 2 0 0 1 0 0 1 -4 0 0 -3 -3 0 0 0 1 -1 0 0 -1 1 0 0 0 0 0 0 0 0 0 0 0 1583838658
-16088882 -15496005 21940342 5223968 -2484191 -7498464 -2312310 -142673 120464 -127467 -43774 -29392 -3474 74249 -10872 -3470 -10999 -2907 -956 -608 -311 -101 76 -322 -1 -20 -8 4 0 0 0 1 1 0 0 -1 0 0 0 -1 0 0 1 0 0 0 0 0 0 0 0 0 0 0 0 0 0 0 0 0 1583838658
-16086926 -15507338 21967711 5102889 -5479598 -7553478 -2039172 -142410 119268 -126827 -43527 -26143 -3760 -3517 -9648 -2002 -10261 -3307 -974 -266 -268 -200 100 -217 -2 -21 187 -4 3 1 0 2 0 0 0 -2 0 0 0 -1 0 0 1 0 0 0 0 0 0 0 0 0 0 0 0 0 0 0 0 0 1583838658
-16091325 -15491257 21903746 5712789 11316117 -7273564 8276839 -124929 120039 -97728 -28081 -30138 -8535 -130000 -9970 -3372 -28595 -2922 -1013 -492 -265 -41 -1058 1516 -6 -14 687 -4 2 0 0 1 13 0 7 1 0 0 -3 -4 -1 0 4 0 2 0 3 2 -2 1 2 -3 0 0 -3 3 0 0 0 0 1583838658
-142 411 313 116 193 -288 321 316 200 202 495 272 117 152 -234 -277 292 245 463 -150 142 -186 -29 195 237 616 326 -61 -192 -488 552 -169 -236 -183 536 -120 129 -26 289 -203 72 493 146 68 232 -32 -477 88 -58 -155 370 -402 -293 -339 -268 -355 -241 -63 -49 168 53 404 -37 -139 268 -377 -80 -283 156 294 -254 179 -206 -598 -445 -4 -186 -121 197 109 -60 267 48 13 -290 85 187 -117 -39 -450 -395 -95 18 -265 672 -670 -22 244 -606 164 -318 154 -87 -151 -548 122 54 381 -100 73 171 176 -518 -487 281 -30 396 0 392 -348 250 68 126 -3 -456 216 374 101 -287 472 -8 61 528 -36 -38 -887 218 -247 -150 314 -323 84 216 424 -233 -112 199 -404 193 -105 146 374 486 15 -390 -289 -459 -207 -439 61 140 -263 -338 -379 82 513 -560 423 -474 -13 -76 -24 -175 417 97 76 -401 317 -167 -375 -247 171 -357 -562 -392 184 -241 -136 -73 -71 -425 216 292 507 -95 484 33 -280 44 96 -16 74 62 -147 192 392 -209 -513 256 482 112 -313 -98 145 -165 7 -300 181 -118 179 155 -19 -82 119 345 -172 -189 755 395 -26 -287 -208 66 100 -110 122 -537 -86 274 536 164 -53 -174 -200 -71 564 0 191 -333 -427 293 106 -446 833 -207 78 89 558 161 226 354 117 -54 48 -364 -445 117 -117 424 79 -51 542 316 34 -267 -225 -91 -102 53 -288 17 47 400 -204 0 -193 151 204 -28 201 -177 160 -309 -381 -36 -136 260 -328 122 16 -85 -303 106 -191 267 220 -547 24 0 -267 137 -299 343 36 2 198 51 -140 314 289 -278 247 -109 -332 -27 42 104 -98 -209 -93 205 -434 -134 324 -37 -419 -211 -177 -331 242 327 9 -262 -286 -275 21 236 -256 -75 -545 166 113 -130 37 160 274 -50 425 223 252 222 -118 -93 -63 -180 346 515 -244 188 36 434 323 609 -17 83 -208 167 -249 21 -450 194 267 -71 -138 132 579 342 -206 -160 65 -401 -79 -172 -202 181 7 -53 -205 -61 31 32 -36 506 -431 -207 353 -112 -9 26 163 130 -92 134 -388 -350 -85 106 175 266 186 -21 -115 -94 -280 444 -162 1583863281
226 210 449 -29 -226 238 177 198 -227 35 141 -25 35 -200 214 -732 -223 539 -149 -676 138 397 -336 -613 -350 -518 311 -378 260 -388 123 -291 -182 56 -238 -279 202 -50 -9 305 -42 -107 462 291 -608 169 432 97 207 128 -30 -517 -280 179 -272 -124 -189 -164 446 268 475 369 -627 101 470 306 -415 248 288 -396 -39 -457 390 -378 412 91 139 222 358 -84 317 -140 536 271 104 38 66 -279 -110 416 22 311 272 -176 123 -165 437 222 105 496 -533 433 213 60 -41 -31 416 -590 43 152 571 61 -321 -121 190 115 -251 -66 -272 -44 -55 366 -194 228 -95 239 906 24 354 571 255 470 -208 410 404 264 -209 -693 -108 275 -324 364 306 -52 -12 35 218 24 -376 147 57 54 165 520 88 112 1 427 -229 -43 -341 43 -195 -295 118 -315 542 154 131 -365 245 -219 -546 183 -50 -294 136 62 272 -15 -349 143 -28 65 463 -708 -278 -387 120 -412 -71 47 165 88 57 13 -63 -60 284 81 -312 -25 -85 -102 -239 -324 112 105 470 107 -208 277 -209 -187 -266 249 259 -417 -145 373 -441 169 247 227 -334 237 -73 98 471 23 -258 356 -131 565 -1 114 471 212 582 -249 -16 55 -303 154 -169 25 -146 88 -114 363 -667 218 86 -45 211 5 -146 -515 37 -43 140 -198 404 2 229 -404 124 -48 376 -159 -46 -405 -200 297 -30 -376 11 -192 -146 -88 -229 17 -415 133 -288 -453 -107 3 -99 266 -111 -441 -82 40 199 -3 505 -156 -221 -144 -433 -9 -96 -221 47 -136 124 -28 449 470 -253 10 -230 -175 180 -161 179 -756 -41 -513 532 -194 -58 -312 -629 -231 -94 -216 346 115 162 -388 -280 278 -468 -116 342 -271 249 49 271 415 -140 525 192 109 136 -82 -10 137 362 -66 -164 162 200 3 198 -133 431 260 -443 -487 -257 362 68 1 183 -84 -397 264 323 393 255 -285 630 -7 -180 296 52 382 -388 245 -37 -280 -139 63 205 -90 -257 13 218 34 -202 84 21 -165 131 300 435 382 -223 108 346 271 237 -565 151 -394 -49 -236 178 -160 53 -61 -57 -381 238 603 -104 -388 180 227 59 556 -181 -132 1583863281
-135 426 339 -180 108 -23 -155 -343 -238 -29 -191 10 -242 201 100 -566 -46 94 51 -255 104 57 96 128 22 582 -643 184 521 505 101 -67 -260 -214 -69 87 -44 -134 -257 283 292 14 84 -297 -21 405 -118 54 -123 463 -402 111 -197 254 127 -316 -167 -274 -191 -90 116 436 227 358 -256 206 215 -210 -341 -411 -91 -17 99 -509 -438 653 -305 100 -225 -76 55 -40 -94 461 -380 -31 -378 139 -295 199 703 -281 117 129 -68 87 76 -239 41 575 -287 -119 -157 123 -441 149 402 392 192 -322 -6 -653 -157 407 -260 824 172 -192 -53 -256 -571 349 157 -117 385 27 144 -318 -237 115 212 92 -291 -104 -10 134 143 595 -201 -205 -97 164 -426 -161 -127 10 -257 361 172 -40 302 -424 -500 228 144 143 -206 327 -29 -587 261 -123 263 -143 -278 100 121 -128 229 172 187 287 205 -462 -180 -171 -93 165 400 -251 -194 -228 771 271 360 183 242 16 519 151 534 129 192 127 181 -470 -600 293 -426 47 -9 -114 -323 -177 -175 130 148 -131 -69 -86 -45 -159 -256 190 774 -10 38 -4 -67 280 -151 -67 -149 4 -213 115 -3 -83 781 87 -354 134 613 -58 353 530 137 86 179 8 -245 -78 160 -223 -99 -118 267 15 413 60 33 -40 42 -429 -206 -384 83 -478 -106 445 -217 -90 33 727 -199 230 -587 -245 256 -316 -276 -348 -326 -529 270 267 127 -448 22 216 129 293 198 -206 -217 -144 -188 282 34 -397 590 -221 541 38 124 -180 -172 124 -143 414 480 0 -225 -366 -309 309 -3 23 -52 138 435 311 53 -94 -109 209 34 -189 415 -690 -128 206 -310 -173 -62 -282 207 -126 171 322 284 -194 -160 92 351 -173 157 -4 -310 176 -385 163 78 -98 296 343 154 422 324 22 -442 -469 349 -107 -233 66 268 89 -521 33 -74 130 5 -200 -173 -261 182 242 -253 283 89 30 -109 -520 93 607 388 261 368 -128 172 10 -190 -134 -611 -429 -106 -103 16 253 -114 328 -25 -6 -263 163 165 -36 -81 96 -38 -260 222 40 -175 341 -184 38 -216 24 -137 -155 168 239 345 -224 179 -201 75 146 152 -168 -62 108 647 -285 1583863281
-368 -536 -305 -196 -157 -44 137 -1053 -287 126 743 197 1136 -63 -294 -106 -31 -560 -372 -648 396 872 138 -121 -123 381 -589 183 29 782 -849 -592 -83 -215 -90 -75 120 293 74 -260 424 337 -327 115 -418 91 235 -346 -358 391 -155 187 467 375 409 32 116 -430 -490 -132 -197 -247 -195 -42 -500 162 65 64 -134 -185 178 472 136 236 117 -67 327 -343 245 -213 412 45 -300 255 -173 -5 59 44 -348 -171 574 -347 -45 -351 -170 -220 148 253 -223 72 140 -352 -53 145 167 -31 -111 369 -62 -187 112 -624 212 -44 -247 -181 -761 -29 449 262 -201 -179 425 -446 -71 -13 -270 -63 120 -456 -189 449 -168 16 -20 72 280 -284 150 -127 9 277 -479 -267 166 -293 16 319 58 456 477 -29 -328 121 198 -153 378 -69 100 346 -104 -105 428 -122 291 -59 -292 -390 -56 236 149 143 -109 -386 339 294 112 140 -330 -385 -136 250 101 206 -222 -105 313 116 334 -440 -640 165 285 -425 127 -461 88 448 342 -51 71 114 543 -241 -133 9 -315 -96 5 -59 563 237 -314 -47 -230 178 -186 -168 321 -172 56 312 -313 -121 -67 89 -295 54 15 236 -414 -551 12 -234 236 59 233 187 19 -4 -168 75 -235 -206 -155 -116 91 107 428 116 -70 -220 88 15 159 -175 128 -122 -463 183 72 506 -405 380 0 -552 132 218 -106 16 113 -140 -82 -184 -58 -435 -123 296 -96 -27 -127 -380 124 -61 -132 -93 238 -313 -124 -480 282 13 -236 26 -64 -524 -42 -143 -109 160 -472 228 288 263 45 477 23 98 343 148 93 236 186 -165 -430 -57 117 152 202 32 665 98 -472 -152 -4 264 -187 32 -4 -525 -271 -16 -29 128 -1 -167 287 -42 -150 211 215 -24 192 -36 158 -49 169 -457 -94 222 247 3 -132 -134 104 42 485 103 -251 -81 -130 -12 28 688 -90 119 10 -24 53 317 1 34 153 303 -121 -57 118 1 5 187 74 82 136 -324 409 -53 -315 403 2 -452 -170 -239 456 -7 -320 521 316 -248 -139 -31 -185 125 -181 -296 8 561 74 89 -35 202 -302 -296 56 123 -466 -313 -62 166 -451 -89 163 -189 91 -322 -89 83 1583863281
-272 -516 -918 183 -316 257 119 -326 -584 -378 413 -301 -286 192 -318 627 186 -378 -145 -10 -104 342 -158 402 555 -353 422 185 246 -257 -62 559 178 137 76 591 -381 -605 284 -21 160 -403 -231 103 532 87 -148 34 -104 230 -67 538 -163 -113 229 480 -273 394 154 180 -115 -30 239 -243 325 272 362 -62 179 131 -138 267 82 -518 150 -574 -17 28 -482 143 250 129 -579 116 -337 1 -50 -20 -173 544 153 -61 152 3 -262 -190 174 241 -59 267 36 231 178 -572 18 356 -327 -127 170 22 322 113 -130 301 -197 33 230 266 258 144 -220 138 162 113 -501 -17 264 -240 139 -170 7 260 -290 733 73 99 366 236 187 -632 301 -66 384 217 -740 168 -279 -145 -374 -227 -13 -136 -440 217 -447 -516 -275 -151 -434 392 -33 -191 124 136 532 161 0 110 -647 -172 386 -157 340 -41 -12 55 -5 -184 -39 -75 -273 -111 -10 399 -198 423 306 128 -342 809 711 -469 81 -503 68 262 494 -147 -153 115 -135 37 263 137 -171 -140 -205 -161 372 12 -201 653 221 608 62 -34 91 -62 -316 184 132 57 184 295 410 285 124 -4 148 -98 -15 404 427 -545 182 -308 -388 -1 -370 464 -155 -410 97 -77 78 30 -114 -57 -519 22 292 98 462 -252 -21 32 -255 -36 101 88 141 -289 291 -151 205 -316 -216 -370 -62 -415 423 -20 -231 69 -57 168 -202 -297 561 -596 -267 -348 -175 -18 -89 -64 17 347 -22 106 324 54 -766 -389 -167 61 -170 -1 -254 168 -380 -80 15 -263 136 -421 32 123 -35 -194 -234 6 272 -293 91 -18 -210 -110 300 28 -355 -110 -409 -315 49 108 -258 403 -198 -372 -36 393 315 96 -258 396 -111 -22 -113 588 -136 -108 75 288 -7 9 415 17 341 398 -270 -50 -143 -10 -262 -28 -57 150 -428 -191 -84 -119 -36 -125 -349 319 145 43 -165 -302 57 -74 449 -357 250 100 203 17 -116 206 -115 -65 310 39 183 122 60 -193 208 261 -37 190 74 231 -444 105 12 -146 -20 255 261 316 -117 -695 138 68 -108 663 -300 -135 455 239 164 96 413 -272 238 -242 89 34 142 139 244 -64 51 -387 1583863281
-84 337 -424 -147 -407 -70 231 118 -263 397 -254 -154 -28 -16 576 98 -259 -76 19 519 376 315 -250 495 -8 129 -130 149 105 155 70 -333 -206 512 -141 -17 -180 494 -98 -149 -164 -249 179 301 -6 -46 -185 -83 -555 76 27 789 -322 80 -118 -15 110 176 916 -369 -65 158 -43 -30 200 29 -46 -547 -217 484 105 195 -433 -155 455 -201 -133 282 -289 86 -29 134 -396 -144 -92 -409 -159 -269 -106 214 -582 361 -463 -285 -367 142 -522 95 -92 50 57 201 28 -229 335 -317 462 -535 -139 107 299 -224 -186 254 -101 -242 -73 -64 -339 -162 285 -255 221 427 379 26 40 -331 -170 250 -188 117 -263 160 -369 -252 -82 -916 134 -231 354 -713 -66 197 -72 -225 -306 221 -234 523 433 374 -73 10 -336 245 244 682 261 248 397 128 53 257 493 126 -193 -77 -145 -30 -51 126 40 -197 -21 -44 52 -358 219 -132 295 338 -269 -65 449 -50 -149 -188 154 -67 -119 30 108 -83 -294 -541 280 443 -742 15 11 -331 197 0 362 79 141 268 49 353 -117 538 -414 29 -197 693 195 128 7 -562 347 -331 -473 -58 339 -283 -234 98 398 -126 100 -194 -374 43 554 -430 -334 -12 140 149 -122 92 376 -73 556 -65 342 -192 10 -339 -297 -210 11 72 269 104 -130 -14 297 -21 655 -184 671 368 -72 269 -179 -137 399 -290 402 -198 192 -71 -183 -241 -264 -12 388 353 270 487 298 -47 83 -214 169 157 14 236 128 25 8 247 21 181 -254 -357 -248 577 112 351 -253 -145 -24 664 18 -41 -51 327 210 85 393 77 98 138 396 -16 -355 -118 117 -621 83 302 -69 322 -285 353 -227 33 52 -199 253 -373 -258 -112 94 -200 211 -76 -514 -347 183 141 396 -492 -52 192 -256 27 100 -118 485 386 458 720 -77 -72 164 371 52 54 -83 269 27 41 314 22 33 132 -454 28 -310 -160 -332 326 -19 282 221 -349 -100 -219 52 160 -199 56 -349 185 -143 -187 176 21 -384 158 43 -10 96 -329 238 187 -328 -376 -324 4 553 -66 -102 -379 -208 -52 399 456 115 85 -244 -96 -8 157 161 153 -25 423 -209 -180 3 63 1583863281
-169 89 -310 -316 -55 941 115 -89 554 -183 -274 526 265 110 -268 114 143 151 -346 420 -58 944 26 286 278 66 -331 -125 121 -278 -439 270 -82 -106 36 -3 57 -577 -105 172 -22 599 150 495 579 348 -81 -188 209 315 201 -225 39 43 122 -157 -298 -186 81 -216 364 340 -237 70 64 -123 -109 -204 169 213 20 290 210 7 442 118 -319 -639 -266 185 391 116 155 -7 257 -194 -136 310 283 462 -32 521 165 46 50 -223 929 -58 112 63 -369 -264 45 -635 -159 198 -468 215 588 370 -42 343 809 291 53 -150 124 -32 -262 457 121 -270 541 506 -95 82 -521 307 -6 499 18 344 -144 -405 -348 223 -120 -375 476 -84 -5 380 -202 -410 54 296 138 143 30 -5 149 193 221 42 -135 322 285 -72 -562 -381 471 -58 37 502 -239 -65 -484 42 325 -117 -5 350 75 315 -264 -107 555 50 19 232 -382 -142 -243 43 -690 -525 255 -8 -250 372 -150 117 -240 -138 271 103 -80 -168 296 249 262 -338 190 -5 -212 -184 -160 -57 -243 -88 -350 307 -228 -54 145 5 394 45 642 -90 -722 -56 26 37 -225 -573 -194 387 282 741 126 -86 215 533 81 5 169 267 728 346 -285 -304 -43 -189 157 -26 261 -193 -20 -56 -132 576 -48 -233 -371 -218 -7 542 -141 -342 353 142 10 -779 112 -41 137 394 83 60 180 -119 59 437 49 41 -224 65 -441 -52 -147 85 -325 237 -207 -159 45 13 103 -161 -94 -82 331 75 62 107 226 99 350 370 -355 -256 -110 -298 166 194 25 299 146 18 -98 -685 -169 -261 -239 84 92 -246 465 -192 78 106 -149 277 -67 -465 72 -242 -156 -211 -261 -151 58 -190 -97 41 165 65 418 212 64 -455 -31 -164 90 -184 326 42 -105 -336 195 206 -289 68 -226 -445 165 -298 74 -232 210 -393 -129 -340 -267 149 336 95 -40 156 509 -81 -314 -281 445 -43 -148 272 154 -87 -229 164 473 -222 -101 -575 -293 239 -250 17 215 -288 148 -123 -203 244 -36 -95 -402 -358 343 42 62 -168 10 95 -347 48 -43 0 42 95 382 282 -273 127 235 -76 -46 -131 -276 75 -209 146 -7 342 1583863281
209 -153 49 46 -159 -876 -17 174 527 -6 -294 -266 589 -294 57 60 -104 65 542 30 -173 -726 10 -201 -222 74 -284 660 677 214 -102 -165 -125 -98 -346 -311 162 -429 208 112 441 -143 649 221 -19 173 10 -172 -49 304 -223 -181 299 -75 401 91 -279 103 -34 -139 -18 -77 170 132 146 348 -140 -56 -401 390 -259 -8 -639 45 -81 -239 78 462 510 -164 21 4 370 265 53 -215 503 -137 -9 472 -224 -475 166 -121 482 398 -61 -279 -63 50 -117 -84 -6 -262 192 -109 8 -301 173 314 -399 -36 -250 263 -222 381 101 -363 801 -116 -159 -247 -446 -154 244 25 19 -253 -112 589 -88 -120 315 -27 -239 308 39 -778 579 152 39 462 18 33 -88 -18 -142 -492 -173 -222 -49 -222 56 -258 145 -53 369 -248 22 -245 520 414 -357 -102 356 235 -1 54 -621 -430 21 -339 553 -87 388 180 597 -535 242 363 -82 253 41 -172 87 291 -423 -568 -390 49 -187 174 485 -653 -406 -403 -95 61 -73 -42 -704 56 -354 -99 203 -683 347 -470 -163 129 -197 336 -212 160 256 -195 -83 -558 56 83 250 396 509 -365 -199 -347 -33 35 -316 329 -348 25 -128 424 427 -217 485 94 101 527 -447 -149 -314 -207 79 470 -291 -297 263 58 118 -33 -78 -114 -387 -321 174 157 324 -251 -160 195 -153 421 277 -314 310 82 -166 -171 46 -265 197 276 299 -337 -254 85 -316 425 48 13 117 -220 -58 -97 697 -361 162 -127 -505 -48 108 348 611 136 133 291 -117 -81 -79 -354 99 -510 -339 142 -37 -212 383 498 264 581 197 13 -262 236 618 -180 148 -123 108 94 -45 -28 -88 -95 -43 -38 276 157 -302 73 -206 302 -485 16 767 281 38 360 123 548 -174 155 -74 114 -48 -68 118 69 55 -359 218 194 -622 258 263 -89 268 162 -303 -152 -44 256 -359 -155 125 318 348 -197 272 -51 -182 -218 177 -278 34 239 -352 106 347 -128 -127 45 183 62 -491 -66 -305 405 64 253 -107 143 -7 66 611 -332 174 -118 -244 -8 -260 -95 44 173 -177 -87 164 295 128 236 67 223 -431 -27 -148 -51 90 -211 -67 14 212 350 -98 -94 1583863281
55 496 -439 299 69 508 -201 339 -335 -771 402 388 -242 307 232 -70 -428 86 207 -394 -356 60 57 280 -553 25 -248 -369 -144 -62 0 276 -14 -515 463 -436 104 -421 -210 10 238 56 -579 -309 -503 28 -590 342 160 135 -462 -567 -90 -374 258 -179 56 -116 -673 -574 -130 -149 -230 182 9 406 238 -114 -523 388 -248 550 263 396 -55 301 -146 98 -194 500 63 -101 -350 -289 367 273 189 -130 -37 -249 151 161 299 -150 -335 380 -401 677 -346 2 436 -253 -336 164 -199 -784 469 -387 -143 -146 -302 -304 234 221 -157 259 -14 -351 -20 25 205 -258 -29 752 605 -150 161 -18 358 209 124 137 324 208 417 212 -97 -667 -246 -128 12 -163 520 332 -151 -136 -12 -335 -263 198 199 1 74 -393 161 717 -316 -345 240 -70 189 227 243 16 -249 516 108 -194 -259 278 -344 314 210 205 30 -470 -441 -117 30 88 -176 -94 515 -72 -254 -571 256 213 -330 424 39 -145 -343 -260 -201 168 -58 30 195 -387 200 -10 552 337 -467 397 -300 80 74 104 70 56 -245 -437 688 -21 388 -214 -44 -143 -135 219 -25 -68 405 -164 -132 -2 -391 -302 13 -11 -203 369 -331 -430 -129 237 -195 -156 -171 -193 96 169 480 -54 -132 -90 -139 -216 -68 419 -50 71 57 270 -251 269 -29 612 87 204 -182 142 115 -32 189 -302 21 14 715 150 -449 248 39 89 451 215 395 336 604 -8 227 -533 -54 -34 -177 58 117 -271 67 46 135 -78 -149 -457 -550 261 -366 334 30 -230 -98 341 233 87 -64 111 -184 -106 -99 -93 -489 91 -29 -66 335 173 -18 85 -434 -17 -147 -32 37 56 -304 -123 -201 34 176 -152 19 -299 -32 54 158 -124 375 322 53 -247 11 133 110 78 23 -58 -168 486 -14 61 4 78 -308 272 -439 226 -76 -34 72 60 -302 -53 421 620 188 266 30 196 118 -172 -339 -4 -112 -351 89 91 329 433 363 -79 172 395 314 194 267 -24 80 54 -128 -221 0 -107 -27 503 -224 353 -272 -62 -111 473 -5 47 -192 -26 173 552 -332 -77 -248 -139 -201 208 29 54 524 554 -240 -121 -313 -102 235 -177 86 -5 1583863281
