-16088147 -15503823 21961104 5096279 -5882613 -7560996 -1196511 -141135 119162 -124539 -42360 -14539 -4212 -51782 -3709 6970 -2900 -6367 -1245 4244 -200 -3841 -131 -252 -5 19 -14 -17 -3 -14 0 -4 -3 0 -2 1 0 9 2 -3 0 0 -1 0 -1 0 0 0 0 0 0 0 0 0 0 0 0 0 0 0 1583836345
-16089969 -15506003 21961474 5175975 -3530758 -7523602 -222457 -139403 120494 -121746 -40853 -30029 -4649 -46732 -10738 -3585 -7866 -3105 -1005 -663 -230 -124 -235 -347 -2 -26 -13 -4 1 0 0 1 1 0 3 0 0 -1 2 -1 0 0 0 1 0 0 0 0 0 0 0 0 0 0 0 0 0 0 0 0 1583836345
-16081485 -15504167 21964140 5023909 -7886336 -7592208 -1820122 -142277 114183 -126332 -43336 -20891 -3984 -65830 -4639 3417 -7191 -4182 -1036 658 -219 -182 -3 -315 -3 -27 -12 -5 2 0 0 1 0 0 2 -1 0 -1 0 0 0 0 0 0 0 0 0 0 0 0 0 0 0 0 0 0 0 0 0 0 1583836345
-16088148 -15510471 21977997 5019392 -7854539 -7596882 -1824182 -142241 119323 -126336 -43335 -28178 -3990 -64863 -9659 -2141 -4966 -3473 -1011 -288 -210 -191 53 -342 -3 -27 -10 -6 1 0 0 1 1 0 3 -1 0 0 0 -1 0 0 0 0 0 0 0 0 0 0 0 0 0 0 0 0 0 0 0 0 1583836345
-16082325 -15494485 21926559 5378157 1950832 -7425629 2619830 -134566 113860 -113697 -36563 -19750 -5903 -62361 -3898 4245 -8173 -4525 -1133 996 -214 -406 -849 -271 -2 -22 -13 -6 1 -1 0 1 -1 0 -5 0 -1 -1 5 0 0 0 -2 0 0 0 0 0 0 0 0 0 0 0 0 0 0 0 0 0 1583836345
-15759116 -15257564 21401019 5159935 -415519 -7452287 1048514 -137613 -128021 -117782 -38820 -40786 -5201 -41430 -8522 -3822 -6906 -2373 -989 -1603 -224 -90 -768 -218 -13 -22 -13 -6 1 0 0 1 -7 0 0 4 0 0 -4 -1 0 1 -1 0 0 -1 0 0 0 1 0 1 0 0 1 0 0 0 0 0 1583836345
-16055628 -15485880 21923181 5006689 -7893088 -7595136 -1818601 -142283 94918 -126291 -43321 -27574 -3994 -66003 -10338 -3663 -7233 -2518 -936 -1459 -221 -103 -51 -312 -3 -23 -12 -6 1 0 0 1 0 0 3 0 0 0 0 1 0 0 0 0 0 0 0 0 0 0 -1 0 0 0 0 1 0 0 0 0 1583836345
-16087319 -15499692 21938142 5376872 2086431 -7426703 1619692 -136097 117728 -116449 -38000 -25947 -5402 -25174 -8324 -519 -7870 -3854 -1088 251 -236 -178 -946 -400 -2 -25 -13 -5 1 0 0 2 1 0 7 0 0 0 -1 2 0 0 3 0 4 0 -4 0 0 2 0 2 -2 0 1 0 0 1 2 3 1583836345
-16088106 -15510472 21978021 5018728 -7874151 -7597190 -1821075 -142237 119296 -126328 -43331 -28370 -3994 -65490 -9972 -2268 -7310 -3567 -1004 -83 -221 -151 -44 -273 -3 -27 -13 -6 2 0 0 1 -2 0 0 1 0 0 0 0 0 0 0 0 0 0 0 0 0 0 0 0 1 0 0 0 0 0 0 0 1583836345
-16087965 -15500721 21949727 5194832 -3168862 -7514667 175614 -138779 118816 -120647 -40281 -15991 -4826 -57856 -3425 5880 -9202 -5071 -1171 3472 -224 -3435 1663 -306 -2 6 -12 -15 -2 -10 0 -2 0 0 4 0 0 6 0 -1 0 0 0 0 0 0 0 0 0 0 0 0 0 0 0 0 0 0 0 0 1583836345
-16083145 -15505603 21967315 5023122 -7874396 -7593229 -1821096 -142269 115468 -126333 -43336 -22489 -3985 -65508 -5819 2174 -6759 -4075 -1033 507 -218 -256 -21 -320 -3 -26 -10 -6 2 0 0 1 0 0 2 -1 0 0 0 0 0 0 0 0 0 0 0 0 0 0 0 0 0 0 0 0 0 0 0 0 1583836345
-12807242 -13011591 16398399 4205984 -7148370 -7140300 -1204614 -147261 -2349729 -121978 -42022 308448 -3784 -82052 464527 279247 -9610 128369 8093 -172068 -174 4841 408 -125 -48 18 -5 -30 -21 -24 0 -8 0 2 0 0 0 17 3 1 -1 3 -2 0 0 1 0 0 0 -1 0 0 0 1 0 0 0 0 0 0 1583836345
-16065308 -15480631 21906707 5173157 -3891494 -7518760 -24629 -139228 101582 -121227 -40607 2745 -4716 -64060 -8546 -1390 -4260 -1849 -1037 143 -198 -278 -451 -301 -4 -35 -13 -5 0 1 0 2 -3 0 -2 -1 0 0 2 1 0 0 0 0 0 0 1 -1 0 0 0 0 0 0 0 0 0 0 0 0 1583836345
-16030819 -15466316 21879575 5005070 -7885970 -7589007 -1820297 -142348 76166 -126281 -43323 -21730 -3983 -65856 -7796 -835 -7276 -2657 -967 -599 -220 -195 -52 -236 -5 -20 -14 -4 4 -1 0 1 -1 0 0 0 0 0 0 1 0 0 -2 0 0 0 0 0 0 0 0 0 0 0 0 0 0 0 0 0 1583836345
-16088167 -15510449 21977828 5022120 -7775903 -7595534 -1836870 -142254 119333 -126370 -43354 -28382 -3979 -63850 -9670 -2279 5784 -3568 -1083 -532 -157 -165 -406 252 -8 -26 -26 -6 2 0 0 1 -3 0 5 -2 0 0 0 -1 0 0 2 -1 -2 0 1 0 0 0 0 0 0 0 0 0 0 0 0 0 1583836345
-15955747 -15408532 21750794 4983412 -7889152 -7580844 -1819859 -142476 19851 -126215 -43310 -18796 -3979 -65958 -1458 6839 -7419 -4315 -1037 805 -220 -360 -41 -291 -6 -20 -12 -6 2 0 0 1 -1 0 1 0 0 0 0 0 0 0 2 0 0 0 0 0 0 0 0 0 0 0 0 0 0 0 0 0 1583836345
-15831512 -13203912 17284878 8706529 1899846 -6072384 1974704 -146320 120385 -119157 -38498 -29871 -5559 -30939 -10484 -3450 -6723 -3236 5159 -450 -211 -99 -967 -187 -3 232 -19 516 -105 -13 0 0 -8 0 -3 1 5 0 -5 -2 -1 0 -4 0 -1 0 0 0 0 0 0 0 0 0 0 0 0 0 0 0 1583836345
-16073887 -15490988 21934432 5092402 -5974982 -7528855 -1231758 -141244 124580 -124661 -42425 -378 -4175 -53221 -12682 -3942 -8734 -3261 -977 -725 -234 -121 -128 -242 -3 47 -15 11 12 24 0 -36 -2 -21 1 0 0 0 -2 0 0 1 0 0 0 0 0 0 0 0 0 0 0 0 1 -1 0 0 0 0 1583836345
-16078610 -15496293 21944984 5098294 -5766846 -7536364 -829824 -140572 123441 -123535 -41836 -9054 -4395 -66882 -12123 -3861 -9370 -3215 -979 -700 -229 -123 -136 -294 -2 25 -16 6 9 16 0 -25 0 -14 0 -2 0 0 0 0 0 0 0 0 0 0 0 0 0 0 0 0 0 0 0 0 0 0 0 0 1583836345
-16080451 -15500581 21957714 5021156 -7885432 -7576542 -1821503 -142278 123223 -126350 -43344 -12439 -3965 -65762 -12009 -3863 -4638 -3274 -994 -742 -209 -140 -193 -324 -3 16 -12 4 7 13 0 -20 0 -12 1 1 0 0 0 0 0 0 4 0 0 0 -1 -1 0 -1 0 0 -1 0 0 0 0 0 0 0 1583836345
-16084483 -15505406 21967481 5024912 -7727388 -7583370 -1834326 -142266 122071 -126369 -43349 -20105 -3966 -61761 -11534 -3783 -7280 -3168 -976 -696 -224 -136 -36 -224 -3 -2 -15 0 5 7 0 -11 -2 -7 1 1 0 0 0 0 0 0 0 0 0 0 0 0 0 0 0 -1 0 0 0 0 0 0 0 0 1583836345
-16088207 -15510753 21978603 5018416 -7874118 -7597336 -1821079 -142236 119353 -126327 -43331 -28376 -3994 -65473 -9906 -2292 -7574 -3490 -997 -180 -223 -219 5 -302 -3 -26 -14 -6 2 0 0 1 0 0 1 0 0 -1 0 -1 0 0 1 0 -1 0 0 0 0 0 0 0 0 0 0 0 0 0 0 0 1583836345
-15903340 -15326044 21584999 5087543 -7754441 -7288448 -1833078 -143111 96465 -126636 -43540 239557 -3561 -64086 103169 86321 -8092 14760 400 -25634 -208 3925 301 -282 5 281 -15 88 51 128 0 -185 4 -105 2 -5 0 -8 0 2 -1 8 0 0 0 -1 0 0 0 0 0 0 0 0 0 0 0 0 0 0 1583836345
-16081933 -15503597 21958541 5113314 -5306095 -7549181 -1283362 -141233 114131 -124742 -42450 -20262 -4147 -35040 -4093 3768 -6497 -4026 -1030 485 -228 -297 5506 -239 -1 -39 -12 -6 1 0 0 1 -7 0 1 2 0 0 -1 1 0 0 0 0 0 0 0 0 0 0 0 0 0 0 0 0 0 0 0 0 1583836345
-16088816 -15502996 21963029 5033219 -7794394 -7591808 -1828269 -142284 120625 -126357 -43340 -30211 -3989 -63403 -10913 -3688 -6978 -3114 -979 -666 -221 -140 -53 -241 -3 -22 -14 2 0 0 0 1 -2 0 1 1 0 0 0 0 0 0 0 0 0 0 0 0 0 0 0 -1 0 0 0 0 0 0 0 0 1583836345
-16086231 -15508153 21972445 5031950 -7519175 -7588888 -1634982 -141926 118694 -125803 -43052 -25239 -4073 -66589 -8401 132 -7717 -4339 -1056 1010 -222 -11 -32 -269 -3 -30 -13 -5 2 0 0 2 -1 0 0 1 0 -1 0 -1 0 0 0 0 0 0 0 0 0 0 0 0 0 0 0 0 0 0 0 0 1583836345
-16078079 -15496337 21949587 5008301 -7886228 -7574642 -1820001 -142238 127574 -126340 -43338 -15278 -3973 -65896 -11583 -3939 -7413 -2786 -973 -542 -221 -161 -42 -248 -3 -28 -13 -6 1 0 0 1 -1 0 0 0 0 0 0 0 0 0 -1 0 2 0 0 0 0 0 0 0 0 0 0 0 0 0 0 0 1583836345
-16086760 -15504706 21966210 5025579 -7874559 -7594139 -1821001 -142270 118261 -126342 -43342 -13280 -3972 -65596 -3321 8116 -7742 -7027 -1220 4609 -220 -3700 74 -310 -3 20 -13 -17 -2 -13 0 -4 0 0 2 -1 0 9 1 -1 0 0 0 0 0 0 0 0 0 0 0 0 0 0 0 0 0 0 0 0 1583836345
-16088153 -15503753 21960885 5096073 -5899667 -7561453 -937678 -140729 119164 -123827 -41993 -14623 -4356 -64743 -4038 7139 -8556 -6894 -1206 3952 -223 -3786 -191 -196 -4 26 -17 -17 -2 -14 0 -4 -3 1 1 -1 0 9 0 0 0 0 0 1 0 0 1 0 0 -1 0 0 0 0 0 0 0 0 0 0 1583836345
-16082561 -15497048 21946138 5116093 -4992013 -7529763 -621573 -140138 127670 -122935 -41538 -15277 -4527 -76990 -10435 -4322 -6435 -1213 -999 58 -204 -254 -329 -242 -3 -42 -14 -7 0 0 0 1 -2 0 0 0 0 0 0 0 0 0 0 0 -1 0 0 0 0 0 0 0 0 0 0 0 0 0 0 0 1583836345
-16089160 -15504025 21951604 5286038 -417672 -7470868 1048995 -137169 119352 -118115 -38905 -27890 -5187 -41529 -9374 -2096 -6897 -3382 -1050 -420 -224 -648 -771 -219 -3 -16 -13 -6 1 0 0 1 -7 0 0 4 0 0 -5 -1 0 0 0 0 0 0 0 0 0 1 0 1 0 0 1 0 0 0 0 0 1583836345
-16089745 -15511376 21980176 5017663 -7893214 -7598438 -1818549 -142229 120612 -126322 -43328 -29733 -3999 -65991 -10285 -3365 -7231 -2904 -962 -944 -221 -244 -52 -312 -3 -23 -12 -5 2 1 0 2 0 0 3 0 0 -2 0 1 0 0 0 0 0 0 0 0 0 0 -1 0 0 0 0 1 0 0 0 0 1583836345
-16088151 -15510401 21977839 5019876 -7843641 -7596651 -1828060 -142246 119328 -126347 -43341 -28131 -3985 -64387 -9578 -2110 244 -3536 -1047 -395 -185 -222 -329 -400 -4 -26 -8 -6 1 0 0 1 1 0 2 0 0 0 0 -1 0 0 3 0 0 0 0 0 0 1 0 -2 0 0 -1 0 0 0 0 0 1583836345
-16082140 -15500828 21948812 5193891 -3106344 -7511708 -19335 -139085 114101 -121172 -40550 -19612 -4722 -47089 -5425 4254 -7489 -5550 -1156 2339 -225 -760 -219 -326 -3 -17 -13 -6 2 0 0 1 -1 0 0 0 0 0 2 0 0 0 -1 1 0 0 0 0 0 0 0 0 0 0 0 0 0 0 0 0 1583836345
-16088389 -15508882 21971274 5089365 -5895618 -7563741 -1106650 -140966 119301 -124278 -42222 -28065 -4284 -56432 -9819 -2091 -8460 -3598 -1013 -29 -230 -276 -124 -314 -2 -24 -12 -6 1 0 0 1 0 0 2 0 0 0 1 0 0 0 0 0 0 0 0 0 0 0 0 0 0 0 0 0 0 0 0 0 1583836345
-16086603 -15509342 21975436 5020266 -7854576 -7595803 -1824181 -142249 118084 -126337 -43337 -26053 -3985 -64835 -8893 -558 -1506 -4262 -1081 592 -193 -438 -226 -392 -4 -22 -9 -6 2 0 0 1 -3 0 4 -1 0 0 0 1 0 0 0 1 0 0 0 0 0 0 0 0 0 0 0 0 0 0 0 0 1583836345
-16086530 -15509187 21975114 5020367 -7854690 -7595756 -1824075 -142249 118038 -126337 -43337 -26030 -3986 -64869 -7901 -540 -2774 -3494 -1023 -356 -199 -274 -265 -357 -3 -25 -9 -6 1 -1 0 1 -4 0 1 1 0 0 0 0 0 0 3 0 -1 0 0 0 0 1 0 -2 0 0 -1 0 0 0 0 0 1583836345
-16086339 -15469453 21882800 5315757 -1024036 -7460988 916560 -137619 120418 -118561 -39132 -29972 -5143 -46438 -10621 -3532 -8045 -3118 -1026 -668 -228 -116 -539 -363 -2 -10 -13 25 -4 -1 0 1 2 0 4 -1 0 0 0 -2 0 0 0 0 0 0 0 0 0 0 0 0 0 0 0 0 0 0 0 0 1583836345
-16088322 -15508673 21970682 5091150 -5855729 -7563178 -876706 -140601 119246 -123644 -41896 -28107 -4410 -67552 -9466 -2073 -9331 -3357 -995 -316 -228 -157 -158 -302 -2 -26 -12 -6 1 0 0 1 0 0 3 0 0 0 -1 0 0 0 0 0 0 0 0 0 0 0 0 0 1 0 -1 0 0 0 0 0 1583836345
-16088350 -15508751 21970913 5091934 -5821547 -7562389 -1179837 -141076 119272 -124476 -42324 -28021 -4243 -51875 -9483 -2067 -8526 -3345 -996 -334 -233 -201 -147 -317 -2 -25 -12 -6 1 0 0 1 -1 0 3 -1 0 0 -1 0 0 0 0 0 0 0 0 0 0 0 0 -1 0 0 0 0 0 0 0 0 1583836345
-16089416 -15508405 21974093 5023308 -7854798 -7596023 -1824084 -142251 120626 -126340 -43335 -30216 -3993 -64869 -10906 -3685 -3498 -3180 -1004 -704 -204 -149 -206 -313 -3 -25 -12 -2 1 0 0 1 -2 0 1 1 0 0 0 0 0 0 0 0 0 0 -1 0 0 0 0 0 0 0 0 0 0 0 0 0 1583836345
-16065346 -15492628 21937166 5036246 -7153712 -7582944 -1891801 -142330 102136 -126472 -43393 -27331 -3914 -46359 -10774 -3639 2903 -3043 -1032 -1102 -181 -147 210 -339 -5 -24 -9 -6 1 0 0 1 -1 0 -5 -3 0 -1 2 0 0 0 1 0 0 0 0 0 0 0 0 -1 0 0 0 0 0 0 0 0 1583836345
-16089921 -15509046 21971345 5099163 -5633417 -7560064 -842771 -140525 120544 -123554 -41870 -29852 -4461 -79022 -9660 -3416 -9020 -2427 -936 -1533 -221 -176 -170 -299 -2 -24 -12 -5 2 1 0 2 0 0 3 0 0 -2 0 1 0 0 0 0 0 0 0 0 0 0 0 0 0 0 0 0 0 0 0 0 1583836345
-16088124 -15510309 21977698 5018971 -7874157 -7597109 -1821078 -142238 119318 -126328 -43331 -28089 -3994 -65485 -9641 -2082 -6856 -3476 -1000 -230 -219 -225 -70 -279 -3 -25 -13 -6 1 0 0 1 -2 0 0 1 0 0 0 0 0 0 0 0 0 0 0 0 0 0 0 0 1 0 0 0 0 0 0 0 1583836345
-16088170 -15510179 21977006 5028335 -7604697 -7592506 -1846723 -142258 119324 -126388 -43355 -28059 -3965 -58342 -9420 -2084 -3508 -3353 -1012 -492 -206 -222 138 -353 -3 -26 -9 -6 1 0 0 1 -2 0 -1 -3 0 0 2 0 0 0 0 0 0 0 0 0 0 0 0 0 0 0 0 0 0 0 0 0 1583836345
-16081934 -15498077 21939158 5272218 -953535 -7475087 1169041 -137059 113785 -117812 -38762 -20355 -5260 -56953 -3359 3812 -3094 -3755 -1089 -104 -196 -107 -889 -403 -3 -27 -13 -6 1 0 0 1 -8 0 0 -5 0 0 0 0 0 0 0 0 -2 0 -1 0 0 0 0 0 0 0 0 0 0 0 0 0 1583836345
-13828652 -13764440 18085756 4487003 -7875002 -7273696 -1824875 -146594 -1582685 -124609 -43110 279307 -3512 -67968 296616 209030 -7982 59984 3542 -84465 -183 482 249 -243 -41 30 -8 -21 -11 -15 0 -4 -1 0 1 0 0 3 1 0 0 0 1 0 0 1 0 0 0 0 0 -1 0 0 0 0 0 0 0 0 1583836345
-16074034 -15493304 21936931 5103990 -5599316 -7553611 -884490 -140652 108427 -123655 -41899 -13281 -4364 -60489 -9933 -3769 -9064 -1727 -886 -2551 -231 -35 -110 -261 -2 -20 -14 -7 1 -1 0 1 -1 0 0 1 0 0 0 -1 0 0 0 0 0 0 0 0 0 0 0 0 0 0 0 0 0 0 0 0 1583836345
-16071573 -15492873 21939841 5023338 -7886602 -7591077 -1819942 -142305 106833 -126328 -43338 -11947 -3968 -65901 -8275 -677 -7252 -3092 -966 -806 -221 -242 -43 -299 -3 -23 -15 -7 1 -1 0 1 -1 0 1 0 0 0 0 0 0 0 2 0 0 0 0 0 0 0 0 0 1 0 0 0 0 0 0 0 1583836345
-15936356 -14150769 19222106 6990543 -7979836 -6794768 -1826070 -149380 120666 -128531 -43948 -30254 -3990 -65809 -10904 -3689 -7151 -3141 1084 -584 -216 -136 -50 -303 -3 127 -14 307 -62 -8 0 1 -1 0 1 0 1 0 0 0 0 0 1 0 0 0 0 0 0 0 0 0 0 0 1 -1 0 0 0 0 1583836345
-16062050 -15478568 21911304 5039438 -7610114 -7531164 -1756118 -142252 126488 -126198 -43261 21170 -3931 -63091 -12739 -2732 -6667 -3681 -993 -496 -220 -145 -61 -274 -3 94 -15 23 18 39 0 -60 -1 -34 0 -1 0 0 0 0 0 1 -1 0 0 0 0 0 0 0 0 0 0 0 0 0 0 0 0 0 1583836345
-16085199 -15503456 21955366 5178043 -3502505 -7520608 -109452 -139240 116594 -121437 -40701 -24141 -4708 -54478 -5821 870 -7512 -3055 -998 -787 -223 -169 -472 -272 -2 -26 -11 -6 1 0 0 1 -4 0 2 2 0 0 -2 0 0 0 -1 0 2 0 -1 0 0 3 0 2 0 0 0 0 0 0 0 -1 1583836345
-16089267 -15504105 21962259 5088093 -6164537 -7565900 -984815 -140821 120575 -123963 -42063 -30197 -4366 -67846 -10833 -3659 -8496 -3102 -983 -654 -224 -133 -116 -210 -3 -24 -15 -1 0 0 0 1 -2 0 1 1 0 0 0 -1 0 0 0 0 0 0 0 0 0 0 0 0 0 0 0 0 0 0 0 0 1583836345
-16087156 -15504828 21958156 5184199 -3266869 -7516698 11318 -139019 119197 -121092 -40511 -26428 -4758 -52338 -9803 -2023 -8904 -3633 -1033 -2 -231 -204 -252 -275 -2 -24 -13 -4 2 1 0 2 -2 0 0 0 0 0 0 0 0 0 0 0 0 0 1 0 0 0 0 0 0 0 0 0 0 0 0 0 1583836345
-16089786 -15508056 21969617 5093223 -5857028 -7563388 -627839 -140211 120565 -122960 -41540 -30243 -4544 -78130 -10804 -3661 -8840 -3110 -987 -653 -220 -132 -187 -299 -2 -26 -13 -4 1 0 0 1 -1 0 0 -1 0 -1 1 0 0 0 0 0 0 0 0 0 0 0 0 0 0 0 0 0 0 0 0 0 1583836345
-16086673 -15506849 21966164 5105402 -5484267 -7555325 -1058103 -140871 117906 -124133 -42143 -25123 -4295 -51768 5751 -6503 -5734 18971 -1006 9214 -157 -1622 -364 -224 -2 -237 -11 -15 -20 2 0 1 -3 0 0 0 0 0 0 0 -5 0 0 0 0 3 -1 -1 0 0 0 0 -1 -1 0 0 0 0 0 -1 1583836345
-16088177 -15510629 21978370 5018089 -7886724 -7597514 -1819833 -142236 119335 -126325 -43330 -28132 -3995 -65803 -9504 -2116 -7046 -3340 -990 -397 -220 -208 -52 -308 -3 -26 -12 -6 1 0 0 1 -1 0 1 0 0 0 0 0 0 0 2 0 0 0 0 0 0 0 0 0 0 0 1 -1 0 0 0 0 1583836345
-16089164 -15506206 21969678 5025576 -7882037 -7595180 -1820443 -142260 120627 -126335 -43332 -30224 -3997 -65661 -10912 -3691 -6408 -3127 -983 -672 -217 -142 -97 -282 -3 -24 -11 -1 0 0 0 1 -3 0 1 1 0 0 0 0 0 0 0 0 0 0 0 0 0 0 0 0 0 0 0 0 0 0 0 0 1583836345
-16071222 -15486529 21906063 5423509 3589670 -7401570 2679294 -134335 105496 -113441 -36392 -27532 -5867 -30572 -10544 -3415 -3490 -3184 -1093 -790 -209 -109 -1273 -318 -3 -20 -13 -6 1 0 0 1 -10 0 -5 -5 0 0 -6 1 0 0 -2 0 0 0 0 -1 1 0 0 0 0 0 0 0 0 0 0 0 1583836345
-16088824 -15499360 21951765 5112316 -5659916 -7554747 -869677 -140624 120557 -123649 -41925 -30297 -4463 -83904 -10830 -3683 -8603 -3115 -983 -656 -217 -134 -181 -278 -2 -26 -13 -4 1 0 0 1 -3 0 0 0 0 0 0 1 0 0 -1 0 0 0 0 0 0 0 0 0 0 0 0 0 0 0 0 0 1583836345
-16078293 -15502282 21959755 5024791 -7886526 -7590378 -1820019 -142291 111557 -126333 -43339 -15603 -3977 -65879 -904 7305 -7104 -4555 -1052 1053 -218 -601 -9 -317 -3 -21 -12 -7 1 -1 0 1 0 0 2 -1 0 0 0 0 0 0 0 0 0 0 0 0 0 0 0 0 0 0 0 0 0 0 0 0 1583836345
-16088561 -15497292 21947838 5110568 -5796038 -7555716 -971786 -140808 120562 -123933 -42061 -30243 -4394 -74585 -10835 -3671 -8772 -3102 -981 -652 -222 -132 -163 -260 -2 -20 -14 5 0 0 0 1 -2 0 1 1 0 0 0 0 0 0 0 0 -1 0 0 0 0 0 0 0 0 0 0 0 0 0 0 0 1583836345
-16072599 -15477785 21911351 5036584 -7888340 -7557154 -1819928 -142373 124535 -126399 -43382 40611 -3892 -66340 21541 45825 -7616 -18825 -2013 21823 -203 -13255 -59 -330 -6 140 -15 -45 -15 -48 0 -20 0 3 2 -1 0 35 5 -2 0 -1 0 0 0 0 0 0 0 0 0 0 0 0 0 0 0 0 0 0 1583836345
-16083592 -15496543 21949264 5034479 -7887390 -7589518 -1819907 -142318 115828 -126358 -43356 5510 -3946 -66066 10437 18714 -6833 -2609 -1470 13506 -188 -8166 -134 -310 -4 -4 -13 -32 -16 -27 0 -11 -1 2 1 0 0 20 2 0 -1 0 1 0 0 0 0 0 0 0 0 0 0 0 1 -1 0 0 0 0 1583836345
-16052727 -15425250 21803771 5082645 -7874438 -7508274 -1823041 -142638 124331 -126531 -43477 153991 -3727 -66769 96084 113463 -5129 -5626 -3565 71274 -59 -39084 -509 -261 -10 99 -19 -133 -85 -132 0 -62 0 9 -1 3 -1 101 11 -3 -6 -1 0 -1 0 0 -1 -1 0 0 0 0 -1 -4 0 0 0 0 0 0 1583836345
-16083630 -15496637 21949452 5034537 -7882868 -7589500 -1820357 -142317 115870 -126358 -43355 4934 -3945 -65958 5508 20645 -7396 -10471 -1465 10007 -212 -7613 -80 -283 -5 69 -15 -29 -8 -28 0 -11 -1 1 0 1 0 20 2 -1 0 0 0 0 0 0 0 0 0 0 0 0 0 0 0 0 0 0 0 0 1583836345
-16088010 -15505946 21968928 5024621 -7874485 -7595000 -1820994 -142265 119187 -126346 -43347 -13864 -3979 -65597 18606 -2901 -5378 30028 -1124 17908 -112 -5799 -251 -275 -2 -317 -10 -31 -38 -9 0 -4 -1 0 2 -1 0 8 2 0 -8 -4 0 1 0 6 -1 0 0 0 0 0 0 0 0 0 0 0 0 0 1583836345
-16081907 -15503837 21962378 5048913 -7113874 -7576480 -1496358 -141701 116836 -125408 -42839 -20892 -4121 -64382 -7950 692 -7410 -4358 -1054 862 -221 -246 -79 -258 -3 -23 -14 -2 3 3 0 3 -2 0 0 1 0 0 0 -1 0 0 0 0 0 0 0 0 0 0 0 0 0 0 0 0 0 0 0 0 1583836345
-16088294 -15509306 21973106 5069913 -6439041 -7572931 -1318686 -141340 119286 -124884 -42549 -28071 -4196 -58014 -9493 -2088 -8606 -3337 -991 -343 -230 -196 64 -263 -2 -26 -13 -6 1 0 0 1 -1 0 0 1 0 0 0 -1 0 0 0 0 0 0 0 0 0 0 0 0 0 0 0 0 0 0 0 0 1583836345
-16087732 -15505427 21968632 5017417 -7886133 -7585779 -1820205 -142242 126639 -126343 -43340 -16473 -3978 -65858 -4777 5660 -7439 -6046 -1175 3700 -218 -3321 -4 -313 -3 13 -13 -16 -2 -12 0 -3 0 0 2 -1 0 8 1 -1 0 0 0 0 0 0 0 0 0 0 0 0 0 0 0 0 0 0 0 0 1583836345
-16087624 -15506028 21969040 5024045 -7887037 -7595082 -1819851 -142262 118931 -126337 -43339 -15884 -3977 -65899 -4347 6104 -7447 -6052 -1182 3908 -218 -3511 -11 -313 -3 15 -13 -16 -2 -13 0 -4 0 0 2 -1 0 8 1 -1 0 0 0 0 0 0 0 0 0 0 0 0 0 0 0 0 0 0 0 0 1583836345
-16080780 -15431782 21818749 5134893 -7845382 -7550522 -1828787 -142692 120627 -126476 -43376 -30212 -3988 -64292 -10899 -3679 -320 -3237 -1027 -738 -188 -155 -384 -366 -4 7 -9 64 -12 -2 0 1 0 0 0 3 0 0 0 0 0 0 7 0 -1 0 2 0 0 1 0 0 1 0 0 0 0 0 0 0 1583836345
-16021975 -15459696 21859462 5134836 -5584914 -7514505 -980757 -141071 66522 -123953 -42081 50089 -4223 -56293 43033 57265 -7283 -12239 -1490 10497 -209 -1111 -240 -341 -3 -17 -13 -4 3 0 0 2 -4 0 1 -2 0 0 0 0 0 0 0 0 -1 -1 0 0 0 0 0 0 0 0 0 0 0 0 0 0 1583836345
-16081457 -15434837 21821813 5190870 -6093502 -7523545 -1203726 -141553 120574 -124673 -42402 -30136 -4244 -55978 -10845 -3647 -8050 -3096 -984 -656 -229 -132 -111 -312 -2 9 -13 67 -13 -2 0 1 -1 0 0 -1 0 -1 1 0 0 0 0 0 0 0 0 0 0 0 0 0 0 0 0 0 0 0 0 0 1583836345
-16088156 -15510453 21978012 5018359 -7886417 -7597401 -1819959 -142237 119335 -126325 -43330 -28146 -3995 -65795 -9599 -2126 -7557 -3394 -990 -306 -223 -213 -19 -302 -3 -26 -14 -6 1 0 0 1 0 0 1 0 0 0 0 0 0 0 2 0 0 0 0 0 0 0 0 -1 0 0 0 0 0 0 0 0 1583836345
-16087298 -15509446 21975816 5019441 -7874264 -7596631 -1820976 -142243 118663 -126329 -43332 -26300 -3991 -65502 -8595 -885 -7538 -3470 -1031 783 -221 -242 -22 -299 -3 -32 -12 -6 1 0 0 1 -1 0 1 0 0 0 0 0 0 0 2 0 0 0 0 0 0 0 0 -1 0 0 0 0 0 0 0 0 1583836345
-16089148 -15506048 21969337 5026260 -7868641 -7594860 -1822920 -142264 120627 -126341 -43335 -30219 -3995 -65227 -10908 -3687 -4601 -3160 -996 -692 -209 -146 -160 -309 -3 -24 -9 0 0 0 0 1 -1 0 1 1 0 0 0 0 0 0 0 0 0 0 -1 0 0 0 0 0 0 0 0 0 0 0 0 0 1583836345
-16087687 -15506191 21969118 5029270 -7727910 -7592491 -1834286 -142272 118955 -126370 -43352 -16286 -3962 -61758 -4802 5946 -6524 -6419 -1183 3589 -217 -3397 -65 -287 -4 18 -12 -16 -2 -12 0 -4 -2 0 0 0 0 8 1 -1 0 0 0 0 0 0 0 0 0 0 0 0 0 0 0 0 0 0 0 0 1583836345
-16090010 -15505920 21960839 5184734 -3281918 -7519509 -79527 -139158 120486 -121342 -40639 -30032 -4715 -48495 -10723 -3580 -7037 -3125 -1014 -674 -225 -125 -452 -243 -3 -25 -12 -4 1 0 0 1 -5 0 0 0 0 0 -2 -1 0 0 -2 0 -1 0 0 0 0 0 0 0 0 0 0 0 0 0 0 0 1583836345
-16082267 -15502727 21958106 5091401 -5903120 -7554701 -1019359 -140857 118111 -124045 -42103 -21111 -4319 -60513 -8833 -700 -7940 -3838 -1027 197 -225 -219 150 -302 -2 -22 -13 -1 4 5 0 4 -2 0 0 -1 0 0 1 0 0 0 0 0 0 0 0 0 0 0 0 0 0 0 0 0 0 0 0 0 1583836345
-16088148 -15510428 21977941 5018804 -7874142 -7597182 -1821076 -142238 119328 -126328 -43331 -28149 -3994 -65469 -9575 -2126 -6825 -3390 -994 -339 -219 -204 -57 -307 -3 -26 -12 -6 1 0 0 1 -2 0 1 0 0 0 0 0 0 0 1 0 0 0 0 0 0 0 0 -1 0 0 0 0 0 0 0 0 1583836345
-16089150 -15506069 21969387 5026034 -7874443 -7594971 -1821100 -142261 120627 -126336 -43332 -30223 -3997 -65448 -10913 -3691 -6728 -3120 -980 -668 -219 -142 -52 -312 -3 -24 -12 -1 0 0 0 1 -2 0 1 0 0 0 0 0 0 0 1 0 0 0 1 0 0 0 0 0 0 0 0 0 0 0 0 0 1583836345
-16088013 -15505564 21967959 5029428 -7749547 -7592721 -1832427 -142273 119236 -126368 -43352 -14594 -3962 -62518 -2969 6922 -7348 -5662 -1159 3485 -218 -3816 -69 20 -5 19 -22 -18 -3 -14 0 -4 -3 0 2 0 0 9 1 -1 0 0 1 0 0 0 0 0 0 0 1 0 0 0 0 0 0 0 0 0 1583836345
-16089417 -15505761 21966039 5074858 -6490724 -7572564 -706676 -140398 120584 -123209 -41684 -30311 -4533 -88554 -10819 -3684 -8777 -3121 -985 -654 -214 -135 -203 383 -6 -25 -31 -5 1 0 0 1 -5 0 3 -2 0 -1 2 0 0 0 0 -1 0 0 0 0 0 0 0 0 0 0 0 0 0 0 0 0 1583836345
-16088169 -15510637 21978364 5018509 -7874216 -7597300 -1820972 -142236 119330 -126327 -43331 -28266 -3994 -65476 -9964 -2198 -6439 -3634 -1013 -36 -217 -201 -90 -300 -3 -26 -13 -6 2 0 0 1 -3 0 0 1 0 0 0 0 0 0 0 0 0 0 0 0 0 0 0 0 0 0 1 -1 0 0 0 0 1583836345
-16035193 -15470685 21888712 5041829 -7887797 -7556322 -1820331 -142486 82128 -126358 -43373 34764 -3903 -66276 30306 45648 -7385 -12357 -1499 10764 -209 -1066 -42 -319 -4 -18 -12 -4 3 1 0 2 -1 0 1 0 0 0 0 0 0 1 1 0 0 0 0 0 0 0 0 0 0 0 1 -1 0 0 0 0 1583836345
-16082550 -15504936 21966344 5018970 -7886956 -7587516 -1819848 -142258 119479 -126332 -43335 -21941 -3985 -65960 -9447 -2326 -7306 -2901 -958 -1006 -221 -115 -50 -106 -4 -21 -17 0 5 7 0 5 -2 0 1 0 0 0 0 0 0 0 0 0 -1 0 0 0 0 0 0 0 0 0 0 0 0 0 0 0 1583836345
-16083294 -15453376 21861732 5120279 -7353218 -7555035 -1868550 -142594 120613 -126529 -43399 -30149 -3948 -52432 -10914 -3674 -9775 -3052 -959 -634 -240 -131 75 275 -5 10 689 50 -8 -1 0 1 -5 0 1 0 0 0 0 0 0 0 0 1 0 0 0 0 0 0 1 0 1 0 0 0 0 0 0 0 1583836345
-16086608 -15508123 21970830 5066970 -6529807 -7572865 -1944531 -142342 117994 -126611 -43444 -26084 -3862 -31057 -8653 -647 -9989 -3777 -1003 301 -251 -217 113 534 -6 -25 -30 -6 2 0 0 1 4 0 0 0 0 0 0 0 0 0 1 3 0 0 2 -2 1 1 3 0 2 0 0 1 0 0 0 0 1583836345
-16089722 -15504654 21959222 5182846 -3324037 -7517691 -2235391 -142567 120489 -127282 -43712 -29551 -3568 47962 -10882 -3513 -10728 -2938 -957 -614 -296 -107 15 -73 -3 -24 -16 -2 1 0 0 1 0 0 1 0 0 0 0 0 0 0 1 0 0 0 0 0 0 1 1 0 0 0 1 0 0 0 0 1 1583836345
-15907091 -15373385 21666064 5180622 -5719254 -7427158 -1353591 -142207 -13855 -125052 -42706 184086 -3835 -42931 130047 159186 -11873 -29739 -2439 32310 -212 -1923 56 -321 -4 -15 -11 2 7 7 0 5 0 0 2 -1 0 -2 -1 0 0 2 0 0 0 0 1 0 0 0 0 0 0 -1 0 0 0 0 0 0 1583836345
-16088598 -15505875 21959009 5231133 -1825325 -7492868 -2371711 -142660 119138 -127585 -43824 -27252 -3408 91001 -9869 -1896 -11167 -3401 -988 54 -320 -173 34 -92 -3 -24 -16 -6 2 0 0 1 0 0 1 -1 0 0 0 -1 0 0 0 0 -1 0 0 0 0 0 1 0 0 0 0 0 0 0 0 0 1583836345
-16093758 -15455238 21750801 7545863 64104630 -6353921 -8384337 -147286 118589 -141320 -49198 -17280 3018 1804984 -10405 -700 -27585 -961 -931 -273 -1270 311 -558 3391 -13 -6 -104 -5 3 3 0 2 -10 0 14 -9 -1 -2 7 -8 -1 0 0 -2 -2 0 0 -2 1 0 -4 -1 0 0 -1 -2 0 0 0 0 1583836345
-16088734 -15484304 21876853 5972724 18688150 -7145700 8580225 -123918 117157 -96583 -27302 -24967 -8320 16751 -7248 154 -652 -4027 -1279 106 -202 -154 -2669 21 -4 -22 -23 -5 1 0 0 0 -17 0 -6 20 0 0 -9 -11 -3 0 -6 0 -6 0 0 -1 0 0 0 1 1 0 1 -1 0 0 0 0 1583836345
-16086412 -15508917 21974614 5019324 -7893329 -7596274 -1818558 -142245 117966 -126323 -43330 -25819 -3993 -66023 -8767 -347 -7281 -4236 -1044 740 -221 -302 -52 -313 -3 -25 -10 -6 1 -1 0 1 0 0 3 0 0 0 0 1 0 0 0 0 0 0 0 0 0 0 -1 0 0 0 0 1 0 0 0 0 1583836345
-16088649 -15505033 21956263 5231606 -1939094 -7496745 618566 -137958 119116 -119371 -39606 -28042 -5045 -61534 -9606 -2008 1589 -3791 -1118 -148 -174 -177 -863 -395 -4 -26 -6 -5 1 0 0 1 -5 0 -4 -4 0 -1 4 2 0 0 0 0 -1 0 -1 0 0 0 0 0 0 0 0 0 0 0 0 0 1583836345
-16088177 -15510642 21978406 5017849 -7893240 -7597632 -1818551 -142234 119336 -126322 -43328 -28133 -3996 -66006 -9568 -2115 -7406 -3383 -990 -330 -222 -211 -43 -311 -3 -26 -12 -6 1 0 0 1 0 0 3 0 0 0 0 1 0 0 0 0 0 0 0 0 0 0 -1 0 0 0 0 1 0 0 0 0 1583836345
-16063925 -15491864 21934428 5063011 -6991953 -7566237 -1324754 -141514 99887 -124947 -42615 3265 -4184 -70080 63286 20129 -8274 33958 1482 -48491 -223 2132 78 -252 8 -53 -10 -17 -7 -13 0 -3 0 1 0 -1 0 0 1 0 0 1 0 0 0 1 0 0 0 0 0 0 0 0 0 0 0 0 0 0 1583836345
-16063643 -15272539 21488390 5507401 -3768558 -7389826 256460 -139432 120506 -120815 -40294 -30196 -4925 -76778 -10710 -3617 -8422 -3154 593 -602 -212 -123 -473 -81 -3 84 -22 219 -44 -6 0 1 -5 0 0 -1 1 0 -1 1 0 0 0 1 1 0 -1 1 -1 0 0 2 0 0 -1 0 0 0 0 0 1583836345
-16088147 -15503823 21961104 5096279 -5882613 -7560996 -1196511 -141135 119162 -124539 -42360 -14539 -4212 -51782 -3709 6970 -2900 -6367 -1245 4244 -200 -3841 -131 -252 -5 19 -14 -17 -3 -14 0 -4 -3 0 -2 1 0 9 2 -3 0 0 -1 0 -1 0 0 0 0 0 0 0 0 0 0 0 0 0 0 0 1583838187
-16089969 -15506003 21961474 5175975 -3530758 -7523602 -222457 -139403 120494 -121746 -40853 -30029 -4649 -46732 -10738 -3585 -7866 -3105 -1005 -663 -230 -124 -235 -347 -2 -26 -13 -4 1 0 0 1 1 0 3 0 0 -1 2 -1 0 0 0 1 0 0 0 0 0 0 0 0 0 0 0 0 0 0 0 0 1583838187
-16081485 -15504167 21964140 5023909 -7886336 -7592208 -1820122 -142277 114183 -126332 -43336 -20891 -3984 -65830 -4639 3417 -7191 -4182 -1036 658 -219 -182 -3 -315 -3 -27 -12 -5 2 0 0 1 0 0 2 -1 0 -1 0 0 0 0 0 0 0 0 0 0 0 0 0 0 0 0 0 0 0 0 0 0 1583838187
-16088148 -15510471 21977997 5019392 -7854539 -7596882 -1824182 -142241 119323 -126336 -43335 -28178 -3990 -64863 -9659 -2141 -4966 -3473 -1011 -288 -210 -191 53 -342 -3 -27 -10 -6 1 0 0 1 1 0 3 -1 0 0 0 -1 0 0 0 0 0 0 0 0 0 0 0 0 0 0 0 0 0 0 0 0 1583838187
-16082325 -15494485 21926559 5378157 1950832 -7425629 2619830 -134566 113860 -113697 -36563 -19750 -5903 -62361 -3898 4245 -8173 -4525 -1133 996 -214 -406 -849 -271 -2 -22 -13 -6 1 -1 0 1 -1 0 -5 0 -1 -1 5 0 0 0 -2 0 0 0 0 0 0 0 0 0 0 0 0 0 0 0 0 0 1583838187
-15759116 -15257564 21401019 5159935 -415519 -7452287 1048514 -137613 -128021 -117782 -38820 -40786 -5201 -41430 -8522 -3822 -6906 -2373 -989 -1603 -224 -90 -768 -218 -13 -22 -13 -6 1 0 0 1 -7 0 0 4 0 0 -4 -1 0 1 -1 0 0 -1 0 0 0 1 0 1 0 0 1 0 0 0 0 0 1583838187
-16055628 -15485880 21923181 5006689 -7893088 -7595136 -1818601 -142283 94918 -126291 -43321 -27574 -3994 -66003 -10338 -3663 -7233 -2518 -936 -1459 -221 -103 -51 -312 -3 -23 -12 -6 1 0 0 1 0 0 3 0 0 0 0 1 0 0 0 0 0 0 0 0 0 0 -1 0 0 0 0 1 0 0 0 0 1583838187
-16087319 -15499692 21938142 5376872 2086431 -7426703 1619692 -136097 117728 -116449 -38000 -25947 -5402 -25174 -8324 -519 -7870 -3854 -1088 251 -236 -178 -946 -400 -2 -25 -13 -5 1 0 0 2 1 0 7 0 0 0 -1 2 0 0 3 0 4 0 -4 0 0 2 0 2 -2 0 1 0 0 1 2 3 1583838187
-16088106 -15510472 21978021 5018728 -7874151 -7597190 -1821075 -142237 119296 -126328 -43331 -28370 -3994 -65490 -9972 -2268 -7310 -3567 -1004 -83 -221 -151 -44 -273 -3 -27 -13 -6 2 0 0 1 -2 0 0 1 0 0 0 0 0 0 0 0 0 0 0 0 0 0 0 0 1 0 0 0 0 0 0 0 1583838187
-16087965 -15500721 21949727 5194832 -3168862 -7514667 175614 -138779 118816 -120647 -40281 -15991 -4826 -57856 -3425 5880 -9202 -5071 -1171 3472 -224 -3435 1663 -306 -2 6 -12 -15 -2 -10 0 -2 0 0 4 0 0 6 0 -1 0 0 0 0 0 0 0 0 0 0 0 0 0 0 0 0 0 0 0 0 1583838187
-16083145 -15505603 21967315 5023122 -7874396 -7593229 -1821096 -142269 115468 -126333 -43336 -22489 -3985 -65508 -5819 2174 -6759 -4075 -1033 507 -218 -256 -21 -320 -3 -26 -10 -6 2 0 0 1 0 0 2 -1 0 0 0 0 0 0 0 0 0 0 0 0 0 0 0 0 0 0 0 0 0 0 0 0 1583838187
-12807242 -13011591 16398399 4205984 -7148370 -7140300 -1204614 -147261 -2349729 -121978 -42022 308448 -3784 -82052 464527 279247 -9610 128369 8093 -172068 -174 4841 408 -125 -48 18 -5 -30 -21 -24 0 -8 0 2 0 0 0 17 3 1 -1 3 -2 0 0 1 0 0 0 -1 0 0 0 1 0 0 0 0 0 0 1583838187
-16065308 -15480631 21906707 5173157 -3891494 -7518760 -24629 -139228 101582 -121227 -40607 2745 -4716 -64060 -8546 -1390 -4260 -1849 -1037 143 -198 -278 -451 -301 -4 -35 -13 -5 0 1 0 2 -3 0 -2 -1 0 0 2 1 0 0 0 0 0 0 1 -1 0 0 0 0 0 0 0 0 0 0 0 0 1583838187
-16030819 -15466316 21879575 5005070 -7885970 -7589007 -1820297 -142348 76166 -126281 -43323 -21730 -3983 -65856 -7796 -835 -7276 -2657 -967 -599 -220 -195 -52 -236 -5 -20 -14 -4 4 -1 0 1 -1 0 0 0 0 0 0 1 0 0 -2 0 0 0 0 0 0 0 0 0 0 0 0 0 0 0 0 0 1583838187
-16088167 -15510449 21977828 5022120 -7775903 -7595534 -1836870 -142254 119333 -126370 -43354 -28382 -3979 -63850 -9670 -2279 5784 -3568 -1083 -532 -157 -165 -406 252 -8 -26 -26 -6 2 0 0 1 -3 0 5 -2 0 0 0 -1 0 0 2 -1 -2 0 1 0 0 0 0 0 0 0 0 0 0 0 0 0 1583838187
-15955747 -15408532 21750794 4983412 -7889152 -7580844 -1819859 -142476 19851 -126215 -43310 -18796 -3979 -65958 -1458 6839 -7419 -4315 -1037 805 -220 -360 -41 -291 -6 -20 -12 -6 2 0 0 1 -1 0 1 0 0 0 0 0 0 0 2 0 0 0 0 0 0 0 0 0 0 0 0 0 0 0 0 0 1583838187
-15831512 -13203912 17284878 8706529 1899846 -6072384 1974704 -146320 120385 -119157 -38498 -29871 -5559 -30939 -10484 -3450 -6723 -3236 5159 -450 -211 -99 -967 -187 -3 232 -19 516 -105 -13 0 0 -8 0 -3 1 5 0 -5 -2 -1 0 -4 0 -1 0 0 0 0 0 0 0 0 0 0 0 0 0 0 0 1583838187
-16073887 -15490988 21934432 5092402 -5974982 -7528855 -1231758 -141244 124580 -124661 -42425 -378 -4175 -53221 -12682 -3942 -8734 -3261 -977 -725 -234 -121 -128 -242 -3 47 -15 11 12 24 0 -36 -2 -21 1 0 0 0 -2 0 0 1 0 0 0 0 0 0 0 0 0 0 0 0 1 -1 0 0 0 0 1583838187
-16078610 -15496293 21944984 5098294 -5766846 -7536364 -829824 -140572 123441 -123535 -41836 -9054 -4395 -66882 -12123 -3861 -9370 -3215 -979 -700 -229 -123 -136 -294 -2 25 -16 6 9 16 0 -25 0 -14 0 -2 0 0 0 0 0 0 0 0 0 0 0 0 0 0 0 0 0 0 0 0 0 0 0 0 1583838187
-16080451 -15500581 21957714 5021156 -7885432 -7576542 -1821503 -142278 123223 -126350 -43344 -12439 -3965 -65762 -12009 -3863 -4638 -3274 -994 -742 -209 -140 -193 -324 -3 16 -12 4 7 13 0 -20 0 -12 1 1 0 0 0 0 0 0 4 0 0 0 -1 -1 0 -1 0 0 -1 0 0 0 0 0 0 0 1583838187
-16084483 -15505406 21967481 5024912 -7727388 -7583370 -1834326 -142266 122071 -126369 -43349 -20105 -3966 -61761 -11534 -3783 -7280 -3168 -976 -696 -224 -136 -36 -224 -3 -2 -15 0 5 7 0 -11 -2 -7 1 1 0 0 0 0 0 0 0 0 0 0 0 0 0 0 0 -1 0 0 0 0 0 0 0 0 1583838187
-16088207 -15510753 21978603 5018416 -7874118 -7597336 -1821079 -142236 119353 -126327 -43331 -28376 -3994 -65473 -9906 -2292 -7574 -3490 -997 -180 -223 -219 5 -302 -3 -26 -14 -6 2 0 0 1 0 0 1 0 0 -1 0 -1 0 0 1 0 -1 0 0 0 0 0 0 0 0 0 0 0 0 0 0 0 1583838187
-15903340 -15326044 21584999 5087543 -7754441 -7288448 -1833078 -143111 96465 -126636 -43540 239557 -3561 -64086 103169 86321 -8092 14760 400 -25634 -208 3925 301 -282 5 281 -15 88 51 128 0 -185 4 -105 2 -5 0 -8 0 2 -1 8 0 0 0 -1 0 0 0 0 0 0 0 0 0 0 0 0 0 0 1583838187
-16081933 -15503597 21958541 5113314 -5306095 -7549181 -1283362 -141233 114131 -124742 -42450 -20262 -4147 -35040 -4093 3768 -6497 -4026 -1030 485 -228 -297 5506 -239 -1 -39 -12 -6 1 0 0 1 -7 0 1 2 0 0 -1 1 0 0 0 0 0 0 0 0 0 0 0 0 0 0 0 0 0 0 0 0 1583838187
-16088816 -15502996 21963029 5033219 -7794394 -7591808 -1828269 -142284 120625 -126357 -43340 -30211 -3989 -63403 -10913 -3688 -6978 -3114 -979 -666 -221 -140 -53 -241 -3 -22 -14 2 0 0 0 1 -2 0 1 1 0 0 0 0 0 0 0 0 0 0 0 0 0 0 0 -1 0 0 0 0 0 0 0 0 1583838187
-16086231 -15508153 21972445 5031950 -7519175 -7588888 -1634982 -141926 118694 -125803 -43052 -25239 -4073 -66589 -8401 132 -7717 -4339 -1056 1010 -222 -11 -32 -269 -3 -30 -13 -5 2 0 0 2 -1 0 0 1 0 -1 0 -1 0 0 0 0 0 0 0 0 0 0 0 0 0 0 0 0 0 0 0 0 1583838187
-16078079 -15496337 21949587 5008301 -7886228 -7574642 -1820001 -142238 127574 -126340 -43338 -15278 -3973 -65896 -11583 -3939 -7413 -2786 -973 -542 -221 -161 -42 -248 -3 -28 -13 -6 1 0 0 1 -1 0 0 0 0 0 0 0 0 0 -1 0 2 0 0 0 0 0 0 0 0 0 0 0 0 0 0 0 1583838187
-16086760 -15504706 21966210 5025579 -7874559 -7594139 -1821001 -142270 118261 -126342 -43342 -13280 -3972 -65596 -3321 8116 -7742 -7027 -1220 4609 -220 -3700 74 -310 -3 20 -13 -17 -2 -13 0 -4 0 0 2 -1 0 9 1 -1 0 0 0 0 0 0 0 0 0 0 0 0 0 0 0 0 0 0 0 0 1583838187
-16088153 -15503753 21960885 5096073 -5899667 -7561453 -937678 -140729 119164 -123827 -41993 -14623 -4356 -64743 -4038 7139 -8556 -6894 -1206 3952 -223 -3786 -191 -196 -4 26 -17 -17 -2 -14 0 -4 -3 1 1 -1 0 9 0 0 0 0 0 1 0 0 1 0 0 -1 0 0 0 0 0 0 0 0 0 0 1583838187
-16082561 -15497048 21946138 5116093 -4992013 -7529763 -621573 -140138 127670 -122935 -41538 -15277 -4527 -76990 -10435 -4322 -6435 -1213 -999 58 -204 -254 -329 -242 -3 -42 -14 -7 0 0 0 1 -2 0 0 0 0 0 0 0 0 0 0 0 -1 0 0 0 0 0 0 0 0 0 0 0 0 0 0 0 1583838187
-16089160 -15504025 21951604 5286038 -417672 -7470868 1048995 -137169 119352 -118115 -38905 -27890 -5187 -41529 -9374 -2096 -6897 -3382 -1050 -420 -224 -648 -771 -219 -3 -16 -13 -6 1 0 0 1 -7 0 0 4 0 0 -5 -1 0 0 0 0 0 0 0 0 0 1 0 1 0 0 1 0 0 0 0 0 1583838187
-16089745 -15511376 21980176 5017663 -7893214 -7598438 -1818549 -142229 120612 -126322 -43328 -29733 -3999 -65991 -10285 -3365 -7231 -2904 -962 -944 -221 -244 -52 -312 -3 -23 -12 -5 2 1 0 2 0 0 3 0 0 -2 0 1 0 0 0 0 0 0 0 0 0 0 -1 0 0 0 0 1 0 0 0 0 1583838187
-16088151 -15510401 21977839 5019876 -7843641 -7596651 -1828060 -142246 119328 -126347 -43341 -28131 -3985 -64387 -9578 -2110 244 -3536 -1047 -395 -185 -222 -329 -400 -4 -26 -8 -6 1 0 0 1 1 0 2 0 0 0 0 -1 0 0 3 0 0 0 0 0 0 1 0 -2 0 0 -1 0 0 0 0 0 1583838187
-16082140 -15500828 21948812 5193891 -3106344 -7511708 -19335 -139085 114101 -121172 -40550 -19612 -4722 -47089 -5425 4254 -7489 -5550 -1156 2339 -225 -760 -219 -326 -3 -17 -13 -6 2 0 0 1 -1 0 0 0 0 0 2 0 0 0 -1 1 0 0 0 0 0 0 0 0 0 0 0 0 0 0 0 0 1583838187
-16088389 -15508882 21971274 5089365 -5895618 -7563741 -1106650 -140966 119301 -124278 -42222 -28065 -4284 -56432 -9819 -2091 -8460 -3598 -1013 -29 -230 -276 -124 -314 -2 -24 -12 -6 1 0 0 1 0 0 2 0 0 0 1 0 0 0 0 0 0 0 0 0 0 0 0 0 0 0 0 0 0 0 0 0 1583838187
-16086603 -15509342 21975436 5020266 -7854576 -7595803 -1824181 -142249 118084 -126337 -43337 -26053 -3985 -64835 -8893 -558 -1506 -4262 -1081 592 -193 -438 -226 -392 -4 -22 -9 -6 2 0 0 1 -3 0 4 -1 0 0 0 1 0 0 0 1 0 0 0 0 0 0 0 0 0 0 0 0 0 0 0 0 1583838187
-16086530 -15509187 21975114 5020367 -7854690 -7595756 -1824075 -142249 118038 -126337 -43337 -26030 -3986 -64869 -7901 -540 -2774 -3494 -1023 -356 -199 -274 -265 -357 -3 -25 -9 -6 1 -1 0 1 -4 0 1 1 0 0 0 0 0 0 3 0 -1 0 0 0 0 1 0 -2 0 0 -1 0 0 0 0 0 1583838187
-16086339 -15469453 21882800 5315757 -1024036 -7460988 916560 -137619 120418 -118561 -39132 -29972 -5143 -46438 -10621 -3532 -8045 -3118 -1026 -668 -228 -116 -539 -363 -2 -10 -13 25 -4 -1 0 1 2 0 4 -1 0 0 0 -2 0 0 0 0 0 0 0 0 0 0 0 0 0 0 0 0 0 0 0 0 1583838187
-16088322 -15508673 21970682 5091150 -5855729 -7563178 -876706 -140601 119246 -123644 -41896 -28107 -4410 -67552 -9466 -2073 -9331 -3357 -995 -316 -228 -157 -158 -302 -2 -26 -12 -6 1 0 0 1 0 0 3 0 0 0 -1 0 0 0 0 0 0 0 0 0 0 0 0 0 1 0 -1 0 0 0 0 0 1583838187
-16088350 -15508751 21970913 5091934 -5821547 -7562389 -1179837 -141076 119272 -124476 -42324 -28021 -4243 -51875 -9483 -2067 -8526 -3345 -996 -334 -233 -201 -147 -317 -2 -25 -12 -6 1 0 0 1 -1 0 3 -1 0 0 -1 0 0 0 0 0 0 0 0 0 0 0 0 -1 0 0 0 0 0 0 0 0 1583838187
-16089416 -15508405 21974093 5023308 -7854798 -7596023 -1824084 -142251 120626 -126340 -43335 -30216 -3993 -64869 -10906 -3685 -3498 -3180 -1004 -704 -204 -149 -206 -313 -3 -25 -12 -2 1 0 0 1 -2 0 1 1 0 0 0 0 0 0 0 0 0 0 -1 0 0 0 0 0 0 0 0 0 0 0 0 0 1583838187
-16065346 -15492628 21937166 5036246 -7153712 -7582944 -1891801 -142330 102136 -126472 -43393 -27331 -3914 -46359 -10774 -3639 2903 -3043 -1032 -1102 -181 -147 210 -339 -5 -24 -9 -6 1 0 0 1 -1 0 -5 -3 0 -1 2 0 0 0 1 0 0 0 0 0 0 0 0 -1 0 0 0 0 0 0 0 0 1583838187
-16089921 -15509046 21971345 5099163 -5633417 -7560064 -842771 -140525 120544 -123554 -41870 -29852 -4461 -79022 -9660 -3416 -9020 -2427 -936 -1533 -221 -176 -170 -299 -2 -24 -12 -5 2 1 0 2 0 0 3 0 0 -2 0 1 0 0 0 0 0 0 0 0 0 0 0 0 0 0 0 0 0 0 0 0 1583838187
-16088124 -15510309 21977698 5018971 -7874157 -7597109 -1821078 -142238 119318 -126328 -43331 -28089 -3994 -65485 -9641 -2082 -6856 -3476 -1000 -230 -219 -225 -70 -279 -3 -25 -13 -6 1 0 0 1 -2 0 0 1 0 0 0 0 0 0 0 0 0 0 0 0 0 0 0 0 1 0 0 0 0 0 0 0 1583838187
-16088170 -15510179 21977006 5028335 -7604697 -7592506 -1846723 -142258 119324 -126388 -43355 -28059 -3965 -58342 -9420 -2084 -3508 -3353 -1012 -492 -206 -222 138 -353 -3 -26 -9 -6 1 0 0 1 -2 0 -1 -3 0 0 2 0 0 0 0 0 0 0 0 0 0 0 0 0 0 0 0 0 0 0 0 0 1583838187
-16081934 -15498077 21939158 5272218 -953535 -7475087 1169041 -137059 113785 -117812 -38762 -20355 -5260 -56953 -3359 3812 -3094 -3755 -1089 -104 -196 -107 -889 -403 -3 -27 -13 -6 1 0 0 1 -8 0 0 -5 0 0 0 0 0 0 0 0 -2 0 -1 0 0 0 0 0 0 0 0 0 0 0 0 0 1583838187
-13828652 -13764440 18085756 4487003 -7875002 -7273696 -1824875 -146594 -1582685 -124609 -43110 279307 -3512 -67968 296616 209030 -7982 59984 3542 -84465 -183 482 249 -243 -41 30 -8 -21 -11 -15 0 -4 -1 0 1 0 0 3 1 0 0 0 1 0 0 1 0 0 0 0 0 -1 0 0 0 0 0 0 0 0 1583838187
-16074034 -15493304 21936931 5103990 -5599316 -7553611 -884490 -140652 108427 -123655 -41899 -13281 -4364 -60489 -9933 -3769 -9064 -1727 -886 -2551 -231 -35 -110 -261 -2 -20 -14 -7 1 -1 0 1 -1 0 0 1 0 0 0 -1 0 0 0 0 0 0 0 0 0 0 0 0 0 0 0 0 0 0 0 0 1583838187
-16071573 -15492873 21939841 5023338 -7886602 -7591077 -1819942 -142305 106833 -126328 -43338 -11947 -3968 -65901 -8275 -677 -7252 -3092 -966 -806 -221 -242 -43 -299 -3 -23 -15 -7 1 -1 0 1 -1 0 1 0 0 0 0 0 0 0 2 0 0 0 0 0 0 0 0 0 1 0 0 0 0 0 0 0 1583838187
-15936356 -14150769 19222106 6990543 -7979836 -6794768 -1826070 -149380 120666 -128531 -43948 -30254 -3990 -65809 -10904 -3689 -7151 -3141 1084 -584 -216 -136 -50 -303 -3 127 -14 307 -62 -8 0 1 -1 0 1 0 1 0 0 0 0 0 1 0 0 0 0 0 0 0 0 0 0 0 1 -1 0 0 0 0 1583838187
-16062050 -15478568 21911304 5039438 -7610114 -7531164 -1756118 -142252 126488 -126198 -43261 21170 -3931 -63091 -12739 -2732 -6667 -3681 -993 -496 -220 -145 -61 -274 -3 94 -15 23 18 39 0 -60 -1 -34 0 -1 0 0 0 0 0 1 -1 0 0 0 0 0 0 0 0 0 0 0 0 0 0 0 0 0 1583838187
-16085199 -15503456 21955366 5178043 -3502505 -7520608 -109452 -139240 116594 -121437 -40701 -24141 -4708 -54478 -5821 870 -7512 -3055 -998 -787 -223 -169 -472 -272 -2 -26 -11 -6 1 0 0 1 -4 0 2 2 0 0 -2 0 0 0 -1 0 2 0 -1 0 0 3 0 2 0 0 0 0 0 0 0 -1 1583838187
-16089267 -15504105 21962259 5088093 -6164537 -7565900 -984815 -140821 120575 -123963 -42063 -30197 -4366 -67846 -10833 -3659 -8496 -3102 -983 -654 -224 -133 -116 -210 -3 -24 -15 -1 0 0 0 1 -2 0 1 1 0 0 0 -1 0 0 0 0 0 0 0 0 0 0 0 0 0 0 0 0 0 0 0 0 1583838187
-16087156 -15504828 21958156 5184199 -3266869 -7516698 11318 -139019 119197 -121092 -40511 -26428 -4758 -52338 -9803 -2023 -8904 -3633 -1033 -2 -231 -204 -252 -275 -2 -24 -13 -4 2 1 0 2 -2 0 0 0 0 0 0 0 0 0 0 0 0 0 1 0 0 0 0 0 0 0 0 0 0 0 0 0 1583838187
-16089786 -15508056 21969617 5093223 -5857028 -7563388 -627839 -140211 120565 -122960 -41540 -30243 -4544 -78130 -10804 -3661 -8840 -3110 -987 -653 -220 -132 -187 -299 -2 -26 -13 -4 1 0 0 1 -1 0 0 -1 0 -1 1 0 0 0 0 0 0 0 0 0 0 0 0 0 0 0 0 0 0 0 0 0 1583838187
-16086673 -15506849 21966164 5105402 -5484267 -7555325 -1058103 -140871 117906 -124133 -42143 -25123 -4295 -51768 5751 -6503 -5734 18971 -1006 9214 -157 -1622 -364 -224 -2 -237 -11 -15 -20 2 0 1 -3 0 0 0 0 0 0 0 -5 0 0 0 0 3 -1 -1 0 0 0 0 -1 -1 0 0 0 0 0 -1 1583838187
-16088177 -15510629 21978370 5018089 -7886724 -7597514 -1819833 -142236 119335 -126325 -43330 -28132 -3995 -65803 -9504 -2116 -7046 -3340 -990 -397 -220 -208 -52 -308 -3 -26 -12 -6 1 0 0 1 -1 0 1 0 0 0 0 0 0 0 2 0 0 0 0 0 0 0 0 0 0 0 1 -1 0 0 0 0 1583838187
-16089164 -15506206 21969678 5025576 -7882037 -7595180 -1820443 -142260 120627 -126335 -43332 -30224 -3997 -65661 -10912 -3691 -6408 -3127 -983 -672 -217 -142 -97 -282 -3 -24 -11 -1 0 0 0 1 -3 0 1 1 0 0 0 0 0 0 0 0 0 0 0 0 0 0 0 0 0 0 0 0 0 0 0 0 1583838187
-16071222 -15486529 21906063 5423509 3589670 -7401570 2679294 -134335 105496 -113441 -36392 -27532 -5867 -30572 -10544 -3415 -3490 -3184 -1093 -790 -209 -109 -1273 -318 -3 -20 -13 -6 1 0 0 1 -10 0 -5 -5 0 0 -6 1 0 0 -2 0 0 0 0 -1 1 0 0 0 0 0 0 0 0 0 0 0 1583838187
-16088824 -15499360 21951765 5112316 -5659916 -7554747 -869677 -140624 120557 -123649 -41925 -30297 -4463 -83904 -10830 -3683 -8603 -3115 -983 -656 -217 -134 -181 -278 -2 -26 -13 -4 1 0 0 1 -3 0 0 0 0 0 0 1 0 0 -1 0 0 0 0 0 0 0 0 0 0 0 0 0 0 0 0 0 1583838187
-16078293 -15502282 21959755 5024791 -7886526 -7590378 -1820019 -142291 111557 -126333 -43339 -15603 -3977 -65879 -904 7305 -7104 -4555 -1052 1053 -218 -601 -9 -317 -3 -21 -12 -7 1 -1 0 1 0 0 2 -1 0 0 0 0 0 0 0 0 0 0 0 0 0 0 0 0 0 0 0 0 0 0 0 0 1583838187
-16088561 -15497292 21947838 5110568 -5796038 -7555716 -971786 -140808 120562 -123933 -42061 -30243 -4394 -74585 -10835 -3671 -8772 -3102 -981 -652 -222 -132 -163 -260 -2 -20 -14 5 0 0 0 1 -2 0 1 1 0 0 0 0 0 0 0 0 -1 0 0 0 0 0 0 0 0 0 0 0 0 0 0 0 1583838187
-16072599 -15477785 21911351 5036584 -7888340 -7557154 -1819928 -142373 124535 -126399 -43382 40611 -3892 -66340 21541 45825 -7616 -18825 -2013 21823 -203 -13255 -59 -330 -6 140 -15 -45 -15 -48 0 -20 0 3 2 -1 0 35 5 -2 0 -1 0 0 0 0 0 0 0 0 0 0 0 0 0 0 0 0 0 0 1583838187
-16083592 -15496543 21949264 5034479 -7887390 -7589518 -1819907 -142318 115828 -126358 -43356 5510 -3946 -66066 10437 18714 -6833 -2609 -1470 13506 -188 -8166 -134 -310 -4 -4 -13 -32 -16 -27 0 -11 -1 2 1 0 0 20 2 0 -1 0 1 0 0 0 0 0 0 0 0 0 0 0 1 -1 0 0 0 0 1583838187
-16052727 -15425250 21803771 5082645 -7874438 -7508274 -1823041 -142638 124331 -126531 -43477 153991 -3727 -66769 96084 113463 -5129 -5626 -3565 71274 -59 -39084 -509 -261 -10 99 -19 -133 -85 -132 0 -62 0 9 -1 3 -1 101 11 -3 -6 -1 0 -1 0 0 -1 -1 0 0 0 0 -1 -4 0 0 0 0 0 0 1583838187
-16083630 -15496637 21949452 5034537 -7882868 -7589500 -1820357 -142317 115870 -126358 -43355 4934 -3945 -65958 5508 20645 -7396 -10471 -1465 10007 -212 -7613 -80 -283 -5 69 -15 -29 -8 -28 0 -11 -1 1 0 1 0 20 2 -1 0 0 0 0 0 0 0 0 0 0 0 0 0 0 0 0 0 0 0 0 1583838187
-16088010 -15505946 21968928 5024621 -7874485 -7595000 -1820994 -142265 119187 -126346 -43347 -13864 -3979 -65597 18606 -2901 -5378 30028 -1124 17908 -112 -5799 -251 -275 -2 -317 -10 -31 -38 -9 0 -4 -1 0 2 -1 0 8 2 0 -8 -4 0 1 0 6 -1 0 0 0 0 0 0 0 0 0 0 0 0 0 1583838187
-16081907 -15503837 21962378 5048913 -7113874 -7576480 -1496358 -141701 116836 -125408 -42839 -20892 -4121 -64382 -7950 692 -7410 -4358 -1054 862 -221 -246 -79 -258 -3 -23 -14 -2 3 3 0 3 -2 0 0 1 0 0 0 -1 0 0 0 0 0 0 0 0 0 0 0 0 0 0 0 0 0 0 0 0 1583838187
-16088294 -15509306 21973106 5069913 -6439041 -7572931 -1318686 -141340 119286 -124884 -42549 -28071 -4196 -58014 -9493 -2088 -8606 -3337 -991 -343 -230 -196 64 -263 -2 -26 -13 -6 1 0 0 1 -1 0 0 1 0 0 0 -1 0 0 0 0 0 0 0 0 0 0 0 0 0 0 0 0 0 0 0 0 1583838187
-16087732 -15505427 21968632 5017417 -7886133 -7585779 -1820205 -142242 126639 -126343 -43340 -16473 -3978 -65858 -4777 5660 -7439 -6046 -1175 3700 -218 -3321 -4 -313 -3 13 -13 -16 -2 -12 0 -3 0 0 2 -1 0 8 1 -1 0 0 0 0 0 0 0 0 0 0 0 0 0 0 0 0 0 0 0 0 1583838187
-16087624 -15506028 21969040 5024045 -7887037 -7595082 -1819851 -142262 118931 -126337 -43339 -15884 -3977 -65899 -4347 6104 -7447 -6052 -1182 3908 -218 -3511 -11 -313 -3 15 -13 -16 -2 -13 0 -4 0 0 2 -1 0 8 1 -1 0 0 0 0 0 0 0 0 0 0 0 0 0 0 0 0 0 0 0 0 1583838187
-16080780 -15431782 21818749 5134893 -7845382 -7550522 -1828787 -142692 120627 -126476 -43376 -30212 -3988 -64292 -10899 -3679 -320 -3237 -1027 -738 -188 -155 -384 -366 -4 7 -9 64 -12 -2 0 1 0 0 0 3 0 0 0 0 0 0 7 0 -1 0 2 0 0 1 0 0 1 0 0 0 0 0 0 0 1583838187
-16021975 -15459696 21859462 5134836 -5584914 -7514505 -980757 -141071 66522 -123953 -42081 50089 -4223 -56293 43033 57265 -7283 -12239 -1490 10497 -209 -1111 -240 -341 -3 -17 -13 -4 3 0 0 2 -4 0 1 -2 0 0 0 0 0 0 0 0 -1 -1 0 0 0 0 0 0 0 0 0 0 0 0 0 0 1583838187
-16081457 -15434837 21821813 5190870 -6093502 -7523545 -1203726 -141553 120574 -124673 -42402 -30136 -4244 -55978 -10845 -3647 -8050 -3096 -984 -656 -229 -132 -111 -312 -2 9 -13 67 -13 -2 0 1 -1 0 0 -1 0 -1 1 0 0 0 0 0 0 0 0 0 0 0 0 0 0 0 0 0 0 0 0 0 1583838187
-16088156 -15510453 21978012 5018359 -7886417 -7597401 -1819959 -142237 119335 -126325 -43330 -28146 -3995 -65795 -9599 -2126 -7557 -3394 -990 -306 -223 -213 -19 -302 -3 -26 -14 -6 1 0 0 1 0 0 1 0 0 0 0 0 0 0 2 0 0 0 0 0 0 0 0 -1 0 0 0 0 0 0 0 0 1583838187
-16087298 -15509446 21975816 5019441 -7874264 -7596631 -1820976 -142243 118663 -126329 -43332 -26300 -3991 -65502 -8595 -885 -7538 -3470 -1031 783 -221 -242 -22 -299 -3 -32 -12 -6 1 0 0 1 -1 0 1 0 0 0 0 0 0 0 2 0 0 0 0 0 0 0 0 -1 0 0 0 0 0 0 0 0 1583838187
-16089148 -15506048 21969337 5026260 -7868641 -7594860 -1822920 -142264 120627 -126341 -43335 -30219 -3995 -65227 -10908 -3687 -4601 -3160 -996 -692 -209 -146 -160 -309 -3 -24 -9 0 0 0 0 1 -1 0 1 1 0 0 0 0 0 0 0 0 0 0 -1 0 0 0 0 0 0 0 0 0 0 0 0 0 1583838187
-16087687 -15506191 21969118 5029270 -7727910 -7592491 -1834286 -142272 118955 -126370 -43352 -16286 -3962 -61758 -4802 5946 -6524 -6419 -1183 3589 -217 -3397 -65 -287 -4 18 -12 -16 -2 -12 0 -4 -2 0 0 0 0 8 1 -1 0 0 0 0 0 0 0 0 0 0 0 0 0 0 0 0 0 0 0 0 1583838187
-16090010 -15505920 21960839 5184734 -3281918 -7519509 -79527 -139158 120486 -121342 -40639 -30032 -4715 -48495 -10723 -3580 -7037 -3125 -1014 -674 -225 -125 -452 -243 -3 -25 -12 -4 1 0 0 1 -5 0 0 0 0 0 -2 -1 0 0 -2 0 -1 0 0 0 0 0 0 0 0 0 0 0 0 0 0 0 1583838187
-16082267 -15502727 21958106 5091401 -5903120 -7554701 -1019359 -140857 118111 -124045 -42103 -21111 -4319 -60513 -8833 -700 -7940 -3838 -1027 197 -225 -219 150 -302 -2 -22 -13 -1 4 5 0 4 -2 0 0 -1 0 0 1 0 0 0 0 0 0 0 0 0 0 0 0 0 0 0 0 0 0 0 0 0 1583838187
-16088148 -15510428 21977941 5018804 -7874142 -7597182 -1821076 -142238 119328 -126328 -43331 -28149 -3994 -65469 -9575 -2126 -6825 -3390 -994 -339 -219 -204 -57 -307 -3 -26 -12 -6 1 0 0 1 -2 0 1 0 0 0 0 0 0 0 1 0 0 0 0 0 0 0 0 -1 0 0 0 0 0 0 0 0 1583838187
-16089150 -15506069 21969387 5026034 -7874443 -7594971 -1821100 -142261 120627 -126336 -43332 -30223 -3997 -65448 -10913 -3691 -6728 -3120 -980 -668 -219 -142 -52 -312 -3 -24 -12 -1 0 0 0 1 -2 0 1 0 0 0 0 0 0 0 1 0 0 0 1 0 0 0 0 0 0 0 0 0 0 0 0 0 1583838187
-16088013 -15505564 21967959 5029428 -7749547 -7592721 -1832427 -142273 119236 -126368 -43352 -14594 -3962 -62518 -2969 6922 -7348 -5662 -1159 3485 -218 -3816 -69 20 -5 19 -22 -18 -3 -14 0 -4 -3 0 2 0 0 9 1 -1 0 0 1 0 0 0 0 0 0 0 1 0 0 0 0 0 0 0 0 0 1583838187
-16089417 -15505761 21966039 5074858 -6490724 -7572564 -706676 -140398 120584 -123209 -41684 -30311 -4533 -88554 -10819 -3684 -8777 -3121 -985 -654 -214 -135 -203 383 -6 -25 -31 -5 1 0 0 1 -5 0 3 -2 0 -1 2 0 0 0 0 -1 0 0 0 0 0 0 0 0 0 0 0 0 0 0 0 0 1583838187
-16088169 -15510637 21978364 5018509 -7874216 -7597300 -1820972 -142236 119330 -126327 -43331 -28266 -3994 -65476 -9964 -2198 -6439 -3634 -1013 -36 -217 -201 -90 -300 -3 -26 -13 -6 2 0 0 1 -3 0 0 1 0 0 0 0 0 0 0 0 0 0 0 0 0 0 0 0 0 0 1 -1 0 0 0 0 1583838187
-16035193 -15470685 21888712 5041829 -7887797 -7556322 -1820331 -142486 82128 -126358 -43373 34764 -3903 -66276 30306 45648 -7385 -12357 -1499 10764 -209 -1066 -42 -319 -4 -18 -12 -4 3 1 0 2 -1 0 1 0 0 0 0 0 0 1 1 0 0 0 0 0 0 0 0 0 0 0 1 -1 0 0 0 0 1583838187
-16082550 -15504936 21966344 5018970 -7886956 -7587516 -1819848 -142258 119479 -126332 -43335 -21941 -3985 -65960 -9447 -2326 -7306 -2901 -958 -1006 -221 -115 -50 -106 -4 -21 -17 0 5 7 0 5 -2 0 1 0 0 0 0 0 0 0 0 0 -1 0 0 0 0 0 0 0 0 0 0 0 0 0 0 0 1583838187
-16083294 -15453376 21861732 5120279 -7353218 -7555035 -1868550 -142594 120613 -126529 -43399 -30149 -3948 -52432 -10914 -3674 -9775 -3052 -959 -634 -240 -131 75 275 -5 10 689 50 -8 -1 0 1 -5 0 1 0 0 0 0 0 0 0 0 1 0 0 0 0 0 0 1 0 1 0 0 0 0 0 0 0 1583838187
-16086608 -15508123 21970830 5066970 -6529807 -7572865 -1944531 -142342 117994 -126611 -43444 -26084 -3862 -31057 -8653 -647 -9989 -3777 -1003 301 -251 -217 113 534 -6 -25 -30 -6 2 0 0 1 4 0 0 0 0 0 0 0 0 0 1 3 0 0 2 -2 1 1 3 0 2 0 0 1 0 0 0 0 1583838187
-16089722 -15504654 21959222 5182846 -3324037 -7517691 -2235391 -142567 120489 -127282 -43712 -29551 -3568 47962 -10882 -3513 -10728 -2938 -957 -614 -296 -107 15 -73 -3 -24 -16 -2 1 0 0 1 0 0 1 0 0 0 0 0 0 0 1 0 0 0 0 0 0 1 1 0 0 0 1 0 0 0 0 1 1583838187
-15907091 -15373385 21666064 5180622 -5719254 -7427158 -1353591 -142207 -13855 -125052 -42706 184086 -3835 -42931 130047 159186 -11873 -29739 -2439 32310 -212 -1923 56 -321 -4 -15 -11 2 7 7 0 5 0 0 2 -1 0 -2 -1 0 0 2 0 0 0 0 1 0 0 0 0 0 0 -1 0 0 0 0 0 0 1583838187
-16088598 -15505875 21959009 5231133 -1825325 -7492868 -2371711 -142660 119138 -127585 -43824 -27252 -3408 91001 -9869 -1896 -11167 -3401 -988 54 -320 -173 34 -92 -3 -24 -16 -6 2 0 0 1 0 0 1 -1 0 0 0 -1 0 0 0 0 -1 0 0 0 0 0 1 0 0 0 0 0 0 0 0 0 1583838187
-16093758 -15455238 21750801 7545863 64104630 -6353921 -8384337 -147286 118589 -141320 -49198 -17280 3018 1804984 -10405 -700 -27585 -961 -931 -273 -1270 311 -558 3391 -13 -6 -104 -5 3 3 0 2 -10 0 14 -9 -1 -2 7 -8 -1 0 0 -2 -2 0 0 -2 1 0 -4 -1 0 0 -1 -2 0 0 0 0 1583838187
-16088734 -15484304 21876853 5972724 18688150 -7145700 8580225 -123918 117157 -96583 -27302 -24967 -8320 16751 -7248 154 -652 -4027 -1279 106 -202 -154 -2669 21 -4 -22 -23 -5 1 0 0 0 -17 0 -6 20 0 0 -9 -11 -3 0 -6 0 -6 0 0 -1 0 0 0 1 1 0 1 -1 0 0 0 0 1583838187
-16086412 -15508917 21974614 5019324 -7893329 -7596274 -1818558 -142245 117966 -126323 -43330 -25819 -3993 -66023 -8767 -347 -7281 -4236 -1044 740 -221 -302 -52 -313 -3 -25 -10 -6 1 -1 0 1 0 0 3 0 0 0 0 1 0 0 0 0 0 0 0 0 0 0 -1 0 0 0 0 1 0 0 0 0 1583838187
-16088649 -15505033 21956263 5231606 -1939094 -7496745 618566 -137958 119116 -119371 -39606 -28042 -5045 -61534 -9606 -2008 1589 -3791 -1118 -148 -174 -177 -863 -395 -4 -26 -6 -5 1 0 0 1 -5 0 -4 -4 0 -1 4 2 0 0 0 0 -1 0 -1 0 0 0 0 0 0 0 0 0 0 0 0 0 1583838187
-16088177 -15510642 21978406 5017849 -7893240 -7597632 -1818551 -142234 119336 -126322 -43328 -28133 -3996 -66006 -9568 -2115 -7406 -3383 -990 -330 -222 -211 -43 -311 -3 -26 -12 -6 1 0 0 1 0 0 3 0 0 0 0 1 0 0 0 0 0 0 0 0 0 0 -1 0 0 0 0 1 0 0 0 0 1583838187
-16063925 -15491864 21934428 5063011 -6991953 -7566237 -1324754 -141514 99887 -124947 -42615 3265 -4184 -70080 63286 20129 -8274 33958 1482 -48491 -223 2132 78 -252 8 -53 -10 -17 -7 -13 0 -3 0 1 0 -1 0 0 1 0 0 1 0 0 0 1 0 0 0 0 0 0 0 0 0 0 0 0 0 0 1583838187
-16063643 -15272539 21488390 5507401 -3768558 -7389826 256460 -139432 120506 -120815 -40294 -30196 -4925 -76778 -10710 -3617 -8422 -3154 593 -602 -212 -123 -473 -81 -3 84 -22 219 -44 -6 0 1 -5 0 0 -1 1 0 -1 1 0 0 0 1 1 0 -1 1 -1 0 0 2 0 0 -1 0 0 0 0 0 1583838187
