-16081539 -15504491 21964739 5024632 -7849400 -7591806 -1822683 -142277 114139 -126337 -43339 -19168 -3980 -65148 -3121 4569 -9705 -3941 -1001 367 -232 -606 84 -85 -3 -17 188 -7 1 -2 0 0 0 0 0 0 0 0 0 0 0 0 0 -1 0 0 0 0 0 0 0 0 0 0 0 0 0 0 0 0 1583836345
-16088187 -15510478 21977746 5025025 -7689239 -7594105 -1837306 -142249 119326 -126364 -43346 -28100 -3978 -61027 -9445 -2110 -9706 -3240 -968 -427 -235 -198 83 -55 -4 -19 467 -5 2 0 0 1 -2 0 0 0 0 0 0 0 0 0 0 0 1 0 0 0 0 0 0 0 0 0 0 0 0 0 0 0 1583836345
-16088581 -15501049 21959240 5032703 -7892722 -7592308 -1818785 -142287 120628 -126338 -43332 -30229 -4001 -66134 -10919 -3696 -9649 -3067 -959 -637 -233 -135 82 -20 -3 -21 -20 3 0 0 0 1 0 0 1 0 0 0 0 0 0 0 0 0 -1 0 0 0 0 0 1 0 0 0 0 0 0 0 0 0 1583836345
-16083611 -15498923 21948001 5159005 -4075071 -7524292 -2166724 -142547 117280 -127134 -43654 -9131 -3599 32597 -1224 11016 -10678 -7430 -1263 6039 -282 -3181 56 -94 -4 9 -19 -15 -2 -11 0 -3 0 0 1 -1 0 7 0 -1 0 0 0 1 -1 0 0 0 0 0 0 0 0 0 0 0 0 0 0 0 1583836345
-16089599 -15501263 21949763 5242551 -1713345 -7488626 -2381947 -142693 120441 -127617 -43833 -29271 -3399 94435 -10865 -3438 -11191 -2885 -956 -605 -322 -97 66 -82 -2 -23 -16 -1 0 0 0 1 0 0 1 -1 0 0 0 -1 0 0 0 0 -1 0 0 0 0 0 1 0 0 0 0 0 0 0 0 0 1583836345
-16089173 -15499760 21933983 5507831 6049625 -7356957 -3089675 -143213 118895 -129229 -44477 -25956 -2654 290805 -9515 -1505 -13065 -3018 -974 -134 -430 -136 -150 533 -5 -22 -32 -6 2 0 0 1 -4 0 5 -1 0 -1 2 0 0 0 0 0 1 0 1 -1 0 0 0 0 0 0 0 0 0 0 0 0 1583836345
-16088168 -15510611 21978313 5018533 -7874186 -7597292 -1820972 -142236 119326 -126328 -43331 -28078 -3994 -65470 -9288 -2084 -6607 -3208 -984 -578 -218 -206 -61 -314 -3 -26 -12 -6 1 0 0 1 -2 0 1 0 0 0 0 0 0 0 1 0 0 0 1 0 0 0 0 0 0 0 0 0 0 0 0 0 1583836345
-16089488 -15507308 21970008 5061584 -6787602 -7577746 -1555970 -141751 120594 -125557 -42903 -30140 -4086 -54298 -10876 -3657 -5983 -3126 -990 -675 -220 -141 461 -324 -3 -26 -11 -2 1 0 0 1 -4 0 1 -1 0 0 1 0 0 0 0 0 0 0 0 0 0 0 0 0 0 0 0 0 0 0 0 0 1583836345
-16088261 -15509333 21973601 5060198 -6725455 -7577797 -1242680 -141243 119302 -124687 -42455 -28176 -4251 -67816 -9598 -2135 -8629 -3399 -994 -274 -225 -198 374 -288 -2 -27 -12 -6 1 0 0 1 0 0 0 -1 0 0 1 0 0 0 0 0 0 0 0 0 0 0 0 0 0 0 0 0 0 0 0 0 1583836345
-16089602 -15510028 21977352 5021622 -7835012 -7596650 -1827180 -142245 120625 -126346 -43338 -30211 -3989 -64264 -10901 -3680 -1096 -3223 -1021 -730 -192 -154 -272 -332 -4 -26 -9 -4 1 0 0 1 -2 0 1 2 0 0 0 0 0 0 1 0 0 0 0 0 0 1 0 0 1 0 0 -1 0 0 0 0 1583836345
-16089153 -15511242 21979831 5017662 -7874154 -7596951 -1820969 -142231 120792 -126328 -43330 -28988 -3995 -65486 -10989 -3703 -7046 -3122 -978 -670 -221 -140 -58 -279 -3 -23 -13 -5 2 0 0 0 -2 0 0 1 0 0 0 0 0 0 0 0 0 0 0 0 0 0 0 0 1 0 0 0 0 0 0 0 1583836345
-16089152 -15511256 21979890 5016994 -7893211 -7597280 -1818548 -142228 120792 -126322 -43328 -28992 -3997 -66001 -10991 -3705 -7655 -3110 -973 -661 -223 -139 -28 -307 -3 -24 -12 -5 2 0 0 0 0 0 3 0 0 0 0 1 0 0 0 0 0 0 0 0 0 0 -1 0 0 0 0 1 0 0 0 0 1583836345
-16085295 -15504655 21962776 5089090 -5926167 -7554511 -1217579 -141159 121720 -124594 -42386 -21470 -4214 -52012 -11382 -3724 -7873 -3152 -985 -681 -230 -129 -154 -315 -2 -5 -13 -1 4 6 0 -9 -2 -6 0 -2 0 0 0 0 0 0 0 0 0 0 0 0 0 0 0 0 0 0 0 0 0 0 0 0 1583836345
-16087489 -15505085 21957945 5218072 -2175439 -7496417 -2345851 -142646 119786 -127535 -43812 -25825 -3436 80080 -8683 -962 3446 -3334 -1118 698 -239 -138 -770 884 -11 -32 -38 -6 1 0 0 1 -18 0 5 -1 0 0 -7 0 0 0 3 0 -2 0 2 2 -1 -1 3 1 0 0 0 0 0 0 0 0 1583836345
-16089604 -15509916 21976984 5024735 -7748379 -7595130 -1832426 -142247 120623 -126356 -43341 -30203 -3984 -62235 -10911 -3685 -6250 -3126 -984 -673 -218 -142 -101 -207 -3 -26 -13 -4 1 0 0 1 -4 0 1 1 0 0 0 0 0 0 0 0 0 0 0 0 0 0 0 0 0 0 1 -1 0 0 0 0 1583836345
-16088682 -15507721 21966795 5145336 -4238829 -7533117 -2153658 -142490 120641 -127091 -43633 -27910 -3643 27286 -10987 -3557 -5752 -3063 -992 -676 -261 -123 -210 3 -4 -24 -19 -4 2 1 0 2 -6 0 2 0 0 0 -4 0 0 0 1 1 -1 0 1 1 -1 -1 0 0 -1 0 0 0 0 0 0 0 1583836345
-16077983 -15487570 21929818 5073766 -6240272 -7533526 -1969994 -142391 133030 -126713 -43493 6582 -3784 -23864 5602 7540 -7454 4801 -1257 10805 -204 -5022 -133 -181 -3 -87 -15 -24 -16 -14 0 -5 -3 1 1 0 0 10 0 0 -2 0 0 1 -1 0 1 0 0 -1 0 0 0 -1 0 0 0 0 0 0 1583836345
-16083592 -15504959 21963019 5089738 -5916729 -7558697 -2000734 -142399 116673 -126743 -43498 -22972 -3796 -15276 -8276 555 -5389 -4481 -1076 1053 -236 -178 -171 83 -5 -24 -24 -4 3 2 0 2 -6 0 1 0 0 0 -3 -2 0 0 0 0 -1 0 0 0 0 0 1 -1 0 0 0 0 0 0 0 0 1583836345
-16082702 -15495661 21939979 5200228 -2530024 -7486320 -2310604 -142618 127642 -127466 -43783 -14412 -3452 71664 -11411 -3760 -2792 -2567 -1014 -511 -268 -152 -388 -192 -4 -28 -12 -6 1 0 0 1 -7 0 0 -1 0 0 -6 1 0 0 1 1 0 0 3 -1 0 -2 0 1 0 0 0 0 0 0 0 0 1583836345
-16086597 -15509335 21975454 5019588 -7874273 -7596142 -1820976 -142245 118083 -126329 -43332 -26040 -3991 -65494 -8613 -554 -7517 -3945 -1023 372 -222 -393 78 -309 -3 -23 -12 -6 2 0 0 1 0 0 2 -1 0 0 0 0 0 0 0 0 0 0 0 0 0 0 0 0 0 0 0 0 0 0 0 0 1583836345
-16088178 -15510628 21978362 5018241 -7882397 -7597439 -1820263 -142236 119335 -126326 -43330 -28130 -3995 -65713 -9579 -2115 -7456 -3389 -991 -316 -222 -216 -37 -268 -3 -26 -13 -6 1 0 0 1 -1 0 0 1 0 0 0 0 0 0 0 0 0 0 0 0 0 0 0 0 0 0 0 0 0 0 0 0 1583836345
-16088136 -15496084 21948084 5061439 -7266418 -7579024 -1662970 -142021 120609 -125890 -43083 -30181 -4053 -59790 -10895 -3675 -7991 -3094 -975 -655 -228 -136 -26 -213 -3 -20 -14 7 0 0 0 1 -2 0 1 1 0 0 0 0 0 0 0 0 0 0 1 0 0 0 0 0 0 0 0 0 0 0 0 0 1583836345
-16088519 -15509155 21973106 5065760 -6538604 -7573152 -1237617 -141217 120734 -124667 -42439 -28378 -4243 -64058 -10963 -3675 -5036 -3172 -1004 -695 -210 -141 -228 -169 -4 -25 -16 -4 2 1 0 2 -4 0 0 2 0 0 0 -1 0 0 0 1 -1 0 0 0 0 0 0 0 0 0 0 0 0 0 0 0 1583836345
-16087061 -15505793 21962023 5144831 -4372288 -7535545 -222318 -139467 119238 -121786 -40905 -26462 -4695 -69413 -9552 -2029 -4952 -3529 -1043 -290 -204 -217 -472 -213 -3 -24 -16 -4 2 1 0 2 -4 0 -1 5 0 0 0 -3 0 0 -1 0 0 0 -1 -1 0 0 0 0 0 0 0 0 0 0 0 1 1583836345
-16089745 -15508546 21971466 5077997 -6268890 -7570206 -1066889 -140933 120578 -124186 -42183 -30192 -4327 -66292 -10840 -3660 -8617 -3097 -981 -652 -226 -133 -87 -298 -2 -26 -13 -4 1 0 0 1 0 0 0 -1 0 -1 1 0 0 0 0 0 0 0 0 0 0 0 0 0 0 0 0 0 0 0 0 0 1583836345
-15815601 -15280979 21488201 4804534 -7452971 -7346503 -1861916 -142269 89271 -126312 -43343 -8109 -3911 -54617 -8219 -2133 -1616 -1678 -903 -2967 -199 -129 -299 -206 -5 -10 -14 -6 2 0 0 1 -5 0 0 5 0 0 -2 0 0 0 0 0 1 0 3 -1 0 0 0 0 0 0 0 0 0 0 0 0 1583836345
-16087020 -15486994 21930513 5058105 -7745895 -7581525 -1832957 -142378 120624 -126394 -43352 -30203 -3984 -62096 -10912 -3686 -7141 -3109 -977 -664 -223 -140 -29 -259 -3 -24 -13 -1 0 0 0 1 -2 0 1 1 0 0 0 0 0 0 0 0 0 0 1 0 0 0 0 0 0 0 0 0 0 0 0 0 1583836345
-16075126 -15498284 21950877 5034682 -7036824 -7568773 -1240861 -141250 120708 -124691 -42465 -28931 -4266 -74636 -10968 -3671 -5584 -3164 -996 -688 -207 -145 563 -330 -3 -24 -11 -6 1 0 0 1 0 0 3 0 0 0 0 1 0 0 0 0 0 0 0 0 0 0 0 0 0 0 0 0 0 0 0 0 1583836345
-16088288 -15510120 21976781 5031319 -7489266 -7589057 -1673321 -141972 120742 -125906 -43103 -28200 -4055 -64074 -11023 -3702 -7936 -3107 -971 -660 -225 -140 1130 -291 -2 -28 -12 -4 2 1 0 2 0 0 2 0 0 0 0 0 0 0 0 0 0 0 0 0 0 0 0 0 0 0 0 0 0 0 0 0 1583836345
-15843103 -15320003 21540575 5331486 -2902137 -7347095 -237211 -140618 -75435 -121912 -41062 265354 -4204 -39664 242358 218797 -9132 6768 10 -15342 -189 -1248 -248 -266 6 -19 -11 -14 -4 -12 0 -3 -2 1 2 0 0 3 -1 -1 0 0 0 0 0 0 -1 0 0 0 0 0 -1 0 0 0 0 0 0 1 1583836345
-16058248 -15222571 21384782 5626984 -2394339 -7337394 399651 -139361 120465 -120442 -40048 -30046 -4933 -53971 -10669 -3562 -3144 -3232 1016 -630 -196 -136 1773 -364 -3 99 -9 261 -52 -7 0 1 -1 0 6 0 1 0 0 0 0 0 0 1 0 0 -2 0 0 0 0 0 -1 0 0 0 0 0 0 1 1583836345
-16085808 -15503039 21960936 5061987 -6839637 -7574877 -1557112 -141780 118293 -125573 -42919 -12450 -4062 -55550 -2297 8780 -5644 -6836 -1225 4265 -214 -3408 -69 -340 -4 17 -12 -16 -2 -12 0 -4 -4 0 1 -1 0 8 2 0 0 0 0 0 0 0 0 0 0 0 0 0 0 0 0 0 0 0 0 0 1583836345
-16084287 -15502297 21960821 5029434 -7815756 -7591370 -1830516 -142295 116330 -126369 -43356 -9918 -3956 -63845 -719 10444 -560 -6822 -1302 5560 -182 -3673 -380 -323 -5 11 -15 -16 -3 -13 0 -4 0 0 0 4 0 8 0 -2 0 0 5 -1 -1 0 0 0 0 0 0 -1 0 0 0 0 0 0 0 0 1583836345
-16088077 -15501248 21949834 5220440 -2367647 -7500862 -696840 -140088 118768 -123015 -41487 -15633 -4323 -2023 -3210 5645 -4704 -4270 -1223 4448 -229 -3524 -575 -353 -3 0 -11 -17 -4 -12 0 -4 -5 1 0 -1 0 9 -3 2 0 0 2 0 0 0 1 0 0 0 0 2 0 0 0 0 0 0 0 0 1583836345
-16088418 -15496043 21945346 5110915 -5841638 -7555808 -889444 -140691 120565 -123699 -41916 -30177 -4401 -65235 -10822 -3651 -8852 -3091 -980 -646 -227 -134 1007 -291 -2 -23 -13 5 0 0 0 1 -1 0 3 0 0 0 0 0 0 0 0 0 0 0 0 0 0 0 0 0 0 0 0 0 0 0 0 0 1583836345
-16088158 -15510514 21978136 5018269 -7886204 -7597437 -1819882 -142236 119332 -126325 -43330 -28180 -3995 -65782 -9442 -2150 -6168 -3280 -992 -498 -216 -186 -108 -311 -3 -26 -13 -6 1 0 0 1 -2 0 1 0 0 0 0 0 0 0 1 0 0 0 0 0 0 0 0 0 1 0 -1 0 0 0 0 0 1583836345
-16090003 -15505762 21960466 5184003 -3318555 -7520251 191925 -138734 120487 -120597 -40254 -30100 -4862 -61572 -10708 -3593 -8438 -3113 -1007 -660 -224 -124 -146 -332 -2 -26 -9 -4 1 0 0 1 0 0 3 0 0 -1 2 -1 0 0 0 1 0 0 0 0 0 0 0 0 0 0 0 0 0 0 0 0 1583836345
-16078222 -15501034 21957368 5025422 -7886636 -7588119 -1820021 -142294 112873 -126336 -43340 -15605 -3977 -65884 -1485 5856 -7529 -3737 -998 12 -221 -510 16 -310 -2 -20 -12 -5 2 0 0 2 0 0 2 -1 0 0 0 -1 0 0 0 0 0 0 0 0 0 0 0 0 0 0 0 0 0 0 0 0 1583836345
-16088654 -15497667 21948108 5119941 -5506336 -7551122 -937206 -140731 120555 -123813 -41967 -30121 -4359 -55826 -10818 -3634 -7891 -3103 -990 -660 -227 -131 -151 -320 -2 -21 -13 4 0 0 0 1 -2 0 0 -1 0 -1 1 0 0 0 0 0 0 0 0 0 0 0 0 0 0 0 0 0 0 0 0 0 1583836345
-16086495 -15509017 21974703 5021951 -7815343 -7594985 -1827743 -142253 118026 -126345 -43340 -26260 -3983 -63870 -8576 -687 -4055 -3863 -1040 176 -206 -240 3 -307 -3 -26 -12 -6 2 0 0 1 -2 0 1 0 0 0 0 0 0 0 0 0 0 0 0 0 0 0 0 0 0 0 1 -1 0 0 0 0 1583836345
-15996295 -15431266 21808670 4970888 -6751886 -7484548 -1923143 -142282 119240 -126527 -43412 -25103 -3879 -36427 -9585 -1938 -7596 -3134 -975 -640 -238 -198 -4 -207 -3 -22 -17 -6 1 0 0 1 -2 0 0 1 0 0 0 -1 0 0 0 0 0 0 0 0 0 0 0 0 0 0 0 0 0 0 0 0 1583836345
-16086499 -15509146 21975078 5019351 -7886291 -7596256 -1819886 -142245 118030 -126326 -43331 -26279 -3992 -65804 -8662 -692 -7069 -3871 -1022 276 -220 -234 -51 -309 -3 -26 -12 -6 2 0 0 1 -1 0 1 0 0 0 0 0 0 0 2 0 0 0 0 0 0 0 0 0 0 0 1 -1 0 0 0 0 1583836345
-16046630 -15477043 21904292 5033249 -7875737 -7554220 -1821162 -142421 98067 -126360 -43364 21003 -3917 -65852 10953 22461 -6813 -7443 -1210 4446 -213 -692 -75 -290 -4 -6 -13 10 11 21 0 11 -3 0 0 1 0 2 0 0 0 0 0 0 0 0 0 0 0 0 0 0 1 0 -1 0 0 0 0 0 1583836345
-16088498 -15506902 21963831 5158963 -3955395 -7530636 -516676 -139896 119213 -122573 -41293 -27792 -4506 -42097 -9266 -1925 -3583 -3408 -1044 -425 -211 -234 -481 36 -5 -24 -21 -6 1 0 0 1 -6 0 0 3 0 -1 1 -3 0 0 -1 2 -3 0 0 1 -1 -1 0 0 -1 0 0 0 0 0 0 0 1583836345
-16088211 -15510569 21978266 5018021 -7893248 -7597571 -1818552 -142235 119366 -126322 -43329 -28007 -3996 -66007 -9548 -2046 -7416 -3424 -993 -270 -222 -307 -43 -311 -3 -24 -12 -6 1 0 0 1 0 0 3 0 0 0 0 1 0 0 0 0 0 0 0 0 0 0 -1 0 0 0 0 1 0 0 0 0 1583836345
-16087363 -15502827 21949970 5269235 -873029 -7475841 517109 -138046 119164 -119599 -39680 -26001 -4917 -25206 -9367 -1859 -8345 -3425 -1037 -273 -241 -221 -546 -370 -2 -23 -9 -4 2 1 0 2 1 0 5 -2 0 0 -4 0 0 0 0 0 0 0 1 0 0 -1 0 0 0 0 0 0 0 0 0 0 1583836345
-15942994 -15396480 21718147 5181206 -5484829 -7450612 -1072623 -141612 9737 -124265 -42281 148146 -4033 -50264 154567 123593 -9778 18577 658 -29850 -213 -281 248 -274 7 -18 -10 -9 -2 -3 0 0 0 0 0 -1 0 4 2 0 0 0 0 0 0 1 0 0 0 0 0 0 0 0 0 0 0 0 0 0 1583836345
-16088352 -15508670 21970570 5096262 -5695742 -7560176 -1252269 -141181 119264 -124670 -42419 -27976 -4196 -45111 -9504 -2053 -8638 -3354 -995 -308 -237 -201 -51 -307 -2 -26 -12 -6 1 0 0 1 -1 0 0 -1 0 0 1 0 0 0 0 0 0 0 0 0 0 0 0 0 0 0 0 0 0 0 0 0 1583836345
-16026541 -15462746 21870724 5053574 -7856948 -7553235 -1824251 -142557 71685 -126384 -43397 48762 -3888 -65566 92810 53142 -4808 29271 1221 -42959 -201 1194 42 -272 7 -40 -9 -16 -6 -12 0 -3 0 1 1 0 0 2 0 0 0 0 0 0 0 1 0 0 0 0 0 0 1 0 0 0 0 0 0 0 1583836345
-16057543 -15225709 21401076 5432504 -7893717 -7429396 -1822358 -142740 120633 -126789 -43460 -30230 -3996 -65481 -10914 -3692 -7462 -3157 2227 -539 -215 -135 -39 -271 -3 104 -15 260 -52 -7 0 1 -2 0 0 1 2 0 0 0 0 0 0 0 0 0 0 0 0 0 0 0 1 0 0 0 0 0 0 0 1583836345
-16081539 -15504491 21964739 5024632 -7849400 -7591806 -1822683 -142277 114139 -126337 -43339 -19168 -3980 -65148 -3121 4569 -9705 -3941 -1001 367 -232 -606 84 -85 -3 -17 188 -7 1 -2 0 0 0 0 0 0 0 0 0 0 0 0 0 -1 0 0 0 0 0 0 0 0 0 0 0 0 0 0 0 0 1583838187
-16088187 -15510478 21977746 5025025 -7689239 -7594105 -1837306 -142249 119326 -126364 -43346 -28100 -3978 -61027 -9445 -2110 -9706 -3240 -968 -427 -235 -198 83 -55 -4 -19 467 -5 2 0 0 1 -2 0 0 0 0 0 0 0 0 0 0 0 1 0 0 0 0 0 0 0 0 0 0 0 0 0 0 0 1583838187
-16088581 -15501049 21959240 5032703 -7892722 -7592308 -1818785 -142287 120628 -126338 -43332 -30229 -4001 -66134 -10919 -3696 -9649 -3067 -959 -637 -233 -135 82 -20 -3 -21 -20 3 0 0 0 1 0 0 1 0 0 0 0 0 0 0 0 0 -1 0 0 0 0 0 1 0 0 0 0 0 0 0 0 0 1583838187
-16083611 -15498923 21948001 5159005 -4075071 -7524292 -2166724 -142547 117280 -127134 -43654 -9131 -3599 32597 -1224 11016 -10678 -7430 -1263 6039 -282 -3181 56 -94 -4 9 -19 -15 -2 -11 0 -3 0 0 1 -1 0 7 0 -1 0 0 0 1 -1 0 0 0 0 0 0 0 0 0 0 0 0 0 0 0 1583838187
-16089599 -15501263 21949763 5242551 -1713345 -7488626 -2381947 -142693 120441 -127617 -43833 -29271 -3399 94435 -10865 -3438 -11191 -2885 -956 -605 -322 -97 66 -82 -2 -23 -16 -1 0 0 0 1 0 0 1 -1 0 0 0 -1 0 0 0 0 -1 0 0 0 0 0 1 0 0 0 0 0 0 0 0 0 1583838187
-16089173 -15499760 21933983 5507831 6049625 -7356957 -3089675 -143213 118895 -129229 -44477 -25956 -2654 290805 -9515 -1505 -13065 -3018 -974 -134 -430 -136 -150 533 -5 -22 -32 -6 2 0 0 1 -4 0 5 -1 0 -1 2 0 0 0 0 0 1 0 1 -1 0 0 0 0 0 0 0 0 0 0 0 0 1583838187
-16088168 -15510611 21978313 5018533 -7874186 -7597292 -1820972 -142236 119326 -126328 -43331 -28078 -3994 -65470 -9288 -2084 -6607 -3208 -984 -578 -218 -206 -61 -314 -3 -26 -12 -6 1 0 0 1 -2 0 1 0 0 0 0 0 0 0 1 0 0 0 1 0 0 0 0 0 0 0 0 0 0 0 0 0 1583838187
-16089488 -15507308 21970008 5061584 -6787602 -7577746 -1555970 -141751 120594 -125557 -42903 -30140 -4086 -54298 -10876 -3657 -5983 -3126 -990 -675 -220 -141 461 -324 -3 -26 -11 -2 1 0 0 1 -4 0 1 -1 0 0 1 0 0 0 0 0 0 0 0 0 0 0 0 0 0 0 0 0 0 0 0 0 1583838187
-16088261 -15509333 21973601 5060198 -6725455 -7577797 -1242680 -141243 119302 -124687 -42455 -28176 -4251 -67816 -9598 -2135 -8629 -3399 -994 -274 -225 -198 374 -288 -2 -27 -12 -6 1 0 0 1 0 0 0 -1 0 0 1 0 0 0 0 0 0 0 0 0 0 0 0 0 0 0 0 0 0 0 0 0 1583838187
-16089602 -15510028 21977352 5021622 -7835012 -7596650 -1827180 -142245 120625 -126346 -43338 -30211 -3989 -64264 -10901 -3680 -1096 -3223 -1021 -730 -192 -154 -272 -332 -4 -26 -9 -4 1 0 0 1 -2 0 1 2 0 0 0 0 0 0 1 0 0 0 0 0 0 1 0 0 1 0 0 -1 0 0 0 0 1583838187
-16089153 -15511242 21979831 5017662 -7874154 -7596951 -1820969 -142231 120792 -126328 -43330 -28988 -3995 -65486 -10989 -3703 -7046 -3122 -978 -670 -221 -140 -58 -279 -3 -23 -13 -5 2 0 0 0 -2 0 0 1 0 0 0 0 0 0 0 0 0 0 0 0 0 0 0 0 1 0 0 0 0 0 0 0 1583838187
-16089152 -15511256 21979890 5016994 -7893211 -7597280 -1818548 -142228 120792 -126322 -43328 -28992 -3997 -66001 -10991 -3705 -7655 -3110 -973 -661 -223 -139 -28 -307 -3 -24 -12 -5 2 0 0 0 0 0 3 0 0 0 0 1 0 0 0 0 0 0 0 0 0 0 -1 0 0 0 0 1 0 0 0 0 1583838187
-16085295 -15504655 21962776 5089090 -5926167 -7554511 -1217579 -141159 121720 -124594 -42386 -21470 -4214 -52012 -11382 -3724 -7873 -3152 -985 -681 -230 -129 -154 -315 -2 -5 -13 -1 4 6 0 -9 -2 -6 0 -2 0 0 0 0 0 0 0 0 0 0 0 0 0 0 0 0 0 0 0 0 0 0 0 0 1583838187
-16087489 -15505085 21957945 5218072 -2175439 -7496417 -2345851 -142646 119786 -127535 -43812 -25825 -3436 80080 -8683 -962 3446 -3334 -1118 698 -239 -138 -770 884 -11 -32 -38 -6 1 0 0 1 -18 0 5 -1 0 0 -7 0 0 0 3 0 -2 0 2 2 -1 -1 3 1 0 0 0 0 0 0 0 0 1583838187
-16089604 -15509916 21976984 5024735 -7748379 -7595130 -1832426 -142247 120623 -126356 -43341 -30203 -3984 -62235 -10911 -3685 -6250 -3126 -984 -673 -218 -142 -101 -207 -3 -26 -13 -4 1 0 0 1 -4 0 1 1 0 0 0 0 0 0 0 0 0 0 0 0 0 0 0 0 0 0 1 -1 0 0 0 0 1583838187
-16088682 -15507721 21966795 5145336 -4238829 -7533117 -2153658 -142490 120641 -127091 -43633 -27910 -3643 27286 -10987 -3557 -5752 -3063 -992 -676 -261 -123 -210 3 -4 -24 -19 -4 2 1 0 2 -6 0 2 0 0 0 -4 0 0 0 1 1 -1 0 1 1 -1 -1 0 0 -1 0 0 0 0 0 0 0 1583838187
-16077983 -15487570 21929818 5073766 -6240272 -7533526 -1969994 -142391 133030 -126713 -43493 6582 -3784 -23864 5602 7540 -7454 4801 -1257 10805 -204 -5022 -133 -181 -3 -87 -15 -24 -16 -14 0 -5 -3 1 1 0 0 10 0 0 -2 0 0 1 -1 0 1 0 0 -1 0 0 0 -1 0 0 0 0 0 0 1583838187
-16083592 -15504959 21963019 5089738 -5916729 -7558697 -2000734 -142399 116673 -126743 -43498 -22972 -3796 -15276 -8276 555 -5389 -4481 -1076 1053 -236 -178 -171 83 -5 -24 -24 -4 3 2 0 2 -6 0 1 0 0 0 -3 -2 0 0 0 0 -1 0 0 0 0 0 1 -1 0 0 0 0 0 0 0 0 1583838187
-16082702 -15495661 21939979 5200228 -2530024 -7486320 -2310604 -142618 127642 -127466 -43783 -14412 -3452 71664 -11411 -3760 -2792 -2567 -1014 -511 -268 -152 -388 -192 -4 -28 -12 -6 1 0 0 1 -7 0 0 -1 0 0 -6 1 0 0 1 1 0 0 3 -1 0 -2 0 1 0 0 0 0 0 0 0 0 1583838187
-16086597 -15509335 21975454 5019588 -7874273 -7596142 -1820976 -142245 118083 -126329 -43332 -26040 -3991 -65494 -8613 -554 -7517 -3945 -1023 372 -222 -393 78 -309 -3 -23 -12 -6 2 0 0 1 0 0 2 -1 0 0 0 0 0 0 0 0 0 0 0 0 0 0 0 0 0 0 0 0 0 0 0 0 1583838187
-16088178 -15510628 21978362 5018241 -7882397 -7597439 -1820263 -142236 119335 -126326 -43330 -28130 -3995 -65713 -9579 -2115 -7456 -3389 -991 -316 -222 -216 -37 -268 -3 -26 -13 -6 1 0 0 1 -1 0 0 1 0 0 0 0 0 0 0 0 0 0 0 0 0 0 0 0 0 0 0 0 0 0 0 0 1583838187
-16088136 -15496084 21948084 5061439 -7266418 -7579024 -1662970 -142021 120609 -125890 -43083 -30181 -4053 -59790 -10895 -3675 -7991 -3094 -975 -655 -228 -136 -26 -213 -3 -20 -14 7 0 0 0 1 -2 0 1 1 0 0 0 0 0 0 0 0 0 0 1 0 0 0 0 0 0 0 0 0 0 0 0 0 1583838187
-16088519 -15509155 21973106 5065760 -6538604 -7573152 -1237617 -141217 120734 -124667 -42439 -28378 -4243 -64058 -10963 -3675 -5036 -3172 -1004 -695 -210 -141 -228 -169 -4 -25 -16 -4 2 1 0 2 -4 0 0 2 0 0 0 -1 0 0 0 1 -1 0 0 0 0 0 0 0 0 0 0 0 0 0 0 0 1583838187
-16087061 -15505793 21962023 5144831 -4372288 -7535545 -222318 -139467 119238 -121786 -40905 -26462 -4695 -69413 -9552 -2029 -4952 -3529 -1043 -290 -204 -217 -472 -213 -3 -24 -16 -4 2 1 0 2 -4 0 -1 5 0 0 0 -3 0 0 -1 0 0 0 -1 -1 0 0 0 0 0 0 0 0 0 0 0 1 1583838187
-16089745 -15508546 21971466 5077997 -6268890 -7570206 -1066889 -140933 120578 -124186 -42183 -30192 -4327 -66292 -10840 -3660 -8617 -3097 -981 -652 -226 -133 -87 -298 -2 -26 -13 -4 1 0 0 1 0 0 0 -1 0 -1 1 0 0 0 0 0 0 0 0 0 0 0 0 0 0 0 0 0 0 0 0 0 1583838187
-15815601 -15280979 21488201 4804534 -7452971 -7346503 -1861916 -142269 89271 -126312 -43343 -8109 -3911 -54617 -8219 -2133 -1616 -1678 -903 -2967 -199 -129 -299 -206 -5 -10 -14 -6 2 0 0 1 -5 0 0 5 0 0 -2 0 0 0 0 0 1 0 3 -1 0 0 0 0 0 0 0 0 0 0 0 0 1583838187
-16087020 -15486994 21930513 5058105 -7745895 -7581525 -1832957 -142378 120624 -126394 -43352 -30203 -3984 -62096 -10912 -3686 -7141 -3109 -977 -664 -223 -140 -29 -259 -3 -24 -13 -1 0 0 0 1 -2 0 1 1 0 0 0 0 0 0 0 0 0 0 1 0 0 0 0 0 0 0 0 0 0 0 0 0 1583838187
-16075126 -15498284 21950877 5034682 -7036824 -7568773 -1240861 -141250 120708 -124691 -42465 -28931 -4266 -74636 -10968 -3671 -5584 -3164 -996 -688 -207 -145 563 -330 -3 -24 -11 -6 1 0 0 1 0 0 3 0 0 0 0 1 0 0 0 0 0 0 0 0 0 0 0 0 0 0 0 0 0 0 0 0 1583838187
-16088288 -15510120 21976781 5031319 -7489266 -7589057 -1673321 -141972 120742 -125906 -43103 -28200 -4055 -64074 -11023 -3702 -7936 -3107 -971 -660 -225 -140 1130 -291 -2 -28 -12 -4 2 1 0 2 0 0 2 0 0 0 0 0 0 0 0 0 0 0 0 0 0 0 0 0 0 0 0 0 0 0 0 0 1583838187
-15843103 -15320003 21540575 5331486 -2902137 -7347095 -237211 -140618 -75435 -121912 -41062 265354 -4204 -39664 242358 218797 -9132 6768 10 -15342 -189 -1248 -248 -266 6 -19 -11 -14 -4 -12 0 -3 -2 1 2 0 0 3 -1 -1 0 0 0 0 0 0 -1 0 0 0 0 0 -1 0 0 0 0 0 0 1 1583838187
-16058248 -15222571 21384782 5626984 -2394339 -7337394 399651 -139361 120465 -120442 -40048 -30046 -4933 -53971 -10669 -3562 -3144 -3232 1016 -630 -196 -136 1773 -364 -3 99 -9 261 -52 -7 0 1 -1 0 6 0 1 0 0 0 0 0 0 1 0 0 -2 0 0 0 0 0 -1 0 0 0 0 0 0 1 1583838187
-16085808 -15503039 21960936 5061987 -6839637 -7574877 -1557112 -141780 118293 -125573 -42919 -12450 -4062 -55550 -2297 8780 -5644 -6836 -1225 4265 -214 -3408 -69 -340 -4 17 -12 -16 -2 -12 0 -4 -4 0 1 -1 0 8 2 0 0 0 0 0 0 0 0 0 0 0 0 0 0 0 0 0 0 0 0 0 1583838187
-16084287 -15502297 21960821 5029434 -7815756 -7591370 -1830516 -142295 116330 -126369 -43356 -9918 -3956 -63845 -719 10444 -560 -6822 -1302 5560 -182 -3673 -380 -323 -5 11 -15 -16 -3 -13 0 -4 0 0 0 4 0 8 0 -2 0 0 5 -1 -1 0 0 0 0 0 0 -1 0 0 0 0 0 0 0 0 1583838187
-16088077 -15501248 21949834 5220440 -2367647 -7500862 -696840 -140088 118768 -123015 -41487 -15633 -4323 -2023 -3210 5645 -4704 -4270 -1223 4448 -229 -3524 -575 -353 -3 0 -11 -17 -4 -12 0 -4 -5 1 0 -1 0 9 -3 2 0 0 2 0 0 0 1 0 0 0 0 2 0 0 0 0 0 0 0 0 1583838187
-16088418 -15496043 21945346 5110915 -5841638 -7555808 -889444 -140691 120565 -123699 -41916 -30177 -4401 -65235 -10822 -3651 -8852 -3091 -980 -646 -227 -134 1007 -291 -2 -23 -13 5 0 0 0 1 -1 0 3 0 0 0 0 0 0 0 0 0 0 0 0 0 0 0 0 0 0 0 0 0 0 0 0 0 1583838187
-16088158 -15510514 21978136 5018269 -7886204 -7597437 -1819882 -142236 119332 -126325 -43330 -28180 -3995 -65782 -9442 -2150 -6168 -3280 -992 -498 -216 -186 -108 -311 -3 -26 -13 -6 1 0 0 1 -2 0 1 0 0 0 0 0 0 0 1 0 0 0 0 0 0 0 0 0 1 0 -1 0 0 0 0 0 1583838187
-16090003 -15505762 21960466 5184003 -3318555 -7520251 191925 -138734 120487 -120597 -40254 -30100 -4862 -61572 -10708 -3593 -8438 -3113 -1007 -660 -224 -124 -146 -332 -2 -26 -9 -4 1 0 0 1 0 0 3 0 0 -1 2 -1 0 0 0 1 0 0 0 0 0 0 0 0 0 0 0 0 0 0 0 0 1583838187
-16078222 -15501034 21957368 5025422 -7886636 -7588119 -1820021 -142294 112873 -126336 -43340 -15605 -3977 -65884 -1485 5856 -7529 -3737 -998 12 -221 -510 16 -310 -2 -20 -12 -5 2 0 0 2 0 0 2 -1 0 0 0 -1 0 0 0 0 0 0 0 0 0 0 0 0 0 0 0 0 0 0 0 0 1583838187
-16088654 -15497667 21948108 5119941 -5506336 -7551122 -937206 -140731 120555 -123813 -41967 -30121 -4359 -55826 -10818 -3634 -7891 -3103 -990 -660 -227 -131 -151 -320 -2 -21 -13 4 0 0 0 1 -2 0 0 -1 0 -1 1 0 0 0 0 0 0 0 0 0 0 0 0 0 0 0 0 0 0 0 0 0 1583838187
-16086495 -15509017 21974703 5021951 -7815343 -7594985 -1827743 -142253 118026 -126345 -43340 -26260 -3983 -63870 -8576 -687 -4055 -3863 -1040 176 -206 -240 3 -307 -3 -26 -12 -6 2 0 0 1 -2 0 1 0 0 0 0 0 0 0 0 0 0 0 0 0 0 0 0 0 0 0 1 -1 0 0 0 0 1583838187
-15996295 -15431266 21808670 4970888 -6751886 -7484548 -1923143 -142282 119240 -126527 -43412 -25103 -3879 -36427 -9585 -1938 -7596 -3134 -975 -640 -238 -198 -4 -207 -3 -22 -17 -6 1 0 0 1 -2 0 0 1 0 0 0 -1 0 0 0 0 0 0 0 0 0 0 0 0 0 0 0 0 0 0 0 0 1583838187
-16086499 -15509146 21975078 5019351 -7886291 -7596256 -1819886 -142245 118030 -126326 -43331 -26279 -3992 -65804 -8662 -692 -7069 -3871 -1022 276 -220 -234 -51 -309 -3 -26 -12 -6 2 0 0 1 -1 0 1 0 0 0 0 0 0 0 2 0 0 0 0 0 0 0 0 0 0 0 1 -1 0 0 0 0 1583838187
-16046630 -15477043 21904292 5033249 -7875737 -7554220 -1821162 -142421 98067 -126360 -43364 21003 -3917 -65852 10953 22461 -6813 -7443 -1210 4446 -213 -692 -75 -290 -4 -6 -13 10 11 21 0 11 -3 0 0 1 0 2 0 0 0 0 0 0 0 0 0 0 0 0 0 0 1 0 -1 0 0 0 0 0 1583838187
-16088498 -15506902 21963831 5158963 -3955395 -7530636 -516676 -139896 119213 -122573 -41293 -27792 -4506 -42097 -9266 -1925 -3583 -3408 -1044 -425 -211 -234 -481 36 -5 -24 -21 -6 1 0 0 1 -6 0 0 3 0 -1 1 -3 0 0 -1 2 -3 0 0 1 -1 -1 0 0 -1 0 0 0 0 0 0 0 1583838187
-16088211 -15510569 21978266 5018021 -7893248 -7597571 -1818552 -142235 119366 -126322 -43329 -28007 -3996 -66007 -9548 -2046 -7416 -3424 -993 -270 -222 -307 -43 -311 -3 -24 -12 -6 1 0 0 1 0 0 3 0 0 0 0 1 0 0 0 0 0 0 0 0 0 0 -1 0 0 0 0 1 0 0 0 0 1583838187
-16087363 -15502827 21949970 5269235 -873029 -7475841 517109 -138046 119164 -119599 -39680 -26001 -4917 -25206 -9367 -1859 -8345 -3425 -1037 -273 -241 -221 -546 -370 -2 -23 -9 -4 2 1 0 2 1 0 5 -2 0 0 -4 0 0 0 0 0 0 0 1 0 0 -1 0 0 0 0 0 0 0 0 0 0 1583838187
-15942994 -15396480 21718147 5181206 -5484829 -7450612 -1072623 -141612 9737 -124265 -42281 148146 -4033 -50264 154567 123593 -9778 18577 658 -29850 -213 -281 248 -274 7 -18 -10 -9 -2 -3 0 0 0 0 0 -1 0 4 2 0 0 0 0 0 0 1 0 0 0 0 0 0 0 0 0 0 0 0 0 0 1583838187
-16088352 -15508670 21970570 5096262 -5695742 -7560176 -1252269 -141181 119264 -124670 -42419 -27976 -4196 -45111 -9504 -2053 -8638 -3354 -995 -308 -237 -201 -51 -307 -2 -26 -12 -6 1 0 0 1 -1 0 0 -1 0 0 1 0 0 0 0 0 0 0 0 0 0 0 0 0 0 0 0 0 0 0 0 0 1583838187
-16026541 -15462746 21870724 5053574 -7856948 -7553235 -1824251 -142557 71685 -126384 -43397 48762 -3888 -65566 92810 53142 -4808 29271 1221 -42959 -201 1194 42 -272 7 -40 -9 -16 -6 -12 0 -3 0 1 1 0 0 2 0 0 0 0 0 0 0 1 0 0 0 0 0 0 1 0 0 0 0 0 0 0 1583838187
-16057543 -15225709 21401076 5432504 -7893717 -7429396 -1822358 -142740 120633 -126789 -43460 -30230 -3996 -65481 -10914 -3692 -7462 -3157 2227 -539 -215 -135 -39 -271 -3 104 -15 260 -52 -7 0 1 -2 0 0 1 2 0 0 0 0 0 0 0 0 0 0 0 0 0 0 0 1 0 0 0 0 0 0 0 1583838187
