-16089287 -15511410 21980151 5017562 -7890507 -7598211 -1820197 -142232 120216 -126326 -43331 -29295 -4000 -66404 -9548 -3061 -9641 -2550 -924 -1331 -232 -294 80 266 -5 -16 461 -5 2 0 0 2 2 0 3 0 0 -1 0 1 0 0 0 0 -1 0 0 0 0 0 0 0 0 0 0 0 0 0 0 0 1583836345
-16089380 -15508133 21973600 5022426 -7892420 -7596495 -1819045 -142248 120628 -126328 -43330 -30230 -4001 -66329 -10919 -3697 -9644 -3068 -960 -637 -232 -135 81 91 -4 -21 327 -4 2 0 0 1 0 0 2 0 0 0 0 0 0 0 0 1 0 0 0 0 0 0 0 0 0 0 0 0 0 0 0 0 1583836345
-16089369 -15508041 21973415 5022558 -7892442 -7596441 -1819041 -142249 120628 -126008 -43329 -30230 -4001 -66236 -10920 -3697 -9685 -3082 -979 -651 7738 -134 79 61 -4 -24 123 -4 1 0 0 1 0 0 2 0 0 0 0 0 0 0 0 0 0 0 0 0 0 0 1 0 0 0 0 0 0 0 0 0 1583836345
-15923992 -14041042 18999656 7150375 -7993162 -6729821 -1831700 -152177 121660 -132866 3932270 -28312 -3799 -75326 -10268 -3495 -8984 -2898 -902 -601 -211 -130 79 156 -5 -17 544 -5 2 0 0 1 -2 0 2 0 0 0 0 0 0 0 0 1 -1 0 0 0 0 0 0 0 0 0 0 0 0 0 0 0 1583836345
-16088515 -15484425 21907489 5440332 3385975 -7392923 -2937549 -143267 120287 -128566 -44389 -28478 -2861 228409 -10830 -3226 -12369 -2752 -976 -597 9196 -64 7 -290 -1 -12 9 18 -2 0 0 1 5 0 -3 0 0 0 -3 -1 0 0 0 1 0 0 0 -1 1 3 -1 1 0 0 1 1 0 -1 0 2 1583836345
-13682155 5907091 -21506625 37558009 33983405 5782868 -6304114 -290504 134327 -231467 57757315 4382 3313 933888 -1097 1034 -10323 677 -103 104 -559 206 -471 -434 5 3 29 -3 1 0 0 0 2 0 -5 7 0 0 -1 2 0 0 -3 0 4 0 3 -4 3 5 -1 3 -3 0 2 2 0 1 2 3 1583836345
-16090186 -15505129 21956082 5269568 -752090 -7474718 -2526584 -142824 120412 -127892 -43994 -29120 -3279 120306 -10862 -3398 -11350 -2858 -958 -603 756 -91 0 -263 -2 -24 -7 -4 1 0 0 1 0 0 0 0 0 0 0 0 0 0 0 1 0 0 0 0 0 1 0 0 0 0 0 0 0 0 0 0 1583836345
-16092667 -15471092 21824097 6654382 38511382 -6795016 -6058945 -145529 119225 -132501 -47195 -23248 433 1106915 -10536 -1813 -20830 -1751 -959 -423 7730 146 -553 -462 2 -14 56 -3 2 0 0 2 17 0 -21 5 1 0 -5 6 1 0 3 -8 15 2 4 4 -4 11 -1 -5 -7 0 -3 6 -1 6 7 13 1583836345
-16087984 -15489048 21927373 5209996 -3192118 -7506240 -2247723 -142667 120487 -127339 -38877 -29515 -3549 53474 -10879 -3504 -10792 -2931 -957 -613 -300 -106 23 -291 -2 -16 -6 13 -1 -1 0 1 0 0 0 0 0 0 0 0 0 0 0 0 1 0 0 0 0 1 0 -1 0 0 -1 1 0 1 1 1 1583836345
-16089287 -15511410 21980151 5017562 -7890507 -7598211 -1820197 -142232 120216 -126326 -43331 -29295 -4000 -66404 -9548 -3061 -9641 -2550 -924 -1331 -232 -294 80 266 -5 -16 461 -5 2 0 0 2 2 0 3 0 0 -1 0 1 0 0 0 0 -1 0 0 0 0 0 0 0 0 0 0 0 0 0 0 0 1583838187
-16089380 -15508133 21973600 5022426 -7892420 -7596495 -1819045 -142248 120628 -126328 -43330 -30230 -4001 -66329 -10919 -3697 -9644 -3068 -960 -637 -232 -135 81 91 -4 -21 327 -4 2 0 0 1 0 0 2 0 0 0 0 0 0 0 0 1 0 0 0 0 0 0 0 0 0 0 0 0 0 0 0 0 1583838187
-16089369 -15508041 21973415 5022558 -7892442 -7596441 -1819041 -142249 120628 -126008 -43329 -30230 -4001 -66236 -10920 -3697 -9685 -3082 -979 -651 7738 -134 79 61 -4 -24 123 -4 1 0 0 1 0 0 2 0 0 0 0 0 0 0 0 0 0 0 0 0 0 0 1 0 0 0 0 0 0 0 0 0 1583838187
-15923992 -14041042 18999656 7150375 -7993162 -6729821 -1831700 -152177 121660 -132866 3932270 -28312 -3799 -75326 -10268 -3495 -8984 -2898 -902 -601 -211 -130 79 156 -5 -17 544 -5 2 0 0 1 -2 0 2 0 0 0 0 0 0 0 0 1 -1 0 0 0 0 0 0 0 0 0 0 0 0 0 0 0 1583838187
-16088515 -15484425 21907489 5440332 3385975 -7392923 -2937549 -143267 120287 -128566 -44389 -28478 -2861 228409 -10830 -3226 -12369 -2752 -976 -597 9196 -64 7 -290 -1 -12 9 18 -2 0 0 1 5 0 -3 0 0 0 -3 -1 0 0 0 1 0 0 0 -1 1 3 -1 1 0 0 1 1 0 -1 0 2 1583838187
-13682155 5907091 -21506625 37558009 33983405 5782868 -6304114 -290504 134327 -231467 57757315 4382 3313 933888 -1097 1034 -10323 677 -103 104 -559 206 -471 -434 5 3 29 -3 1 0 0 0 2 0 -5 7 0 0 -1 2 0 0 -3 0 4 0 3 -4 3 5 -1 3 -3 0 2 2 0 1 2 3 1583838187
-16090186 -15505129 21956082 5269568 -752090 -7474718 -2526584 -142824 120412 -127892 -43994 -29120 -3279 120306 -10862 -3398 -11350 -2858 -958 -603 756 -91 0 -263 -2 -24 -7 -4 1 0 0 1 0 0 0 0 0 0 0 0 0 0 0 1 0 0 0 0 0 1 0 0 0 0 0 0 0 0 0 0 1583838187
-16092667 -15471092 21824097 6654382 38511382 -6795016 -6058945 -145529 119225 -132501 -47195 -23248 433 1106915 -10536 -1813 -20830 -1751 -959 -423 7730 146 -553 -462 2 -14 56 -3 2 0 0 2 17 0 -21 5 1 0 -5 6 1 0 3 -8 15 2 4 4 -4 11 -1 -5 -7 0 -3 6 -1 6 7 13 1583838187
-16087984 -15489048 21927373 5209996 -3192118 -7506240 -2247723 -142667 120487 -127339 -38877 -29515 -3549 53474 -10879 -3504 -10792 -2931 -957 -613 -300 -106 23 -291 -2 -16 -6 13 -1 -1 0 1 0 0 0 0 0 0 0 0 0 0 0 0 1 0 0 0 0 1 0 -1 0 0 -1 1 0 1 1 1 1583838187
