-16076663 -15500884 21956636 5026066 -7882567 -7589120 -1819950 -142299 110277 -126334 -43340 -13585 -3975 -65918 991 8810 -9722 -4304 -1017 798 -230 -616 88 -206 -3 -19 53 -7 1 -1 0 1 1 0 -1 0 0 0 0 0 0 0 0 -1 0 0 0 0 0 0 0 0 0 0 0 0 0 0 0 0 1583836345
-16093072 -15459687 21768984 7342461 58283212 -6455759 -7857063 -146883 117321 -140145 -48807 -17925 2355 1618511 -8802 707 -25713 -1366 -941 -62 -1171 158 -976 588 0 -8 -20 -5 2 0 0 1 4 0 5 7 0 -1 3 6 1 0 4 7 1 0 3 0 0 2 0 -1 -3 0 0 3 0 0 1 3 1583836345
-16088433 -15507936 21967282 5141483 -4372973 -7536878 -2155231 -142505 119224 -127101 -43643 -27575 -3646 24651 -9365 -1954 186 -3325 -1046 -554 -226 -202 -440 2876 -20 -22 -41 -7 2 0 0 1 11 0 -3 1 0 0 0 5 2 0 7 22 -2 0 0 5 -4 5 -3 -12 0 0 -3 3 0 0 0 0 1583836345
-16045229 -15477864 21904449 5021327 -7351907 -7585377 -1869835 -142336 87067 -126397 -43365 -28136 -3943 -52071 -10013 -3749 -9782 -2363 -913 -1550 -240 -89 107 110 -5 -23 -14 -7 1 0 0 1 3 0 0 0 0 0 0 0 0 0 1 4 0 0 0 1 -1 0 0 -2 -1 0 -1 0 0 0 0 0 1583836345
-16085177 -15470848 21898019 5076540 -7893232 -7574445 -1820370 -142461 120629 -126392 -43349 -30232 -4001 -66502 -10919 -3697 -9638 -3068 -960 -637 -232 -135 79 265 -5 -7 724 13 -1 -1 0 1 1 0 3 0 0 0 0 1 0 0 0 -1 -1 0 0 0 0 0 1 0 0 0 0 0 0 0 0 0 1583836345
-16082309 -15499772 21956905 5012038 -7889224 -7578830 -1821355 -142242 127775 -126345 -43342 -15325 -3975 -66457 -11673 -3911 -9646 -2895 -958 -573 -232 -147 83 86 -4 -14 856 -5 2 0 0 1 7 0 2 0 0 0 -1 1 0 0 1 0 0 0 -1 -1 1 0 0 0 0 0 0 0 0 -1 0 0 1583836345
-16088522 -15510401 21977990 5018258 -7892223 -7597681 -1819035 -142235 119630 -126323 -43329 -27677 -3997 -66092 -9347 -1835 -9661 -3383 -981 -118 -232 -313 84 -199 -3 -24 106 -6 1 -1 0 1 1 0 1 0 0 0 0 0 0 0 -1 0 0 0 0 0 0 0 0 0 0 0 0 0 0 0 0 0 1583836345
-16082167 -15502501 21961124 5023752 -7892612 -7590346 -1819078 -142277 116360 -126336 -43341 -15544 -3982 -66807 1170 4787 -9519 1761 -1163 7224 -206 -1548 32 317 -6 -81 909 -10 -5 -1 0 0 -5 0 2 0 0 1 0 0 -1 0 0 1 -1 0 0 0 0 0 0 0 0 0 0 0 0 0 0 0 1583836345
-16088219 -15510711 21978536 5018181 -7882455 -7597462 -1824563 -142242 119361 -126339 -43341 -28147 -3999 -67544 -9915 -2129 -9608 -3603 -993 15 -229 -288 64 1457 -13 9 2442 -3 5 0 0 0 -2 1 0 -1 0 0 0 3 0 0 -5 -7 0 0 1 1 -1 0 2 1 0 0 0 0 0 -1 0 0 1583836345
-16088220 -15510734 21978596 5017822 -7892227 -7597643 -1819016 -142234 119363 -126322 -43329 -28168 -3997 -66122 -9922 -2148 -9661 -3585 -990 4 -233 -279 84 -203 -3 -22 187 -6 2 0 0 1 1 0 2 0 0 0 0 0 0 0 0 0 0 0 0 0 0 0 0 0 0 0 0 0 0 0 0 0 1583836345
-16088283 -15487875 21920699 5302847 -512005 -7460522 -2492840 -142850 120405 -127890 -43938 -29083 -3280 126097 -10855 -3387 -11482 -2848 -955 -597 -340 -90 316 -194 -2 -13 390 8 0 0 0 1 3 0 0 0 0 -1 2 -2 0 0 1 0 0 0 0 0 0 0 0 0 0 0 0 0 0 0 0 0 1583836345
-16087081 -15501460 21952738 5176400 -3578642 -7520044 -2213197 -142573 118130 -127237 -43692 -12682 -3553 46357 -2851 8025 -10660 -6065 -1196 4934 -288 -3696 2337 -283 -2 8 -2 -17 -3 -13 0 -4 4 0 0 0 0 8 1 -1 0 0 1 0 0 0 1 0 0 0 0 0 0 0 0 0 0 0 0 0 1583836345
-16089615 -15505510 21962987 5138545 -4590091 -7539465 -2120322 -142479 120527 -127021 -43614 -29761 -3697 12973 -10894 -3570 -10385 -2977 -958 -621 -277 -116 37 -294 -2 -24 -6 -2 1 0 0 1 1 0 0 -1 0 0 0 0 0 0 2 0 1 0 0 0 0 0 0 1 0 0 -1 0 0 0 0 0 1583836345
-15742109 -15247056 21381915 5174174 -4689650 -7406016 -2112213 -143636 -148736 -126970 -43735 200380 -3378 15489 297917 162869 -11061 96185 5804 -129619 -257 4732 576 -149 25 -72 0 -38 -24 -37 0 -14 3 3 0 0 0 6 2 0 -1 1 -1 0 0 4 0 0 0 0 0 0 0 0 0 0 0 0 0 0 1583836345
-16057412 -15205750 21339488 5909548 5280895 -7196260 -3025789 -143711 120235 -129554 -44539 -28184 -2709 277774 -10805 -3143 -12854 -2728 2495 -433 -415 -53 1371 -197 -1 76 297 197 -39 -5 0 1 8 0 -7 -1 2 -1 4 -2 0 0 1 -2 1 0 2 0 0 0 0 0 0 0 0 0 0 0 0 0 1583836345
-16088367 -15508643 21970198 5108879 -5302042 -7552917 -2055070 -142416 119256 -126861 -43539 -27739 -3744 1569 -9562 -2015 -10262 -3267 -971 -279 -270 -194 956 -295 -2 -27 -6 -6 1 0 0 1 2 0 2 0 0 0 0 -1 0 0 0 0 0 0 0 0 0 0 0 0 0 0 0 0 0 0 0 0 1583836345
-16046737 -15474901 21901388 5009667 -6953011 -7538521 -1904583 -142279 120269 -126501 -43399 -27975 -3904 -41566 -11123 -3616 -9883 -3049 -958 -648 -247 -131 193 -225 -2 -22 -10 -6 1 0 0 1 1 0 0 0 0 0 0 -1 0 0 0 1 0 0 0 0 0 0 0 0 0 0 0 0 0 0 0 0 1583836345
-16089844 -15507916 21968285 5126146 -4851934 -7545289 -2096111 -142449 120536 -126957 -43575 -29755 -3703 13275 -10893 -3568 -10396 -2976 -957 -619 -277 -117 412 -267 -2 -26 -7 -4 1 0 0 1 1 0 -1 0 0 -1 0 0 0 0 0 0 0 0 0 0 0 0 0 0 0 0 0 0 0 0 0 0 1583836345
-16085610 -15447660 21730099 7633250 66450311 -6309593 -8601643 -147494 110658 -141853 -49488 -7517 3153 1826688 -2101 8017 -27747 -1812 -971 813 -1286 211 -1115 -14 3 -7 -4 -4 2 0 0 2 6 0 2 12 0 -1 2 7 1 0 0 2 4 1 4 -5 4 5 0 -1 0 0 0 1 0 0 1 2 1583836345
-16088374 -15508214 21968708 5122627 -4915621 -7546176 -2090658 -142445 119234 -126945 -43576 -27548 -3712 9404 -9486 -1901 -10378 -3289 -975 -252 -275 -219 48 -107 -3 -25 -13 -6 1 0 0 1 0 0 1 0 0 0 0 0 0 0 1 2 0 0 0 0 0 1 0 0 -1 0 0 1 0 0 0 0 1583836345
-16085496 -15501487 21947945 5241946 -1726544 -7489419 1556813 -136482 118033 -116776 -38249 -23963 -5522 -94239 -8014 -493 -15832 -3539 -1001 10 -239 -237 926 13 -2 -23 238 -4 2 1 0 2 7 0 3 2 0 0 0 -1 0 0 1 0 2 0 1 0 0 -1 0 1 -2 0 0 1 0 0 0 0 1583836345
-16087293 -15503986 21954502 5218726 -2317846 -7500993 1001040 -137389 119300 -118330 -39068 -26564 -5259 -82443 -9533 -2206 -14987 -3261 -987 -319 -243 -119 -271 293 -4 -21 217 -4 3 1 0 2 4 0 2 0 0 0 -3 -1 0 0 1 0 3 0 -2 0 0 1 0 2 -1 0 0 1 0 0 0 -1 1583836345
-16088029 -15490001 21930429 5168362 -4443090 -7529597 28095 -139169 120522 -121123 -40552 -30229 -4836 -80390 -10747 -3641 -13078 -3043 -969 -611 -238 -118 -86 -56 -2 -15 169 11 -1 0 0 1 4 0 2 0 0 0 0 -1 0 0 0 0 1 0 0 1 0 0 0 1 -2 0 0 1 0 0 0 0 1583836345
-16070342 -15495906 21943261 5075402 -6540318 -7562121 -1947676 -142429 105093 -126630 -43462 -6731 -3833 -31268 4513 14022 -10057 -5834 -1112 2789 -247 -507 153 726 -7 -22 -12 -6 2 0 0 1 10 0 -3 2 0 0 -1 0 0 0 1 6 1 0 2 -1 1 1 0 -1 1 0 0 0 0 0 0 0 1583836345
-16088200 -15510440 21977565 5027339 -7622979 -7592970 -1843817 -142254 119330 -126379 -43351 -28123 -3971 -59000 -9596 -2130 -9726 -3332 -974 -293 -237 -202 127 -210 -2 -26 -13 -6 1 0 0 1 1 0 0 0 0 0 0 -1 0 0 0 1 0 0 0 0 0 0 0 0 0 0 0 0 0 0 0 0 1583836345
-16090689 -15450806 21779896 6749060 40428976 -6750805 -6227423 -145755 119164 -136449 -47330 -22883 647 1167551 -10512 -1713 -21432 -1667 -938 -394 -921 160 -682 -302 2 -4 -1 17 -2 0 0 2 5 0 1 8 0 -1 0 5 1 0 1 5 2 1 4 -3 2 0 -1 1 -1 0 1 0 0 0 0 1 1583836345
-16076663 -15500884 21956636 5026066 -7882567 -7589120 -1819950 -142299 110277 -126334 -43340 -13585 -3975 -65918 991 8810 -9722 -4304 -1017 798 -230 -616 88 -206 -3 -19 53 -7 1 -1 0 1 1 0 -1 0 0 0 0 0 0 0 0 -1 0 0 0 0 0 0 0 0 0 0 0 0 0 0 0 0 1583838187
-16093072 -15459687 21768984 7342461 58283212 -6455759 -7857063 -146883 117321 -140145 -48807 -17925 2355 1618511 -8802 707 -25713 -1366 -941 -62 -1171 158 -976 588 0 -8 -20 -5 2 0 0 1 4 0 5 7 0 -1 3 6 1 0 4 7 1 0 3 0 0 2 0 -1 -3 0 0 3 0 0 1 3 1583838187
-16088433 -15507936 21967282 5141483 -4372973 -7536878 -2155231 -142505 119224 -127101 -43643 -27575 -3646 24651 -9365 -1954 186 -3325 -1046 -554 -226 -202 -440 2876 -20 -22 -41 -7 2 0 0 1 11 0 -3 1 0 0 0 5 2 0 7 22 -2 0 0 5 -4 5 -3 -12 0 0 -3 3 0 0 0 0 1583838187
-16045229 -15477864 21904449 5021327 -7351907 -7585377 -1869835 -142336 87067 -126397 -43365 -28136 -3943 -52071 -10013 -3749 -9782 -2363 -913 -1550 -240 -89 107 110 -5 -23 -14 -7 1 0 0 1 3 0 0 0 0 0 0 0 0 0 1 4 0 0 0 1 -1 0 0 -2 -1 0 -1 0 0 0 0 0 1583838187
-16085177 -15470848 21898019 5076540 -7893232 -7574445 -1820370 -142461 120629 -126392 -43349 -30232 -4001 -66502 -10919 -3697 -9638 -3068 -960 -637 -232 -135 79 265 -5 -7 724 13 -1 -1 0 1 1 0 3 0 0 0 0 1 0 0 0 -1 -1 0 0 0 0 0 1 0 0 0 0 0 0 0 0 0 1583838187
-16082309 -15499772 21956905 5012038 -7889224 -7578830 -1821355 -142242 127775 -126345 -43342 -15325 -3975 -66457 -11673 -3911 -9646 -2895 -958 -573 -232 -147 83 86 -4 -14 856 -5 2 0 0 1 7 0 2 0 0 0 -1 1 0 0 1 0 0 0 -1 -1 1 0 0 0 0 0 0 0 0 -1 0 0 1583838187
-16088522 -15510401 21977990 5018258 -7892223 -7597681 -1819035 -142235 119630 -126323 -43329 -27677 -3997 -66092 -9347 -1835 -9661 -3383 -981 -118 -232 -313 84 -199 -3 -24 106 -6 1 -1 0 1 1 0 1 0 0 0 0 0 0 0 -1 0 0 0 0 0 0 0 0 0 0 0 0 0 0 0 0 0 1583838187
-16082167 -15502501 21961124 5023752 -7892612 -7590346 -1819078 -142277 116360 -126336 -43341 -15544 -3982 -66807 1170 4787 -9519 1761 -1163 7224 -206 -1548 32 317 -6 -81 909 -10 -5 -1 0 0 -5 0 2 0 0 1 0 0 -1 0 0 1 -1 0 0 0 0 0 0 0 0 0 0 0 0 0 0 0 1583838187
-16088219 -15510711 21978536 5018181 -7882455 -7597462 -1824563 -142242 119361 -126339 -43341 -28147 -3999 -67544 -9915 -2129 -9608 -3603 -993 15 -229 -288 64 1457 -13 9 2442 -3 5 0 0 0 -2 1 0 -1 0 0 0 3 0 0 -5 -7 0 0 1 1 -1 0 2 1 0 0 0 0 0 -1 0 0 1583838187
-16088220 -15510734 21978596 5017822 -7892227 -7597643 -1819016 -142234 119363 -126322 -43329 -28168 -3997 -66122 -9922 -2148 -9661 -3585 -990 4 -233 -279 84 -203 -3 -22 187 -6 2 0 0 1 1 0 2 0 0 0 0 0 0 0 0 0 0 0 0 0 0 0 0 0 0 0 0 0 0 0 0 0 1583838187
-16088283 -15487875 21920699 5302847 -512005 -7460522 -2492840 -142850 120405 -127890 -43938 -29083 -3280 126097 -10855 -3387 -11482 -2848 -955 -597 -340 -90 316 -194 -2 -13 390 8 0 0 0 1 3 0 0 0 0 -1 2 -2 0 0 1 0 0 0 0 0 0 0 0 0 0 0 0 0 0 0 0 0 1583838187
-16087081 -15501460 21952738 5176400 -3578642 -7520044 -2213197 -142573 118130 -127237 -43692 -12682 -3553 46357 -2851 8025 -10660 -6065 -1196 4934 -288 -3696 2337 -283 -2 8 -2 -17 -3 -13 0 -4 4 0 0 0 0 8 1 -1 0 0 1 0 0 0 1 0 0 0 0 0 0 0 0 0 0 0 0 0 1583838187
-16089615 -15505510 21962987 5138545 -4590091 -7539465 -2120322 -142479 120527 -127021 -43614 -29761 -3697 12973 -10894 -3570 -10385 -2977 -958 -621 -277 -116 37 -294 -2 -24 -6 -2 1 0 0 1 1 0 0 -1 0 0 0 0 0 0 2 0 1 0 0 0 0 0 0 1 0 0 -1 0 0 0 0 0 1583838187
-15742109 -15247056 21381915 5174174 -4689650 -7406016 -2112213 -143636 -148736 -126970 -43735 200380 -3378 15489 297917 162869 -11061 96185 5804 -129619 -257 4732 576 -149 25 -72 0 -38 -24 -37 0 -14 3 3 0 0 0 6 2 0 -1 1 -1 0 0 4 0 0 0 0 0 0 0 0 0 0 0 0 0 0 1583838187
-16057412 -15205750 21339488 5909548 5280895 -7196260 -3025789 -143711 120235 -129554 -44539 -28184 -2709 277774 -10805 -3143 -12854 -2728 2495 -433 -415 -53 1371 -197 -1 76 297 197 -39 -5 0 1 8 0 -7 -1 2 -1 4 -2 0 0 1 -2 1 0 2 0 0 0 0 0 0 0 0 0 0 0 0 0 1583838187
-16088367 -15508643 21970198 5108879 -5302042 -7552917 -2055070 -142416 119256 -126861 -43539 -27739 -3744 1569 -9562 -2015 -10262 -3267 -971 -279 -270 -194 956 -295 -2 -27 -6 -6 1 0 0 1 2 0 2 0 0 0 0 -1 0 0 0 0 0 0 0 0 0 0 0 0 0 0 0 0 0 0 0 0 1583838187
-16046737 -15474901 21901388 5009667 -6953011 -7538521 -1904583 -142279 120269 -126501 -43399 -27975 -3904 -41566 -11123 -3616 -9883 -3049 -958 -648 -247 -131 193 -225 -2 -22 -10 -6 1 0 0 1 1 0 0 0 0 0 0 -1 0 0 0 1 0 0 0 0 0 0 0 0 0 0 0 0 0 0 0 0 1583838187
-16089844 -15507916 21968285 5126146 -4851934 -7545289 -2096111 -142449 120536 -126957 -43575 -29755 -3703 13275 -10893 -3568 -10396 -2976 -957 -619 -277 -117 412 -267 -2 -26 -7 -4 1 0 0 1 1 0 -1 0 0 -1 0 0 0 0 0 0 0 0 0 0 0 0 0 0 0 0 0 0 0 0 0 0 1583838187
-16085610 -15447660 21730099 7633250 66450311 -6309593 -8601643 -147494 110658 -141853 -49488 -7517 3153 1826688 -2101 8017 -27747 -1812 -971 813 -1286 211 -1115 -14 3 -7 -4 -4 2 0 0 2 6 0 2 12 0 -1 2 7 1 0 0 2 4 1 4 -5 4 5 0 -1 0 0 0 1 0 0 1 2 1583838187
-16088374 -15508214 21968708 5122627 -4915621 -7546176 -2090658 -142445 119234 -126945 -43576 -27548 -3712 9404 -9486 -1901 -10378 -3289 -975 -252 -275 -219 48 -107 -3 -25 -13 -6 1 0 0 1 0 0 1 0 0 0 0 0 0 0 1 2 0 0 0 0 0 1 0 0 -1 0 0 1 0 0 0 0 1583838187
-16085496 -15501487 21947945 5241946 -1726544 -7489419 1556813 -136482 118033 -116776 -38249 -23963 -5522 -94239 -8014 -493 -15832 -3539 -1001 10 -239 -237 926 13 -2 -23 238 -4 2 1 0 2 7 0 3 2 0 0 0 -1 0 0 1 0 2 0 1 0 0 -1 0 1 -2 0 0 1 0 0 0 0 1583838187
-16087293 -15503986 21954502 5218726 -2317846 -7500993 1001040 -137389 119300 -118330 -39068 -26564 -5259 -82443 -9533 -2206 -14987 -3261 -987 -319 -243 -119 -271 293 -4 -21 217 -4 3 1 0 2 4 0 2 0 0 0 -3 -1 0 0 1 0 3 0 -2 0 0 1 0 2 -1 0 0 1 0 0 0 -1 1583838187
-16088029 -15490001 21930429 5168362 -4443090 -7529597 28095 -139169 120522 -121123 -40552 -30229 -4836 -80390 -10747 -3641 -13078 -3043 -969 -611 -238 -118 -86 -56 -2 -15 169 11 -1 0 0 1 4 0 2 0 0 0 0 -1 0 0 0 0 1 0 0 1 0 0 0 1 -2 0 0 1 0 0 0 0 1583838187
-16070342 -15495906 21943261 5075402 -6540318 -7562121 -1947676 -142429 105093 -126630 -43462 -6731 -3833 -31268 4513 14022 -10057 -5834 -1112 2789 -247 -507 153 726 -7 -22 -12 -6 2 0 0 1 10 0 -3 2 0 0 -1 0 0 0 1 6 1 0 2 -1 1 1 0 -1 1 0 0 0 0 0 0 0 1583838187
-16088200 -15510440 21977565 5027339 -7622979 -7592970 -1843817 -142254 119330 -126379 -43351 -28123 -3971 -59000 -9596 -2130 -9726 -3332 -974 -293 -237 -202 127 -210 -2 -26 -13 -6 1 0 0 1 1 0 0 0 0 0 0 -1 0 0 0 1 0 0 0 0 0 0 0 0 0 0 0 0 0 0 0 0 1583838187
-16090689 -15450806 21779896 6749060 40428976 -6750805 -6227423 -145755 119164 -136449 -47330 -22883 647 1167551 -10512 -1713 -21432 -1667 -938 -394 -921 160 -682 -302 2 -4 -1 17 -2 0 0 2 5 0 1 8 0 -1 0 5 1 0 1 5 2 1 4 -3 2 0 -1 1 -1 0 1 0 0 0 0 1 1583838187
