-16078332 -15504157 21963648 5024075 -7828082 -7592254 -1829268 -142272 118393 -126358 -43347 -21891 -3976 -64057 -2411 3039 -803 -2222 -959 -1786 -189 2244 -151 -369 -3 -62 -9 3 6 11 0 7 2 0 2 0 0 -9 0 -1 0 0 3 0 0 0 0 0 0 1 0 0 0 0 -1 0 0 0 0 0 1583836345
341638107 3687570952 1887713825 66571876 -5070788 -49847748 -1252789 -270279 -66649554 -39342 -22142 143581 -1648 -16694 -27414 -34325 -7507 -3055 -626 2000 -149 -399 -359 11 37638 68 18 -3 -4 0 0 0 -6 1 -6 -1 0 0 -1 5 0 -2 -1 3 1 0 -3 0 0 -1 2 1 1 0 3 -2 -31 0 0 0 1583836345
-16088730 -15502367 21961907 5030923 -7888729 -7593021 -1819772 -142281 120628 -126339 -43333 -30226 -3999 -65826 -10915 -3693 -7657 -3103 -973 -658 -223 -139 11 -306 -3 -20 -12 7 0 0 0 1 0 0 2 -1 0 0 0 -1 0 0 0 0 0 0 0 0 0 0 0 0 0 0 0 0 0 0 0 0 1583836345
282893609 2347020968 -4699837136 -340646735 5309279 -1048181035 -7892693 -3491 -2103212 -17547 -11180 -47281 1542 -207792 7259 -6208 -20364 -165 336 410 -12 -498 1507 -328 -21 -9 4 0 1 0 0 0 0 0 2 2 0 0 5 1 0 0 1 3 1 0 1 -1 1 0 0 0 0 0 -1 0 0 0 0 0 1583836345
141422454 1381683917 -2810270879 2031142403 -90601472 817770984 -2622905 -8065353 161421 -2376914 -670572 -59803 1798 -72769 1049 -332 -24899 822 191 330 -90 -9 150 34 5 -4 -3 -9 1 0 0 0 3 0 10 -1 0 0 2 0 0 0 -4 2 1 0 0 0 0 0 0 1 0 0 0 0 0 0 0 0 1583836345
6772130 187279921 -389094882 299043026 -21335470 112173666 -2693486 -1293512 126593 -455126 -135512 -34529 -2819 -62351 -9253 -3232 -10321 -2516 -789 -509 -209 -124 108 -155 -2 -23 -14 -6 1 0 0 1 -2 0 1 1 0 0 0 -1 0 0 -1 0 0 0 0 0 0 0 0 0 0 0 0 0 0 0 0 0 1583836345
-16078332 -15504157 21963648 5024075 -7828082 -7592254 -1829268 -142272 118393 -126358 -43347 -21891 -3976 -64057 -2411 3039 -803 -2222 -959 -1786 -189 2244 -151 -369 -3 -62 -9 3 6 11 0 7 2 0 2 0 0 -9 0 -1 0 0 3 0 0 0 0 0 0 1 0 0 0 0 -1 0 0 0 0 0 1583838187
341638107 3687570952 1887713825 66571876 -5070788 -49847748 -1252789 -270279 -66649554 -39342 -22142 143581 -1648 -16694 -27414 -34325 -7507 -3055 -626 2000 -149 -399 -359 11 37638 68 18 -3 -4 0 0 0 -6 1 -6 -1 0 0 -1 5 0 -2 -1 3 1 0 -3 0 0 -1 2 1 1 0 3 -2 -31 0 0 0 1583838187
-16088730 -15502367 21961907 5030923 -7888729 -7593021 -1819772 -142281 120628 -126339 -43333 -30226 -3999 -65826 -10915 -3693 -7657 -3103 -973 -658 -223 -139 11 -306 -3 -20 -12 7 0 0 0 1 0 0 2 -1 0 0 0 -1 0 0 0 0 0 0 0 0 0 0 0 0 0 0 0 0 0 0 0 0 1583838187
282893609 2347020968 -4699837136 -340646735 5309279 -1048181035 -7892693 -3491 -2103212 -17547 -11180 -47281 1542 -207792 7259 -6208 -20364 -165 336 410 -12 -498 1507 -328 -21 -9 4 0 1 0 0 0 0 0 2 2 0 0 5 1 0 0 1 3 1 0 1 -1 1 0 0 0 0 0 -1 0 0 0 0 0 1583838187
141422454 1381683917 -2810270879 2031142403 -90601472 817770984 -2622905 -8065353 161421 -2376914 -670572 -59803 1798 -72769 1049 -332 -24899 822 191 330 -90 -9 150 34 5 -4 -3 -9 1 0 0 0 3 0 10 -1 0 0 2 0 0 0 -4 2 1 0 0 0 0 0 0 1 0 0 0 0 0 0 0 0 1583838187
6772130 187279921 -389094882 299043026 -21335470 112173666 -2693486 -1293512 126593 -455126 -135512 -34529 -2819 -62351 -9253 -3232 -10321 -2516 -789 -509 -209 -124 108 -155 -2 -23 -14 -6 1 0 0 1 -2 0 1 1 0 0 0 -1 0 0 -1 0 0 0 0 0 0 0 0 0 0 0 0 0 0 0 0 0 1583838187
