891443551 9000222522 4528070786 162721006 -1511143 -132626328 -522463 -484055 -174387067 94667 9676 715271 2483 39988 -77190 -83716 88664 -7083 -785 4557 446 -994 -885 2677 11372 -52 -32 7 2 0 -1 0 7 0 8 11 0 -1 0 -13 -3 0 3 -7 -1 1 10 0 0 5 -4 -7 -5 1 -7 6 90 0 1 -1 1583836345
1296386285 13345051768 6727970030 218365192 -1616675 -152580436 610976 -581576 -231560370 181170 31957 1315894 5195 1418 -116123 -116265 -63290 -7517 720 7351 -187 -678 787 -1738 -19636 -191 22 10 5 0 0 0 -2 -1 -5 -6 0 -2 0 6 2 0 -1 4 0 0 -6 0 1 -3 2 4 3 -1 4 -3 -54 0 0 0 1583836345
-14073307 2381705 -14297803 31101719 -4980667 3037144 -751071 -241686 121026 -152008 -49644 -30319 -4306 -31628 -10575 -3501 17065 -3502 -1167 -922 -111 -180 -1627 1017 -15 -32 -45 -24 5 0 0 0 -13 0 -4 11 0 0 1 4 1 0 5 2 -3 0 0 7 -6 -3 1 3 0 0 0 -1 0 0 0 0 1583836345
282891127 2347047777 -4699943391 -339605350 34380820 -1047687432 2395604 14843 -2104105 11989 4801 -45902 -2609 -68941 8447 -5460 -3460 -507 -8 174 32 -435 -2452 2527 -38 0 -73 0 1 0 0 0 -11 0 16 5 0 0 0 11 2 0 4 -9 -5 0 4 3 -2 0 -5 3 -5 1 -3 0 0 0 0 -1 1583836345
143570276 1400715866 -2848829478 2058347174 -103106215 828828214 -8372846 -8183213 162327 -2423863 -687813 -60346 4420 -48961 637 -512 -27121 1014 328 397 -124 -32 820 488 3 -3 -18 -9 1 0 0 0 -10 0 10 0 0 0 -2 1 0 0 -4 1 0 0 1 0 0 0 1 1 0 0 0 0 0 0 0 0 1583836345
6408748 184066652 -382592627 294625154 -14031145 110395102 -3472268 -1275964 126270 -451804 -134851 -33212 -2009 130508 -8983 -2756 108280 -4488 -1621 -1725 278 -403 8801 -649 -24 -51 34 -2 2 0 -1 0 15 0 -53 -21 -2 -3 16 -4 0 0 3 -2 0 1 6 -2 1 1 0 1 1 0 1 0 0 0 0 0 1583836345
891443551 9000222522 4528070786 162721006 -1511143 -132626328 -522463 -484055 -174387067 94667 9676 715271 2483 39988 -77190 -83716 88664 -7083 -785 4557 446 -994 -885 2677 11372 -52 -32 7 2 0 -1 0 7 0 8 11 0 -1 0 -13 -3 0 3 -7 -1 1 10 0 0 5 -4 -7 -5 1 -7 6 90 0 1 -1 1583838187
1296386285 13345051768 6727970030 218365192 -1616675 -152580436 610976 -581576 -231560370 181170 31957 1315894 5195 1418 -116123 -116265 -63290 -7517 720 7351 -187 -678 787 -1738 -19636 -191 22 10 5 0 0 0 -2 -1 -5 -6 0 -2 0 6 2 0 -1 4 0 0 -6 0 1 -3 2 4 3 -1 4 -3 -54 0 0 0 1583838187
-14073307 2381705 -14297803 31101719 -4980667 3037144 -751071 -241686 121026 -152008 -49644 -30319 -4306 -31628 -10575 -3501 17065 -3502 -1167 -922 -111 -180 -1627 1017 -15 -32 -45 -24 5 0 0 0 -13 0 -4 11 0 0 1 4 1 0 5 2 -3 0 0 7 -6 -3 1 3 0 0 0 -1 0 0 0 0 1583838187
282891127 2347047777 -4699943391 -339605350 34380820 -1047687432 2395604 14843 -2104105 11989 4801 -45902 -2609 -68941 8447 -5460 -3460 -507 -8 174 32 -435 -2452 2527 -38 0 -73 0 1 0 0 0 -11 0 16 5 0 0 0 11 2 0 4 -9 -5 0 4 3 -2 0 -5 3 -5 1 -3 0 0 0 0 -1 1583838187
143570276 1400715866 -2848829478 2058347174 -103106215 828828214 -8372846 -8183213 162327 -2423863 -687813 -60346 4420 -48961 637 -512 -27121 1014 328 397 -124 -32 820 488 3 -3 -18 -9 1 0 0 0 -10 0 10 0 0 0 -2 1 0 0 -4 1 0 0 1 0 0 0 1 1 0 0 0 0 0 0 0 0 1583838187
6408748 184066652 -382592627 294625154 -14031145 110395102 -3472268 -1275964 126270 -451804 -134851 -33212 -2009 130508 -8983 -2756 108280 -4488 -1621 -1725 278 -403 8801 -649 -24 -51 34 -2 2 0 -1 0 15 0 -53 -21 -2 -3 16 -4 0 0 3 -2 0 1 6 -2 1 1 0 1 1 0 1 0 0 0 0 0 1583838187
