-16088578 -15500970 21959028 5033948 -7859419 -7591700 -1824013 -142295 120627 -125757 -43338 -30219 -3994 -64957 -10911 -3689 -5438 -3165 -1016 -703 10603 -143 -108 -343 -3 -17 -10 13 -2 -1 0 1 0 0 2 0 0 0 0 0 0 0 2 0 0 0 2 0 0 0 0 0 0 0 0 0 0 0 1 3 1583836345
-16086995 -15486397 21928874 5068405 -7467368 -7576455 -1902397 -142478 120614 -126614 -15943 -30067 -3898 -52365 -10749 -3556 69404 -4515 -1531 -1496 148 -315 -3372 -321 -21 0 8 44 -7 -1 0 1 9 0 -3 34 1 0 -7 13 2 0 -1 -14 -7 0 1 2 -2 5 -5 -4 0 0 -6 -1 -1 5 1 0 1583836345
-16086674 -15480723 21914209 5143439 -5504954 -7540160 -2041170 -142598 120574 -126961 33812 -29815 -3759 -4599 -10864 -3577 555 -3192 -1034 -740 -214 -146 -116 -101 -5 -25 -16 -4 1 0 0 1 -5 0 -3 -3 0 -1 0 0 0 0 0 0 0 0 0 0 0 0 1 0 0 0 1 0 0 0 0 0 1583836345
-16089900 -15508392 21969700 5100201 -5658962 -7560826 41923 -139138 120558 -121048 -40579 -30375 -4894 -105294 -10751 -3676 -6914 -3182 -1013 -682 740 -138 -453 -324 -2 -26 -12 -4 1 0 0 1 0 0 2 0 0 0 1 3 0 0 0 -1 -1 0 0 0 0 0 0 0 0 0 0 0 0 0 0 0 1583836345
-16089660 -15505616 21962871 5145647 -4375831 -7535905 -2169153 -142540 120516 -127153 -41109 -29624 -3616 26942 -10770 -3461 47495 -4033 -1375 -1246 1 -251 -1406 399 -19 -23 -13 0 1 0 0 0 -14 0 -24 24 0 0 -5 0 0 0 2 2 3 3 16 -2 1 0 -1 1 1 0 0 0 0 -1 0 1 1583836345
-16088578 -15500970 21959028 5033948 -7859419 -7591700 -1824013 -142295 120627 -125757 -43338 -30219 -3994 -64957 -10911 -3689 -5438 -3165 -1016 -703 10603 -143 -108 -343 -3 -17 -10 13 -2 -1 0 1 0 0 2 0 0 0 0 0 0 0 2 0 0 0 2 0 0 0 0 0 0 0 0 0 0 0 1 3 1583838187
-16086995 -15486397 21928874 5068405 -7467368 -7576455 -1902397 -142478 120614 -126614 -15943 -30067 -3898 -52365 -10749 -3556 69404 -4515 -1531 -1496 148 -315 -3372 -321 -21 0 8 44 -7 -1 0 1 9 0 -3 34 1 0 -7 13 2 0 -1 -14 -7 0 1 2 -2 5 -5 -4 0 0 -6 -1 -1 5 1 0 1583838187
-16086674 -15480723 21914209 5143439 -5504954 -7540160 -2041170 -142598 120574 -126961 33812 -29815 -3759 -4599 -10864 -3577 555 -3192 -1034 -740 -214 -146 -116 -101 -5 -25 -16 -4 1 0 0 1 -5 0 -3 -3 0 -1 0 0 0 0 0 0 0 0 0 0 0 0 1 0 0 0 1 0 0 0 0 0 1583838187
-16089900 -15508392 21969700 5100201 -5658962 -7560826 41923 -139138 120558 -121048 -40579 -30375 -4894 -105294 -10751 -3676 -6914 -3182 -1013 -682 740 -138 -453 -324 -2 -26 -12 -4 1 0 0 1 0 0 2 0 0 0 1 3 0 0 0 -1 -1 0 0 0 0 0 0 0 0 0 0 0 0 0 0 0 1583838187
-16089660 -15505616 21962871 5145647 -4375831 -7535905 -2169153 -142540 120516 -127153 -41109 -29624 -3616 26942 -10770 -3461 47495 -4033 -1375 -1246 1 -251 -1406 399 -19 -23 -13 0 1 0 0 0 -14 0 -24 24 0 0 -5 0 0 0 2 2 3 3 16 -2 1 0 -1 1 1 0 0 0 0 -1 0 1 1583838187
