-16057383 -15464781 21882360 5061952 -6037688 -7494971 -1063155 -140944 142272 -124217 -42197 18736 -4234 -61694 -12835 -4540 -9103 -1742 -971 -144 -226 -216 -63 -192 -2 -19 -15 -8 0 0 0 1 -1 0 0 1 0 -1 0 -1 0 0 0 0 0 0 0 0 0 0 0 0 0 0 0 0 0 0 0 0 1583836345
-16087232 -15431203 21756556 6298659 25810026 -6998977 12349291 -117442 119591 -85989 -21633 -29139 -10004 -6941 -9373 -2895 20430 -3850 5924 -707 -56 -135 9104 -152 -4 -48 -3 8 -1 -1 0 0 -24 0 -13 9 14 0 3 1 0 0 -4 0 0 0 -1 -3 2 1 -1 2 0 0 0 0 0 0 0 0 1583836345
-16088688 -15510862 21979050 5016727 -7889783 -7596709 -1822641 -142234 120787 -126335 -43335 -28899 -3989 -65561 -10971 -3685 5593 -3358 -1070 -807 -159 -169 -788 -486 -5 -21 -2 -5 2 0 0 2 6 0 11 0 0 0 3 11 2 0 -2 -7 -4 0 -1 2 -1 -3 -9 -1 7 0 5 7 0 0 0 0 1583836345
-15688020 -15172098 21261506 4635477 -7882088 -7194179 -1820098 -142077 118041 -126172 -43281 -21100 -3976 -65844 -12315 -3211 -7230 -3179 -974 -709 -221 -162 -54 -244 -3 12 -14 -7 1 0 0 1 -2 0 0 1 0 0 0 0 0 0 0 0 0 0 0 0 0 0 0 0 0 0 0 0 0 0 0 0 1583836345
-16089159 -15505149 21966396 5051316 -7170157 -7582591 -1890450 -142321 120605 -126500 -43400 -30107 -3923 -47432 -10887 -3647 2824 -3282 -1052 -771 -180 -159 -599 661 -10 -23 -38 -1 0 0 0 1 -10 0 1 6 0 0 0 -1 0 0 1 -1 1 0 0 0 0 0 2 0 1 0 2 -1 0 0 0 0 1583836345
-16057383 -15464781 21882360 5061952 -6037688 -7494971 -1063155 -140944 142272 -124217 -42197 18736 -4234 -61694 -12835 -4540 -9103 -1742 -971 -144 -226 -216 -63 -192 -2 -19 -15 -8 0 0 0 1 -1 0 0 1 0 -1 0 -1 0 0 0 0 0 0 0 0 0 0 0 0 0 0 0 0 0 0 0 0 1583838187
-16087232 -15431203 21756556 6298659 25810026 -6998977 12349291 -117442 119591 -85989 -21633 -29139 -10004 -6941 -9373 -2895 20430 -3850 5924 -707 -56 -135 9104 -152 -4 -48 -3 8 -1 -1 0 0 -24 0 -13 9 14 0 3 1 0 0 -4 0 0 0 -1 -3 2 1 -1 2 0 0 0 0 0 0 0 0 1583838187
-16088688 -15510862 21979050 5016727 -7889783 -7596709 -1822641 -142234 120787 -126335 -43335 -28899 -3989 -65561 -10971 -3685 5593 -3358 -1070 -807 -159 -169 -788 -486 -5 -21 -2 -5 2 0 0 2 6 0 11 0 0 0 3 11 2 0 -2 -7 -4 0 -1 2 -1 -3 -9 -1 7 0 5 7 0 0 0 0 1583838187
-15688020 -15172098 21261506 4635477 -7882088 -7194179 -1820098 -142077 118041 -126172 -43281 -21100 -3976 -65844 -12315 -3211 -7230 -3179 -974 -709 -221 -162 -54 -244 -3 12 -14 -7 1 0 0 1 -2 0 0 1 0 0 0 0 0 0 0 0 0 0 0 0 0 0 0 0 0 0 0 0 0 0 0 0 1583838187
-16089159 -15505149 21966396 5051316 -7170157 -7582591 -1890450 -142321 120605 -126500 -43400 -30107 -3923 -47432 -10887 -3647 2824 -3282 -1052 -771 -180 -159 -599 661 -10 -23 -38 -1 0 0 0 1 -10 0 1 6 0 0 0 -1 0 0 1 -1 1 0 0 0 0 0 2 0 1 0 2 -1 0 0 0 0 1583838187
