-16089708 -15504243 21958066 5190286 -3122833 -7514067 -2253870 -142584 120484 -127008 -43724 -29507 -3543 55196 -10880 -3502 -10848 -2944 -976 -627 7552 -105 20 -325 -1 -24 -5 -4 1 0 0 1 0 0 0 0 0 0 0 0 0 0 2 0 0 0 0 0 0 1 0 0 -1 0 0 0 0 0 0 1 1583838658
-16091910 -15488280 21885810 6059580 21756024 -7086670 -4527504 -144320 119730 -132515 -45152 -25649 -1116 701928 -10664 -2460 -17001 -2195 -945 -483 -661 46 62 -357 0 -19 36 -3 1 0 0 2 15 0 -15 -6 1 0 -8 -6 -1 0 0 -6 0 0 1 0 -1 -1 0 0 1 0 0 0 0 0 0 0 1583838658
-16089223 -15506740 21970776 5024433 -7892912 -7595679 -1818585 -142256 120628 -125981 -43329 -30229 -4000 -66035 -10920 -3697 -9697 -3083 -980 -652 8419 -134 83 -260 -2 -24 22 -2 1 0 0 1 2 0 1 0 0 0 0 0 0 0 1 0 0 0 0 0 0 0 0 0 0 0 0 0 0 1 0 0 1583838658
-16088995 -15503887 21964057 5048427 -7309283 -7584185 -1872627 -142319 120615 -121846 -43374 -30137 -3943 -50901 -10915 -3672 -9844 -3070 -984 -653 10385 -130 122 -9 -3 -25 -20 -3 1 0 0 1 3 0 0 0 0 0 0 0 0 0 1 4 0 0 1 0 0 0 0 0 0 0 0 0 0 0 0 0 1583838658
-16089579 -15508584 21973032 5053218 -6967732 -7581226 -1903797 -142305 120598 -126459 -43444 -30200 -3959 -59784 -10921 -3689 -9645 -3063 -963 -640 1619 -133 84 -145 -3 -25 -14 -2 1 0 0 1 0 0 1 0 0 0 -1 0 0 0 0 1 -1 0 0 0 0 0 0 0 -1 0 0 0 0 0 0 0 1583838658
-16089372 -15508002 21973261 5024173 -7846634 -7595648 -1823224 -142252 120627 -126015 -43333 -30222 -3996 -64845 -10920 -3695 -9703 -3081 -978 -651 7795 -134 85 -179 -3 -26 -13 -4 1 0 0 1 1 0 1 0 0 0 0 0 0 0 0 0 1 0 -1 -1 0 0 0 0 0 0 0 0 0 0 0 0 1583838658
-15478167 -10085545 10980617 12905570 -7737209 -4384267 -1924068 -178991 124422 -150605 14626961 -23067 -3198 -85106 -8510 -2931 -7317 -2426 -748 -501 -162 -113 221 711 -6 -22 -3 -9 2 0 0 2 40 0 -1 7 1 0 -7 0 0 0 -2 10 10 0 -4 -2 1 0 0 0 5 0 -2 0 0 -8 -1 3 1583838658
-16093221 -15468910 21811694 6826691 43484563 -6710185 -6505668 -145853 119071 -136867 -47572 -22418 941 1245508 -10487 -1588 -22192 -1582 -941 -383 1268 179 -726 -634 4 -12 9 0 1 0 0 2 6 0 0 11 0 -1 0 5 1 0 0 2 3 0 2 -4 3 3 -1 0 0 0 0 0 0 0 1 3 1583838658
-16089141 -15505947 21969090 5027265 -7843604 -7594380 -1823536 -142273 120632 -120977 -43329 -30219 -3995 -64752 -10919 -3694 -9706 -3081 -979 -652 8199 -134 94 -284 -2 -26 -8 -4 1 0 0 1 3 0 1 0 0 0 0 0 0 0 1 0 0 0 0 0 0 0 0 0 0 0 1 -1 0 0 0 0 1583838658
-16094689 -15437590 21698361 7929218 74565446 -6169511 -9342913 -148083 118131 -143580 -39676 -17771 3896 2026073 -10231 -335 -29567 -692 -923 -227 -1399 366 -1228 -103 4 0 4 9 0 0 0 2 8 0 1 14 0 -1 2 8 2 0 1 4 4 1 4 -6 4 5 0 0 0 0 2 0 0 1 2 3 1583838658
226 -387 93 401 185 -23 9 215 -72 -306 566 324 -200 -31 369 232 204 -105 10 400 647 -324 395 -171 -590 617 -441 384 -713 69 -387 451 -224 74 -128 -488 -172 44 -553 377 -109 -657 467 -24 51 291 187 633 262 -283 383 -366 -237 486 562 -79 -771 -59 648 -51 680 -107 -541 -665 84 65 262 -13 464 -464 -105 44 27 -14 -373 18 230 43 -388 -531 396 67 -215 42 583 24 -387 -430 -71 -70 94 -135 -173 27 89 -372 -317 -100 132 -286 -72 93 164 32 66 324 -671 502 143 31 2 -753 -298 102 -174 585 99 -172 -99 100 219 -343 -338 -186 1 128 501 -264 204 -145 -385 -149 77 -116 516 -383 437 6 -301 -122 -23 79 338 -82 664 -471 -9 -343 29 453 331 -227 86 416 -67 114 87 -545 200 20 -294 -68 -27 -483 109 468 420 66 -65 138 -128 -154 150 188 -623 -219 60 55 -236 -99 -560 85 143 245 219 -272 -9 -298 -333 -142 39 -57 160 -46 -293 -186 -354 -434 -526 236 417 352 -52 -105 98 -198 -40 346 447 -320 -155 -221 156 69 256 -92 -257 234 381 331 171 -52 -424 -20 174 -221 -212 -354 126 -181 151 -81 -184 -195 94 -59 165 -347 -594 383 143 -369 324 172 0 -352 65 219 405 290 142 64 523 180 33 -18 177 313 124 -207 -170 -320 -229 130 191 -42 -456 271 -150 -329 205 -201 453 27 -110 -8 -42 -81 575 89 -171 249 288 -28 -205 -36 -38 -778 104 51 -418 328 -87 -1 789 -3 225 18 -540 -379 71 -59 -290 -334 -574 206 -177 4 -79 -3 217 -160 -155 143 -185 -693 -97 -208 -192 273 -99 -30 -111 -363 -322 6 323 214 -412 -27 562 56 -374 9 -26 170 118 238 157 -217 -144 -331 70 267 198 127 -107 -156 361 156 -37 366 -360 -624 -229 0 -225 -216 -539 523 -57 -228 -183 387 116 -89 163 -173 270 -416 352 -43 85 -190 -122 23 23 -9 97 -281 81 -117 116 346 137 -168 -239 531 -238 466 43 74 344 -8 -7 -266 -91 -511 79 338 -280 -83 145 -462 -84 350 1 212 -245 8 350 -220 433 -6 -83 60 -186 14 110 -241 -100 -450 261 -148 -307 97 1583863281
104 -172 -103 276 -107 -566 -38 108 -452 -197 301 -10 128 -437 -145 -89 312 238 165 -520 -239 -4 -390 52 9 483 170 0 127 -74 -365 105 248 -188 -689 -213 221 149 -368 276 10 -125 365 -315 218 -207 -101 -258 -176 -460 -218 29 -38 265 -429 86 249 -348 -163 -69 -67 463 -672 81 -186 -40 320 119 737 873 -259 -445 -366 324 -245 -341 -198 -44 -326 648 123 268 70 -367 342 169 -299 477 185 475 -302 -130 511 -415 776 -115 78 493 -77 -249 15 -6 386 250 -132 -601 131 62 859 50 164 -798 -689 152 183 -471 146 306 65 102 -496 -177 -222 -55 106 526 174 250 284 -180 -526 546 154 202 335 140 -88 42 137 176 93 -111 456 -379 511 184 -256 -363 -463 -232 -62 -177 -400 -201 -49 -268 179 228 -486 207 -91 252 279 240 -648 4 2 156 0 152 476 -157 -190 -136 423 -206 88 -129 -481 -353 -184 210 92 -425 -363 123 -439 -50 -4 96 -6 -558 141 -16 303 142 407 411 332 -52 559 128 -118 514 -174 -144 419 1 -8 137 -184 73 134 -606 993 -319 -336 6 -481 -428 136 -30 127 17 -550 -111 -368 54 -22 124 465 514 -113 -222 -161 -471 94 -112 -681 -294 20 -102 -233 46 -317 335 45 -160 -515 -64 -140 95 -124 -70 -514 -54 566 -557 -656 -227 -210 203 -217 158 192 -38 392 -220 -115 -96 -319 -129 306 -73 -242 33 45 118 -132 -445 -125 16 384 103 164 -204 177 -532 195 142 -631 -579 484 24 -275 -79 416 -19 -179 139 -25 81 25 7 80 250 66 -368 193 170 42 -6 -111 213 -179 80 -213 -359 -590 233 160 204 -32 550 198 -417 -188 -290 117 -103 39 11 -59 411 -376 -160 169 37 -110 -88 144 -341 -245 -354 -272 122 107 -58 -320 376 -225 49 48 162 429 127 260 -119 259 50 769 -548 -98 -309 89 -860 45 265 -6 -25 -220 -278 390 -369 -275 -44 48 325 -204 -469 0 42 -205 -26 12 141 44 -179 -206 -12 -334 -84 -18 75 -270 348 91 -117 171 116 -17 559 51 139 -105 -290 495 48 -118 -81 233 -25 76 -225 182 -144 141 28 -114 -126 203 131 -28 419 -10 -42 1583863281
-54 329 -338 -388 -338 770 111 44 -47 -587 21 661 -73 -121 305 -178 82 59 -631 174 214 -613 -33 228 -24 652 410 127 151 140 -42 1 81 37 562 94 -64 -390 -62 214 263 213 741 140 156 591 -448 -541 -35 -672 -114 634 404 192 -144 150 -560 -176 73 366 181 679 167 193 -242 -30 -120 -45 -106 -593 -178 -557 300 -326 -500 319 -431 596 -455 79 50 179 -12 -263 -478 -92 -463 120 516 -171 219 54 177 157 -275 0 315 274 214 -120 227 -5 43 255 -4 277 -216 -113 200 -31 -180 713 -242 -98 178 -592 464 68 258 45 79 362 -54 422 7 -131 39 352 317 25 -231 590 -262 -71 35 249 -309 -212 389 -19 -97 167 -548 -81 52 359 80 410 490 335 26 45 243 -203 -339 414 -601 335 -252 249 -483 -237 -660 244 -448 -267 190 156 418 -145 77 88 77 -500 -256 131 49 175 75 589 25 131 -259 57 651 121 330 239 -284 98 641 -179 -509 -109 230 126 105 306 -110 -461 7 149 -359 173 -128 22 186 -353 53 44 245 -291 119 243 -176 -279 515 -11 130 48 80 -226 22 -168 24 286 -38 193 -192 -232 -200 127 329 213 -142 284 -179 176 -354 266 -304 -157 -250 345 274 115 2 -175 -156 36 -180 -7 113 37 -286 432 114 445 -227 32 -147 12 -235 666 -296 -256 -388 -721 -127 -148 327 -253 -209 10 381 -11 -232 -166 -131 203 330 347 -429 -61 79 170 14 189 230 -384 -240 11 13 320 -307 -60 164 -151 237 -48 160 162 -119 -58 64 107 -218 200 -315 339 -69 -611 52 -592 20 178 481 80 112 -481 -421 110 53 -302 135 -370 24 -403 418 -87 -347 -322 12 1 -367 -267 262 -90 412 -467 51 32 -6 176 360 273 174 132 396 -18 84 -45 -46 -166 -113 -217 -201 -127 45 151 -384 -297 36 415 370 26 -360 255 -122 220 215 69 39 -157 155 -285 67 -439 502 -33 -316 -122 297 92 -19 -188 -140 -226 25 -435 -57 88 5 -8 -333 75 403 -402 -101 187 -290 -103 -47 -14 32 -278 412 192 -34 537 -290 -218 142 147 152 107 24 443 -83 85 -82 324 443 507 107 168 1583863281
-341 -334 -114 -156 -260 -757 -40 489 450 534 -199 -216 -177 82 -71 -196 38 -82 -57 186 -798 -525 151 6 203 544 94 138 36 -150 -102 55 224 -90 61 -363 -671 402 535 -138 -351 -539 16 41 -339 -187 345 436 142 -31 -6 -930 539 -491 596 271 342 -488 -49 -196 -167 -30 -366 -56 -113 -24 104 28 301 -79 257 92 24 321 274 385 142 -65 -85 -347 15 167 -209 -216 -25 -379 468 263 52 360 -70 -131 411 754 490 519 379 -374 58 -647 24 -253 139 -269 -129 -99 -44 48 35 -423 -239 -501 -594 208 47 -208 171 539 -459 519 285 -36 381 224 211 -150 85 4 -538 148 -433 94 24 260 -118 426 -261 -383 122 -236 152 228 -273 -169 -223 127 522 50 18 -291 -510 115 -284 -286 164 -123 -236 146 -456 -81 275 35 58 -235 64 -300 60 111 14 -200 -129 510 -187 115 323 -408 -479 407 239 420 -113 -403 428 -228 -553 -298 67 220 113 356 -379 140 -372 -128 -65 -243 -462 84 93 -69 -317 -463 336 -467 266 353 98 218 -480 414 448 20 -9 224 768 453 -32 48 228 168 491 72 -482 35 225 71 -181 -489 551 150 49 436 -166 -278 -262 -388 -159 -77 -341 208 -327 36 -318 -192 262 -247 -322 -261 342 6 23 301 -366 -101 -69 -155 -95 644 57 -31 389 -346 -351 523 -240 2 -30 -96 -102 -48 -449 -142 351 -461 -359 -233 -168 -146 -188 -81 400 278 210 378 154 229 235 -119 15 480 446 604 418 310 84 -187 -177 -295 141 -259 248 -14 -6 -113 271 380 33 306 -736 234 17 -55 111 71 268 55 -251 -313 -50 208 -30 321 38 0 -33 -115 137 16 -277 203 94 -313 -128 96 51 -23 181 310 148 368 -420 30 160 -132 31 258 -7 -139 -258 437 -50 -257 185 -40 -532 -211 283 619 -17 -212 -199 357 -5 67 209 163 -427 -113 252 315 -272 -511 -171 58 185 -146 109 -249 -39 -285 156 16 395 119 176 -443 -40 85 -13 558 -8 39 406 -346 -158 -204 520 -58 365 88 186 100 -135 52 -7 65 -150 -272 309 187 12 -144 94 -122 -15 87 89 38 -277 325 279 -280 50 -26 -2 -58 1583863281
282 -189 340 76 -58 295 168 540 225 -150 -354 36 70 -122 602 92 -99 414 -178 -208 -42 -121 159 495 390 -283 -100 384 489 213 -283 141 180 162 -684 -64 214 330 -81 -406 528 -142 -175 35 819 -276 171 50 400 811 -177 402 26 314 184 -222 210 16 460 -195 -6 -555 -175 45 648 215 513 110 272 -22 128 -14 -129 13 180 -105 -155 -477 -17 -308 -408 -364 -189 -253 -64 -102 -38 -11 284 628 -95 -97 400 294 258 377 123 110 -539 -205 418 -382 6 -223 -325 -181 327 331 -132 -90 139 508 101 -88 167 -634 -36 197 499 -99 -324 -58 -94 250 17 -318 26 121 334 -467 153 -125 154 -347 -271 -64 -736 562 -174 444 -371 72 -39 -66 14 -426 -383 230 -181 189 -371 -52 -445 -66 -208 -193 305 87 175 -217 163 285 -310 116 101 -156 -166 -2 389 46 108 -62 277 -469 -77 -25 276 -166 -28 -58 -566 14 31 -456 -233 104 25 -111 -454 219 -576 3 -651 -78 164 -198 254 -112 327 24 412 -252 -23 -15 -110 227 -214 140 -198 -446 -40 -241 -24 43 189 244 -425 -363 -383 -184 -167 44 175 386 -66 214 -333 211 364 277 461 -46 -285 -214 -404 -224 -688 114 476 65 -339 -330 325 352 -170 55 -401 -140 -73 285 -316 -318 -34 398 -7 293 149 13 -126 -318 -385 203 93 -280 38 729 -126 125 13 200 -75 154 -22 175 -205 160 -624 291 96 -302 -696 -287 78 137 83 1 21 -269 72 -34 234 -618 247 -61 78 -150 -274 -136 -81 26 -84 -316 -29 216 -123 -197 285 -256 -250 76 4 82 82 -193 -148 -234 84 380 18 -341 -223 138 501 -420 -215 77 -311 -341 -342 -149 329 -54 374 -69 -233 261 -782 76 -303 285 27 -280 178 392 -263 209 -181 11 15 375 -303 -110 143 430 43 32 -431 -141 -363 259 -475 253 77 -18 -115 113 351 338 183 290 135 55 -384 -27 -202 -191 -163 160 -63 341 -92 18 63 -114 -325 -281 -93 -75 -188 514 57 -126 205 44 200 397 170 28 -257 428 81 477 91 -53 -171 61 180 142 106 -392 311 -160 -358 137 276 -56 31 -37 65 -209 167 -145 4 -251 -201 40 1583863281
314 -179 -66 56 12 -66 -43 509 -347 258 83 -287 39 -395 -270 -543 1003 501 -162 -253 -295 -548 271 513 44 -183 -33 -91 -206 443 -134 -623 -700 289 -304 -31 79 121 -727 -88 -191 -50 -381 -201 -81 118 114 41 -335 -23 -579 -285 134 538 -294 389 -125 62 -681 -350 68 508 -88 286 262 89 94 -673 -456 600 -217 -44 -60 193 126 -96 -598 454 199 130 -105 288 -143 126 -249 13 -161 -513 141 -453 198 644 229 408 467 -363 -178 -339 213 -365 76 79 -310 -429 546 -299 369 172 248 182 -125 71 -270 690 111 183 228 222 -12 -388 -308 -113 -350 -37 54 557 277 -12 388 -241 -403 -348 -170 -2 -479 -165 132 28 -127 105 138 12 -424 -107 85 -191 849 1 -48 8 273 375 -191 279 -208 -244 525 22 -54 -33 -97 304 -79 -226 181 -108 164 372 -415 438 -190 261 -411 -242 -196 -259 158 -192 444 425 365 278 125 258 323 -211 467 -50 186 -73 103 -320 -285 132 -319 328 -2 -32 250 414 179 -276 -410 -260 -193 246 337 462 -283 119 -65 -93 310 123 290 -167 -156 195 352 -26 -498 -301 -374 -155 -306 449 -78 57 -514 273 113 -199 248 -561 163 -476 205 70 40 -193 -55 -245 -17 144 439 332 66 190 280 -210 341 133 -58 254 435 105 37 160 288 -338 31 -449 -309 -64 -122 -105 -285 28 228 25 223 -151 -179 82 134 -100 -321 43 -226 279 -24 628 -35 251 -57 307 81 402 -370 -638 8 -279 218 138 492 -249 11 80 489 280 336 -93 69 145 -111 -369 -302 -422 787 153 -35 -100 526 -164 381 62 17 104 74 -577 292 -214 -555 -317 202 -307 -134 301 -83 242 87 30 178 -306 -374 210 -573 54 -322 -9 152 -311 39 -278 30 115 308 67 33 400 124 -305 546 -76 519 -109 -135 -46 -364 29 100 -23 -249 -258 23 -257 276 394 -156 65 9 -425 -211 -2 114 -103 -12 -42 153 -422 399 -406 -24 155 -7 -29 40 103 -104 -227 -248 -18 -59 92 303 -188 -262 143 -52 -41 76 -391 -340 -398 -25 191 167 137 362 176 69 36 -149 -18 228 3 111 -91 -74 315 212 407 279 -208 -148 287 1583863281
225 358 98 389 -383 683 11 28 339 -122 530 220 165 -472 503 385 -496 243 -172 -265 -84 -229 -215 -605 -97 -694 -121 35 749 357 109 -115 -24 111 116 7 -69 -210 -443 51 -228 667 -331 -49 -74 229 -286 -345 -242 -169 -258 -229 334 -396 12 -64 584 289 190 107 -462 -423 -156 258 -119 -441 -360 6 30 302 388 -417 85 242 289 290 -265 -436 272 -234 254 -463 330 49 234 -242 -508 136 153 318 156 121 52 -294 279 158 -284 -556 -401 332 221 -450 -11 327 -530 -251 332 537 135 -654 152 115 156 -150 609 268 -200 -359 -33 -322 -166 -717 -790 0 -259 -137 156 -68 -414 -348 -407 -80 -354 212 184 512 209 24 -76 -93 160 -54 -110 24 -490 -166 -58 153 -245 171 -214 -134 -358 -239 167 -154 346 -384 -126 -225 -161 -79 256 355 -35 -156 -244 -386 -14 505 -424 -231 -531 71 83 616 -150 -129 104 50 5 -79 114 582 -239 -139 -323 78 0 126 47 -146 184 -113 -235 196 38 -249 89 -63 -573 -118 63 103 409 -31 44 -338 409 -85 240 -177 665 242 201 -4 468 265 -53 -403 332 5 201 -330 278 516 117 137 104 -54 -70 -621 200 89 -72 -601 -161 187 -246 -118 94 -270 226 76 -394 112 228 -254 10 181 -43 163 -500 270 -382 176 133 306 -88 409 427 12 394 147 -248 169 -550 -32 107 -89 -10 85 -22 -68 34 384 -65 39 -837 18 -8 -274 149 407 -10 -27 -23 359 106 493 -319 -229 -138 285 109 -339 -353 410 39 -201 226 65 8 -125 -440 -188 240 32 -48 -210 75 489 -500 -134 -275 47 229 23 283 -54 -164 -332 55 107 327 380 226 -93 -252 -137 -34 -29 179 -101 -60 247 -545 -159 -81 10 90 193 -53 -595 270 542 -90 392 -199 -130 -149 -5 -263 132 -542 -5 258 26 225 -49 -73 65 -90 -232 292 -151 287 -6 -205 125 -39 39 -364 147 -654 246 182 263 124 135 -71 117 267 -694 -408 220 -216 201 -91 -225 -252 -111 671 200 -98 71 -160 -132 154 202 359 168 134 -291 3 -4 -393 35 253 363 314 21 142 109 -470 197 -157 -172 -299 5 160 -163 -189 181 -97 -524 1583863281
496 -112 -381 62 140 -102 -251 -126 140 -172 -319 -139 293 172 -498 -216 420 311 251 433 -69 -60 -387 -509 -337 471 540 -9 -492 12 -605 -162 -160 -194 -87 288 632 396 -160 -50 -131 -189 -615 156 -271 586 271 210 -185 49 -117 -33 42 316 99 -465 189 -185 -52 223 -420 -238 380 634 -218 -221 -213 -246 -399 435 108 -175 -433 141 162 -630 372 10 -590 -48 -611 -561 685 -237 56 52 -138 -172 -206 -73 -610 280 3 504 471 120 -14 -346 249 -161 471 271 -345 263 -189 322 -66 258 16 -116 65 27 425 644 334 187 108 119 97 -221 -278 265 -40 178 -2 -148 66 53 471 89 -164 16 188 319 111 413 493 150 -112 210 -142 11 -312 -473 37 410 165 -248 53 -46 -90 110 -83 -300 -52 276 -384 -134 86 118 -261 -324 -297 -83 -242 58 448 -372 -50 977 -18 501 299 7 3 159 -361 193 526 159 -188 59 -563 101 -34 246 646 -97 -422 122 275 389 -251 332 -299 -28 258 0 -259 149 -270 4 -57 -323 -31 128 -148 713 9 -494 -46 711 -308 176 -283 21 153 194 -366 186 256 99 285 18 -191 -123 -436 86 194 -271 69 -186 -6 293 -169 -139 407 35 -262 -71 88 -170 -156 -400 -90 392 172 216 -465 249 -122 -78 49 -129 -24 114 103 377 -248 -134 -177 315 348 123 67 266 -498 298 280 -99 204 -165 -110 93 175 146 -164 -4 33 177 198 71 114 582 -409 31 -149 -31 14 -277 52 60 -225 -615 -207 141 334 99 633 270 299 -104 -63 -8 14 -243 321 -20 -117 -174 553 -406 -71 35 -490 228 225 -479 -190 -648 -244 77 -420 603 -472 229 47 -131 236 -252 110 -54 427 -266 -247 333 -179 -10 653 217 -22 124 -202 -2 327 102 50 -33 19 -546 -248 174 -80 193 218 -318 -155 219 -27 -554 -310 -235 -35 -478 -330 283 375 91 -49 -299 419 -224 150 286 155 115 26 -324 -191 -74 -104 -81 391 390 47 254 -581 -116 -215 -167 -17 -89 183 417 -454 -9 -279 -300 -154 -39 45 -42 -261 -140 -54 -276 131 250 173 -373 335 -534 -144 -46 -73 124 21 97 -100 156 -164 -100 193 -74 -158 122 1583863281
91 -41 486 408 83 83 301 -462 624 27 746 79 -159 -510 318 -471 -68 193 484 431 160 -586 425 -344 -399 -208 212 -93 -9 136 614 286 76 243 45 -83 28 402 54 106 -607 -191 -94 -50 -452 339 -63 -487 -403 368 -459 670 74 -170 471 -314 225 -31 -135 57 148 110 390 -464 -665 321 370 170 -373 429 65 -207 -591 -63 260 154 61 472 348 311 -1 -221 266 310 -204 165 546 -22 351 -194 -312 -14 135 81 205 -362 63 167 -339 -94 201 468 97 -332 -629 -237 -298 252 416 288 95 -537 48 -434 457 -118 -675 108 385 -65 -363 -292 478 -170 510 293 -23 -62 227 -214 356 -76 -102 396 429 -100 104 -421 9 704 -376 376 -66 -387 365 -113 211 217 174 -251 -656 330 189 -80 319 -233 -330 625 297 0 -52 -74 -330 191 -73 96 222 259 83 83 -10 249 150 -154 -607 38 127 -399 161 -20 33 -186 94 453 -39 50 -150 434 111 426 711 203 376 -526 -450 34 237 123 -487 -212 -111 -98 716 106 -29 299 252 103 -416 997 213 805 -149 265 78 -59 227 -34 192 479 -262 -317 309 -159 136 -379 134 505 -159 -311 107 103 -197 -241 64 74 -143 -338 94 -328 141 -241 93 10 -41 458 294 290 -84 -77 147 -217 355 274 -354 -203 -138 -502 -386 -177 -673 -69 84 -237 38 199 -228 53 222 135 23 104 192 254 -112 330 219 -9 188 -214 -218 -517 -185 243 -168 -15 -145 -19 -154 140 -312 74 -14 -438 -306 400 -35 -90 -119 349 431 -173 -295 408 -34 295 -63 -103 -313 -97 37 -45 -154 -26 543 174 219 -166 105 -9 -138 238 91 -84 230 45 -472 317 -90 -505 -28 14 -58 -183 187 -186 -4 213 20 -56 410 139 322 -66 -103 -134 269 285 -256 120 195 417 -64 2 -4 -275 144 -248 -23 -316 -109 -1 -314 -34 356 197 150 -31 444 57 219 149 -70 285 36 335 -171 -34 715 -199 -350 -13 215 300 -242 101 172 170 97 469 -554 -290 -159 161 -155 -202 271 202 420 72 -550 -67 -116 36 -51 24 72 128 -15 -41 525 466 -372 114 477 -31 -106 -157 201 117 255 47 222 -30 51 22 1583863281
-58 -168 -171 -370 242 274 26 -135 52 -635 -16 -29 613 35 -620 505 138 78 74 -766 -62 278 -375 234 -352 -200 -255 -534 190 776 -201 -370 252 398 160 215 111 13 446 -106 358 109 -121 325 117 -205 25 237 458 -191 367 556 313 175 550 191 409 -51 -228 67 581 191 -235 333 -95 271 -599 -31 43 -498 -59 -56 -160 252 -126 211 -336 -113 194 563 -521 -398 516 539 254 763 3 -730 191 -507 83 -33 123 119 -494 0 525 217 134 -35 357 -545 -138 128 -853 -60 252 490 434 530 654 -441 719 -93 -281 229 80 382 -70 -287 -440 87 235 -390 -264 147 50 220 60 -65 98 -499 -182 -161 -233 -579 -509 765 -317 -275 -221 -265 165 83 -136 310 -12 224 -147 -128 -155 91 94 -432 -10 -52 -298 -36 357 32 -498 -63 111 -188 -185 -720 -189 -182 -48 153 -157 -99 -35 -133 285 167 124 160 -338 62 -32 -120 411 50 656 -464 -165 -266 404 115 15 -368 -175 38 227 227 -110 3 350 113 -131 -212 -291 -281 341 -56 -221 527 -226 10 -12 -356 -45 -370 -34 219 -159 277 -232 -170 318 -196 -187 -214 163 -177 41 484 -136 -21 116 -495 -69 39 -64 -210 136 -722 231 -81 -280 45 -219 296 542 337 -21 410 -53 -571 -484 114 -475 -132 -34 -144 239 88 35 240 143 -78 201 81 -192 -53 -97 96 -174 -31 -180 226 542 -40 30 -17 -446 151 403 -689 -208 -23 -249 -59 216 -374 255 376 90 -25 -53 7 -97 182 -23 -201 -155 94 29 152 -287 418 768 90 -60 -96 -613 -168 -459 -392 664 59 -163 -160 20 -239 -605 107 -132 223 88 179 -163 -352 -414 331 264 190 -810 110 -366 -86 175 56 158 321 352 63 31 -128 416 113 -30 32 20 396 130 -52 -351 -41 -185 64 -403 225 291 -282 325 -490 -509 -68 49 471 151 6 60 45 -270 -58 -160 -117 43 -324 -259 -195 -2 96 -472 104 -264 -48 21 -406 87 -445 29 -31 -159 290 153 -118 -302 -189 384 231 -132 44 -313 -183 5 210 -52 -478 -279 -334 -60 -103 -42 -205 166 -270 -476 -429 -108 175 131 29 136 52 6 -136 -127 -56 155 123 351 -196 1583863281
