-15789588 -15135239 21206849 4723149 -5986346 -7187748 -1163646 -140725 226299 -124427 -42297 -8227 -4218 -55696 -11281 -4010 -2528 -1053 -1017 84 -196 -292 -335 -302 0 -3 -10 -8 0 0 0 1 -7 0 -1 0 0 -1 1 0 0 0 -3 1 0 0 0 0 0 0 0 0 0 0 0 0 0 0 0 0 1583836345
-16091829 -15465128 21814616 6463946 32238431 -6906947 13860579 -114628 123588 -81501 -19172 -10013 -10490 59418 -9487 -3181 3154 -2366 -1358 -710 -191 -79 -3943 -644 -1 -30 -1 -1 5 0 0 1 -6 0 -20 -17 0 -1 1 2 2 0 5 -2 -3 0 0 -1 1 0 0 1 0 0 1 0 0 0 0 0 1583836345
-16090671 -15492239 21910463 5639922 9355915 -7303937 4490431 -131046 119650 -108239 -33554 -20357 -6542 10426 -10149 -3457 13872 -2881 -1246 -987 -138 -149 -1803 -474 -6 -29 -6 -3 3 0 0 1 -6 0 -20 -6 -2 -2 12 0 2 0 -4 0 0 0 -1 -1 0 1 0 -2 0 0 -1 0 0 0 0 0 1583836345
-15925609 -15363939 21669717 4874063 -7892522 -7409172 -1818603 -142225 129719 -126302 -43331 4936 -3937 -66217 -11457 -4960 -7962 -2199 -966 -310 -222 -199 -14 -301 -3 112 -14 -11 0 -1 0 2 0 -1 3 0 0 -1 0 1 0 0 0 0 0 0 0 0 0 0 -1 0 0 0 0 1 0 0 0 0 1583836345
-15726019 -15198597 21317906 4692385 -7859761 -7222986 -1827000 -142177 117228 -126233 -43310 -5567 -3942 -65157 -9695 -4304 2655 804 -976 -815 -164 -313 -581 -63 -6 122 -20 -1 11 0 0 2 -3 -1 1 -1 0 0 0 2 14 0 -6 -1 1 0 -1 1 -1 -1 0 0 -1 0 -1 0 0 -1 0 0 1583836345
-2919736 -4618879 -1248735 -6784311 -7584164 3791447 -1871663 -139228 -1281870 -119862 -41313 -210018 -4030 -57908 17086 -12497 45895 4391 -1284 1574 65 -1432 -2619 -479 -66 -149 4 4 1 10 -1 -10 16 13 9 -5 0 0 1 14 0 8 -9 0 11 -10 0 0 0 -7 0 -1 -3 -1 0 0 0 0 -6 3 1583836345
-16086336 -15484327 21925943 5017181 -7776699 -7608685 -1845690 -142258 120583 -126394 -43365 -29797 -3964 -61960 -10872 -3644 24165 -3692 -1205 -1007 -69 -212 -1684 -396 -10 -24 -2 -5 2 0 0 1 -3 0 -2 15 0 0 -2 1 0 0 7 -3 0 0 -2 0 0 0 0 2 3 0 0 -2 0 0 0 0 1583836345
-15462379 -9943870 10693567 13125652 -8269953 -4292022 -1868027 14331036 90835 -110721 -40034 -28150 -3676 -64077 -10174 -3446 -5270 -2923 -1061 -639 -198 -135 -139 -277 -3 -22 -11 0 0 0 0 1 -5 0 1 1 -5 0 0 0 0 0 0 0 0 0 -1 0 0 0 0 0 0 0 0 0 0 0 0 0 1583836345
-15685036 -15111782 21145180 4629076 -7309304 -7138114 -1875958 -142068 167807 -126368 -43357 -1894 -3885 -50981 -5630 -6521 1210 8899 -1007 3863 -154 -911 -148 48 -4 -64 -17 -13 -10 0 0 1 -6 0 0 2 0 -1 0 1 -2 0 2 3 -1 -1 0 4 -3 -1 0 0 -1 0 3 -2 0 0 0 0 1583836345
-15670438 -15057927 21041431 4565816 -7884035 -7105500 -1819915 -141933 206725 -126268 -43312 5803 -3934 -66056 -5009 -7079 -6973 10780 -944 4641 -183 -1002 -98 -288 0 -82 -12 -14 -12 0 0 1 0 0 2 0 0 0 0 1 -3 0 0 0 0 0 0 0 0 0 0 -1 0 -2 0 0 0 0 0 0 1583836345
-15686605 -15101398 21096454 5227209 9724064 -6849842 -3430043 -143260 163990 -129910 -44745 -4185 -2234 390514 -11483 -3131 -1882 -700 -1022 -139 -423 -187 -526 -465 -1 34 -8 -8 0 0 0 1 -3 0 3 -2 0 0 -7 -4 -1 0 -2 -1 -2 0 -2 0 0 0 0 0 0 0 0 0 0 0 0 0 1583836345
-15645465 -15031723 20977360 4738476 -2345267 -6985285 -2326002 -142322 205240 -127418 -43765 7951 -3393 77722 4170 -10503 -5773 25417 -920 10008 -212 -1832 -207 -360 2 -199 -7 -20 -26 2 0 1 0 0 3 -3 0 0 -2 0 -7 1 0 0 0 0 0 0 0 0 0 0 0 -4 0 0 0 0 -1 0 1583836345
-15670998 -15059100 21039383 4643137 -5735939 -7075888 -638552 -139909 202867 -122914 -41524 -2129 -4479 -75242 -12054 -3865 -9639 -1241 -973 33 -220 -266 -140 -243 0 30 -17 -9 0 0 0 1 -1 0 0 2 0 -1 0 -1 0 0 0 0 0 0 0 0 0 0 0 0 0 0 0 0 0 0 0 0 1583836345
-16089703 -15507728 21969365 5086803 -6052333 -7566278 -849684 -139701 120569 -123579 -41864 -30216 -4434 -71988 -10824 -3661 -8721 -3145 1588 -556 -217 -130 -176 -216 -2 -27 -15 -8 2 0 0 1 -2 0 0 0 1 0 0 0 0 0 0 0 1 0 1 0 0 0 0 0 0 0 0 0 0 0 0 0 1583836345
-15591945 -15027740 20966343 4617296 -7306757 -6990877 -1459308 -141685 165674 -125323 -42847 128835 -3900 -71458 24188 -22232 -6370 66384 -715 23085 -32 -4146 -417 -64 0 -545 -11 -10 -35 7 0 0 -2 0 1 0 0 -1 0 -2 12 2 1 1 0 0 0 0 -1 0 0 1 0 -1 -1 0 0 0 -1 0 1583836345
-16076613 -15459770 21809256 6308227 28426917 -6958203 12781806 -116578 123887 -84618 -20884 -18529 -10114 25055 -9673 -3059 1981 -2955 -1334 -667 -183 -76 -3045 -581 -1 -20 -2 -5 0 0 0 1 0 0 -12 -9 -1 -1 6 1 0 0 4 -1 0 0 -3 0 0 2 0 -2 -2 0 0 0 0 0 0 0 1583836345
-15087875 -14495234 19821972 4863201 10941549 -6072968 5695713 -129224 211357 -104919 -31918 333198 -6543 -23568 34118 -31946 8750 98769 -816 33791 123 -6019 -1448 -96 0 -739 6 -16 -53 9 0 0 -6 1 -13 -1 0 -2 3 2 3 5 -1 0 0 -11 2 0 0 0 0 0 0 3 0 0 0 0 0 0 1583836345
-16030951 -15462185 21875886 4961392 -7870016 -7539758 -1824232 -142209 120054 -126313 -43327 -29845 -3991 -65161 -10583 -3790 -1528 -2483 -1016 -448 -192 -201 -301 -372 -4 -29 -10 -6 1 0 0 1 0 0 3 0 0 0 0 0 0 0 1 1 0 0 0 0 0 0 0 1 1 0 0 0 0 0 0 0 1583836345
-16072461 -15492846 21941793 5004026 -7858166 -7571950 -1827996 -142245 125389 -126356 -43347 -19350 -3970 -64744 -8236 -5121 3782 1924 -1044 1224 -154 -482 -662 -396 -4 -67 -5 -8 -3 0 0 1 -1 0 1 3 0 0 0 1 -1 1 8 0 0 -1 -1 0 0 0 0 1 2 0 -3 0 0 0 0 0 1583836345
-16088222 -15502654 21962725 5028499 -7748608 -7584442 -1832409 -142272 125067 -126376 -43353 -11034 -3952 -62299 -11099 -4217 -7273 -1810 -964 -370 -220 -205 218 -303 -2 -37 -12 -1 8 -1 0 1 -1 0 0 -1 0 0 1 0 1 0 0 0 0 0 0 0 0 0 0 0 0 0 0 0 0 0 0 0 1583836345
-16039279 -15439261 21830354 5034242 -6892623 -7492200 -983702 -140952 137482 -124054 -42143 45388 -4276 -84205 -540 -10065 -8069 19292 -881 6641 -156 -1398 -253 -208 -1 -207 -3 0 0 1 0 1 -1 1 0 0 0 0 0 0 7 3 -1 0 0 -4 0 0 0 0 0 0 0 2 0 0 0 0 0 0 1583836345
-16045749 -15469285 21888142 5053311 -5719364 -7510335 -1272272 -141197 124393 -124720 -42450 -20904 -4176 -45715 -10988 -3872 -8698 -2325 -977 -364 -235 -177 -135 -271 -2 -26 -13 -7 1 0 0 1 -2 0 1 1 0 0 -2 0 0 0 0 0 0 0 0 0 0 0 0 -1 0 0 0 0 0 0 0 0 1583836345
-16086604 -15496094 21932366 5354523 1592444 -7426234 1786899 -135860 124734 -116010 -37766 -20145 -5475 -32017 -2807 -6872 -6341 9841 -1022 4133 -191 -880 -919 -313 -1 -141 -10 -11 -10 0 0 1 -2 0 -1 -2 0 0 0 2 -2 0 0 0 0 0 0 0 0 0 0 -1 0 -2 0 0 0 0 0 0 1583836345
-16065565 -15479998 21908507 5139035 -3999005 -7493114 -162102 -139351 128132 -121615 -40803 -10968 -4675 -60840 -9416 -4733 -7951 648 -987 571 -213 -341 -374 -247 -2 -51 -13 -4 2 0 0 1 -2 0 -1 -1 0 0 0 0 1 0 0 0 0 0 0 0 0 0 0 0 0 0 0 -1 0 0 0 0 1583836345
-15997019 -15413243 21776261 4944819 -7873252 -7469549 -1821191 -142272 138275 -126363 -43360 22716 -3911 -65779 5373 -11818 -6176 27168 -883 10116 -137 -1911 -158 -271 -1 -272 -10 -12 -20 3 0 1 0 1 2 -1 0 -1 0 0 1 4 0 0 0 -4 0 0 0 0 0 0 0 0 0 0 0 0 0 0 1583836345
-16076226 -15496906 21950223 5006971 -7851909 -7576979 -1824596 -142237 124767 -126343 -43339 -21024 -3976 -64838 -10774 -4051 -2391 -2123 -1009 -304 -195 -218 -270 -307 -4 -33 -13 -6 0 0 0 1 -4 0 2 0 0 0 0 0 0 0 0 0 0 0 -1 0 0 0 0 0 0 0 0 0 0 0 0 0 1583836345
-16088553 -15502335 21961146 5050475 -7018785 -7567740 -1376371 -141485 129247 -125092 -42671 -12626 -4165 -67936 -8792 -5124 -4182 1685 -994 1155 -191 -439 -62 -319 -3 -72 -11 -4 2 0 0 1 -3 0 -1 -1 0 -1 1 0 -1 1 -1 0 0 -2 0 0 0 0 0 0 0 1 0 0 0 0 0 0 1583836345
-16088263 -15503276 21964150 5023447 -7887041 -7587771 -1819957 -142262 124526 -126347 -43343 -11170 -3966 -65901 -8877 -5050 -6744 1540 -953 709 -207 -393 -80 -306 -2 -66 -12 -2 4 0 0 1 -1 0 1 0 0 0 0 0 2 0 1 0 0 0 0 0 0 0 0 -1 0 0 0 0 0 0 0 0 1583836345
-16081162 -15435198 21825720 5129052 -7878170 -7552981 -1821605 -49777 120437 -126294 -43328 -30212 -3995 -65370 -10931 -3699 -4052 -3799 38263 780 -111 -115 -265 -306 -2 -21 -9 -4 1 0 0 1 -4 0 3 -1 -9 0 0 0 0 0 0 1 0 0 0 0 0 0 0 0 0 0 0 0 0 0 0 0 1583836345
-15352321 -14903418 20672613 4469207 -7880440 -7075024 -1820448 -142430 -61340 -125922 -43225 -5709 -3942 -65911 -12764 -3275 -6751 -1761 -950 -745 -216 -228 -83 -280 -11 90 -12 -10 0 -1 0 2 -2 -1 0 0 0 0 0 0 0 0 -1 0 2 0 -1 0 0 0 0 0 0 0 0 0 0 0 0 0 1583836345
-16076205 -15389567 21731453 5230783 -6859643 -7508840 -1627158 160869 119971 -125430 -42939 -30078 -4040 -52250 -10843 -3635 6022 -3379 1237 -718 -157 -165 -410 -364 -5 -26 -8 -5 1 0 0 1 -3 0 -10 -4 -1 -1 3 1 0 0 -3 0 0 0 0 0 0 0 0 0 0 0 0 0 0 0 0 0 1583836345
-16089311 -15505601 21965202 5093033 -5789744 -7554647 -1103806 -140955 125075 -124278 -42219 -21039 -4265 -54003 -11099 -3836 -2113 -2824 -1026 -575 -199 -171 290 -367 -3 -32 -10 -4 4 0 0 1 -3 0 -2 -3 0 -1 3 0 0 0 1 0 0 0 0 0 0 0 0 0 0 0 0 0 0 0 0 0 1583836345
-16089009 -15505752 21964913 5097797 -5778625 -7559967 -1006794 -140816 120202 -124007 -42081 -20503 -4321 -59282 -10873 -3897 -8816 -2423 -972 -604 -229 -155 -164 -298 -2 -27 -13 -4 3 0 0 1 -2 0 0 -1 0 0 -1 0 2 0 1 0 0 0 0 0 0 0 0 -1 0 0 0 0 0 0 0 0 1583836345
-16087827 -15507131 21969203 5063943 -6653008 -7572217 -1241227 -141242 121319 -124686 -42451 -26122 -4243 -66295 -11028 -3706 -7194 -3089 -983 -752 -219 -133 269 -307 -2 -21 -13 1 13 -2 0 1 -3 0 0 -1 0 0 1 0 -1 0 0 0 0 0 0 0 0 0 0 0 0 0 0 0 0 0 0 0 1583836345
-16089693 -15510909 21979229 5018368 -7893247 -7598151 -1818552 -141716 120626 -126321 -43327 -30226 -3999 -65988 -10915 -3693 -7299 -3123 -196 -633 -220 -140 -51 -311 -3 -26 -12 -6 1 0 0 1 0 0 3 0 0 0 0 1 0 0 0 0 0 0 0 0 0 0 -1 0 0 0 0 1 0 0 0 0 1583836345
-15993056 -15436306 21814544 4974765 -7748039 -7568716 -1832460 -142338 64547 -126272 -43320 -30393 -3983 -62182 -10629 -3720 -6886 -2720 -969 -756 -221 -153 59 -305 -5 -20 -12 -6 1 0 0 1 -1 0 0 -1 0 -1 1 0 0 0 0 0 0 0 0 0 0 0 0 0 0 0 0 0 0 0 0 0 1583836345
-4846913 -6114718 2053530 -5826440 -5827669 3434348 -874055 -135397 -60510 -118764 -40236 -189161 -4508 -67661 -18662 9968 -1496 -2246 -1004 -652 -182 -888 -613 616 -10 -78 -35 0 5 2 0 -2 -11 6 2 -1 0 -1 2 2 0 0 1 1 1 -1 0 1 -3 -1 0 -1 -1 0 0 0 0 0 0 0 1583836345
-16085940 -15469961 21888143 5232196 -3431184 -7500686 14607 -44843 120297 -120989 -40495 -30078 -4778 -58446 -10720 -3595 -8833 -3112 -244 -627 -226 -122 -415 -332 -2 -26 -13 -6 1 0 0 1 0 0 4 0 0 0 -2 0 0 0 1 0 1 0 0 0 0 1 0 0 0 0 -1 0 0 0 0 0 1583836345
-16022812 -15445830 21826197 5266388 610613 -7391550 1457662 -136448 114204 -116921 -38264 -25841 -5345 -36104 -6788 1790 -2495 -3708 -1215 3134 -197 17743 8195 -309 0 -373 -3 -2 -2 -5 0 -1 -9 0 5 3 0 3 -3 3 0 0 0 0 0 0 0 -1 1 0 0 0 0 0 0 0 0 0 0 0 1583836345
-16081968 -15505431 21967479 5010646 -7874095 -7589927 -1820966 -142227 120617 -126324 -43329 -28930 -3995 -65468 -11008 -3695 -7441 -3112 -975 -663 -223 -140 76 -308 -3 -17 -12 -6 1 0 0 1 0 0 2 -1 0 0 0 0 0 0 0 0 0 0 0 0 0 0 0 0 0 0 0 0 0 0 0 0 1583836345
-15750745 -15215359 21354963 4708723 -7850087 -7235398 -1824607 -142163 127539 -126248 -43316 6822 -3924 -65012 -11927 -3124 -3840 -1734 -1013 321 -200 1956 -166 -346 -3 54 -10 -9 0 0 0 2 -1 -1 2 0 0 -1 0 0 0 0 1 0 0 0 0 0 0 0 0 -1 0 0 0 0 0 0 0 0 1583836345
-16077949 -15502199 21959742 5017960 -7705465 -7590331 -1847920 -142272 114667 -126390 -43363 -29044 -3964 -60784 -9029 -973 14944 -4027 -1215 809 -112 8787 -962 338 -10 -189 -20 -3 0 -2 0 0 -6 0 3 3 0 0 1 -2 -1 0 2 -1 -2 0 0 0 0 1 0 1 2 0 -2 0 0 0 0 0 1583836345
-16088495 -15499439 21955032 5055104 -7304296 -7581440 -1875799 -120426 120564 -126436 -43377 -30125 -3936 -50373 -10898 -3659 -1480 -3226 712 -653 -196 -154 1164 -368 -3 -29 -9 -4 1 0 0 1 -1 0 1 -2 -2 0 0 0 0 0 0 0 0 0 0 0 0 0 0 0 0 0 0 0 0 0 0 0 1583836345
-15862244 -15319696 21572554 4832299 -7019731 -7355593 -1905152 -142216 117931 -126436 -43382 -25662 -3892 -42738 -11470 -3413 7227 -3148 -1072 -753 -161 -203 2424 -479 -5 20 -1 -7 1 0 0 2 0 0 6 -3 0 0 1 -1 0 0 -1 2 0 0 -1 0 0 0 0 0 0 0 0 0 0 0 0 0 1583836345
-15860986 -15296862 21526940 4857943 -7116968 -7340809 -1562765 -141796 122554 -125538 -42913 -19598 -4076 -61234 -11439 -3679 -3906 -2359 -1002 -399 -204 -210 -47 -323 -3 -14 -12 -7 0 0 0 1 -3 0 -1 -2 0 -1 1 0 0 0 -1 0 0 0 0 0 0 0 0 0 0 0 0 0 0 0 0 0 1583836345
-16088489 -15503552 21964732 5023449 -7878513 -7587904 -1822536 -142263 124683 -126353 -43345 -12073 -3965 -65554 -10134 -4571 -4518 -432 -981 147 -201 -297 -137 -344 -3 -51 -8 -3 4 0 0 1 0 0 3 -1 0 0 0 0 1 0 0 1 0 0 1 0 0 0 0 0 0 0 0 0 0 0 0 0 1583836345
-16089711 -15510996 21979322 5020042 -7840162 -7597307 -1828306 -141726 120624 -126347 -43340 -30208 -3987 -64296 -10896 -3677 1841 -3290 -262 -732 -176 -161 -426 -355 -5 -26 -10 -5 1 0 0 1 -3 0 1 3 0 0 0 0 0 0 3 0 0 0 0 0 0 0 0 -1 0 0 0 0 0 0 0 0 1583836345
-16066470 -15485021 21925257 5006993 -7747703 -7563473 -1840992 -142274 124503 -126392 -43365 -11377 -3940 -61786 -11206 -4100 9517 -2316 -1085 -654 -138 -231 -684 -305 -7 -27 -10 -4 2 0 0 1 0 0 4 0 0 -1 1 0 2 0 0 0 -3 0 0 0 0 0 -1 1 0 0 0 0 0 0 0 0 1583836345
-16066252 -15482820 21919039 5043323 -6651312 -7538923 -783785 -140518 129253 -123437 -41809 -11882 -4465 -87978 -11380 -4090 -6442 -2313 -997 -357 -201 -195 -313 -320 -2 -28 -14 -7 0 0 0 1 -4 0 1 0 0 0 1 2 0 0 0 0 -1 0 0 0 0 0 0 0 0 0 0 0 0 0 0 0 1583836345
-16044511 -15465691 21876689 5130932 -3575031 -7472359 -41107 -139105 124092 -121242 -40599 -20382 -4733 -56709 -10717 -3912 -7612 -2083 -1006 -273 -220 -192 -415 -276 -2 -28 -13 -7 0 0 0 1 -4 0 0 -2 0 0 -2 0 0 0 0 0 0 0 0 0 0 0 0 0 0 0 0 0 0 0 0 0 1583836345
-16090164 -15504388 21952928 5274167 -771492 -7477846 1502700 -136477 120216 -116881 -38273 -29037 -5443 -68497 -10131 -3681 -3470 -2588 -1059 -684 -192 -152 -849 -348 -3 -29 -10 -4 3 0 0 1 -3 0 -3 -2 -1 -1 5 0 2 0 0 0 0 0 0 0 0 0 0 0 0 0 0 0 0 0 0 0 1583836345
-15971756 -15382074 21663641 5812708 17473029 -7039695 8570556 -123962 124800 -96624 -27357 -17075 -8348 -6350 -9375 -3869 2036 -2628 -1248 -522 -177 -133 -2145 -494 -2 -30 -2 -5 0 0 0 1 -4 0 -13 -4 -2 -3 15 1 0 0 0 1 -1 0 -1 -1 0 0 0 0 0 0 0 0 0 0 0 0 1583836345
-16089945 -15506190 21962257 5168342 -3742160 -7527128 -367318 -138615 120498 -122152 -41068 -30021 -4581 -44384 -10750 -3586 -6613 -3149 549 -617 -222 -127 -199 -325 -2 -26 -12 -5 1 0 0 1 -2 0 0 -2 -1 -1 3 0 0 0 0 0 0 0 0 0 0 0 0 0 0 0 0 0 0 0 0 0 1583836345
-10965149 -11074401 12532204 696108 -7833326 -3322612 -1824836 -142061 -550739 -123974 -42697 179179 -3549 -66624 -20997 -5304 -4569 4662 -843 -396 -186 -744 -158 -339 -31 188 -14 -16 -6 2 0 -2 1 4 3 -1 0 -1 0 0 -1 -2 0 1 0 -1 1 0 0 0 0 0 0 1 0 0 0 0 0 0 1583836345
-7468658 -8287229 6666657 -3319524 -7682485 877634 -1837935 -138381 -2087 -122708 -42117 -105732 -3971 -61593 -12971 2320 6994 791 -1041 577 -139 -931 -391 -482 -6 36 -6 -6 0 2 0 0 3 6 5 -3 0 -1 1 -1 -1 0 0 1 0 -3 0 0 0 0 0 0 0 1 0 0 0 0 0 0 1583836345
-15935513 -15378475 21697289 4911895 -6868018 -7421970 -1920416 -142275 120098 -126510 -43411 -22230 -3870 -38663 -10483 -3968 10750 -1599 -1091 -152 -141 -308 3491 -509 -5 7 -3 -8 0 0 0 1 -1 0 7 -3 0 0 0 -1 0 0 -2 2 0 0 -2 0 0 0 0 0 0 0 0 0 0 0 0 0 1583836345
37157742 29287276 -73128006 -44518432 2057389 43212420 2082461 -117035 -2103750 -92246 -30045 244428 -4342 -49146 10568 -25692 -5351 25167 -573 4563 -102 -4384 -1242 -293 -80 1904 -38 -66 -13 4 0 0 -7 0 -1 -4 0 -2 -5 4 3 -7 3 0 1 -10 2 0 -1 0 0 -3 0 3 0 0 0 0 1 0 1583836345
3896847 1248477 -13571303 -13862145 3736346 12177029 2596749 -125637 -218343 -105180 -33674 -157664 -5735 -26658 -8028 2670 -1648 724 -978 -874 -183 -1394 -1263 -461 -8 300 -7 -5 8 6 0 0 0 4 6 -5 0 0 -4 -1 3 0 0 0 0 -3 0 2 2 0 0 -1 0 0 -1 0 0 0 0 0 1583836345
-12309342 -12348007 15273405 1355152 -7487849 -3894396 -1877133 -140525 62693 -124832 -42840 -88549 -3968 -54303 -7227 -2939 43191 -3185 -1329 -905 23 -519 -1866 -759 -13 -48 6 -3 1 0 0 2 5 0 10 -8 0 0 3 2 0 1 -4 4 3 -1 0 1 -1 0 0 -1 0 -1 -2 0 0 -1 -1 1 1583836345
-15858164 -15310201 21555119 4804933 -7695725 -7349697 -1849019 -142184 126663 -126332 -43348 -9718 -3923 -60126 -11932 -3793 17736 -2701 -1151 -639 -99 -264 -894 -572 -7 3 0 -7 0 0 0 2 3 0 5 -1 0 -1 1 -3 0 0 0 2 0 0 0 -1 1 0 0 0 0 0 0 0 0 0 0 0 1583836345
2473755 48333 -11000817 -12935284 -7415702 10683248 -1855454 -133950 -127658 -118572 -40745 -138521 -3853 -56988 -14651 5754 11198 3595 -1019 1186 -107 -1665 -703 -81 -10 251 -10 2 15 8 0 -8 -2 28 4 -1 0 -2 3 -3 -3 -3 1 0 -4 -5 0 5 6 1 1 0 0 2 0 0 0 0 1 0 1583836345
-14941828 -5324175 1328255 19856031 -8493867 -1547158 -1918705 26220087 66360 -98005 -37360 -26434 -3401 -60162 -9584 -3249 -2452 -3257 28028 466 -103 -110 -243 -114 -3 -21 -10 -7 2 0 0 1 0 0 0 -1 -2 0 1 0 0 0 0 1 0 0 0 0 0 -1 0 0 -1 0 0 0 0 0 0 0 1583836345
-16067895 -15491790 21937197 5032469 -6892625 -7558666 -1910460 -142294 120592 -126525 -43408 -29078 -3899 -40130 -10505 -3833 -6253 -2316 -983 -369 -227 -186 -113 -82 -4 -29 -19 -6 1 0 0 1 -5 0 2 0 0 0 0 0 0 0 0 0 0 0 1 0 0 0 1 0 0 0 0 0 0 0 0 0 1583836345
-15744141 -15217332 21356155 4723199 -6846844 -7230104 -1922063 -142178 120776 -126436 -43388 -19090 -3860 -38210 -9852 -4727 11828 -2676 -1104 -592 -139 -245 1517 -484 -6 0 0 -7 1 0 0 1 -5 0 -2 -6 0 -1 3 0 0 0 -1 1 0 0 -1 0 0 0 0 0 0 0 0 0 0 0 0 0 1583836345
-12485753 -12557163 15636355 2263273 -1120887 -4701938 484957 -138005 -538748 -117697 -39139 -64445 -4915 -29554 -10358 157 -6559 245 -857 -3544 -227 -241 -649 -327 -27 27 -10 -7 1 0 0 0 -4 3 -1 -3 0 0 -3 1 0 -1 0 0 0 0 1 -1 0 -1 0 0 0 0 0 0 0 0 0 0 1583836345
-15923666 -14001109 18879668 7972239 13934596 -6340671 5196010 3687036 112098 -101981 -31454 -28452 -6643 74774 -9871 -3027 18275 -4023 31532 283 -65 -95 -1707 -518 -5 -46 4 -54 11 0 0 0 -16 0 -19 -11 50 0 5 5 1 0 -3 0 1 0 0 -3 2 0 0 2 1 0 0 0 0 0 0 0 1583836345
-16012758 -14901619 20760059 4959772 -7103075 -7851104 -1657767 -141893 119800 -125819 -43056 -22863 -4035 -56822 -11337 -3746 -7841 -3145 -976 -677 -228 -133 -52 -171 -3 -27 -16 -6 1 0 0 1 -2 0 0 0 0 0 0 1 0 0 0 1 0 0 1 0 0 -1 0 0 0 0 0 0 0 0 0 0 1583836345
-16086698 -15497567 21932528 5400486 2864499 -7410970 2454532 -134711 120745 -114109 -36753 -28300 -5786 -36931 -10513 -3462 -3011 -3178 -1094 -714 -204 -118 -1242 -318 -3 -21 -13 -6 1 0 0 1 -6 0 0 -1 0 0 -1 2 0 0 -1 1 2 0 0 -1 0 0 0 1 0 0 0 0 0 0 0 0 1583836345
-15846127 -15304643 21535653 4910038 -4276804 -7297982 -487817 -139754 116786 -122401 -41230 -32384 -4542 -50523 -11140 -3228 -7019 -3112 -1005 -677 -224 -145 -296 -265 -3 -24 -13 -5 2 0 0 0 -1 2 0 0 0 -1 2 0 0 0 -1 0 0 0 0 -1 -1 0 0 0 0 0 0 0 0 0 0 0 1583836345
-11176969 -11372280 13211266 281427 -7841595 -2720860 -1819196 -140114 75841 -124319 -42669 -14498 -3895 -65919 -16781 726 -6940 3277 -936 1411 -201 -815 -99 -303 -3 74 -13 -13 -4 0 0 2 -1 0 3 0 0 -1 0 1 0 -1 0 0 0 0 0 0 0 0 -1 0 1 0 0 1 0 0 0 0 1583836345
-10455896 -10635777 11652540 -52731 -6323645 -2007413 -1962074 -141054 -21871 -124622 -42865 198863 -3364 -27432 -31700 1147 -2771 -1650 -796 -4834 -217 -263 62 -295 -11 717 -22 -31 0 -4 0 4 -1 -8 -3 -3 0 -1 2 0 1 -2 0 0 0 0 0 0 0 0 0 0 0 0 0 0 0 0 0 0 1583836345
-15643656 -15120710 21152849 4659471 -6287258 -7095967 -1965361 -142225 130746 -126534 -43431 15684 -3757 -24526 -13483 -2617 -6916 -3227 -987 -462 -240 2075 44 -285 -2 48 -14 -8 1 0 0 2 -3 -1 0 0 0 -1 0 0 0 0 -1 0 0 0 0 0 0 0 0 0 0 0 0 0 0 0 0 0 1583836345
-13714114 -13514455 17748809 2722974 -7861422 -5245529 -1820130 -141188 96205 -125344 -43005 -28141 -3957 -65744 -15109 -894 -6697 -2946 -970 -700 -217 -297 -88 -255 -3 31 -14 -8 1 0 0 2 -2 -1 1 1 0 0 0 0 0 0 0 0 0 0 0 0 0 0 0 0 0 0 0 0 0 0 0 0 1583836345
-13123513 -12940419 16452664 3971214 42250325 -3744631 16895723 -107906 118304 -71583 -14022 49949 -11494 132706 -18830 483 4201 -3084 -1425 -932 -214 -201 -4724 -817 0 247 12 -13 0 -1 0 3 -4 -3 7 -21 1 0 -15 -2 0 0 2 -1 -7 0 -3 -1 0 -2 0 0 1 0 0 -1 0 0 0 0 1583836345
-10796266 -10861777 12171193 19229 -7828363 -1972762 -1822393 -140564 278039 -124862 -43015 447844 -3159 -68182 347761 -254481 -5570 106399 -700 45348 124 -6070 -350 -149 1 -714 -3 -25 -60 8 0 -1 1 5 1 -1 0 -1 1 8 -34 16 -1 2 0 7 -1 -2 -3 0 0 0 0 2 0 0 0 0 0 0 1583836345
-15719840 -15192086 21305404 4670502 -7874999 -7210291 -1822478 -142118 126639 -126217 -43303 -2389 -3942 -65667 -12884 -3651 -4297 -2577 -993 -490 -205 -206 -173 -245 -4 57 -17 -9 1 0 0 2 0 0 1 -1 0 0 0 1 0 0 -2 0 0 0 0 0 0 0 0 0 0 0 0 0 0 0 0 0 1583836345
-16085073 -15503718 21964802 5014901 -7886773 -7585994 -1819942 -142238 125053 -126336 -43335 -21087 -3982 -65859 -11402 -3812 -6835 -3059 -979 -646 -219 -146 -74 -269 -3 -24 -13 -6 1 0 0 1 -2 0 0 1 0 0 0 0 0 0 0 0 0 0 0 0 0 0 0 0 0 0 0 0 0 0 0 0 1583836345
-15994973 -15430126 21808231 4930184 -7810418 -7499564 -1831114 -142207 121479 -126321 -43333 -25670 -3976 -63808 -11257 -3636 711 -3111 -1033 -700 -182 -173 -372 58 -6 -19 -20 -6 1 0 0 1 -4 0 2 2 0 0 0 0 0 0 1 -1 -1 0 0 0 0 0 0 -1 0 0 0 0 0 0 0 0 1583836345
-15936678 -15374536 21689819 4919065 -6578457 -7409741 -1949227 -142290 127242 -126589 -43444 -12948 -3824 -31043 -11562 -3838 11348 -2477 -1092 -491 -144 -262 5247 -482 -4 -39 -7 -6 0 0 0 1 4 0 5 -4 0 0 1 -2 0 0 -1 1 0 0 -1 0 0 0 0 0 0 0 0 0 0 0 0 0 1583836345
12561373 8631851 -29179890 -22414985 -1419239 20911128 971085 -124912 -150004 -106639 -35206 3524 -4719 -65752 98238 -80503 -1846 -5979 -967 -513 -162 -1234 -1021 -317 -8 1082 -26 -34 4 -1 0 1 -11 -4 2 -1 0 -1 0 4 0 7 0 1 0 9 -3 0 -3 2 0 0 0 3 3 -3 0 0 -2 0 1583836345
-16085479 -15501860 21957741 5080895 -6079682 -7555470 -970847 -140771 124973 -123923 -42043 -20979 -4353 -66637 -11290 -3792 -8729 -2977 -976 -601 -225 -146 1864 -282 -2 -30 -13 -6 1 0 0 1 -2 0 3 0 0 0 0 0 0 0 0 0 0 0 0 0 0 0 0 0 0 0 0 0 0 0 0 0 1583836345
-16077761 -15481275 21889846 5587314 8339837 -7301110 3575263 -132548 124803 -110802 -34906 -19572 -6109 28644 -10594 -3464 3104 -2880 -1167 -642 -203 -133 -1943 -299 -4 -24 0 -5 1 0 0 1 -15 0 0 0 0 0 -7 2 0 0 -6 1 1 0 0 -1 1 0 0 -1 1 0 0 0 0 0 0 0 1583836345
-16063713 -15484266 21920135 5064978 -5898806 -7530757 -1080930 -140918 124816 -124209 -42188 -20249 -4284 -57731 -11293 -3793 -8784 -2836 -979 -556 -230 -148 -99 -309 -2 -21 -15 -6 1 0 0 1 0 0 2 0 0 0 1 0 0 0 0 0 0 0 0 0 0 0 0 0 0 0 0 0 0 0 0 0 1583836345
751269 -1365846 -8034050 -10595070 12408471 9328318 6626171 -119777 -86358 -95099 -27983 -141276 -7502 -27893 -35229 19834 681 -2449 -1125 -987 -169 -1216 4509 -392 -1 -128 -1 -3 1 0 0 2 0 2 5 3 0 0 0 0 0 -1 -1 1 0 -1 0 0 0 0 0 -1 0 0 0 0 0 0 0 0 1583836345
-15715940 -15171341 21264723 4683590 -7837011 -7176122 -1833900 -142205 141045 -126306 -43351 41365 -3853 -64446 -13624 -4647 9791 -528 -1063 -380 -131 -336 -904 -317 -6 41 -11 -4 4 0 0 1 0 0 4 -1 0 0 0 4 7 0 -3 -2 1 0 0 1 -1 0 -1 -1 0 0 0 -1 0 0 0 0 1583836345
-15965972 -15406357 21757664 4903169 -7833710 -7472479 -1827301 -142196 119733 -126298 -43323 -27080 -3982 -64286 -11274 -3575 -2309 -3159 -1010 -720 -198 -161 -97 -318 -4 -4 -13 -6 1 0 0 1 0 0 1 0 0 0 0 -1 0 0 0 0 0 0 -1 0 0 0 0 0 0 0 0 0 0 0 0 0 1583836345
-16085347 -15503742 21964754 5018105 -7812694 -7584820 -1830899 -142251 125057 -126365 -43349 -20938 -3969 -63757 -11436 -3781 952 -3267 -1036 -756 -182 -160 -453 -143 -5 -23 -17 -6 1 0 0 1 -3 0 0 4 0 0 0 0 0 0 0 0 0 0 -1 0 0 -1 0 1 0 0 -1 0 0 0 0 0 1583836345
-15153971 -14608976 20079954 4341435 -7602820 -6568918 -1847614 -142661 121378 -126281 -43332 42088 -3830 -58723 -14369 -4055 -5389 392 -941 -91 -206 -366 1491 -313 -3 204 -16 -14 0 -1 0 2 0 -2 3 -1 0 -1 0 0 -1 0 0 0 0 0 0 0 0 0 0 0 0 0 0 0 0 0 0 0 1583836345
-16058391 -15474161 21900925 5037748 -6820802 -7536437 -1130260 -141102 125389 -124399 -42311 -8254 -4280 -75345 -11785 -3981 -6065 -2692 -986 -718 -208 -157 -109 -323 -3 -13 -14 -5 3 0 0 1 0 0 -1 -2 0 -1 2 -1 2 0 0 0 0 0 0 0 0 0 0 0 0 0 0 0 0 0 0 0 1583836345
-15866610 -15316001 21565108 4855863 -6651612 -7347008 -1444389 -141489 121687 -125166 -42715 -20738 -4122 -56924 -11851 -3455 -7952 -3085 -977 -691 -228 -147 -71 -286 -2 -10 -13 -7 1 0 0 1 -1 0 0 0 0 0 0 0 0 0 -1 0 0 0 0 0 0 0 0 0 0 0 0 0 0 0 0 0 1583836345
40483195 32376986 -79448191 -49239134 -3114736 48748425 -110314 -115529 -333666 -98845 -33448 710005 -2560 -58875 -112561 29097 -6020 -3695 -643 -4902 -180 -3358 -411 -350 -6 564 -22 -38 -16 -4 0 7 -2 -5 4 0 0 -1 2 0 0 -1 0 1 0 1 -1 -1 -1 0 0 0 0 -2 0 0 0 0 2 -1 1583836345
-9930121 -10252738 10839691 -638607 -2172919 -1301607 248134 -136256 95583 -118093 -39420 165133 -4412 -41885 -18610 -4098 -5839 11040 -833 1244 -183 -1116 -371 -359 -2 113 -10 -3 6 0 0 2 1 -3 4 0 0 -1 2 -6 19 -1 0 0 0 1 -1 0 0 0 0 0 0 0 0 0 0 0 0 0 1583836345
-14961663 -14505299 19847321 4184609 -1575095 -6305326 714399 -137430 149074 -118744 -39333 36356 -4929 -49247 -16033 -3045 -6003 -2524 -1019 -664 -215 -217 -544 -386 -2 387 -16 -19 1 -2 0 3 0 -4 4 0 0 -1 2 -1 0 -1 -1 1 0 0 0 0 0 0 0 0 0 0 0 0 0 0 0 0 1583836345
-15886209 -15330392 21594557 4904705 -5905804 -7348551 -1016495 -140783 123748 -123975 -42080 -13406 -4305 -61023 -12148 -3583 -8688 -3004 -979 -638 -228 -148 -125 -312 -2 35 -15 -8 1 0 0 2 0 0 2 0 0 -1 1 0 0 0 0 0 0 0 0 0 0 0 0 0 0 0 0 0 0 0 0 0 1583836345
-15948814 -15344394 21637097 4853765 -7884356 -7424398 -1820267 -142093 163184 -126316 -43325 -18078 -3975 -65818 -11895 -3619 -6509 -3170 -980 -710 -218 -147 -68 -320 -1 0 -13 -7 1 0 0 1 -1 0 3 0 0 0 0 0 0 0 0 1 0 0 1 0 0 0 0 0 0 0 0 0 0 0 0 0 1583836345
-15962702 -15400786 21746359 4903816 -7712861 -7462252 -1870179 -142253 123137 -126425 -43390 -21567 -3918 -59131 -11558 -3503 54893 -4290 -1425 -1362 79 -289 -2972 -703 -16 -11 3 -4 2 0 -1 2 9 0 12 -9 0 0 2 13 3 0 -9 3 9 0 -1 0 0 -5 0 2 0 0 -1 0 0 -2 0 1 1583836345
-16025425 -15446272 21843059 4990225 -7172644 -7506333 -1935080 -142371 127891 -126631 -43479 -13421 -3826 -44174 -11582 -3692 95594 -4694 -1718 -1671 273 -400 -4019 -653 -26 -19 26 -3 1 0 -1 1 2 0 8 10 0 0 2 -7 -2 0 1 1 1 -1 -10 -3 2 -2 1 -4 -3 0 3 0 0 0 0 -1 1583836345
-15424593 -14909488 20711887 4433995 -7806425 -6868488 -1831445 -142187 142474 -126218 -43317 46044 -3843 -63959 -16168 -3864 2178 -2849 -1033 -672 -174 -230 -405 -369 -5 160 -8 -12 0 -1 0 2 -1 -2 3 0 0 -1 0 -1 0 0 -1 1 0 0 -2 0 0 0 0 0 0 0 0 0 0 0 0 0 1583836345
-15899418 -15346856 21630177 4885909 -6458208 -7377684 -2053279 -142416 122609 -126873 -43606 -20735 -3692 -22927 -11400 -3150 201861 -6970 -2489 -2954 785 -631 -8407 227 -56 -6 26 0 2 0 -2 1 -7 0 23 19 -1 0 6 -4 -1 0 5 -4 -7 -1 -10 -5 4 0 0 -2 -2 0 4 -1 0 0 0 -1 1583836345
-16026689 -15450265 21836854 5271965 1055955 -7380553 -2150474 -142068 119912 -126839 -43373 -28206 -3359 143358 -10710 -3214 54639 -3828 -1426 -1215 -20 -273 3390 -241 -16 -35 -4 -4 1 0 0 0 -21 0 -22 -15 -1 -1 8 12 3 0 0 4 0 0 0 2 -2 -1 -1 -1 0 0 0 -1 0 0 0 0 1583836345
-13173400 -917553 -7311496 2057774 -7645977 -12258699 -1870582 -141597 100396 -125487 -43110 92167 -3721 -63100 -20195 -3460 -6572 -3156 -952 -962 -217 -207 99 -315 -4 197 -16 -13 0 0 0 0 -2 1 0 -1 0 -1 1 0 0 -1 0 0 0 0 0 -2 -2 0 0 0 0 0 0 0 0 0 0 0 1583836345
13874278 9614606 -31292576 -23826686 -6706106 21700844 -1902017 -129248 -437138 -113742 -39162 -175281 -3692 -42340 -14998 7520 -7261 -838 -800 -2015 -213 -1873 -107 -106 -13 -24 -16 -8 0 -3 0 4 -4 -3 0 -2 0 0 -1 0 0 0 0 1 0 2 0 1 -1 0 0 0 0 1 0 -1 0 0 0 0 1583836345
-15940033 -15367484 21650281 5441508 7963422 -7172090 -273390 -138596 119518 -121348 -40367 -23329 -4060 201831 -11019 -3038 -384 -2825 -1088 -668 -317 -102 -1253 170 -6 7 -24 -7 1 0 0 1 -10 0 -1 -5 0 0 -2 5 1 0 -2 -2 0 0 0 0 0 -1 2 0 0 0 0 0 0 0 0 0 1583836345
-15857449 -15301679 21522435 5097810 310585 -7216266 2392427 -134934 122874 -114316 -36941 -14078 -5844 -88275 -11749 -3457 -3840 -3066 -1078 -670 -182 -152 -1232 -378 -3 36 -13 -8 1 0 0 2 0 0 0 1 0 0 2 8 2 0 0 -2 -1 0 0 0 0 0 0 1 -1 0 0 0 0 0 0 -1 1583836345
-16081148 -15502002 21960322 5018596 -7746548 -7584972 -1832655 -142252 120958 -126356 -43342 -28045 -3980 -62129 -10983 -3729 -6688 -3014 -979 -628 -220 -149 333 -314 -3 -18 -12 -4 4 -1 0 1 -1 0 2 -1 0 0 0 0 0 0 0 0 0 0 0 0 0 0 0 0 0 0 0 0 0 0 0 0 1583836345
-15534131 -15015300 20922717 4733614 -1890097 -6919898 -2418132 -142650 119616 -127566 -43857 -3729 -3281 93957 -11021 -2963 98489 -2975 -1614 -3280 221 -385 11083 -988 -20 3 40 29 45 -3 0 1 7 0 0 -24 -2 -2 13 -11 18 2 -6 5 -3 -1 -9 1 0 2 1 1 1 0 -1 0 0 0 0 0 1583836345
-15792127 -15253299 21434658 4743333 -7746594 -7285244 -1832364 -142147 125067 -126259 -43314 -10998 -3948 -62412 -12445 -3570 -7228 -2839 -974 -577 -222 -174 -51 -143 -4 72 -18 -9 1 0 0 2 -2 -1 1 0 0 0 0 0 0 0 1 1 0 0 0 1 -1 0 0 0 0 0 1 -1 0 0 0 0 1583836345
-16044185 -15461218 21864004 5232769 -600180 -7414921 -2485219 -142742 126514 -127847 -43928 -14678 -3260 124044 -10712 -3913 -5305 -1306 -995 -32 -304 -209 105 -285 -3 -29 -10 -7 0 0 0 1 -5 0 0 3 0 -1 1 -1 0 0 -1 0 0 0 0 0 0 0 0 0 0 0 0 0 0 0 0 0 1583836345
-5365464 -6152140 2200872 -4860107 -3023976 3566054 -2259569 -139260 237456 -123838 -42710 508681 -2450 55202 -32086 15051 -2697 16521 -1185 14518 -181 9028 -143 -223 0 736 -24 -54 -24 -20 0 -2 0 -10 2 0 0 11 3 -4 8 -5 0 1 -1 0 0 0 -1 0 0 0 0 1 0 0 0 0 0 0 1583836345
-15951334 -15364249 21671636 4957585 -5665543 -7383214 -2022319 -142334 150045 -126793 -43522 8373 -3716 -8835 -12987 -3878 -6964 -2760 -963 -945 -248 -130 -104 -126 -2 -20 -18 -7 1 0 0 1 -5 0 2 0 0 0 -1 0 0 0 0 1 0 0 1 0 0 -1 0 0 0 0 0 0 0 0 0 0 1583836345
-14860427 -14441502 19686406 4405600 5230989 -6220711 2989930 -133530 40437 -112069 -35763 44383 -5802 -12440 -16163 -2709 35860 -2832 -1357 -1271 -17 -312 -2248 1379 -24 32 -45 -9 0 0 0 0 -31 0 -14 -9 0 -1 1 3 0 -1 -5 1 3 0 -4 1 -1 -1 2 1 0 0 2 -1 0 0 0 -1 1583836345
-16111410 -15264713 21010986 14334156 251471968 -3201479 104661292 44465 112639 177658 120202 -18223 -48856 517429 932 2345 105388 -5590 -3800 -2512 321 297 14047 -3212 12 -96 122 9 4 -2 1 4 -10 -4 106 -20 4 6 -33 6 4 0 -14 18 -7 -1 -8 -10 8 -5 0 0 5 -1 0 -5 0 0 0 0 1583836345
-312624 -3581894 -4734212 1041450 46456812 -5752416 16888628 -130465 -11710186 -56805 -10294 -343711 -11634 218538 -20153 15692 31553 -2107 -1592 -705 -113 -1164 -4482 -1173 -487 -94 24 2 6 -1 0 3 -6 0 6 -18 0 0 -1 1 0 0 -5 2 -3 -3 -6 -2 1 0 0 0 0 0 0 0 1 1 0 2 1583836345
-16014681 -15437800 21813845 5186657 -1146126 -7400275 334380 -138318 124846 -120095 -39948 -19380 -4808 -21538 -11393 -3496 8007 -3407 -1123 -870 -162 -163 2037 -476 -4 -30 -3 -5 1 0 0 1 -9 0 -2 -5 0 -1 2 2 0 0 0 1 0 0 -1 0 0 0 0 -1 0 0 -1 0 0 0 0 0 1583836345
-2884280 -4340618 -1837855 -4778654 77091224 6837453 31019995 -78174 -38175 -26741 9238 -146147 -17591 221149 -24146 16095 35644 -3636 -1907 -1517 -65 -812 -6176 -1315 -1 -101 27 0 1 -1 0 3 3 0 13 -10 -2 -1 10 -1 0 -1 -11 6 0 -2 -5 -1 0 1 0 -2 1 0 0 -1 0 0 0 0 1583836345
4582523 1810428 -14738087 -14980523 -5976197 12751364 -952196 -131264 -153275 -115054 -39050 -207565 -4364 -68360 -7229 2735 -8229 -3533 -917 -1021 -212 -1295 1434 -280 -3 -148 -10 0 4 0 0 0 -2 3 3 0 0 0 0 0 0 2 0 0 0 3 0 0 0 0 0 0 0 1 0 0 0 0 0 0 1583836345
-16092651 -15369771 21449485 9877078 127708937 -5274361 50810042 -49419 125527 24215 37849 -5792 -25740 389959 -6071 -511 98803 -5316 -2749 -1967 211 -23 10093 -1867 -4 -66 64 0 0 -1 0 2 -1 -2 16 -16 -5 -3 29 0 0 -1 -12 13 -5 -2 -11 -1 0 2 -1 -4 0 0 -1 0 0 0 0 0 1583836345
-15891539 -15335329 21609011 4835663 -7890682 -7383597 -1819965 -142188 127454 -126278 -43320 -8392 -3956 -65967 -12560 -3663 -2340 -3232 -1009 -756 -197 -162 -333 -379 -3 21 -7 -7 1 0 0 2 0 0 6 0 0 0 1 5 1 0 -1 -2 -2 0 0 0 0 -1 -4 0 3 0 2 3 0 0 0 0 1583836345
-16089050 -15506788 21971268 5020728 -7831628 -7588724 -1827810 -142248 125274 -126358 -43345 -20872 -3972 -64182 -11406 -3802 -949 -3186 -1021 -719 -191 -158 -130 -391 -4 -27 -7 -4 4 -1 0 1 0 0 3 -1 0 0 0 0 0 0 0 1 0 0 0 0 0 0 0 0 0 0 0 0 0 0 0 0 1583836345
-15784515 -15252511 21432160 4724294 -7875282 -7291181 -1822143 -142105 120209 -126213 -43295 -24391 -3980 -65481 -11839 -3336 -4029 -3109 -998 -688 -206 -171 -161 -355 -3 -16 -8 -6 1 0 0 1 0 0 3 -1 0 0 0 0 0 0 0 1 0 0 0 0 0 0 0 0 0 0 0 0 0 0 0 0 1583836345
-15674264 -15153669 21223756 4630958 -7797426 -7164927 -1834492 -142116 125018 -126229 -43311 -4137 -3929 -63283 -12971 -3505 7376 -3030 -1078 -712 -150 -221 -688 -348 -6 60 -8 -8 1 0 0 1 -3 -1 1 4 0 0 0 0 0 0 1 0 -1 0 -1 0 0 0 0 0 0 0 -1 0 0 0 0 0 1583836345
-16066115 -15488071 21931487 4998831 -7874205 -7567079 -1820976 -142237 124035 -126331 -43334 -20065 -3979 -65513 -11374 -3777 -6456 -3001 -973 -832 -218 -137 -39 -322 -3 -17 -10 -4 3 0 0 1 -1 0 2 -1 0 0 0 -1 2 0 0 0 0 0 0 0 0 0 0 0 0 0 0 0 0 0 0 0 1583836345
-13493638 -13276760 17238606 2742421 -7846040 -5102544 -1824153 -141926 -17425 -125390 -43080 111204 -3712 -65963 -9599 -5035 -2378 15060 -785 1803 -154 1176 -341 -337 -9 305 -14 -26 -12 -1 0 3 -4 -5 1 1 0 -1 0 1 -3 -1 3 0 -1 2 0 0 -1 1 0 -2 0 -2 -1 0 0 0 0 0 1583836345
-15772514 -15244953 21415080 4720998 -7600271 -7280614 -1846842 -142110 116656 -126254 -43310 -31619 -3966 -58277 -9808 -4050 -3545 -1461 -997 -49 -202 -270 412 -354 -3 -41 -6 -7 0 0 0 1 -1 0 3 -1 0 0 0 0 0 0 0 1 0 -1 0 0 0 0 0 0 0 0 0 0 0 0 0 0 1583836345
-15946709 -15363243 21624987 5752667 16435782 -7035237 8648646 -123905 122759 -96440 -27292 -19923 -8447 -33355 -10593 -3090 -574 -3316 -1210 -759 -176 -115 5088 -523 0 -31 -4 -6 1 0 0 2 -1 0 14 0 0 0 -2 -1 0 0 -1 2 -1 0 -2 0 0 0 0 0 0 0 0 0 0 0 0 0 1583836345
-15752523 -15225166 21367292 4820046 -4442145 -7204510 159353 -138727 116105 -120597 -40310 -26525 -4887 -84420 -11572 -3229 -7463 -3075 -1000 -661 -207 -165 2868 -294 -2 24 -15 -8 1 0 0 1 -4 0 5 1 0 0 0 2 0 0 0 0 0 0 0 0 0 0 0 0 0 0 0 0 0 0 0 0 1583836345
-15491495 -14991355 20861021 4840086 2812894 -6800959 2557500 -134362 121149 -113621 -36545 2055 -5777 -40965 -12978 -3168 -4901 -2848 -1066 -843 -210 -152 -854 -443 -2 146 -8 -11 1 -1 0 2 4 -2 6 0 0 -1 4 -2 0 0 -1 1 0 0 -1 0 0 0 0 0 0 0 0 0 0 0 0 0 1583836345
-16088812 -15494786 21925461 5445052 3961828 -7387829 2791064 -134118 123748 -113149 -36226 -17654 -5889 -26854 -9923 -3601 -1412 -2236 -1062 -1599 -200 -87 -938 -498 -2 -20 -3 7 16 0 0 1 2 0 8 -1 0 -1 3 -5 12 1 -2 1 0 0 -2 0 0 0 0 0 0 0 0 0 0 0 0 0 1583836345
43516429 32750693 -81995810 -41015806 -7053972 32625343 -1933750 -151330 -15282714 -89833 -32828 -873106 -4233 -47690 78004 -16152 90338 -3560 -1675 4011 301 3497 -4999 -603 -634 -226 85 0 6 -17 -1 2 6 -6 11 -3 0 8 1 25 4 0 -7 -3 12 5 1 2 -3 -1 1 -1 1 2 0 -3 1 -4 -1 2 1583836345
-16066525 -15484926 21924418 5021113 -7335607 -7556469 -1910406 -142350 124486 -126576 -43454 -11283 -3850 -48770 -11666 -3725 81339 -4606 -1606 -1805 204 -338 -3553 -940 -21 -16 23 -1 3 0 0 1 -6 0 7 12 0 0 1 -3 1 0 5 0 0 -1 -8 -3 2 0 0 -3 0 0 6 -2 0 0 0 0 1583836345
-16008061 -15439332 21828278 4940604 -7883008 -7510417 -1820158 -142204 123781 -126303 -43324 -21913 -3982 -65837 -11539 -3668 -6693 -3125 -978 -717 -218 -144 -86 -162 -3 -24 -19 -6 1 0 0 1 -3 0 1 0 0 0 0 0 0 0 0 0 -1 0 0 0 0 0 0 0 0 0 0 0 0 0 0 0 1583836345
-15964649 -15401740 21747682 4923608 -7195129 -7454358 -1937155 -142320 123702 -126597 -43470 -20320 -3835 -44725 -11441 -3460 101285 -5008 -1759 -1811 301 -405 -3985 -215 -29 -12 11 -3 2 0 -1 1 3 0 11 6 -1 -1 5 -6 -1 0 -6 -2 -8 -2 -9 -1 0 0 0 3 0 0 -1 0 0 1 0 0 1583836345
-15771775 -15241457 21408842 4713313 -7863837 -7275713 -1821602 -142103 121128 -126210 -43294 -20383 -3974 -65325 -12085 -3374 -6795 -3042 -977 -660 -219 -166 -47 -309 -3 2 -13 -7 1 0 0 1 -1 0 0 -1 0 0 0 1 0 0 1 0 0 0 1 0 0 0 0 0 0 0 0 0 0 0 0 0 1583836345
-16081023 -15495985 21948210 5037158 -7190274 -7562066 -1884735 -142298 129450 -126497 -43401 -11536 -3897 -47771 -10810 -4342 -3813 -1311 -994 9 -208 -260 710 -303 -3 -39 -12 -7 0 0 0 1 -3 0 1 0 0 0 0 -1 0 0 -1 0 0 0 0 0 0 0 0 0 0 0 0 0 0 0 0 0 1583836345
-15906687 -15350568 21640770 4848621 -7747779 -7401044 -1832323 -142177 126686 -126301 -43328 -13833 -3955 -62413 -8119 -5284 -6733 3386 -964 1815 -203 -544 -102 -116 -3 -81 -16 -9 -4 0 0 1 -3 0 0 -1 0 0 0 1 -1 0 0 1 0 0 0 1 -1 0 0 0 0 0 1 -1 0 0 0 0 1583836345
-16085856 -15508020 21972621 5024088 -7600252 -7588906 -1847213 -142250 120841 -126387 -43355 -29064 -3966 -58207 -10724 -3784 -3558 -2769 -999 -544 -206 -175 985 -351 -3 -28 -11 -6 1 0 0 1 -1 0 3 -1 0 0 0 0 0 0 0 1 0 0 0 0 0 0 0 0 0 0 0 0 0 0 0 0 1583836345
-15394917 -14843978 20567299 4683148 1018973 -6667205 -2698827 -142800 173042 -128271 -44163 78484 -2831 169341 -10707 -6016 145630 5241 -1984 846 442 -1117 6697 -268 -34 -63 118 1 3 0 -1 0 -34 0 -21 -16 -3 -2 16 -3 8 0 -11 9 -4 -1 -10 2 -2 3 0 -5 -1 -1 0 1 0 0 0 0 1583836345
-15927927 -15372524 21686424 4866729 -7747274 -7429538 -1832387 -142173 122746 -126296 -43323 -22575 -3969 -62221 -11584 -3584 -6115 -2977 -983 -627 -217 -162 43 -318 -3 -26 -12 -6 1 0 0 1 -2 0 0 -2 0 0 1 0 0 0 0 0 0 0 0 0 0 0 0 0 0 0 0 0 0 0 0 0 1583836345
-16067357 -15488662 21930521 5047398 -6446023 -7544506 -1951166 -142327 124282 -126626 -43449 -21597 -3843 -28484 -11451 -3690 -7014 -3120 -979 -679 -239 -133 -24 -326 -2 -23 -12 -6 1 0 0 1 -1 0 0 -1 0 -1 1 0 0 0 0 0 0 0 0 0 0 0 0 0 0 0 0 0 0 0 0 0 1583836345
-15641227 -14928867 20758087 5153095 7738016 -6748192 -3250014 -143295 242519 -129668 -44644 20972 -2396 333749 -13001 -3608 1201 -1194 -1046 -137 -379 -198 -611 -640 1 149 0 -12 0 -1 0 2 -3 -2 7 -6 0 0 -5 0 0 0 0 0 0 0 -3 0 0 0 0 0 1 0 -1 0 0 0 0 0 1583836345
-13189913 -13057820 16745673 3004467 14782591 -4349409 -3897091 -142538 83479 -129865 -44804 -37201 -1760 517584 -14813 860 18725 -2471 -1175 -990 -388 -272 -1750 328 -11 -27 20 -3 3 0 0 0 -26 0 4 -10 2 0 -16 -2 1 0 0 -2 -3 0 0 -1 1 0 3 2 1 0 2 0 0 0 0 0 1583836345
-15941858 -15382598 21704963 4945618 -5905933 -7410470 -2000266 -142312 123011 -126688 -43478 -20843 -3789 -15100 -11628 -3544 -6758 -2939 -981 -628 -244 -148 -113 -250 -3 -15 -14 -6 1 0 0 1 -4 0 1 0 0 0 -2 0 0 0 0 0 0 0 1 0 0 0 0 0 0 0 0 0 0 0 0 0 1583836345
-14384723 -14071853 18929126 3443957 -7139841 -5853333 -1536225 -141171 109150 -124896 -42708 37909 -3972 -63699 -17837 -2278 -7810 -2705 -960 -709 -222 -254 -11 -267 -4 531 -21 -23 1 -3 0 3 -2 -6 0 1 0 -1 0 -1 0 -1 0 0 0 0 0 0 0 0 0 0 0 0 0 0 0 0 0 0 1583836345
-16048914 -15278152 21153704 11941761 186579767 -4233676 73028554 -10089 118393 87877 72191 -9877 -34950 600772 -2953 779 60693 -4004 -2974 -1428 -26 262 -9945 -1348 0 -5 50 0 -1 0 0 3 -6 -2 32 -31 2 3 -24 9 1 0 -5 12 -2 0 0 0 0 -8 0 -4 0 0 -1 -2 0 0 0 0 1583836345
-15152331 -14604959 19951448 6578827 57843450 -5518153 22466635 -99191 97930 -56471 -5664 68008 -13712 211808 -13454 -2139 57021 -2193 -1861 -2143 23 -170 -3039 -389 -14 123 -7 -9 -1 -1 0 1 -15 -1 -26 -21 -4 -4 26 8 2 -2 -4 10 -1 0 0 0 0 -4 -1 1 -1 0 -1 0 0 0 0 0 1583836345
-16085088 -15503120 21961284 5055087 -6903286 -7575012 -1438843 -141582 120005 -125243 -42747 -20429 -4139 -62439 -10594 -3967 -6690 -2100 -967 -737 -217 -168 115 -310 -3 -28 -13 -2 6 -1 0 1 -3 0 0 -1 0 -1 1 0 0 0 0 0 0 0 0 0 0 0 0 0 0 0 0 0 0 0 0 0 1583836345
-15906010 -15352005 21639614 4915894 -5813749 -7374047 -1015745 -140740 122550 -123959 -42069 -21182 -4314 -58933 -11634 -3528 -8581 -2963 -981 -613 -229 -150 -106 -314 -2 -11 -13 -7 1 0 0 1 0 0 2 0 0 -1 1 0 0 0 0 0 0 0 0 0 0 0 0 0 0 0 0 0 0 0 0 0 1583836345
-15825506 -15162068 21036413 9051542 111877545 -5280297 44538146 -60338 122813 6396 28210 -6627 -23174 332601 -6646 -905 46488 -3204 -2306 -1028 -36 36 -11875 -1544 -2 -9 42 -1 0 0 0 3 5 -1 54 -15 5 4 -37 -8 -3 0 -16 7 -1 0 -3 -3 2 -1 0 -1 4 -1 0 -3 0 1 0 0 1583836345
-16061359 -15333954 21348514 10344771 141674981 -5014495 56545709 -39334 119676 40615 46660 -15656 -28185 417365 -4848 -47 106434 -5401 -2930 -2047 251 4 4984 -636 -13 -59 29 0 0 0 0 1 -24 -2 30 11 0 0 -6 -18 -4 -1 -32 16 -10 -3 -10 1 -1 0 0 -1 0 0 0 0 0 0 0 0 1583836345
-11116854 -11230680 12925093 280318 -7805744 -2613642 -1825022 -140349 105570 -124476 -42763 118386 -3662 -65625 -15277 -7021 -4166 1593 -919 77 -190 -650 -12 -344 -3 129 -13 -16 -5 -1 0 2 0 -2 3 -2 0 -1 0 0 -1 1 0 1 0 -2 0 0 0 0 0 0 0 0 0 0 0 0 0 0 1583836345
-16009167 -15437225 21824128 4947572 -7883063 -7508982 -1820197 -142227 123996 -126311 -43327 -20410 -3980 -65796 -11475 -3761 -6566 -2865 -980 -575 -217 -163 -93 -241 -3 -22 -14 -6 1 0 0 1 -3 0 1 1 0 0 0 0 0 0 0 0 0 0 0 0 0 0 0 0 0 0 0 0 0 0 0 0 1583836345
-15951722 -15392809 21729553 4886432 -7872813 -7454387 -1821095 -142180 122954 -126282 -43318 -20991 -3979 -65504 -11368 -3756 -7097 -2572 -975 -462 -219 -183 56 -312 -3 -15 -12 -7 1 0 0 1 0 0 2 -1 0 0 0 0 0 0 0 0 0 0 0 0 0 0 0 0 0 0 0 0 0 0 0 0 1583836345
-15854733 -15310852 21554741 4817198 -7237871 -7346707 -1643485 -141818 121570 -125728 -43023 -19429 -4041 -60359 -11743 -3604 -7251 -2928 -978 -615 -223 -162 -92 -194 -3 16 -16 -7 1 0 0 1 -3 0 0 0 0 0 0 1 0 0 0 1 0 0 0 1 -1 0 0 -1 0 0 0 0 0 0 0 0 1583836345
-16011328 -15437339 21825146 4947361 -7873850 -7501936 -1821006 -142224 129853 -126326 -43336 -7416 -3957 -65600 -12282 -3895 -7221 -2980 -974 -618 -221 -155 63 -311 -2 -4 -12 -7 1 0 0 1 0 0 2 -1 0 0 0 0 0 0 0 0 0 0 0 0 0 0 0 0 0 0 0 0 0 0 0 0 1583836345
-16053691 -15474993 21904490 4986159 -7874056 -7548847 -1821093 -142233 127951 -126335 -43337 -13657 -3968 -65561 -11635 -3960 -7530 -2637 -972 -486 -222 -171 21 -305 -2 -25 -12 -7 1 0 0 1 0 0 2 -1 0 0 0 0 0 0 0 0 0 0 0 0 0 0 0 0 0 0 0 0 0 0 0 0 1583836345
-13025081 -12946222 16542504 2043120 -7852183 -4590333 -1820648 -140820 77289 -125013 -42886 -61854 -4003 -65413 -11962 -1324 -5717 -2878 -978 -639 -212 -341 -119 -331 -3 -42 -12 -5 1 0 0 1 -2 0 3 0 0 0 0 1 0 0 0 1 0 0 1 0 0 0 0 0 0 0 0 0 0 0 0 0 1583836345
88074 -11238015 11725614 -10886875 -7742824 14995292 -1795528 -133489 498571 -119941 -41161 -79476 -3896 -63666 427695 -297141 -3838 22413 -913 14814 -77 -1397 -241 -298 15 -487 0 -17 -31 -1 0 6 -2 -10 0 1 0 -1 0 1 -7 -15 4 0 0 3 0 1 0 1 0 0 0 0 2 -2 0 0 0 0 1583836345
-13224103 -13112596 16895188 2237426 -7823082 -4784666 -1824493 -140915 80387 -125108 -42920 -59288 -3996 -64525 -13505 -386 -1446 -2981 -1009 -714 -192 -342 -335 -374 -4 -40 -12 -5 2 0 0 1 -5 0 2 0 0 0 0 0 0 0 2 0 -1 0 0 0 0 1 0 -1 0 0 0 0 0 0 0 0 1583836345
1742468 -447076 -9920316 -12255421 -7626507 10189620 -1832657 -134322 41883 -119172 -41005 122444 -3444 -64065 -32929 3482 1146 -3623 -958 -1225 -169 -1208 -419 -244 -2 -164 -11 -6 -3 0 0 2 -3 0 0 4 0 0 0 0 -1 5 1 0 1 -7 0 0 0 0 0 -1 0 1 0 0 0 0 0 0 1583836345
103831878 84960359 -191034041 -110641362 19390178 110339803 6806476 -70767 -1584882 -49699 -12239 -1664225 -8333 95861 32854 50956 259 -1185 -882 -1301 -182 -7040 -2858 398 -11 -667 -12 22 18 -8 0 8 -17 -21 0 10 2 1 -15 1 -3 8 -2 4 0 10 3 4 0 0 0 1 -1 5 2 0 0 0 -2 0 1583836345
-15811495 -15261923 21429827 5226258 5373903 -7087533 2339569 -134604 120921 -114218 -36765 -17465 -5578 23219 -11676 -3079 -768 -3215 -1114 -766 -223 -124 -1373 168 -6 29 -22 -7 1 0 0 1 -8 0 4 2 1 0 -10 -1 0 0 -8 3 2 0 1 0 0 -2 0 0 0 0 0 0 0 0 0 0 1583836345
-16076226 -15496929 21950284 5006609 -7862346 -7577195 -1827080 -142241 124745 -126351 -43344 -21100 -3974 -64879 -11231 -3854 1343 -2937 -1037 -633 -179 -181 -506 -386 -4 -26 -9 -6 1 0 0 1 0 0 0 0 0 0 0 2 0 0 4 0 1 0 0 2 -1 1 0 0 1 0 2 -3 0 -1 0 0 1583836345
-15428349 -14938089 20769407 4385521 -7853749 -6907805 -1825218 -141987 134747 -126124 -43276 11590 -3910 -65222 -14580 -3269 -1302 -3128 -1013 -750 -191 -201 -366 -211 -4 52 -15 -9 1 0 0 1 -4 0 0 4 0 0 -1 1 0 0 0 -1 -2 0 1 0 0 0 0 1 0 0 0 0 0 0 0 0 1583836345
-8587108 -9193491 8592648 -2196427 -6979762 -161262 -1425567 -138270 41246 -122111 -41711 -15959 -4029 -66286 -11484 -3436 -7107 -2235 -917 -1353 -214 -551 17 -295 -3 -6 -13 3 12 2 0 -2 -2 9 0 -1 0 -1 1 0 3 1 0 0 0 -1 0 2 2 0 0 0 0 0 0 0 0 0 0 0 1583836345
-16087716 -15487295 21891157 5811995 14359729 -7216202 6528853 -127450 120221 -102410 -30419 -28082 -7427 19665 -10049 -3157 -346 -3264 -1199 -772 -209 -83 -2290 -426 -2 -19 -8 -5 1 0 0 1 -10 0 -7 -11 0 0 -3 4 0 0 4 -1 -1 0 0 0 0 0 0 -2 0 0 -1 0 0 0 0 0 1583836345
-15750354 -15209806 21340575 4777546 -5831836 -7199257 -1367749 -141287 130172 -124905 -42570 4990 -4079 -43264 -13072 -3698 -7805 -2507 -970 -675 -233 -172 -148 -315 -2 33 -13 -8 0 0 0 1 -3 0 1 -2 0 0 -1 1 0 0 1 0 0 0 1 0 0 0 0 0 0 0 0 0 0 0 0 0 1583836345
-14741555 -14344970 19515876 3731121 -7857853 -6201192 -1824781 -141737 142273 -125890 -43211 52395 -3831 -65636 -14247 -5119 -2515 -1871 -974 -802 -194 -271 -245 -358 -3 -18 -10 -2 5 0 0 2 2 0 3 -2 0 0 0 1 0 0 0 0 2 0 0 0 0 0 0 0 1 0 0 0 0 0 0 0 1583836345
-15955960 -15396230 21736779 4892018 -7846049 -7457562 -1826263 -142190 123105 -126299 -43326 -20192 -3971 -64620 -11489 -3721 -2283 -2788 -1010 -564 -196 -186 -141 -371 -3 -9 -9 -7 1 0 0 1 1 0 2 0 0 0 0 -1 0 0 1 0 0 0 1 0 0 0 0 0 0 0 0 0 0 0 0 0 1583836345
1621165 -85894 -10579076 -12103937 -6482452 10858565 -1350597 -133974 579318 -119065 -40893 952859 -2234 -67512 -103452 8338 -6662 -10378 -861 -4196 -215 -889 -194 23 12 3 -24 -18 -13 0 0 1 -3 3 0 0 0 -1 0 0 0 -3 1 2 0 0 0 2 -1 -1 0 0 0 0 -1 0 0 0 0 0 1583836345
-15430668 -14944519 20763317 4729691 1651322 -6770505 2139639 -135038 118292 -114776 -37178 -11407 -5634 -47622 -12616 -2920 -5092 -2983 -1066 -673 -209 -168 -983 -336 -3 51 -11 -8 1 0 0 1 -6 0 -3 -1 0 0 0 2 0 0 0 0 0 0 0 0 0 0 0 0 0 0 1 -1 0 0 0 0 1583836345
-15123697 -14640254 20124967 4495145 972993 -6438905 1559400 -136192 119830 -116384 -38029 11658 -5306 -34199 -14592 -2739 -2835 -2821 -1069 -646 -205 -202 -884 -233 -4 219 -17 -14 1 -1 0 2 -4 -2 -4 0 0 -1 1 0 0 0 0 0 0 0 2 -1 1 0 0 0 0 0 0 0 0 0 0 0 1583836345
-11328340 -10657007 11866859 123135 -7838780 -2416451 -1822284 -139511 693797 -125250 -43030 365814 -3253 -68237 -27512 -9015 -7432 -8 -692 -5571 -215 -164 -32 -196 17 676 -23 -4 22 6 0 5 -2 -3 0 0 0 0 0 -4 22 0 0 -1 0 1 0 1 1 0 0 0 0 0 0 0 0 0 2 -1 1583836345
-15988428 -14710616 20379686 4903175 -7869966 -7949439 -1823061 -142192 119702 -126295 -43322 -24809 -3986 -65579 -11241 -3749 -7351 -3146 -975 -677 -222 -138 -43 -250 -3 -27 -13 -6 1 0 0 1 -2 0 0 1 0 0 0 0 0 0 0 0 0 0 0 0 0 0 0 0 0 0 0 0 0 0 0 0 1583836345
-15711797 -15115393 21151317 4662190 -7750358 -7265813 -1835856 -142106 116863 -126219 -43301 -20759 -3958 -62133 -12106 -3302 -238 -3257 -1021 -836 -189 -173 236 -372 -4 60 -9 -8 2 -1 0 2 1 -1 1 -1 0 -1 0 0 0 0 -1 0 1 0 0 0 0 0 0 0 0 0 1 -1 0 0 0 0 1583836345
-7165417 -8804883 7007041 1687435 -7547822 -7061281 -1860186 -154555 -6570131 -117526 -41170 -199386 -4036 -56880 -15013 4489 -5410 -2051 -947 -574 -209 -758 -86 -275 -276 -68 -11 -3 4 -1 0 2 -2 1 -1 -1 0 0 0 0 0 0 0 0 1 -1 1 0 0 0 0 0 0 0 0 0 0 0 0 0 1583836345
-13302000 9238308 -28204486 41301639 -2448132 7218819 -2687759 63724353 -11050 -59253 -29456 -19984 -1883 127597 -7697 -2365 -2446 -4387 145442 5031 123 49 -259 -272 2 -36 1 -76 15 1 0 0 5 0 3 -1 55 0 12 -2 0 0 0 0 0 0 0 0 0 0 0 0 0 0 0 0 0 0 0 0 1583836345
-15691386 -14857699 20662009 4493049 -5528413 -6969661 -1061545 -140035 403996 -124224 -42143 -337 -4240 -50767 -13166 -3394 -8273 -3085 -982 -688 -232 -152 -91 -271 8 13 -12 -8 1 0 0 1 -2 0 0 0 0 -1 1 0 0 0 -1 0 0 0 0 0 0 0 0 0 0 0 0 0 0 0 0 0 1583836345
-15789588 -15135239 21206849 4723149 -5986346 -7187748 -1163646 -140725 226299 -124427 -42297 -8227 -4218 -55696 -11281 -4010 -2528 -1053 -1017 84 -196 -292 -335 -302 0 -3 -10 -8 0 0 0 1 -7 0 -1 0 0 -1 1 0 0 0 -3 1 0 0 0 0 0 0 0 0 0 0 0 0 0 0 0 0 1583838187
-16091829 -15465128 21814616 6463946 32238431 -6906947 13860579 -114628 123588 -81501 -19172 -10013 -10490 59418 -9487 -3181 3154 -2366 -1358 -710 -191 -79 -3943 -644 -1 -30 -1 -1 5 0 0 1 -6 0 -20 -17 0 -1 1 2 2 0 5 -2 -3 0 0 -1 1 0 0 1 0 0 1 0 0 0 0 0 1583838187
-16090671 -15492239 21910463 5639922 9355915 -7303937 4490431 -131046 119650 -108239 -33554 -20357 -6542 10426 -10149 -3457 13872 -2881 -1246 -987 -138 -149 -1803 -474 -6 -29 -6 -3 3 0 0 1 -6 0 -20 -6 -2 -2 12 0 2 0 -4 0 0 0 -1 -1 0 1 0 -2 0 0 -1 0 0 0 0 0 1583838187
-15925609 -15363939 21669717 4874063 -7892522 -7409172 -1818603 -142225 129719 -126302 -43331 4936 -3937 -66217 -11457 -4960 -7962 -2199 -966 -310 -222 -199 -14 -301 -3 112 -14 -11 0 -1 0 2 0 -1 3 0 0 -1 0 1 0 0 0 0 0 0 0 0 0 0 -1 0 0 0 0 1 0 0 0 0 1583838187
-15726019 -15198597 21317906 4692385 -7859761 -7222986 -1827000 -142177 117228 -126233 -43310 -5567 -3942 -65157 -9695 -4304 2655 804 -976 -815 -164 -313 -581 -63 -6 122 -20 -1 11 0 0 2 -3 -1 1 -1 0 0 0 2 14 0 -6 -1 1 0 -1 1 -1 -1 0 0 -1 0 -1 0 0 -1 0 0 1583838187
-2919736 -4618879 -1248735 -6784311 -7584164 3791447 -1871663 -139228 -1281870 -119862 -41313 -210018 -4030 -57908 17086 -12497 45895 4391 -1284 1574 65 -1432 -2619 -479 -66 -149 4 4 1 10 -1 -10 16 13 9 -5 0 0 1 14 0 8 -9 0 11 -10 0 0 0 -7 0 -1 -3 -1 0 0 0 0 -6 3 1583838187
-16086336 -15484327 21925943 5017181 -7776699 -7608685 -1845690 -142258 120583 -126394 -43365 -29797 -3964 -61960 -10872 -3644 24165 -3692 -1205 -1007 -69 -212 -1684 -396 -10 -24 -2 -5 2 0 0 1 -3 0 -2 15 0 0 -2 1 0 0 7 -3 0 0 -2 0 0 0 0 2 3 0 0 -2 0 0 0 0 1583838187
-15462379 -9943870 10693567 13125652 -8269953 -4292022 -1868027 14331036 90835 -110721 -40034 -28150 -3676 -64077 -10174 -3446 -5270 -2923 -1061 -639 -198 -135 -139 -277 -3 -22 -11 0 0 0 0 1 -5 0 1 1 -5 0 0 0 0 0 0 0 0 0 -1 0 0 0 0 0 0 0 0 0 0 0 0 0 1583838187
-15685036 -15111782 21145180 4629076 -7309304 -7138114 -1875958 -142068 167807 -126368 -43357 -1894 -3885 -50981 -5630 -6521 1210 8899 -1007 3863 -154 -911 -148 48 -4 -64 -17 -13 -10 0 0 1 -6 0 0 2 0 -1 0 1 -2 0 2 3 -1 -1 0 4 -3 -1 0 0 -1 0 3 -2 0 0 0 0 1583838187
-15670438 -15057927 21041431 4565816 -7884035 -7105500 -1819915 -141933 206725 -126268 -43312 5803 -3934 -66056 -5009 -7079 -6973 10780 -944 4641 -183 -1002 -98 -288 0 -82 -12 -14 -12 0 0 1 0 0 2 0 0 0 0 1 -3 0 0 0 0 0 0 0 0 0 0 -1 0 -2 0 0 0 0 0 0 1583838187
-15686605 -15101398 21096454 5227209 9724064 -6849842 -3430043 -143260 163990 -129910 -44745 -4185 -2234 390514 -11483 -3131 -1882 -700 -1022 -139 -423 -187 -526 -465 -1 34 -8 -8 0 0 0 1 -3 0 3 -2 0 0 -7 -4 -1 0 -2 -1 -2 0 -2 0 0 0 0 0 0 0 0 0 0 0 0 0 1583838187
-15645465 -15031723 20977360 4738476 -2345267 -6985285 -2326002 -142322 205240 -127418 -43765 7951 -3393 77722 4170 -10503 -5773 25417 -920 10008 -212 -1832 -207 -360 2 -199 -7 -20 -26 2 0 1 0 0 3 -3 0 0 -2 0 -7 1 0 0 0 0 0 0 0 0 0 0 0 -4 0 0 0 0 -1 0 1583838187
-15670998 -15059100 21039383 4643137 -5735939 -7075888 -638552 -139909 202867 -122914 -41524 -2129 -4479 -75242 -12054 -3865 -9639 -1241 -973 33 -220 -266 -140 -243 0 30 -17 -9 0 0 0 1 -1 0 0 2 0 -1 0 -1 0 0 0 0 0 0 0 0 0 0 0 0 0 0 0 0 0 0 0 0 1583838187
-16089703 -15507728 21969365 5086803 -6052333 -7566278 -849684 -139701 120569 -123579 -41864 -30216 -4434 -71988 -10824 -3661 -8721 -3145 1588 -556 -217 -130 -176 -216 -2 -27 -15 -8 2 0 0 1 -2 0 0 0 1 0 0 0 0 0 0 0 1 0 1 0 0 0 0 0 0 0 0 0 0 0 0 0 1583838187
-15591945 -15027740 20966343 4617296 -7306757 -6990877 -1459308 -141685 165674 -125323 -42847 128835 -3900 -71458 24188 -22232 -6370 66384 -715 23085 -32 -4146 -417 -64 0 -545 -11 -10 -35 7 0 0 -2 0 1 0 0 -1 0 -2 12 2 1 1 0 0 0 0 -1 0 0 1 0 -1 -1 0 0 0 -1 0 1583838187
-16076613 -15459770 21809256 6308227 28426917 -6958203 12781806 -116578 123887 -84618 -20884 -18529 -10114 25055 -9673 -3059 1981 -2955 -1334 -667 -183 -76 -3045 -581 -1 -20 -2 -5 0 0 0 1 0 0 -12 -9 -1 -1 6 1 0 0 4 -1 0 0 -3 0 0 2 0 -2 -2 0 0 0 0 0 0 0 1583838187
-15087875 -14495234 19821972 4863201 10941549 -6072968 5695713 -129224 211357 -104919 -31918 333198 -6543 -23568 34118 -31946 8750 98769 -816 33791 123 -6019 -1448 -96 0 -739 6 -16 -53 9 0 0 -6 1 -13 -1 0 -2 3 2 3 5 -1 0 0 -11 2 0 0 0 0 0 0 3 0 0 0 0 0 0 1583838187
-16030951 -15462185 21875886 4961392 -7870016 -7539758 -1824232 -142209 120054 -126313 -43327 -29845 -3991 -65161 -10583 -3790 -1528 -2483 -1016 -448 -192 -201 -301 -372 -4 -29 -10 -6 1 0 0 1 0 0 3 0 0 0 0 0 0 0 1 1 0 0 0 0 0 0 0 1 1 0 0 0 0 0 0 0 1583838187
-16072461 -15492846 21941793 5004026 -7858166 -7571950 -1827996 -142245 125389 -126356 -43347 -19350 -3970 -64744 -8236 -5121 3782 1924 -1044 1224 -154 -482 -662 -396 -4 -67 -5 -8 -3 0 0 1 -1 0 1 3 0 0 0 1 -1 1 8 0 0 -1 -1 0 0 0 0 1 2 0 -3 0 0 0 0 0 1583838187
-16088222 -15502654 21962725 5028499 -7748608 -7584442 -1832409 -142272 125067 -126376 -43353 -11034 -3952 -62299 -11099 -4217 -7273 -1810 -964 -370 -220 -205 218 -303 -2 -37 -12 -1 8 -1 0 1 -1 0 0 -1 0 0 1 0 1 0 0 0 0 0 0 0 0 0 0 0 0 0 0 0 0 0 0 0 1583838187
-16039279 -15439261 21830354 5034242 -6892623 -7492200 -983702 -140952 137482 -124054 -42143 45388 -4276 -84205 -540 -10065 -8069 19292 -881 6641 -156 -1398 -253 -208 -1 -207 -3 0 0 1 0 1 -1 1 0 0 0 0 0 0 7 3 -1 0 0 -4 0 0 0 0 0 0 0 2 0 0 0 0 0 0 1583838187
-16045749 -15469285 21888142 5053311 -5719364 -7510335 -1272272 -141197 124393 -124720 -42450 -20904 -4176 -45715 -10988 -3872 -8698 -2325 -977 -364 -235 -177 -135 -271 -2 -26 -13 -7 1 0 0 1 -2 0 1 1 0 0 -2 0 0 0 0 0 0 0 0 0 0 0 0 -1 0 0 0 0 0 0 0 0 1583838187
-16086604 -15496094 21932366 5354523 1592444 -7426234 1786899 -135860 124734 -116010 -37766 -20145 -5475 -32017 -2807 -6872 -6341 9841 -1022 4133 -191 -880 -919 -313 -1 -141 -10 -11 -10 0 0 1 -2 0 -1 -2 0 0 0 2 -2 0 0 0 0 0 0 0 0 0 0 -1 0 -2 0 0 0 0 0 0 1583838187
-16065565 -15479998 21908507 5139035 -3999005 -7493114 -162102 -139351 128132 -121615 -40803 -10968 -4675 -60840 -9416 -4733 -7951 648 -987 571 -213 -341 -374 -247 -2 -51 -13 -4 2 0 0 1 -2 0 -1 -1 0 0 0 0 1 0 0 0 0 0 0 0 0 0 0 0 0 0 0 -1 0 0 0 0 1583838187
-15997019 -15413243 21776261 4944819 -7873252 -7469549 -1821191 -142272 138275 -126363 -43360 22716 -3911 -65779 5373 -11818 -6176 27168 -883 10116 -137 -1911 -158 -271 -1 -272 -10 -12 -20 3 0 1 0 1 2 -1 0 -1 0 0 1 4 0 0 0 -4 0 0 0 0 0 0 0 0 0 0 0 0 0 0 1583838187
-16076226 -15496906 21950223 5006971 -7851909 -7576979 -1824596 -142237 124767 -126343 -43339 -21024 -3976 -64838 -10774 -4051 -2391 -2123 -1009 -304 -195 -218 -270 -307 -4 -33 -13 -6 0 0 0 1 -4 0 2 0 0 0 0 0 0 0 0 0 0 0 -1 0 0 0 0 0 0 0 0 0 0 0 0 0 1583838187
-16088553 -15502335 21961146 5050475 -7018785 -7567740 -1376371 -141485 129247 -125092 -42671 -12626 -4165 -67936 -8792 -5124 -4182 1685 -994 1155 -191 -439 -62 -319 -3 -72 -11 -4 2 0 0 1 -3 0 -1 -1 0 -1 1 0 -1 1 -1 0 0 -2 0 0 0 0 0 0 0 1 0 0 0 0 0 0 1583838187
-16088263 -15503276 21964150 5023447 -7887041 -7587771 -1819957 -142262 124526 -126347 -43343 -11170 -3966 -65901 -8877 -5050 -6744 1540 -953 709 -207 -393 -80 -306 -2 -66 -12 -2 4 0 0 1 -1 0 1 0 0 0 0 0 2 0 1 0 0 0 0 0 0 0 0 -1 0 0 0 0 0 0 0 0 1583838187
-16081162 -15435198 21825720 5129052 -7878170 -7552981 -1821605 -49777 120437 -126294 -43328 -30212 -3995 -65370 -10931 -3699 -4052 -3799 38263 780 -111 -115 -265 -306 -2 -21 -9 -4 1 0 0 1 -4 0 3 -1 -9 0 0 0 0 0 0 1 0 0 0 0 0 0 0 0 0 0 0 0 0 0 0 0 1583838187
-15352321 -14903418 20672613 4469207 -7880440 -7075024 -1820448 -142430 -61340 -125922 -43225 -5709 -3942 -65911 -12764 -3275 -6751 -1761 -950 -745 -216 -228 -83 -280 -11 90 -12 -10 0 -1 0 2 -2 -1 0 0 0 0 0 0 0 0 -1 0 2 0 -1 0 0 0 0 0 0 0 0 0 0 0 0 0 1583838187
-16076205 -15389567 21731453 5230783 -6859643 -7508840 -1627158 160869 119971 -125430 -42939 -30078 -4040 -52250 -10843 -3635 6022 -3379 1237 -718 -157 -165 -410 -364 -5 -26 -8 -5 1 0 0 1 -3 0 -10 -4 -1 -1 3 1 0 0 -3 0 0 0 0 0 0 0 0 0 0 0 0 0 0 0 0 0 1583838187
-16089311 -15505601 21965202 5093033 -5789744 -7554647 -1103806 -140955 125075 -124278 -42219 -21039 -4265 -54003 -11099 -3836 -2113 -2824 -1026 -575 -199 -171 290 -367 -3 -32 -10 -4 4 0 0 1 -3 0 -2 -3 0 -1 3 0 0 0 1 0 0 0 0 0 0 0 0 0 0 0 0 0 0 0 0 0 1583838187
-16089009 -15505752 21964913 5097797 -5778625 -7559967 -1006794 -140816 120202 -124007 -42081 -20503 -4321 -59282 -10873 -3897 -8816 -2423 -972 -604 -229 -155 -164 -298 -2 -27 -13 -4 3 0 0 1 -2 0 0 -1 0 0 -1 0 2 0 1 0 0 0 0 0 0 0 0 -1 0 0 0 0 0 0 0 0 1583838187
-16087827 -15507131 21969203 5063943 -6653008 -7572217 -1241227 -141242 121319 -124686 -42451 -26122 -4243 -66295 -11028 -3706 -7194 -3089 -983 -752 -219 -133 269 -307 -2 -21 -13 1 13 -2 0 1 -3 0 0 -1 0 0 1 0 -1 0 0 0 0 0 0 0 0 0 0 0 0 0 0 0 0 0 0 0 1583838187
-16089693 -15510909 21979229 5018368 -7893247 -7598151 -1818552 -141716 120626 -126321 -43327 -30226 -3999 -65988 -10915 -3693 -7299 -3123 -196 -633 -220 -140 -51 -311 -3 -26 -12 -6 1 0 0 1 0 0 3 0 0 0 0 1 0 0 0 0 0 0 0 0 0 0 -1 0 0 0 0 1 0 0 0 0 1583838187
-15993056 -15436306 21814544 4974765 -7748039 -7568716 -1832460 -142338 64547 -126272 -43320 -30393 -3983 -62182 -10629 -3720 -6886 -2720 -969 -756 -221 -153 59 -305 -5 -20 -12 -6 1 0 0 1 -1 0 0 -1 0 -1 1 0 0 0 0 0 0 0 0 0 0 0 0 0 0 0 0 0 0 0 0 0 1583838187
-4846913 -6114718 2053530 -5826440 -5827669 3434348 -874055 -135397 -60510 -118764 -40236 -189161 -4508 -67661 -18662 9968 -1496 -2246 -1004 -652 -182 -888 -613 616 -10 -78 -35 0 5 2 0 -2 -11 6 2 -1 0 -1 2 2 0 0 1 1 1 -1 0 1 -3 -1 0 -1 -1 0 0 0 0 0 0 0 1583838187
-16085940 -15469961 21888143 5232196 -3431184 -7500686 14607 -44843 120297 -120989 -40495 -30078 -4778 -58446 -10720 -3595 -8833 -3112 -244 -627 -226 -122 -415 -332 -2 -26 -13 -6 1 0 0 1 0 0 4 0 0 0 -2 0 0 0 1 0 1 0 0 0 0 1 0 0 0 0 -1 0 0 0 0 0 1583838187
-16022812 -15445830 21826197 5266388 610613 -7391550 1457662 -136448 114204 -116921 -38264 -25841 -5345 -36104 -6788 1790 -2495 -3708 -1215 3134 -197 17743 8195 -309 0 -373 -3 -2 -2 -5 0 -1 -9 0 5 3 0 3 -3 3 0 0 0 0 0 0 0 -1 1 0 0 0 0 0 0 0 0 0 0 0 1583838187
-16081968 -15505431 21967479 5010646 -7874095 -7589927 -1820966 -142227 120617 -126324 -43329 -28930 -3995 -65468 -11008 -3695 -7441 -3112 -975 -663 -223 -140 76 -308 -3 -17 -12 -6 1 0 0 1 0 0 2 -1 0 0 0 0 0 0 0 0 0 0 0 0 0 0 0 0 0 0 0 0 0 0 0 0 1583838187
-15750745 -15215359 21354963 4708723 -7850087 -7235398 -1824607 -142163 127539 -126248 -43316 6822 -3924 -65012 -11927 -3124 -3840 -1734 -1013 321 -200 1956 -166 -346 -3 54 -10 -9 0 0 0 2 -1 -1 2 0 0 -1 0 0 0 0 1 0 0 0 0 0 0 0 0 -1 0 0 0 0 0 0 0 0 1583838187
-16077949 -15502199 21959742 5017960 -7705465 -7590331 -1847920 -142272 114667 -126390 -43363 -29044 -3964 -60784 -9029 -973 14944 -4027 -1215 809 -112 8787 -962 338 -10 -189 -20 -3 0 -2 0 0 -6 0 3 3 0 0 1 -2 -1 0 2 -1 -2 0 0 0 0 1 0 1 2 0 -2 0 0 0 0 0 1583838187
-16088495 -15499439 21955032 5055104 -7304296 -7581440 -1875799 -120426 120564 -126436 -43377 -30125 -3936 -50373 -10898 -3659 -1480 -3226 712 -653 -196 -154 1164 -368 -3 -29 -9 -4 1 0 0 1 -1 0 1 -2 -2 0 0 0 0 0 0 0 0 0 0 0 0 0 0 0 0 0 0 0 0 0 0 0 1583838187
-15862244 -15319696 21572554 4832299 -7019731 -7355593 -1905152 -142216 117931 -126436 -43382 -25662 -3892 -42738 -11470 -3413 7227 -3148 -1072 -753 -161 -203 2424 -479 -5 20 -1 -7 1 0 0 2 0 0 6 -3 0 0 1 -1 0 0 -1 2 0 0 -1 0 0 0 0 0 0 0 0 0 0 0 0 0 1583838187
-15860986 -15296862 21526940 4857943 -7116968 -7340809 -1562765 -141796 122554 -125538 -42913 -19598 -4076 -61234 -11439 -3679 -3906 -2359 -1002 -399 -204 -210 -47 -323 -3 -14 -12 -7 0 0 0 1 -3 0 -1 -2 0 -1 1 0 0 0 -1 0 0 0 0 0 0 0 0 0 0 0 0 0 0 0 0 0 1583838187
-16088489 -15503552 21964732 5023449 -7878513 -7587904 -1822536 -142263 124683 -126353 -43345 -12073 -3965 -65554 -10134 -4571 -4518 -432 -981 147 -201 -297 -137 -344 -3 -51 -8 -3 4 0 0 1 0 0 3 -1 0 0 0 0 1 0 0 1 0 0 1 0 0 0 0 0 0 0 0 0 0 0 0 0 1583838187
-16089711 -15510996 21979322 5020042 -7840162 -7597307 -1828306 -141726 120624 -126347 -43340 -30208 -3987 -64296 -10896 -3677 1841 -3290 -262 -732 -176 -161 -426 -355 -5 -26 -10 -5 1 0 0 1 -3 0 1 3 0 0 0 0 0 0 3 0 0 0 0 0 0 0 0 -1 0 0 0 0 0 0 0 0 1583838187
-16066470 -15485021 21925257 5006993 -7747703 -7563473 -1840992 -142274 124503 -126392 -43365 -11377 -3940 -61786 -11206 -4100 9517 -2316 -1085 -654 -138 -231 -684 -305 -7 -27 -10 -4 2 0 0 1 0 0 4 0 0 -1 1 0 2 0 0 0 -3 0 0 0 0 0 -1 1 0 0 0 0 0 0 0 0 1583838187
-16066252 -15482820 21919039 5043323 -6651312 -7538923 -783785 -140518 129253 -123437 -41809 -11882 -4465 -87978 -11380 -4090 -6442 -2313 -997 -357 -201 -195 -313 -320 -2 -28 -14 -7 0 0 0 1 -4 0 1 0 0 0 1 2 0 0 0 0 -1 0 0 0 0 0 0 0 0 0 0 0 0 0 0 0 1583838187
-16044511 -15465691 21876689 5130932 -3575031 -7472359 -41107 -139105 124092 -121242 -40599 -20382 -4733 -56709 -10717 -3912 -7612 -2083 -1006 -273 -220 -192 -415 -276 -2 -28 -13 -7 0 0 0 1 -4 0 0 -2 0 0 -2 0 0 0 0 0 0 0 0 0 0 0 0 0 0 0 0 0 0 0 0 0 1583838187
-16090164 -15504388 21952928 5274167 -771492 -7477846 1502700 -136477 120216 -116881 -38273 -29037 -5443 -68497 -10131 -3681 -3470 -2588 -1059 -684 -192 -152 -849 -348 -3 -29 -10 -4 3 0 0 1 -3 0 -3 -2 -1 -1 5 0 2 0 0 0 0 0 0 0 0 0 0 0 0 0 0 0 0 0 0 0 1583838187
-15971756 -15382074 21663641 5812708 17473029 -7039695 8570556 -123962 124800 -96624 -27357 -17075 -8348 -6350 -9375 -3869 2036 -2628 -1248 -522 -177 -133 -2145 -494 -2 -30 -2 -5 0 0 0 1 -4 0 -13 -4 -2 -3 15 1 0 0 0 1 -1 0 -1 -1 0 0 0 0 0 0 0 0 0 0 0 0 1583838187
-16089945 -15506190 21962257 5168342 -3742160 -7527128 -367318 -138615 120498 -122152 -41068 -30021 -4581 -44384 -10750 -3586 -6613 -3149 549 -617 -222 -127 -199 -325 -2 -26 -12 -5 1 0 0 1 -2 0 0 -2 -1 -1 3 0 0 0 0 0 0 0 0 0 0 0 0 0 0 0 0 0 0 0 0 0 1583838187
-10965149 -11074401 12532204 696108 -7833326 -3322612 -1824836 -142061 -550739 -123974 -42697 179179 -3549 -66624 -20997 -5304 -4569 4662 -843 -396 -186 -744 -158 -339 -31 188 -14 -16 -6 2 0 -2 1 4 3 -1 0 -1 0 0 -1 -2 0 1 0 -1 1 0 0 0 0 0 0 1 0 0 0 0 0 0 1583838187
-7468658 -8287229 6666657 -3319524 -7682485 877634 -1837935 -138381 -2087 -122708 -42117 -105732 -3971 -61593 -12971 2320 6994 791 -1041 577 -139 -931 -391 -482 -6 36 -6 -6 0 2 0 0 3 6 5 -3 0 -1 1 -1 -1 0 0 1 0 -3 0 0 0 0 0 0 0 1 0 0 0 0 0 0 1583838187
-15935513 -15378475 21697289 4911895 -6868018 -7421970 -1920416 -142275 120098 -126510 -43411 -22230 -3870 -38663 -10483 -3968 10750 -1599 -1091 -152 -141 -308 3491 -509 -5 7 -3 -8 0 0 0 1 -1 0 7 -3 0 0 0 -1 0 0 -2 2 0 0 -2 0 0 0 0 0 0 0 0 0 0 0 0 0 1583838187
37157742 29287276 -73128006 -44518432 2057389 43212420 2082461 -117035 -2103750 -92246 -30045 244428 -4342 -49146 10568 -25692 -5351 25167 -573 4563 -102 -4384 -1242 -293 -80 1904 -38 -66 -13 4 0 0 -7 0 -1 -4 0 -2 -5 4 3 -7 3 0 1 -10 2 0 -1 0 0 -3 0 3 0 0 0 0 1 0 1583838187
3896847 1248477 -13571303 -13862145 3736346 12177029 2596749 -125637 -218343 -105180 -33674 -157664 -5735 -26658 -8028 2670 -1648 724 -978 -874 -183 -1394 -1263 -461 -8 300 -7 -5 8 6 0 0 0 4 6 -5 0 0 -4 -1 3 0 0 0 0 -3 0 2 2 0 0 -1 0 0 -1 0 0 0 0 0 1583838187
-12309342 -12348007 15273405 1355152 -7487849 -3894396 -1877133 -140525 62693 -124832 -42840 -88549 -3968 -54303 -7227 -2939 43191 -3185 -1329 -905 23 -519 -1866 -759 -13 -48 6 -3 1 0 0 2 5 0 10 -8 0 0 3 2 0 1 -4 4 3 -1 0 1 -1 0 0 -1 0 -1 -2 0 0 -1 -1 1 1583838187
-15858164 -15310201 21555119 4804933 -7695725 -7349697 -1849019 -142184 126663 -126332 -43348 -9718 -3923 -60126 -11932 -3793 17736 -2701 -1151 -639 -99 -264 -894 -572 -7 3 0 -7 0 0 0 2 3 0 5 -1 0 -1 1 -3 0 0 0 2 0 0 0 -1 1 0 0 0 0 0 0 0 0 0 0 0 1583838187
2473755 48333 -11000817 -12935284 -7415702 10683248 -1855454 -133950 -127658 -118572 -40745 -138521 -3853 -56988 -14651 5754 11198 3595 -1019 1186 -107 -1665 -703 -81 -10 251 -10 2 15 8 0 -8 -2 28 4 -1 0 -2 3 -3 -3 -3 1 0 -4 -5 0 5 6 1 1 0 0 2 0 0 0 0 1 0 1583838187
-14941828 -5324175 1328255 19856031 -8493867 -1547158 -1918705 26220087 66360 -98005 -37360 -26434 -3401 -60162 -9584 -3249 -2452 -3257 28028 466 -103 -110 -243 -114 -3 -21 -10 -7 2 0 0 1 0 0 0 -1 -2 0 1 0 0 0 0 1 0 0 0 0 0 -1 0 0 -1 0 0 0 0 0 0 0 1583838187
-16067895 -15491790 21937197 5032469 -6892625 -7558666 -1910460 -142294 120592 -126525 -43408 -29078 -3899 -40130 -10505 -3833 -6253 -2316 -983 -369 -227 -186 -113 -82 -4 -29 -19 -6 1 0 0 1 -5 0 2 0 0 0 0 0 0 0 0 0 0 0 1 0 0 0 1 0 0 0 0 0 0 0 0 0 1583838187
-15744141 -15217332 21356155 4723199 -6846844 -7230104 -1922063 -142178 120776 -126436 -43388 -19090 -3860 -38210 -9852 -4727 11828 -2676 -1104 -592 -139 -245 1517 -484 -6 0 0 -7 1 0 0 1 -5 0 -2 -6 0 -1 3 0 0 0 -1 1 0 0 -1 0 0 0 0 0 0 0 0 0 0 0 0 0 1583838187
-12485753 -12557163 15636355 2263273 -1120887 -4701938 484957 -138005 -538748 -117697 -39139 -64445 -4915 -29554 -10358 157 -6559 245 -857 -3544 -227 -241 -649 -327 -27 27 -10 -7 1 0 0 0 -4 3 -1 -3 0 0 -3 1 0 -1 0 0 0 0 1 -1 0 -1 0 0 0 0 0 0 0 0 0 0 1583838187
-15923666 -14001109 18879668 7972239 13934596 -6340671 5196010 3687036 112098 -101981 -31454 -28452 -6643 74774 -9871 -3027 18275 -4023 31532 283 -65 -95 -1707 -518 -5 -46 4 -54 11 0 0 0 -16 0 -19 -11 50 0 5 5 1 0 -3 0 1 0 0 -3 2 0 0 2 1 0 0 0 0 0 0 0 1583838187
-16012758 -14901619 20760059 4959772 -7103075 -7851104 -1657767 -141893 119800 -125819 -43056 -22863 -4035 -56822 -11337 -3746 -7841 -3145 -976 -677 -228 -133 -52 -171 -3 -27 -16 -6 1 0 0 1 -2 0 0 0 0 0 0 1 0 0 0 1 0 0 1 0 0 -1 0 0 0 0 0 0 0 0 0 0 1583838187
-16086698 -15497567 21932528 5400486 2864499 -7410970 2454532 -134711 120745 -114109 -36753 -28300 -5786 -36931 -10513 -3462 -3011 -3178 -1094 -714 -204 -118 -1242 -318 -3 -21 -13 -6 1 0 0 1 -6 0 0 -1 0 0 -1 2 0 0 -1 1 2 0 0 -1 0 0 0 1 0 0 0 0 0 0 0 0 1583838187
-15846127 -15304643 21535653 4910038 -4276804 -7297982 -487817 -139754 116786 -122401 -41230 -32384 -4542 -50523 -11140 -3228 -7019 -3112 -1005 -677 -224 -145 -296 -265 -3 -24 -13 -5 2 0 0 0 -1 2 0 0 0 -1 2 0 0 0 -1 0 0 0 0 -1 -1 0 0 0 0 0 0 0 0 0 0 0 1583838187
-11176969 -11372280 13211266 281427 -7841595 -2720860 -1819196 -140114 75841 -124319 -42669 -14498 -3895 -65919 -16781 726 -6940 3277 -936 1411 -201 -815 -99 -303 -3 74 -13 -13 -4 0 0 2 -1 0 3 0 0 -1 0 1 0 -1 0 0 0 0 0 0 0 0 -1 0 1 0 0 1 0 0 0 0 1583838187
-10455896 -10635777 11652540 -52731 -6323645 -2007413 -1962074 -141054 -21871 -124622 -42865 198863 -3364 -27432 -31700 1147 -2771 -1650 -796 -4834 -217 -263 62 -295 -11 717 -22 -31 0 -4 0 4 -1 -8 -3 -3 0 -1 2 0 1 -2 0 0 0 0 0 0 0 0 0 0 0 0 0 0 0 0 0 0 1583838187
-15643656 -15120710 21152849 4659471 -6287258 -7095967 -1965361 -142225 130746 -126534 -43431 15684 -3757 -24526 -13483 -2617 -6916 -3227 -987 -462 -240 2075 44 -285 -2 48 -14 -8 1 0 0 2 -3 -1 0 0 0 -1 0 0 0 0 -1 0 0 0 0 0 0 0 0 0 0 0 0 0 0 0 0 0 1583838187
-13714114 -13514455 17748809 2722974 -7861422 -5245529 -1820130 -141188 96205 -125344 -43005 -28141 -3957 -65744 -15109 -894 -6697 -2946 -970 -700 -217 -297 -88 -255 -3 31 -14 -8 1 0 0 2 -2 -1 1 1 0 0 0 0 0 0 0 0 0 0 0 0 0 0 0 0 0 0 0 0 0 0 0 0 1583838187
-13123513 -12940419 16452664 3971214 42250325 -3744631 16895723 -107906 118304 -71583 -14022 49949 -11494 132706 -18830 483 4201 -3084 -1425 -932 -214 -201 -4724 -817 0 247 12 -13 0 -1 0 3 -4 -3 7 -21 1 0 -15 -2 0 0 2 -1 -7 0 -3 -1 0 -2 0 0 1 0 0 -1 0 0 0 0 1583838187
-10796266 -10861777 12171193 19229 -7828363 -1972762 -1822393 -140564 278039 -124862 -43015 447844 -3159 -68182 347761 -254481 -5570 106399 -700 45348 124 -6070 -350 -149 1 -714 -3 -25 -60 8 0 -1 1 5 1 -1 0 -1 1 8 -34 16 -1 2 0 7 -1 -2 -3 0 0 0 0 2 0 0 0 0 0 0 1583838187
-15719840 -15192086 21305404 4670502 -7874999 -7210291 -1822478 -142118 126639 -126217 -43303 -2389 -3942 -65667 -12884 -3651 -4297 -2577 -993 -490 -205 -206 -173 -245 -4 57 -17 -9 1 0 0 2 0 0 1 -1 0 0 0 1 0 0 -2 0 0 0 0 0 0 0 0 0 0 0 0 0 0 0 0 0 1583838187
-16085073 -15503718 21964802 5014901 -7886773 -7585994 -1819942 -142238 125053 -126336 -43335 -21087 -3982 -65859 -11402 -3812 -6835 -3059 -979 -646 -219 -146 -74 -269 -3 -24 -13 -6 1 0 0 1 -2 0 0 1 0 0 0 0 0 0 0 0 0 0 0 0 0 0 0 0 0 0 0 0 0 0 0 0 1583838187
-15994973 -15430126 21808231 4930184 -7810418 -7499564 -1831114 -142207 121479 -126321 -43333 -25670 -3976 -63808 -11257 -3636 711 -3111 -1033 -700 -182 -173 -372 58 -6 -19 -20 -6 1 0 0 1 -4 0 2 2 0 0 0 0 0 0 1 -1 -1 0 0 0 0 0 0 -1 0 0 0 0 0 0 0 0 1583838187
-15936678 -15374536 21689819 4919065 -6578457 -7409741 -1949227 -142290 127242 -126589 -43444 -12948 -3824 -31043 -11562 -3838 11348 -2477 -1092 -491 -144 -262 5247 -482 -4 -39 -7 -6 0 0 0 1 4 0 5 -4 0 0 1 -2 0 0 -1 1 0 0 -1 0 0 0 0 0 0 0 0 0 0 0 0 0 1583838187
12561373 8631851 -29179890 -22414985 -1419239 20911128 971085 -124912 -150004 -106639 -35206 3524 -4719 -65752 98238 -80503 -1846 -5979 -967 -513 -162 -1234 -1021 -317 -8 1082 -26 -34 4 -1 0 1 -11 -4 2 -1 0 -1 0 4 0 7 0 1 0 9 -3 0 -3 2 0 0 0 3 3 -3 0 0 -2 0 1583838187
-16085479 -15501860 21957741 5080895 -6079682 -7555470 -970847 -140771 124973 -123923 -42043 -20979 -4353 -66637 -11290 -3792 -8729 -2977 -976 -601 -225 -146 1864 -282 -2 -30 -13 -6 1 0 0 1 -2 0 3 0 0 0 0 0 0 0 0 0 0 0 0 0 0 0 0 0 0 0 0 0 0 0 0 0 1583838187
-16077761 -15481275 21889846 5587314 8339837 -7301110 3575263 -132548 124803 -110802 -34906 -19572 -6109 28644 -10594 -3464 3104 -2880 -1167 -642 -203 -133 -1943 -299 -4 -24 0 -5 1 0 0 1 -15 0 0 0 0 0 -7 2 0 0 -6 1 1 0 0 -1 1 0 0 -1 1 0 0 0 0 0 0 0 1583838187
-16063713 -15484266 21920135 5064978 -5898806 -7530757 -1080930 -140918 124816 -124209 -42188 -20249 -4284 -57731 -11293 -3793 -8784 -2836 -979 -556 -230 -148 -99 -309 -2 -21 -15 -6 1 0 0 1 0 0 2 0 0 0 1 0 0 0 0 0 0 0 0 0 0 0 0 0 0 0 0 0 0 0 0 0 1583838187
751269 -1365846 -8034050 -10595070 12408471 9328318 6626171 -119777 -86358 -95099 -27983 -141276 -7502 -27893 -35229 19834 681 -2449 -1125 -987 -169 -1216 4509 -392 -1 -128 -1 -3 1 0 0 2 0 2 5 3 0 0 0 0 0 -1 -1 1 0 -1 0 0 0 0 0 -1 0 0 0 0 0 0 0 0 1583838187
-15715940 -15171341 21264723 4683590 -7837011 -7176122 -1833900 -142205 141045 -126306 -43351 41365 -3853 -64446 -13624 -4647 9791 -528 -1063 -380 -131 -336 -904 -317 -6 41 -11 -4 4 0 0 1 0 0 4 -1 0 0 0 4 7 0 -3 -2 1 0 0 1 -1 0 -1 -1 0 0 0 -1 0 0 0 0 1583838187
-15965972 -15406357 21757664 4903169 -7833710 -7472479 -1827301 -142196 119733 -126298 -43323 -27080 -3982 -64286 -11274 -3575 -2309 -3159 -1010 -720 -198 -161 -97 -318 -4 -4 -13 -6 1 0 0 1 0 0 1 0 0 0 0 -1 0 0 0 0 0 0 -1 0 0 0 0 0 0 0 0 0 0 0 0 0 1583838187
-16085347 -15503742 21964754 5018105 -7812694 -7584820 -1830899 -142251 125057 -126365 -43349 -20938 -3969 -63757 -11436 -3781 952 -3267 -1036 -756 -182 -160 -453 -143 -5 -23 -17 -6 1 0 0 1 -3 0 0 4 0 0 0 0 0 0 0 0 0 0 -1 0 0 -1 0 1 0 0 -1 0 0 0 0 0 1583838187
-15153971 -14608976 20079954 4341435 -7602820 -6568918 -1847614 -142661 121378 -126281 -43332 42088 -3830 -58723 -14369 -4055 -5389 392 -941 -91 -206 -366 1491 -313 -3 204 -16 -14 0 -1 0 2 0 -2 3 -1 0 -1 0 0 -1 0 0 0 0 0 0 0 0 0 0 0 0 0 0 0 0 0 0 0 1583838187
-16058391 -15474161 21900925 5037748 -6820802 -7536437 -1130260 -141102 125389 -124399 -42311 -8254 -4280 -75345 -11785 -3981 -6065 -2692 -986 -718 -208 -157 -109 -323 -3 -13 -14 -5 3 0 0 1 0 0 -1 -2 0 -1 2 -1 2 0 0 0 0 0 0 0 0 0 0 0 0 0 0 0 0 0 0 0 1583838187
-15866610 -15316001 21565108 4855863 -6651612 -7347008 -1444389 -141489 121687 -125166 -42715 -20738 -4122 -56924 -11851 -3455 -7952 -3085 -977 -691 -228 -147 -71 -286 -2 -10 -13 -7 1 0 0 1 -1 0 0 0 0 0 0 0 0 0 -1 0 0 0 0 0 0 0 0 0 0 0 0 0 0 0 0 0 1583838187
40483195 32376986 -79448191 -49239134 -3114736 48748425 -110314 -115529 -333666 -98845 -33448 710005 -2560 -58875 -112561 29097 -6020 -3695 -643 -4902 -180 -3358 -411 -350 -6 564 -22 -38 -16 -4 0 7 -2 -5 4 0 0 -1 2 0 0 -1 0 1 0 1 -1 -1 -1 0 0 0 0 -2 0 0 0 0 2 -1 1583838187
-9930121 -10252738 10839691 -638607 -2172919 -1301607 248134 -136256 95583 -118093 -39420 165133 -4412 -41885 -18610 -4098 -5839 11040 -833 1244 -183 -1116 -371 -359 -2 113 -10 -3 6 0 0 2 1 -3 4 0 0 -1 2 -6 19 -1 0 0 0 1 -1 0 0 0 0 0 0 0 0 0 0 0 0 0 1583838187
-14961663 -14505299 19847321 4184609 -1575095 -6305326 714399 -137430 149074 -118744 -39333 36356 -4929 -49247 -16033 -3045 -6003 -2524 -1019 -664 -215 -217 -544 -386 -2 387 -16 -19 1 -2 0 3 0 -4 4 0 0 -1 2 -1 0 -1 -1 1 0 0 0 0 0 0 0 0 0 0 0 0 0 0 0 0 1583838187
-15886209 -15330392 21594557 4904705 -5905804 -7348551 -1016495 -140783 123748 -123975 -42080 -13406 -4305 -61023 -12148 -3583 -8688 -3004 -979 -638 -228 -148 -125 -312 -2 35 -15 -8 1 0 0 2 0 0 2 0 0 -1 1 0 0 0 0 0 0 0 0 0 0 0 0 0 0 0 0 0 0 0 0 0 1583838187
-15948814 -15344394 21637097 4853765 -7884356 -7424398 -1820267 -142093 163184 -126316 -43325 -18078 -3975 -65818 -11895 -3619 -6509 -3170 -980 -710 -218 -147 -68 -320 -1 0 -13 -7 1 0 0 1 -1 0 3 0 0 0 0 0 0 0 0 1 0 0 1 0 0 0 0 0 0 0 0 0 0 0 0 0 1583838187
-15962702 -15400786 21746359 4903816 -7712861 -7462252 -1870179 -142253 123137 -126425 -43390 -21567 -3918 -59131 -11558 -3503 54893 -4290 -1425 -1362 79 -289 -2972 -703 -16 -11 3 -4 2 0 -1 2 9 0 12 -9 0 0 2 13 3 0 -9 3 9 0 -1 0 0 -5 0 2 0 0 -1 0 0 -2 0 1 1583838187
-16025425 -15446272 21843059 4990225 -7172644 -7506333 -1935080 -142371 127891 -126631 -43479 -13421 -3826 -44174 -11582 -3692 95594 -4694 -1718 -1671 273 -400 -4019 -653 -26 -19 26 -3 1 0 -1 1 2 0 8 10 0 0 2 -7 -2 0 1 1 1 -1 -10 -3 2 -2 1 -4 -3 0 3 0 0 0 0 -1 1583838187
-15424593 -14909488 20711887 4433995 -7806425 -6868488 -1831445 -142187 142474 -126218 -43317 46044 -3843 -63959 -16168 -3864 2178 -2849 -1033 -672 -174 -230 -405 -369 -5 160 -8 -12 0 -1 0 2 -1 -2 3 0 0 -1 0 -1 0 0 -1 1 0 0 -2 0 0 0 0 0 0 0 0 0 0 0 0 0 1583838187
-15899418 -15346856 21630177 4885909 -6458208 -7377684 -2053279 -142416 122609 -126873 -43606 -20735 -3692 -22927 -11400 -3150 201861 -6970 -2489 -2954 785 -631 -8407 227 -56 -6 26 0 2 0 -2 1 -7 0 23 19 -1 0 6 -4 -1 0 5 -4 -7 -1 -10 -5 4 0 0 -2 -2 0 4 -1 0 0 0 -1 1583838187
-16026689 -15450265 21836854 5271965 1055955 -7380553 -2150474 -142068 119912 -126839 -43373 -28206 -3359 143358 -10710 -3214 54639 -3828 -1426 -1215 -20 -273 3390 -241 -16 -35 -4 -4 1 0 0 0 -21 0 -22 -15 -1 -1 8 12 3 0 0 4 0 0 0 2 -2 -1 -1 -1 0 0 0 -1 0 0 0 0 1583838187
-13173400 -917553 -7311496 2057774 -7645977 -12258699 -1870582 -141597 100396 -125487 -43110 92167 -3721 -63100 -20195 -3460 -6572 -3156 -952 -962 -217 -207 99 -315 -4 197 -16 -13 0 0 0 0 -2 1 0 -1 0 -1 1 0 0 -1 0 0 0 0 0 -2 -2 0 0 0 0 0 0 0 0 0 0 0 1583838187
13874278 9614606 -31292576 -23826686 -6706106 21700844 -1902017 -129248 -437138 -113742 -39162 -175281 -3692 -42340 -14998 7520 -7261 -838 -800 -2015 -213 -1873 -107 -106 -13 -24 -16 -8 0 -3 0 4 -4 -3 0 -2 0 0 -1 0 0 0 0 1 0 2 0 1 -1 0 0 0 0 1 0 -1 0 0 0 0 1583838187
-15940033 -15367484 21650281 5441508 7963422 -7172090 -273390 -138596 119518 -121348 -40367 -23329 -4060 201831 -11019 -3038 -384 -2825 -1088 -668 -317 -102 -1253 170 -6 7 -24 -7 1 0 0 1 -10 0 -1 -5 0 0 -2 5 1 0 -2 -2 0 0 0 0 0 -1 2 0 0 0 0 0 0 0 0 0 1583838187
-15857449 -15301679 21522435 5097810 310585 -7216266 2392427 -134934 122874 -114316 -36941 -14078 -5844 -88275 -11749 -3457 -3840 -3066 -1078 -670 -182 -152 -1232 -378 -3 36 -13 -8 1 0 0 2 0 0 0 1 0 0 2 8 2 0 0 -2 -1 0 0 0 0 0 0 1 -1 0 0 0 0 0 0 -1 1583838187
-16081148 -15502002 21960322 5018596 -7746548 -7584972 -1832655 -142252 120958 -126356 -43342 -28045 -3980 -62129 -10983 -3729 -6688 -3014 -979 -628 -220 -149 333 -314 -3 -18 -12 -4 4 -1 0 1 -1 0 2 -1 0 0 0 0 0 0 0 0 0 0 0 0 0 0 0 0 0 0 0 0 0 0 0 0 1583838187
-15534131 -15015300 20922717 4733614 -1890097 -6919898 -2418132 -142650 119616 -127566 -43857 -3729 -3281 93957 -11021 -2963 98489 -2975 -1614 -3280 221 -385 11083 -988 -20 3 40 29 45 -3 0 1 7 0 0 -24 -2 -2 13 -11 18 2 -6 5 -3 -1 -9 1 0 2 1 1 1 0 -1 0 0 0 0 0 1583838187
-15792127 -15253299 21434658 4743333 -7746594 -7285244 -1832364 -142147 125067 -126259 -43314 -10998 -3948 -62412 -12445 -3570 -7228 -2839 -974 -577 -222 -174 -51 -143 -4 72 -18 -9 1 0 0 2 -2 -1 1 0 0 0 0 0 0 0 1 1 0 0 0 1 -1 0 0 0 0 0 1 -1 0 0 0 0 1583838187
-16044185 -15461218 21864004 5232769 -600180 -7414921 -2485219 -142742 126514 -127847 -43928 -14678 -3260 124044 -10712 -3913 -5305 -1306 -995 -32 -304 -209 105 -285 -3 -29 -10 -7 0 0 0 1 -5 0 0 3 0 -1 1 -1 0 0 -1 0 0 0 0 0 0 0 0 0 0 0 0 0 0 0 0 0 1583838187
-5365464 -6152140 2200872 -4860107 -3023976 3566054 -2259569 -139260 237456 -123838 -42710 508681 -2450 55202 -32086 15051 -2697 16521 -1185 14518 -181 9028 -143 -223 0 736 -24 -54 -24 -20 0 -2 0 -10 2 0 0 11 3 -4 8 -5 0 1 -1 0 0 0 -1 0 0 0 0 1 0 0 0 0 0 0 1583838187
-15951334 -15364249 21671636 4957585 -5665543 -7383214 -2022319 -142334 150045 -126793 -43522 8373 -3716 -8835 -12987 -3878 -6964 -2760 -963 -945 -248 -130 -104 -126 -2 -20 -18 -7 1 0 0 1 -5 0 2 0 0 0 -1 0 0 0 0 1 0 0 1 0 0 -1 0 0 0 0 0 0 0 0 0 0 1583838187
-14860427 -14441502 19686406 4405600 5230989 -6220711 2989930 -133530 40437 -112069 -35763 44383 -5802 -12440 -16163 -2709 35860 -2832 -1357 -1271 -17 -312 -2248 1379 -24 32 -45 -9 0 0 0 0 -31 0 -14 -9 0 -1 1 3 0 -1 -5 1 3 0 -4 1 -1 -1 2 1 0 0 2 -1 0 0 0 -1 1583838187
-16111410 -15264713 21010986 14334156 251471968 -3201479 104661292 44465 112639 177658 120202 -18223 -48856 517429 932 2345 105388 -5590 -3800 -2512 321 297 14047 -3212 12 -96 122 9 4 -2 1 4 -10 -4 106 -20 4 6 -33 6 4 0 -14 18 -7 -1 -8 -10 8 -5 0 0 5 -1 0 -5 0 0 0 0 1583838187
-312624 -3581894 -4734212 1041450 46456812 -5752416 16888628 -130465 -11710186 -56805 -10294 -343711 -11634 218538 -20153 15692 31553 -2107 -1592 -705 -113 -1164 -4482 -1173 -487 -94 24 2 6 -1 0 3 -6 0 6 -18 0 0 -1 1 0 0 -5 2 -3 -3 -6 -2 1 0 0 0 0 0 0 0 1 1 0 2 1583838187
-16014681 -15437800 21813845 5186657 -1146126 -7400275 334380 -138318 124846 -120095 -39948 -19380 -4808 -21538 -11393 -3496 8007 -3407 -1123 -870 -162 -163 2037 -476 -4 -30 -3 -5 1 0 0 1 -9 0 -2 -5 0 -1 2 2 0 0 0 1 0 0 -1 0 0 0 0 -1 0 0 -1 0 0 0 0 0 1583838187
-2884280 -4340618 -1837855 -4778654 77091224 6837453 31019995 -78174 -38175 -26741 9238 -146147 -17591 221149 -24146 16095 35644 -3636 -1907 -1517 -65 -812 -6176 -1315 -1 -101 27 0 1 -1 0 3 3 0 13 -10 -2 -1 10 -1 0 -1 -11 6 0 -2 -5 -1 0 1 0 -2 1 0 0 -1 0 0 0 0 1583838187
4582523 1810428 -14738087 -14980523 -5976197 12751364 -952196 -131264 -153275 -115054 -39050 -207565 -4364 -68360 -7229 2735 -8229 -3533 -917 -1021 -212 -1295 1434 -280 -3 -148 -10 0 4 0 0 0 -2 3 3 0 0 0 0 0 0 2 0 0 0 3 0 0 0 0 0 0 0 1 0 0 0 0 0 0 1583838187
-16092651 -15369771 21449485 9877078 127708937 -5274361 50810042 -49419 125527 24215 37849 -5792 -25740 389959 -6071 -511 98803 -5316 -2749 -1967 211 -23 10093 -1867 -4 -66 64 0 0 -1 0 2 -1 -2 16 -16 -5 -3 29 0 0 -1 -12 13 -5 -2 -11 -1 0 2 -1 -4 0 0 -1 0 0 0 0 0 1583838187
-15891539 -15335329 21609011 4835663 -7890682 -7383597 -1819965 -142188 127454 -126278 -43320 -8392 -3956 -65967 -12560 -3663 -2340 -3232 -1009 -756 -197 -162 -333 -379 -3 21 -7 -7 1 0 0 2 0 0 6 0 0 0 1 5 1 0 -1 -2 -2 0 0 0 0 -1 -4 0 3 0 2 3 0 0 0 0 1583838187
-16089050 -15506788 21971268 5020728 -7831628 -7588724 -1827810 -142248 125274 -126358 -43345 -20872 -3972 -64182 -11406 -3802 -949 -3186 -1021 -719 -191 -158 -130 -391 -4 -27 -7 -4 4 -1 0 1 0 0 3 -1 0 0 0 0 0 0 0 1 0 0 0 0 0 0 0 0 0 0 0 0 0 0 0 0 1583838187
-15784515 -15252511 21432160 4724294 -7875282 -7291181 -1822143 -142105 120209 -126213 -43295 -24391 -3980 -65481 -11839 -3336 -4029 -3109 -998 -688 -206 -171 -161 -355 -3 -16 -8 -6 1 0 0 1 0 0 3 -1 0 0 0 0 0 0 0 1 0 0 0 0 0 0 0 0 0 0 0 0 0 0 0 0 1583838187
-15674264 -15153669 21223756 4630958 -7797426 -7164927 -1834492 -142116 125018 -126229 -43311 -4137 -3929 -63283 -12971 -3505 7376 -3030 -1078 -712 -150 -221 -688 -348 -6 60 -8 -8 1 0 0 1 -3 -1 1 4 0 0 0 0 0 0 1 0 -1 0 -1 0 0 0 0 0 0 0 -1 0 0 0 0 0 1583838187
-16066115 -15488071 21931487 4998831 -7874205 -7567079 -1820976 -142237 124035 -126331 -43334 -20065 -3979 -65513 -11374 -3777 -6456 -3001 -973 -832 -218 -137 -39 -322 -3 -17 -10 -4 3 0 0 1 -1 0 2 -1 0 0 0 -1 2 0 0 0 0 0 0 0 0 0 0 0 0 0 0 0 0 0 0 0 1583838187
-13493638 -13276760 17238606 2742421 -7846040 -5102544 -1824153 -141926 -17425 -125390 -43080 111204 -3712 -65963 -9599 -5035 -2378 15060 -785 1803 -154 1176 -341 -337 -9 305 -14 -26 -12 -1 0 3 -4 -5 1 1 0 -1 0 1 -3 -1 3 0 -1 2 0 0 -1 1 0 -2 0 -2 -1 0 0 0 0 0 1583838187
-15772514 -15244953 21415080 4720998 -7600271 -7280614 -1846842 -142110 116656 -126254 -43310 -31619 -3966 -58277 -9808 -4050 -3545 -1461 -997 -49 -202 -270 412 -354 -3 -41 -6 -7 0 0 0 1 -1 0 3 -1 0 0 0 0 0 0 0 1 0 -1 0 0 0 0 0 0 0 0 0 0 0 0 0 0 1583838187
-15946709 -15363243 21624987 5752667 16435782 -7035237 8648646 -123905 122759 -96440 -27292 -19923 -8447 -33355 -10593 -3090 -574 -3316 -1210 -759 -176 -115 5088 -523 0 -31 -4 -6 1 0 0 2 -1 0 14 0 0 0 -2 -1 0 0 -1 2 -1 0 -2 0 0 0 0 0 0 0 0 0 0 0 0 0 1583838187
-15752523 -15225166 21367292 4820046 -4442145 -7204510 159353 -138727 116105 -120597 -40310 -26525 -4887 -84420 -11572 -3229 -7463 -3075 -1000 -661 -207 -165 2868 -294 -2 24 -15 -8 1 0 0 1 -4 0 5 1 0 0 0 2 0 0 0 0 0 0 0 0 0 0 0 0 0 0 0 0 0 0 0 0 1583838187
-15491495 -14991355 20861021 4840086 2812894 -6800959 2557500 -134362 121149 -113621 -36545 2055 -5777 -40965 -12978 -3168 -4901 -2848 -1066 -843 -210 -152 -854 -443 -2 146 -8 -11 1 -1 0 2 4 -2 6 0 0 -1 4 -2 0 0 -1 1 0 0 -1 0 0 0 0 0 0 0 0 0 0 0 0 0 1583838187
-16088812 -15494786 21925461 5445052 3961828 -7387829 2791064 -134118 123748 -113149 -36226 -17654 -5889 -26854 -9923 -3601 -1412 -2236 -1062 -1599 -200 -87 -938 -498 -2 -20 -3 7 16 0 0 1 2 0 8 -1 0 -1 3 -5 12 1 -2 1 0 0 -2 0 0 0 0 0 0 0 0 0 0 0 0 0 1583838187
43516429 32750693 -81995810 -41015806 -7053972 32625343 -1933750 -151330 -15282714 -89833 -32828 -873106 -4233 -47690 78004 -16152 90338 -3560 -1675 4011 301 3497 -4999 -603 -634 -226 85 0 6 -17 -1 2 6 -6 11 -3 0 8 1 25 4 0 -7 -3 12 5 1 2 -3 -1 1 -1 1 2 0 -3 1 -4 -1 2 1583838187
-16066525 -15484926 21924418 5021113 -7335607 -7556469 -1910406 -142350 124486 -126576 -43454 -11283 -3850 -48770 -11666 -3725 81339 -4606 -1606 -1805 204 -338 -3553 -940 -21 -16 23 -1 3 0 0 1 -6 0 7 12 0 0 1 -3 1 0 5 0 0 -1 -8 -3 2 0 0 -3 0 0 6 -2 0 0 0 0 1583838187
-16008061 -15439332 21828278 4940604 -7883008 -7510417 -1820158 -142204 123781 -126303 -43324 -21913 -3982 -65837 -11539 -3668 -6693 -3125 -978 -717 -218 -144 -86 -162 -3 -24 -19 -6 1 0 0 1 -3 0 1 0 0 0 0 0 0 0 0 0 -1 0 0 0 0 0 0 0 0 0 0 0 0 0 0 0 1583838187
-15964649 -15401740 21747682 4923608 -7195129 -7454358 -1937155 -142320 123702 -126597 -43470 -20320 -3835 -44725 -11441 -3460 101285 -5008 -1759 -1811 301 -405 -3985 -215 -29 -12 11 -3 2 0 -1 1 3 0 11 6 -1 -1 5 -6 -1 0 -6 -2 -8 -2 -9 -1 0 0 0 3 0 0 -1 0 0 1 0 0 1583838187
-15771775 -15241457 21408842 4713313 -7863837 -7275713 -1821602 -142103 121128 -126210 -43294 -20383 -3974 -65325 -12085 -3374 -6795 -3042 -977 -660 -219 -166 -47 -309 -3 2 -13 -7 1 0 0 1 -1 0 0 -1 0 0 0 1 0 0 1 0 0 0 1 0 0 0 0 0 0 0 0 0 0 0 0 0 1583838187
-16081023 -15495985 21948210 5037158 -7190274 -7562066 -1884735 -142298 129450 -126497 -43401 -11536 -3897 -47771 -10810 -4342 -3813 -1311 -994 9 -208 -260 710 -303 -3 -39 -12 -7 0 0 0 1 -3 0 1 0 0 0 0 -1 0 0 -1 0 0 0 0 0 0 0 0 0 0 0 0 0 0 0 0 0 1583838187
-15906687 -15350568 21640770 4848621 -7747779 -7401044 -1832323 -142177 126686 -126301 -43328 -13833 -3955 -62413 -8119 -5284 -6733 3386 -964 1815 -203 -544 -102 -116 -3 -81 -16 -9 -4 0 0 1 -3 0 0 -1 0 0 0 1 -1 0 0 1 0 0 0 1 -1 0 0 0 0 0 1 -1 0 0 0 0 1583838187
-16085856 -15508020 21972621 5024088 -7600252 -7588906 -1847213 -142250 120841 -126387 -43355 -29064 -3966 -58207 -10724 -3784 -3558 -2769 -999 -544 -206 -175 985 -351 -3 -28 -11 -6 1 0 0 1 -1 0 3 -1 0 0 0 0 0 0 0 1 0 0 0 0 0 0 0 0 0 0 0 0 0 0 0 0 1583838187
-15394917 -14843978 20567299 4683148 1018973 -6667205 -2698827 -142800 173042 -128271 -44163 78484 -2831 169341 -10707 -6016 145630 5241 -1984 846 442 -1117 6697 -268 -34 -63 118 1 3 0 -1 0 -34 0 -21 -16 -3 -2 16 -3 8 0 -11 9 -4 -1 -10 2 -2 3 0 -5 -1 -1 0 1 0 0 0 0 1583838187
-15927927 -15372524 21686424 4866729 -7747274 -7429538 -1832387 -142173 122746 -126296 -43323 -22575 -3969 -62221 -11584 -3584 -6115 -2977 -983 -627 -217 -162 43 -318 -3 -26 -12 -6 1 0 0 1 -2 0 0 -2 0 0 1 0 0 0 0 0 0 0 0 0 0 0 0 0 0 0 0 0 0 0 0 0 1583838187
-16067357 -15488662 21930521 5047398 -6446023 -7544506 -1951166 -142327 124282 -126626 -43449 -21597 -3843 -28484 -11451 -3690 -7014 -3120 -979 -679 -239 -133 -24 -326 -2 -23 -12 -6 1 0 0 1 -1 0 0 -1 0 -1 1 0 0 0 0 0 0 0 0 0 0 0 0 0 0 0 0 0 0 0 0 0 1583838187
-15641227 -14928867 20758087 5153095 7738016 -6748192 -3250014 -143295 242519 -129668 -44644 20972 -2396 333749 -13001 -3608 1201 -1194 -1046 -137 -379 -198 -611 -640 1 149 0 -12 0 -1 0 2 -3 -2 7 -6 0 0 -5 0 0 0 0 0 0 0 -3 0 0 0 0 0 1 0 -1 0 0 0 0 0 1583838187
-13189913 -13057820 16745673 3004467 14782591 -4349409 -3897091 -142538 83479 -129865 -44804 -37201 -1760 517584 -14813 860 18725 -2471 -1175 -990 -388 -272 -1750 328 -11 -27 20 -3 3 0 0 0 -26 0 4 -10 2 0 -16 -2 1 0 0 -2 -3 0 0 -1 1 0 3 2 1 0 2 0 0 0 0 0 1583838187
-15941858 -15382598 21704963 4945618 -5905933 -7410470 -2000266 -142312 123011 -126688 -43478 -20843 -3789 -15100 -11628 -3544 -6758 -2939 -981 -628 -244 -148 -113 -250 -3 -15 -14 -6 1 0 0 1 -4 0 1 0 0 0 -2 0 0 0 0 0 0 0 1 0 0 0 0 0 0 0 0 0 0 0 0 0 1583838187
-14384723 -14071853 18929126 3443957 -7139841 -5853333 -1536225 -141171 109150 -124896 -42708 37909 -3972 -63699 -17837 -2278 -7810 -2705 -960 -709 -222 -254 -11 -267 -4 531 -21 -23 1 -3 0 3 -2 -6 0 1 0 -1 0 -1 0 -1 0 0 0 0 0 0 0 0 0 0 0 0 0 0 0 0 0 0 1583838187
-16048914 -15278152 21153704 11941761 186579767 -4233676 73028554 -10089 118393 87877 72191 -9877 -34950 600772 -2953 779 60693 -4004 -2974 -1428 -26 262 -9945 -1348 0 -5 50 0 -1 0 0 3 -6 -2 32 -31 2 3 -24 9 1 0 -5 12 -2 0 0 0 0 -8 0 -4 0 0 -1 -2 0 0 0 0 1583838187
-15152331 -14604959 19951448 6578827 57843450 -5518153 22466635 -99191 97930 -56471 -5664 68008 -13712 211808 -13454 -2139 57021 -2193 -1861 -2143 23 -170 -3039 -389 -14 123 -7 -9 -1 -1 0 1 -15 -1 -26 -21 -4 -4 26 8 2 -2 -4 10 -1 0 0 0 0 -4 -1 1 -1 0 -1 0 0 0 0 0 1583838187
-16085088 -15503120 21961284 5055087 -6903286 -7575012 -1438843 -141582 120005 -125243 -42747 -20429 -4139 -62439 -10594 -3967 -6690 -2100 -967 -737 -217 -168 115 -310 -3 -28 -13 -2 6 -1 0 1 -3 0 0 -1 0 -1 1 0 0 0 0 0 0 0 0 0 0 0 0 0 0 0 0 0 0 0 0 0 1583838187
-15906010 -15352005 21639614 4915894 -5813749 -7374047 -1015745 -140740 122550 -123959 -42069 -21182 -4314 -58933 -11634 -3528 -8581 -2963 -981 -613 -229 -150 -106 -314 -2 -11 -13 -7 1 0 0 1 0 0 2 0 0 -1 1 0 0 0 0 0 0 0 0 0 0 0 0 0 0 0 0 0 0 0 0 0 1583838187
-15825506 -15162068 21036413 9051542 111877545 -5280297 44538146 -60338 122813 6396 28210 -6627 -23174 332601 -6646 -905 46488 -3204 -2306 -1028 -36 36 -11875 -1544 -2 -9 42 -1 0 0 0 3 5 -1 54 -15 5 4 -37 -8 -3 0 -16 7 -1 0 -3 -3 2 -1 0 -1 4 -1 0 -3 0 1 0 0 1583838187
-16061359 -15333954 21348514 10344771 141674981 -5014495 56545709 -39334 119676 40615 46660 -15656 -28185 417365 -4848 -47 106434 -5401 -2930 -2047 251 4 4984 -636 -13 -59 29 0 0 0 0 1 -24 -2 30 11 0 0 -6 -18 -4 -1 -32 16 -10 -3 -10 1 -1 0 0 -1 0 0 0 0 0 0 0 0 1583838187
-11116854 -11230680 12925093 280318 -7805744 -2613642 -1825022 -140349 105570 -124476 -42763 118386 -3662 -65625 -15277 -7021 -4166 1593 -919 77 -190 -650 -12 -344 -3 129 -13 -16 -5 -1 0 2 0 -2 3 -2 0 -1 0 0 -1 1 0 1 0 -2 0 0 0 0 0 0 0 0 0 0 0 0 0 0 1583838187
-16009167 -15437225 21824128 4947572 -7883063 -7508982 -1820197 -142227 123996 -126311 -43327 -20410 -3980 -65796 -11475 -3761 -6566 -2865 -980 -575 -217 -163 -93 -241 -3 -22 -14 -6 1 0 0 1 -3 0 1 1 0 0 0 0 0 0 0 0 0 0 0 0 0 0 0 0 0 0 0 0 0 0 0 0 1583838187
-15951722 -15392809 21729553 4886432 -7872813 -7454387 -1821095 -142180 122954 -126282 -43318 -20991 -3979 -65504 -11368 -3756 -7097 -2572 -975 -462 -219 -183 56 -312 -3 -15 -12 -7 1 0 0 1 0 0 2 -1 0 0 0 0 0 0 0 0 0 0 0 0 0 0 0 0 0 0 0 0 0 0 0 0 1583838187
-15854733 -15310852 21554741 4817198 -7237871 -7346707 -1643485 -141818 121570 -125728 -43023 -19429 -4041 -60359 -11743 -3604 -7251 -2928 -978 -615 -223 -162 -92 -194 -3 16 -16 -7 1 0 0 1 -3 0 0 0 0 0 0 1 0 0 0 1 0 0 0 1 -1 0 0 -1 0 0 0 0 0 0 0 0 1583838187
-16011328 -15437339 21825146 4947361 -7873850 -7501936 -1821006 -142224 129853 -126326 -43336 -7416 -3957 -65600 -12282 -3895 -7221 -2980 -974 -618 -221 -155 63 -311 -2 -4 -12 -7 1 0 0 1 0 0 2 -1 0 0 0 0 0 0 0 0 0 0 0 0 0 0 0 0 0 0 0 0 0 0 0 0 1583838187
-16053691 -15474993 21904490 4986159 -7874056 -7548847 -1821093 -142233 127951 -126335 -43337 -13657 -3968 -65561 -11635 -3960 -7530 -2637 -972 -486 -222 -171 21 -305 -2 -25 -12 -7 1 0 0 1 0 0 2 -1 0 0 0 0 0 0 0 0 0 0 0 0 0 0 0 0 0 0 0 0 0 0 0 0 1583838187
-13025081 -12946222 16542504 2043120 -7852183 -4590333 -1820648 -140820 77289 -125013 -42886 -61854 -4003 -65413 -11962 -1324 -5717 -2878 -978 -639 -212 -341 -119 -331 -3 -42 -12 -5 1 0 0 1 -2 0 3 0 0 0 0 1 0 0 0 1 0 0 1 0 0 0 0 0 0 0 0 0 0 0 0 0 1583838187
88074 -11238015 11725614 -10886875 -7742824 14995292 -1795528 -133489 498571 -119941 -41161 -79476 -3896 -63666 427695 -297141 -3838 22413 -913 14814 -77 -1397 -241 -298 15 -487 0 -17 -31 -1 0 6 -2 -10 0 1 0 -1 0 1 -7 -15 4 0 0 3 0 1 0 1 0 0 0 0 2 -2 0 0 0 0 1583838187
-13224103 -13112596 16895188 2237426 -7823082 -4784666 -1824493 -140915 80387 -125108 -42920 -59288 -3996 -64525 -13505 -386 -1446 -2981 -1009 -714 -192 -342 -335 -374 -4 -40 -12 -5 2 0 0 1 -5 0 2 0 0 0 0 0 0 0 2 0 -1 0 0 0 0 1 0 -1 0 0 0 0 0 0 0 0 1583838187
1742468 -447076 -9920316 -12255421 -7626507 10189620 -1832657 -134322 41883 -119172 -41005 122444 -3444 -64065 -32929 3482 1146 -3623 -958 -1225 -169 -1208 -419 -244 -2 -164 -11 -6 -3 0 0 2 -3 0 0 4 0 0 0 0 -1 5 1 0 1 -7 0 0 0 0 0 -1 0 1 0 0 0 0 0 0 1583838187
103831878 84960359 -191034041 -110641362 19390178 110339803 6806476 -70767 -1584882 -49699 -12239 -1664225 -8333 95861 32854 50956 259 -1185 -882 -1301 -182 -7040 -2858 398 -11 -667 -12 22 18 -8 0 8 -17 -21 0 10 2 1 -15 1 -3 8 -2 4 0 10 3 4 0 0 0 1 -1 5 2 0 0 0 -2 0 1583838187
-15811495 -15261923 21429827 5226258 5373903 -7087533 2339569 -134604 120921 -114218 -36765 -17465 -5578 23219 -11676 -3079 -768 -3215 -1114 -766 -223 -124 -1373 168 -6 29 -22 -7 1 0 0 1 -8 0 4 2 1 0 -10 -1 0 0 -8 3 2 0 1 0 0 -2 0 0 0 0 0 0 0 0 0 0 1583838187
-16076226 -15496929 21950284 5006609 -7862346 -7577195 -1827080 -142241 124745 -126351 -43344 -21100 -3974 -64879 -11231 -3854 1343 -2937 -1037 -633 -179 -181 -506 -386 -4 -26 -9 -6 1 0 0 1 0 0 0 0 0 0 0 2 0 0 4 0 1 0 0 2 -1 1 0 0 1 0 2 -3 0 -1 0 0 1583838187
-15428349 -14938089 20769407 4385521 -7853749 -6907805 -1825218 -141987 134747 -126124 -43276 11590 -3910 -65222 -14580 -3269 -1302 -3128 -1013 -750 -191 -201 -366 -211 -4 52 -15 -9 1 0 0 1 -4 0 0 4 0 0 -1 1 0 0 0 -1 -2 0 1 0 0 0 0 1 0 0 0 0 0 0 0 0 1583838187
-8587108 -9193491 8592648 -2196427 -6979762 -161262 -1425567 -138270 41246 -122111 -41711 -15959 -4029 -66286 -11484 -3436 -7107 -2235 -917 -1353 -214 -551 17 -295 -3 -6 -13 3 12 2 0 -2 -2 9 0 -1 0 -1 1 0 3 1 0 0 0 -1 0 2 2 0 0 0 0 0 0 0 0 0 0 0 1583838187
-16087716 -15487295 21891157 5811995 14359729 -7216202 6528853 -127450 120221 -102410 -30419 -28082 -7427 19665 -10049 -3157 -346 -3264 -1199 -772 -209 -83 -2290 -426 -2 -19 -8 -5 1 0 0 1 -10 0 -7 -11 0 0 -3 4 0 0 4 -1 -1 0 0 0 0 0 0 -2 0 0 -1 0 0 0 0 0 1583838187
-15750354 -15209806 21340575 4777546 -5831836 -7199257 -1367749 -141287 130172 -124905 -42570 4990 -4079 -43264 -13072 -3698 -7805 -2507 -970 -675 -233 -172 -148 -315 -2 33 -13 -8 0 0 0 1 -3 0 1 -2 0 0 -1 1 0 0 1 0 0 0 1 0 0 0 0 0 0 0 0 0 0 0 0 0 1583838187
-14741555 -14344970 19515876 3731121 -7857853 -6201192 -1824781 -141737 142273 -125890 -43211 52395 -3831 -65636 -14247 -5119 -2515 -1871 -974 -802 -194 -271 -245 -358 -3 -18 -10 -2 5 0 0 2 2 0 3 -2 0 0 0 1 0 0 0 0 2 0 0 0 0 0 0 0 1 0 0 0 0 0 0 0 1583838187
-15955960 -15396230 21736779 4892018 -7846049 -7457562 -1826263 -142190 123105 -126299 -43326 -20192 -3971 -64620 -11489 -3721 -2283 -2788 -1010 -564 -196 -186 -141 -371 -3 -9 -9 -7 1 0 0 1 1 0 2 0 0 0 0 -1 0 0 1 0 0 0 1 0 0 0 0 0 0 0 0 0 0 0 0 0 1583838187
1621165 -85894 -10579076 -12103937 -6482452 10858565 -1350597 -133974 579318 -119065 -40893 952859 -2234 -67512 -103452 8338 -6662 -10378 -861 -4196 -215 -889 -194 23 12 3 -24 -18 -13 0 0 1 -3 3 0 0 0 -1 0 0 0 -3 1 2 0 0 0 2 -1 -1 0 0 0 0 -1 0 0 0 0 0 1583838187
-15430668 -14944519 20763317 4729691 1651322 -6770505 2139639 -135038 118292 -114776 -37178 -11407 -5634 -47622 -12616 -2920 -5092 -2983 -1066 -673 -209 -168 -983 -336 -3 51 -11 -8 1 0 0 1 -6 0 -3 -1 0 0 0 2 0 0 0 0 0 0 0 0 0 0 0 0 0 0 1 -1 0 0 0 0 1583838187
-15123697 -14640254 20124967 4495145 972993 -6438905 1559400 -136192 119830 -116384 -38029 11658 -5306 -34199 -14592 -2739 -2835 -2821 -1069 -646 -205 -202 -884 -233 -4 219 -17 -14 1 -1 0 2 -4 -2 -4 0 0 -1 1 0 0 0 0 0 0 0 2 -1 1 0 0 0 0 0 0 0 0 0 0 0 1583838187
-11328340 -10657007 11866859 123135 -7838780 -2416451 -1822284 -139511 693797 -125250 -43030 365814 -3253 -68237 -27512 -9015 -7432 -8 -692 -5571 -215 -164 -32 -196 17 676 -23 -4 22 6 0 5 -2 -3 0 0 0 0 0 -4 22 0 0 -1 0 1 0 1 1 0 0 0 0 0 0 0 0 0 2 -1 1583838187
-15988428 -14710616 20379686 4903175 -7869966 -7949439 -1823061 -142192 119702 -126295 -43322 -24809 -3986 -65579 -11241 -3749 -7351 -3146 -975 -677 -222 -138 -43 -250 -3 -27 -13 -6 1 0 0 1 -2 0 0 1 0 0 0 0 0 0 0 0 0 0 0 0 0 0 0 0 0 0 0 0 0 0 0 0 1583838187
-15711797 -15115393 21151317 4662190 -7750358 -7265813 -1835856 -142106 116863 -126219 -43301 -20759 -3958 -62133 -12106 -3302 -238 -3257 -1021 -836 -189 -173 236 -372 -4 60 -9 -8 2 -1 0 2 1 -1 1 -1 0 -1 0 0 0 0 -1 0 1 0 0 0 0 0 0 0 0 0 1 -1 0 0 0 0 1583838187
-7165417 -8804883 7007041 1687435 -7547822 -7061281 -1860186 -154555 -6570131 -117526 -41170 -199386 -4036 -56880 -15013 4489 -5410 -2051 -947 -574 -209 -758 -86 -275 -276 -68 -11 -3 4 -1 0 2 -2 1 -1 -1 0 0 0 0 0 0 0 0 1 -1 1 0 0 0 0 0 0 0 0 0 0 0 0 0 1583838187
-13302000 9238308 -28204486 41301639 -2448132 7218819 -2687759 63724353 -11050 -59253 -29456 -19984 -1883 127597 -7697 -2365 -2446 -4387 145442 5031 123 49 -259 -272 2 -36 1 -76 15 1 0 0 5 0 3 -1 55 0 12 -2 0 0 0 0 0 0 0 0 0 0 0 0 0 0 0 0 0 0 0 0 1583838187
-15691386 -14857699 20662009 4493049 -5528413 -6969661 -1061545 -140035 403996 -124224 -42143 -337 -4240 -50767 -13166 -3394 -8273 -3085 -982 -688 -232 -152 -91 -271 8 13 -12 -8 1 0 0 1 -2 0 0 0 0 -1 1 0 0 0 -1 0 0 0 0 0 0 0 0 0 0 0 0 0 0 0 0 0 1583838187
