-16088325 -15508423 21970308 5089808 -5904068 -7563730 -992136 -140789 119286 -123964 -42061 -28107 -4345 -62032 -9546 -2096 -3948 -3486 -1035 -329 -204 -215 -381 -41 -5 -25 -18 -6 1 0 0 1 -4 0 -1 4 0 0 0 0 0 0 -1 0 2 0 3 -1 0 0 0 0 0 0 0 0 0 0 0 0 1583838658
-16086478 -15508901 21974593 5019459 -7893335 -7596236 -1818559 -142245 118029 -126323 -43330 -26049 -3993 -66028 -8085 -547 -7795 -3539 -995 -136 -223 -264 -21 -305 -3 -25 -12 -6 1 0 0 1 0 0 3 0 0 0 0 1 0 0 0 0 0 0 0 0 0 0 -1 0 0 0 0 1 0 0 0 0 1583838658
-16089227 -15511122 21979605 5017654 -7885940 -7597332 -1820199 -142231 120694 -126326 -43330 -29321 -3997 -65771 -10970 -3701 -7605 -3110 -974 -663 -223 -139 -25 -290 -3 -25 -12 -4 4 -1 0 1 0 0 1 -1 0 0 0 0 0 0 0 0 1 0 0 0 0 0 0 0 1 0 -1 0 0 0 0 0 1583838658
-16080350 -15499732 21948513 5165292 -3897860 -7522183 -2194681 -142583 112900 -127198 -43682 -16971 -3575 38210 -3693 2952 13704 -3137 -1103 -1349 -169 -419 -1009 137 -10 -16 -20 -1 4 4 0 3 -10 0 -7 18 0 0 -4 -4 -1 0 -3 0 0 1 7 -1 0 1 0 0 0 0 0 0 0 0 0 0 1583838658
-16088166 -15509047 21972848 5069115 -6449106 -7572496 -1950810 -142338 119244 -126624 -43447 -28097 -3855 -28621 -10732 -3645 -7653 -2864 -961 -939 -242 -117 -15 -262 -3 -25 -15 -4 2 1 0 2 -2 0 0 0 0 0 -1 -1 0 0 0 0 0 0 0 0 0 0 0 0 0 0 0 0 0 0 0 0 1583838658
-16088278 -15509002 21972365 5077895 -6198127 -7568183 -1973683 -142356 119296 -126677 -43468 -27913 -3831 -22020 -9630 -2075 -7691 -3368 -993 -276 -246 -203 0 -282 -3 -25 -13 -6 1 0 0 1 -2 0 0 1 0 0 0 -1 0 0 0 0 0 0 0 0 0 0 0 0 0 0 0 0 0 0 0 0 1583838658
-16087153 -15486223 21926762 5105639 -6381129 -7558142 -1957260 -142472 120582 -126677 -43463 -29994 -3852 -26923 -10901 -3630 -7741 -3065 -975 -654 -243 -131 -33 -148 -3 -15 -16 16 -2 -1 0 1 -3 0 1 0 0 0 -1 -1 0 0 0 1 -1 0 0 0 0 0 0 0 0 0 0 0 0 0 0 0 1583838658
-16088196 -15510760 21978635 5017924 -7885995 -7597582 -1820091 -142235 119340 -126325 -43330 -28166 -3995 -65780 -9609 -2140 -7048 -3397 -994 -304 -220 -203 -58 -299 -3 -26 -12 -6 1 0 0 1 0 0 1 -1 0 0 0 0 0 0 0 0 1 0 0 0 0 0 0 0 1 0 -1 0 0 0 0 0 1583838658
-357 -307 -203 208 -128 -60 66 98 -150 167 239 -209 201 146 -258 -116 -293 -14 49 303 -514 427 -182 -456 155 58 63 -75 235 576 65 17 233 -42 -402 -251 63 692 -522 829 -484 -3 -356 -129 -466 218 -167 600 164 -510 -40 -114 10 689 -167 -570 18 -182 -682 -134 520 -522 208 190 658 -268 513 -201 356 226 433 141 286 -570 -460 453 152 258 582 211 -464 77 211 509 -2 -236 -205 123 -502 152 257 107 90 72 -73 -172 -102 -147 -235 -137 55 290 -257 -129 -534 575 -94 -114 369 -123 214 -235 143 -31 100 191 159 -788 -37 -234 -252 152 48 -141 -170 134 -135 233 498 295 -28 -75 146 -267 -215 -411 129 221 -140 -117 -779 -49 377 506 -104 -92 -69 -149 179 161 146 405 362 -124 -74 -432 581 132 758 -508 52 2 72 368 -267 176 155 286 65 191 -300 -523 494 311 -46 -291 346 -187 -285 -373 161 59 47 -409 -231 83 416 -383 78 -127 20 -165 336 29 402 203 193 -294 -509 161 73 48 -288 -20 -334 601 -146 -182 -286 98 -347 83 -121 99 -338 -92 -124 -120 30 -123 -112 304 -45 -194 -107 286 125 375 85 -36 -707 -343 -54 -432 253 -293 -673 5 509 157 254 -384 115 159 310 178 -513 -186 -186 6 -394 -60 -92 -445 17 -534 -59 -19 -168 -47 249 -31 -43 -291 -309 153 -231 -236 -302 111 138 -14 384 -738 -205 -146 26 -7 134 179 74 -129 -340 -136 -292 -52 -316 -211 -641 -31 -73 -382 4 398 19 63 -4 24 180 -62 -95 75 47 278 -359 394 368 -512 126 -229 -111 255 691 312 -441 5 -68 -129 523 238 85 -244 -214 611 208 -313 209 -402 282 300 294 428 -478 67 -316 -261 -123 -84 197 117 263 187 -159 345 -22 -102 183 -180 343 368 -287 -180 153 -148 198 271 -335 115 -165 -129 94 -125 45 430 250 119 259 234 155 114 -161 18 8 22 -532 162 -10 -72 433 332 504 28 -285 -65 -110 119 352 -251 104 -42 149 -318 469 -164 188 -72 248 374 147 -64 11 291 -5 -438 292 0 106 170 235 241 465 -80 -300 301 219 -171 -220 201 72 -243 262 -85 -95 -202 19 -7 1583863281
303 300 -36 107 463 -659 -332 320 -575 28 -388 -170 -124 288 -113 -159 -322 -339 -189 -419 -356 324 -490 -560 337 -177 -260 -166 -58 515 215 -264 17 34 128 -67 -182 319 482 -499 393 42 25 644 169 93 126 -62 -215 -711 243 -23 288 290 -145 -185 224 249 -711 126 284 -155 -24 -41 178 -169 -78 -269 -113 358 231 251 285 97 737 597 442 350 36 78 254 -204 241 -74 194 -691 -43 761 215 -278 579 9 182 -50 164 8 254 -257 -94 -353 -636 77 302 -597 133 486 -51 -217 89 537 -473 -157 17 -85 -21 -807 195 -301 165 425 -259 293 -255 -356 -133 107 -12 -211 -303 144 225 108 -483 -252 293 79 215 348 336 8 229 -311 -83 -722 87 157 420 -228 -143 252 239 356 -138 -134 -203 -342 151 59 -401 -527 613 -126 -29 199 -281 -347 -166 364 0 -168 -365 46 385 83 607 -168 -72 368 90 46 -299 182 -32 -123 224 -241 -627 -444 114 441 209 -492 518 391 34 56 525 53 -106 280 -219 436 -544 33 5 -150 -184 424 258 112 -137 -199 -527 130 -148 232 -203 -234 -291 82 511 -234 -165 28 -223 -99 255 161 -100 -438 -619 123 75 -141 -243 709 -154 -193 169 -468 -245 -160 -120 -280 -380 231 -56 93 -215 -229 219 -305 381 296 -39 -75 16 -164 -46 105 396 136 32 -206 242 -231 8 353 51 156 -257 -370 -130 130 -150 -132 6 -19 -347 363 -82 187 -139 -531 -64 -91 -149 -444 216 7 300 -82 -70 -28 328 -123 91 182 -130 20 -128 149 -327 -214 159 276 -210 -356 637 -48 282 -160 -455 -169 -134 -168 288 -38 -162 -110 -132 134 -294 92 220 -382 -403 20 430 66 510 -181 -125 -362 174 272 -201 179 242 26 -184 52 7 -517 42 -342 96 181 195 -48 256 -454 -203 -367 270 -230 164 217 -370 -212 386 -727 38 -87 -23 -442 488 -92 156 -121 -285 127 -106 -245 15 -235 -153 -382 188 89 -200 147 221 -316 229 -315 -34 146 101 184 218 44 394 56 -43 -7 -144 -25 -14 33 -200 276 -115 -163 -55 352 -403 -15 -20 -175 212 -100 43 337 87 277 -171 -224 -173 5 50 20 318 34 -233 167 1583863281
-233 -49 -355 -426 350 -229 -360 -179 48 -621 381 504 -88 288 522 472 -423 -177 -151 342 -106 341 -492 -72 186 44 -28 212 140 -81 -390 330 -154 -693 -159 443 300 329 -121 76 -760 172 46 -30 206 167 527 -157 -6 391 -445 -315 -394 808 278 168 -51 -266 -228 105 -304 97 -601 140 119 -335 399 -417 -68 -502 225 -324 50 559 276 79 -276 -60 360 -141 -45 -350 -688 468 -109 -86 89 -696 -454 51 -51 -149 -300 -160 -67 -220 156 -196 93 10 -155 542 232 213 -393 -10 -172 -121 507 174 -25 345 -39 319 47 -499 -174 -27 25 -170 -80 633 -381 -503 170 -256 -21 136 -410 220 142 -283 -148 -63 -258 -366 -243 214 289 240 27 557 427 -3 211 6 -28 179 257 -465 169 -264 117 -263 80 -294 184 -3 -92 71 -115 54 165 -191 67 -566 73 -278 50 -102 -30 -274 6 -741 452 278 277 190 226 -247 -136 -165 -78 -12 162 299 327 113 475 188 78 126 120 143 -201 191 22 -467 -424 -544 -267 -459 66 44 -731 229 -55 65 -394 -91 70 18 -161 -202 -599 -108 641 345 408 502 -292 358 54 358 -39 -483 -109 188 -614 140 -439 -157 172 -145 -458 -132 5 -190 -177 -245 -214 2 -10 -418 235 234 -119 -262 -83 30 -27 127 -175 2 293 -472 242 -381 417 -2 -125 16 -117 -340 159 212 -618 -277 463 -85 122 104 67 -176 -79 503 50 -581 188 -278 47 -157 -68 -75 -131 198 -77 222 532 407 -411 495 94 192 -244 -187 -365 84 -208 -58 -41 -277 -358 25 72 -120 -268 13 -156 -210 80 99 93 58 20 41 -196 274 437 452 -86 109 165 -173 359 -81 40 168 38 22 249 401 73 29 8 235 -263 -277 79 -238 -629 -124 -118 129 157 451 -240 -6 -223 -479 252 -221 422 739 -214 232 -69 -229 47 -97 134 285 51 -283 -19 -5 -120 -209 -428 333 318 -260 387 18 -250 112 86 17 109 -51 250 284 484 140 254 -91 34 291 214 -189 -166 248 282 394 597 236 98 -328 18 392 -24 36 147 349 -468 -159 133 239 172 -114 107 -296 -131 -221 95 151 -62 79 383 -203 114 -78 95 328 -12 -33 1583863281
-129 587 -599 -283 261 202 125 -290 28 149 440 65 -330 -208 -364 208 76 -215 -372 582 -154 255 -412 -315 401 142 82 396 -108 -412 576 -227 -67 -57 343 113 -70 270 -56 475 95 210 1000 283 -13 283 -534 523 273 427 -44 -203 -28 242 131 309 174 -125 -230 49 -654 -16 -238 65 821 189 -285 -789 -593 151 -128 -301 -78 61 -24 -262 -247 99 232 508 -99 451 -19 -859 599 -164 -540 -606 99 50 -24 55 -429 455 176 506 -297 41 -168 -273 -147 16 100 219 123 102 -130 -655 -185 235 464 174 146 -329 -42 65 -46 -300 134 -113 384 -488 -475 -11 -17 -287 -392 -78 125 -274 -223 -1 186 -46 129 135 -309 -41 50 18 -342 302 287 142 -158 241 -104 177 36 -346 46 -419 -247 216 -120 113 475 -526 -825 204 -85 163 157 -251 -97 367 -213 157 68 -57 14 -321 34 234 547 327 -214 186 106 -312 -383 -158 184 160 -161 -34 235 128 -58 -65 72 -34 -72 466 -253 -320 -374 266 16 -127 -572 281 -146 233 423 -112 -168 -221 -621 360 -105 149 -307 325 503 198 -253 112 -686 15 176 379 5 24 360 391 -422 30 250 -31 -184 212 -180 -163 -144 180 277 -243 -167 -26 -326 150 -44 -40 183 251 -259 -269 259 -273 238 -96 214 -372 -121 151 66 442 -90 -113 -421 189 -89 -513 131 430 167 -103 -200 186 7 -667 256 67 147 -90 176 266 179 30 147 282 -14 79 40 -372 -262 7 -91 162 0 507 -362 -189 280 -264 -45 -346 -176 6 30 762 -321 -41 -204 304 302 -33 233 -91 -459 -322 20 138 -37 -192 -331 161 -106 -115 172 -497 -211 -17 -233 -197 603 -309 7 -284 -377 171 68 -151 119 110 422 185 -71 408 108 -103 -116 91 -475 172 129 -351 238 191 -284 -347 209 120 156 31 220 -224 100 -19 -304 274 -512 197 -402 236 19 -189 45 -323 114 113 -305 250 -48 12 191 229 -252 -195 -415 20 -409 -296 -120 319 -1 -304 166 -202 192 -142 44 313 -50 144 470 105 191 -89 29 38 -132 396 -203 -12 45 -460 -145 -108 -185 30 -177 -15 -8 -332 -78 274 630 -318 -458 -88 -106 -379 151 31 1583863281
-134 -421 -915 -318 563 -63 37 799 -164 497 -55 66 -334 236 538 -5 328 -277 113 -347 -57 -84 292 151 -695 -656 132 -460 -279 -402 47 -104 45 174 -267 -396 303 394 73 503 27 11 107 -46 -357 473 -114 -167 -256 93 423 391 695 -367 319 288 503 -59 -271 406 89 -399 96 -163 63 294 -348 -42 299 188 -12 124 -399 444 -227 -509 232 -11 -33 47 1 132 687 944 533 -280 40 265 -23 -60 -585 127 16 -139 240 -11 161 688 493 126 6 -72 -121 12 219 432 334 -75 -14 -373 -573 -330 273 556 -459 -442 -167 -256 -199 -266 632 204 -512 -397 -559 111 -266 -124 -269 313 -418 -153 -511 -58 -396 -194 210 39 307 249 619 32 188 -417 -801 385 -265 119 -14 -420 -748 173 234 209 83 -183 -131 5 -310 -75 94 -85 -269 -11 492 172 212 266 341 -28 -67 235 59 -6 -148 -273 -384 -310 233 -130 83 116 -46 47 -56 150 -198 -62 112 -25 170 -275 -18 227 -354 151 -337 -262 271 318 -384 -66 -161 -415 -216 374 419 83 25 176 -171 488 236 67 406 -334 -372 122 518 -45 177 -93 190 -267 -191 -122 239 -325 -200 24 812 -387 85 -182 -66 385 301 180 -376 82 230 29 -397 -339 -85 -64 10 102 137 136 -278 -281 -332 -189 83 199 -177 -34 -165 -301 -241 -659 398 407 -835 -148 -167 425 -269 25 -112 297 96 -449 189 -237 -474 107 -13 -135 -681 -77 -315 625 -244 512 -59 511 -383 -303 375 -140 -220 -120 517 -35 -244 155 -101 222 -126 347 -215 137 -154 328 -433 469 -127 134 147 146 -294 102 59 -76 -9 -316 267 250 37 -131 -116 -609 -425 -96 -324 -32 -239 119 -216 103 47 -33 -148 218 151 -302 -46 -55 -67 -276 136 -288 -250 -211 -121 -23 -78 -66 -225 -117 -22 -81 -245 -282 -275 0 -46 175 -118 175 -137 110 -9 -184 265 219 -403 -695 1 -98 136 454 -211 122 -26 376 74 140 174 -250 282 88 -138 -290 -257 -113 272 131 -162 -73 -449 -217 205 -494 -110 -340 -40 -60 -343 85 -68 -246 399 327 -18 -206 144 -226 -32 164 -110 130 -59 110 -453 151 -375 91 354 -202 1 64 -136 18 1583863281
-118 38 -547 -244 256 -310 -39 -439 254 -520 268 101 72 156 -219 186 81 -89 92 -189 267 126 -49 535 523 412 -246 -140 -155 -9 546 -175 337 288 -368 -491 173 99 136 361 26 -31 96 279 108 817 -490 303 26 -270 -382 519 79 35 101 -345 -84 -325 -111 125 527 -198 31 -308 57 589 -250 273 -515 -145 -52 308 665 -150 114 185 595 168 -158 488 43 39 314 -205 -322 770 152 467 542 556 493 -649 -410 -44 37 -471 -132 412 189 256 319 -35 11 149 -166 154 -16 -100 9 364 -108 220 -80 -4 -97 53 -356 -78 166 686 -1 -671 -110 68 76 -322 -521 -517 -306 -524 49 316 -522 57 -98 454 -290 448 -81 512 0 38 251 -310 175 242 403 351 509 435 -344 -53 694 -69 -187 94 -404 63 103 42 -106 117 -355 -97 354 -96 -307 -270 -527 -9 499 -162 235 -716 336 -189 -86 677 66 108 -678 -401 123 -325 488 112 -116 -133 536 -19 280 188 324 83 172 -525 -65 -494 215 258 -160 -76 14 449 -32 68 -114 144 -245 270 187 -13 37 -89 81 -221 12 108 -254 0 806 -317 222 271 172 274 192 -44 -50 -145 -127 182 -63 -276 788 221 -127 71 -272 156 -3 59 -59 69 128 -537 -85 -304 427 -615 -75 453 256 118 -395 255 281 308 -91 53 -59 214 -330 483 44 176 37 396 -97 160 211 163 99 313 -721 -356 -117 -131 41 353 450 379 14 -333 -65 -299 -378 -43 290 -26 320 -54 -192 -35 -244 -49 -7 -293 223 198 185 -402 -342 -129 131 -36 54 -13 31 221 -439 -370 13 14 -157 -342 -248 39 -182 -1 208 -399 -580 349 -1 -272 5 -275 124 -3 -122 -265 443 213 -107 -12 383 137 -120 -445 97 -38 272 260 115 58 -115 -343 -192 502 207 -476 172 77 121 260 -56 -113 94 -159 190 85 144 178 -370 28 268 718 230 199 267 -114 -265 -327 163 397 67 -207 -212 -96 15 -260 217 -337 -18 -12 182 163 -63 51 173 0 -317 60 67 -28 -44 -55 205 -233 211 -206 263 310 541 302 -378 33 -167 -141 329 380 -64 -121 -191 26 87 -73 370 119 168 89 -17 88 66 -479 1583863281
196 45 -42 -88 -428 -340 22 -336 -112 348 289 -126 59 22 -60 234 -638 5 280 733 -367 246 -492 464 -660 500 -600 -496 -263 36 -60 767 572 -608 239 162 -224 -291 210 -260 312 -339 92 399 -109 215 -199 128 758 -262 569 -198 -47 -160 -236 83 514 -203 181 399 -483 71 -105 -783 -124 -157 -16 85 914 -39 302 27 581 58 250 615 -714 43 -584 284 242 111 319 223 87 11 -40 -198 369 -588 16 -135 684 11 901 199 197 -164 127 100 -86 -61 625 264 33 246 -49 -528 -367 131 -185 -221 -540 -162 -151 -16 -250 -164 505 -119 -210 103 105 -203 -210 -147 101 -58 -128 -476 298 173 -46 -141 323 167 25 -454 248 155 -68 94 170 -317 213 420 -125 -80 -72 517 17 274 200 160 -341 -311 285 -418 -342 -415 59 -212 -245 -204 -158 -399 93 -482 131 227 604 -301 91 -112 29 102 431 -273 -69 -555 19 -268 490 138 -119 136 233 -246 3 -355 -161 249 34 -193 378 -401 -528 245 469 -167 -206 202 284 26 157 -131 187 -241 46 229 33 -48 164 366 -168 -59 -212 533 -117 432 -637 74 -768 252 103 294 164 -208 85 108 -72 -425 102 292 131 143 111 92 303 -412 342 346 -279 -618 -421 195 6 87 234 98 -196 -164 -144 166 547 -239 -183 664 -247 -12 225 -538 415 205 226 235 123 12 -33 -10 272 -398 -7 -570 -47 150 275 -76 -189 73 -273 163 654 96 266 18 -319 -175 23 -273 102 -163 11 123 9 193 136 117 175 -55 74 79 74 103 91 15 -235 276 -197 334 -76 -27 -103 364 384 -260 26 53 -104 303 -301 -268 -188 -17 -195 110 -893 62 -295 -125 59 -3 160 -248 26 -56 10 -417 78 -25 -155 -79 57 358 39 215 305 -176 282 -385 301 -15 68 -198 -12 174 -423 -154 -174 97 228 -189 -94 -13 -343 182 -172 -83 312 23 -222 -303 344 -274 -226 -275 148 -153 -25 -151 -35 -27 39 275 91 -162 45 117 -291 -387 399 325 -197 -239 98 -288 464 -95 -247 -454 237 462 62 -38 -5 -35 -41 173 41 539 -174 318 77 118 -630 -459 133 -50 -624 229 -40 42 347 -69 85 -52 1583863281
408 -43 110 231 376 96 -344 -152 80 -399 -430 -295 3 552 -189 442 229 -443 -426 -307 269 261 287 -104 -316 416 844 59 -557 -213 35 616 476 -323 -289 44 -400 -193 211 -173 106 -202 -263 184 -231 -327 -442 -502 -470 -43 -237 164 -109 -170 -139 -307 4 65 28 753 -262 159 -335 -367 -378 352 101 43 45 -258 -917 315 51 422 161 -212 -17 725 -579 -130 -410 -541 -32 459 -344 184 162 -630 -9 -93 -313 -295 110 -40 -765 -246 298 -175 312 287 81 148 93 180 60 65 -390 363 570 -70 144 114 39 -407 -105 -261 87 22 -538 -11 -30 -103 93 39 -43 161 137 119 1 147 70 -103 89 -146 286 -410 359 212 -479 212 738 80 -373 492 -54 -157 95 1042 81 -127 -90 316 -165 -246 677 510 197 236 166 -649 113 -72 -78 284 -180 -539 410 41 -507 -58 241 84 -511 132 -363 522 123 -131 -37 -131 -100 310 -273 -79 205 7 67 38 -72 -73 282 -259 -681 211 302 299 162 77 343 -262 179 -6 -342 407 31 -52 -44 -31 -136 -79 -276 228 55 109 432 82 460 -73 -89 51 88 111 -142 -250 -61 -82 -256 171 433 154 -505 98 25 505 738 -257 159 -262 83 -400 280 -65 98 77 496 -202 352 -20 289 461 671 93 -208 368 148 -28 -51 52 -147 -1 132 -303 -145 -141 -142 304 -139 -143 -84 202 294 -230 -79 -97 -206 230 -209 197 277 0 68 -89 -327 -238 130 42 228 69 -192 -183 72 26 -213 143 74 -123 -170 -274 236 37 250 -139 -431 393 96 238 -11 -701 66 -140 -300 -15 198 387 -48 -300 1 199 65 19 333 -329 490 199 -97 136 223 18 -150 442 -206 274 91 3 175 -123 352 -290 86 96 276 45 406 -195 -471 -141 378 198 -568 358 -165 -361 118 -417 -575 -109 -154 -329 351 81 -160 246 47 -208 135 -23 -19 -315 -126 -202 449 -250 -297 143 -427 -95 110 277 174 -17 -206 208 -226 -487 474 -238 153 198 -130 -103 115 325 116 315 205 -312 129 -195 422 354 85 -300 86 -469 139 -85 217 236 475 102 -214 -226 -217 -147 -331 -48 -124 -235 202 -187 14 180 -350 -77 -77 -149 1583863281
