-15852621 -15301020 21522807 5047622 -822583 -7238362 1139002 -136971 119656 -117796 -38763 -25222 -5242 -52675 -11395 -3242 -8222 -3162 -1027 -694 -225 -129 -604 -177 -3 -9 -15 -6 1 0 0 1 -2 0 -2 4 0 -1 2 -3 0 0 -3 0 0 0 0 0 0 0 0 0 0 0 0 0 0 0 0 0 1583838658
-16015266 -15447289 21844633 4952594 -7892244 -7516489 -1819251 -142226 121834 -126308 -43327 -18192 -3976 -65993 -11721 -3725 -5576 -3159 -985 -754 -213 -143 -147 -336 -3 63 -14 -9 2 -1 0 2 1 -1 4 0 0 0 1 3 0 0 0 -1 -1 0 0 0 0 -1 -2 0 2 0 1 2 0 0 0 0 1583838658
-15756203 -15215942 21333183 5156320 4663185 -7040980 2638578 -134192 119435 -113416 -36372 -8376 -5738 -3515 -10067 -3375 24841 -2527 -1205 -2813 -82 -107 605 69 -11 62 -14 0 9 0 0 0 -8 0 -28 -11 -2 -2 13 -2 9 0 -7 0 1 0 -1 -1 0 1 0 0 1 0 -1 0 0 0 0 0 1583838658
-16089432 -15506936 21969419 5057799 -6918315 -7579808 -1435628 -139511 120594 -125228 -42738 -30189 -4159 -62894 -10876 -3671 -8043 -3149 2143 -538 -218 -133 -13 -247 -3 -26 -13 -5 1 0 0 1 -1 0 0 1 -1 0 0 -1 0 0 0 0 0 0 0 0 0 0 0 0 0 0 0 0 0 0 0 0 1583838658
-15885021 -13889874 18736756 4849494 -6754517 -8274055 -1325040 -141381 117380 -124879 -42579 23426 -4117 -65393 -14151 -4229 -7834 -3485 -978 -811 -223 -118 -83 -216 -3 -33 -15 -6 1 0 0 1 -2 0 0 0 0 0 1 0 0 0 -1 0 0 0 0 0 0 0 0 0 0 0 0 0 0 0 0 0 1583838658
-6353249 -7285448 4560879 -4410644 -7673435 2118172 -1838341 -137927 79196 -122453 -42076 56744 -3672 -62641 -33491 7154 10602 -4562 -1064 -1602 -133 -728 -919 -384 -5 -92 -6 0 2 4 0 -4 -9 9 1 6 0 0 0 0 0 -1 4 0 0 -1 -2 0 0 0 0 -2 0 0 1 -1 0 0 0 0 1583838658
12024386 8542543 -28926533 -22213688 -7000566 20046002 -1331093 -128805 -109510 -113367 -38783 29660 -3686 -75841 -65470 30200 -5765 -5022 -886 -2293 -199 -1789 -275 -283 -1 -221 -12 -3 -1 -1 0 2 0 -2 -1 0 0 0 0 3 0 0 0 -1 0 -4 1 0 0 0 0 0 0 2 0 0 0 0 1 0 1583838658
-15889816 -13916612 18777625 5100072 85813 -8143531 1514249 -136409 117199 -116782 -38228 23632 -5310 -52190 -13797 -4037 16943 -3974 -1216 -1096 -98 -155 -1698 1452 -17 -31 -60 -6 1 0 0 0 -16 0 -5 0 0 -1 5 8 2 0 4 4 6 2 8 0 0 -5 3 4 0 0 2 0 0 0 0 0 1583838658
-16090021 -15508041 21967187 5145544 -4313517 -7537299 -951694 -140580 120518 -123785 -41928 -29960 -4295 -30169 -10793 -3584 -3939 -3162 -449 -680 -219 -133 -453 -328 -3 -25 -11 -5 1 0 0 1 -5 0 -2 -2 0 0 -4 3 0 0 0 0 2 0 3 -2 1 -1 0 0 0 0 0 0 0 0 0 0 1583838658
468 -429 300 -496 428 -204 248 -187 -4 525 -375 573 -361 146 -343 -2 462 334 35 157 163 -440 -79 -88 -207 -465 -437 -325 -601 0 -468 -258 -454 -407 -116 114 43 -125 238 -354 566 -399 -23 -525 174 -33 60 -48 190 -488 -409 -83 184 180 -330 74 -73 4 -132 -152 289 -86 16 -188 347 84 -382 -390 -233 116 158 96 -192 130 -713 -413 -110 -451 -351 -281 -173 7 652 81 -251 -104 -102 91 -314 -390 312 50 -30 294 -298 708 128 46 0 636 451 219 568 212 79 -33 240 -138 301 144 -24 -142 195 -502 -19 112 -12 37 503 -26 -447 294 -202 -90 -82 -17 -776 -52 19 157 -250 -340 -105 -490 -162 -520 -181 -134 -612 -5 -216 68 152 37 -142 -253 -230 -565 -314 754 155 -339 408 81 325 -9 455 -128 -141 -158 32 49 -388 -163 347 -395 498 -701 -143 789 -379 -45 80 297 -296 -98 -34 -255 -11 270 -255 -683 432 -264 109 435 179 -329 40 -167 34 -149 -269 -110 -498 123 -93 559 -93 272 107 154 -211 -348 262 -689 77 160 335 175 -199 100 -234 441 -583 -184 261 266 4 -79 -10 120 557 7 -504 86 -87 -24 -400 -362 176 -52 -25 -27 -174 -379 -137 -3 221 -96 177 -51 -179 20 394 0 -76 143 555 116 -319 265 -634 477 344 37 -235 303 -72 -215 121 -258 12 703 -84 58 -185 -167 249 86 252 570 373 90 -100 -137 -506 -14 -226 49 109 -68 -7 537 -467 -153 108 -205 -46 -94 -35 163 187 86 369 -587 -286 -75 -193 -224 491 -29 303 113 288 197 -11 122 281 -133 152 397 -116 -355 275 301 541 -309 249 122 43 -195 185 155 90 273 105 213 348 -88 21 -149 78 -232 -354 -120 -515 -61 47 -20 -103 -625 192 -314 -311 184 237 43 -393 -90 59 -205 -25 80 -120 -124 -614 -114 -417 -12 23 -87 156 -60 -253 500 -100 -23 345 -69 0 -114 -107 -251 674 -25 -1 48 109 -19 107 -77 211 -29 360 -362 -156 75 190 -157 -245 14 582 -707 -436 145 -23 551 215 226 100 -202 475 -21 -59 222 113 388 -124 469 -157 -38 -13 -48 239 25 -174 -146 54 -250 -22 -210 -146 -286 256 -266 1583863281
-131 -613 66 200 123 -105 -50 129 441 120 -213 -135 -6 -128 -524 326 -73 -156 -14 106 -290 -168 -662 83 -785 -207 -444 -633 359 6 -196 256 -205 -838 256 112 104 -920 170 -314 512 2 289 -22 427 91 -437 166 276 65 -85 554 58 -31 -185 184 206 -276 209 -34 -153 237 195 306 427 -157 29 487 247 -344 -512 371 -286 166 473 390 -9 20 -83 20 -618 -59 -302 -117 114 334 -211 -248 65 -328 191 461 -224 -100 -415 -95 526 20 -222 378 -496 -337 -106 -547 -712 66 549 -2 -110 106 720 -507 -719 462 -303 97 65 26 274 -341 240 488 99 -136 35 94 -20 -287 -102 504 536 50 262 369 664 578 173 212 -196 -315 -56 -345 -66 108 92 -866 36 -616 -153 -49 187 -352 24 250 -326 -231 -274 34 -404 -218 408 -683 -116 9 -128 147 53 -106 91 -445 346 95 -275 260 315 388 -125 300 -338 473 84 200 371 130 -106 39 -518 72 -294 -319 46 -176 -150 145 0 -212 -477 329 25 23 11 121 -335 154 286 -146 -45 29 -277 -123 368 121 -86 231 -195 259 -288 -92 428 371 -113 -468 334 290 222 58 200 -217 39 -255 -46 -92 256 147 -120 -210 199 -323 87 118 99 -289 -111 285 268 170 521 -342 -106 23 257 217 -499 604 503 -241 37 172 -96 38 347 68 154 -314 -215 200 229 65 147 -46 -360 180 188 394 -412 -165 256 -326 -274 227 339 173 110 -880 -275 -36 421 -488 -245 -210 121 -376 -194 124 -100 61 -123 -80 43 27 205 -211 392 -206 -446 -152 -238 -470 144 11 -169 236 -66 -188 -75 270 185 96 569 36 -449 -437 157 404 357 -129 -172 452 -137 312 200 556 178 -63 -449 510 -103 -171 87 -264 -86 2 -188 -704 133 79 -153 268 290 66 292 138 380 -187 236 113 480 -164 416 -97 34 87 -280 279 -469 -196 324 -264 11 19 -55 183 291 169 -233 53 -76 -403 -148 -15 -107 44 129 -4 50 -37 275 -109 79 -121 -457 -410 3 -48 193 250 45 34 54 57 37 196 118 -85 -139 120 -85 -209 0 -260 -44 117 -347 76 67 -307 313 7 -49 40 496 -174 419 162 -111 -66 1583863281
37 -192 324 352 -10 57 -111 270 954 -565 -338 398 33 867 -193 314 38 -575 358 -12 -483 -106 221 29 142 -147 -747 -16 -499 -270 72 442 452 -509 -196 -232 396 802 372 -234 322 26 117 29 367 -170 -61 240 -68 -564 314 -107 -164 12 196 611 226 284 -160 -812 66 533 -13 377 -377 -421 -469 -284 -324 -522 -330 -72 3 270 371 168 -215 -304 -14 693 279 94 -304 17 380 172 389 -247 171 -179 -382 35 276 225 41 -219 350 -510 -254 -213 365 226 331 -22 405 -7 1110 -427 667 -90 -470 -140 45 268 418 65 270 -159 134 187 297 -176 -347 206 -2 7 661 88 -579 -401 114 -175 117 224 -53 -47 41 85 70 -468 388 -472 -104 587 -652 -162 -317 275 684 -528 -175 -9 -155 -280 -38 -180 422 406 166 205 266 -112 -195 -41 -151 -181 -202 -346 -26 311 72 0 -210 90 149 -378 88 68 143 26 766 184 -369 304 408 211 7 -517 144 230 -65 -343 -275 -152 -512 335 -489 -312 -162 234 -58 -208 423 361 -88 188 -108 50 40 -275 164 166 329 -404 -558 510 -241 41 179 210 -231 -143 -116 75 11 76 70 118 -157 276 401 106 -257 370 -303 565 -25 -381 -95 249 289 183 -344 167 -136 -110 -241 -326 -232 407 395 -48 185 362 97 -220 210 187 -240 119 68 -96 -189 -3 -199 84 -13 113 -102 -158 134 39 -293 530 -431 279 -218 64 -191 265 82 -66 10 -222 -112 316 273 180 -584 163 -27 -164 -143 359 253 -248 -33 113 601 259 90 143 143 -192 344 131 -71 187 172 -159 -356 75 -444 327 68 161 -40 133 -50 -26 -13 -304 -601 -96 185 -280 232 -48 113 -81 -92 -52 91 -459 91 -366 246 -307 400 -35 -32 48 -183 208 213 301 18 -259 31 -92 20 -239 -617 -49 -258 410 27 -184 -486 -56 -142 -10 -137 -4 -316 9 172 56 -360 -96 -131 17 -343 105 -168 -315 260 156 453 -5 40 128 -347 37 224 -219 207 135 -67 389 126 184 -4 -81 -46 -65 -241 -60 8 521 150 -338 -56 -32 250 331 57 -168 -145 172 -111 288 -17 -77 172 154 -55 -43 -121 -166 -37 -48 71 -415 223 -33 1583863281
463 220 315 47 -98 265 -549 -392 883 132 153 -57 429 -306 -290 -296 98 -126 -70 584 -141 -15 216 344 -18 590 312 -505 473 -1076 -9 -802 80 -138 -224 456 354 362 -5 -20 -349 -484 -152 -164 -46 228 -242 459 -194 -529 -102 -413 -342 140 -127 582 547 104 -277 -16 113 -215 774 261 787 114 -320 283 -428 14 -17 -751 -49 -5 -79 376 -59 -632 -54 231 -525 -73 23 -330 55 549 -445 163 -45 -280 -294 -42 423 -31 256 -109 -289 -351 165 -293 -163 -62 -28 -480 -440 -229 -277 539 -173 -479 78 -43 -408 -62 -2 31 176 -69 -237 66 -284 -581 -119 -752 36 -201 -90 283 -285 -167 -141 540 702 -256 548 11 43 6 -272 271 -251 -261 -221 285 -60 243 14 343 0 99 -63 -75 -69 164 65 392 5 147 -183 274 -168 197 192 248 264 73 383 -156 -65 373 -29 -147 -10 -30 184 -189 -372 -37 -122 -212 -105 -468 -328 24 450 250 -338 -84 84 37 281 -220 -138 -237 -172 124 -206 -55 344 243 -642 -406 347 -205 -423 -202 -13 334 22 -34 33 -90 6 -344 -180 240 536 -369 169 293 19 295 50 249 211 126 287 -46 56 46 51 92 -124 31 -200 145 -620 227 -282 -23 21 107 -51 125 86 -299 -47 74 126 -64 235 -198 -436 -274 297 -8 -118 -168 -233 -51 90 -415 -118 222 -196 -162 180 465 -327 -734 312 99 48 -112 -92 73 154 216 402 -128 -454 -171 303 -153 304 125 -82 83 102 -254 554 66 -76 -210 -431 88 -15 310 298 97 -193 66 374 -224 185 53 197 187 17 487 220 -7 325 -304 315 28 -194 93 -405 56 -113 -86 -300 -173 -67 -286 -294 -36 -92 185 197 518 8 -57 -605 267 184 168 -64 523 172 11 -60 -241 -253 -10 -41 0 -44 -197 395 245 -15 -226 15 -140 162 77 -312 -238 227 -382 175 67 406 -167 -271 -203 379 -232 222 453 429 -213 -565 -261 180 233 -283 109 85 -23 -31 -97 -139 -208 -67 -96 -201 -392 114 -4 84 -284 -321 149 -67 529 -37 -363 570 51 -187 -356 -156 183 -42 -8 110 175 118 -109 -66 81 -411 -183 -71 -405 -184 -15 57 -18 -340 31 213 13 1583863281
-149 551 116 374 -40 122 190 647 116 95 193 -22 -337 677 323 -448 276 -108 -157 -77 203 128 -707 370 -3 655 74 -289 -66 -225 -26 54 378 543 -172 -369 -191 -342 -295 -130 -23 254 215 -332 180 -616 -251 -165 -8 -14 -153 423 -22 -751 -13 420 372 164 546 -180 -112 217 276 153 143 -63 -30 717 -47 109 226 -994 94 -409 22 -392 136 153 -211 -505 -601 -154 430 703 184 -150 81 -725 -804 -328 135 172 403 116 -153 480 -472 527 252 -694 -88 -235 232 -753 -171 -68 -221 328 247 776 -259 346 -158 102 88 -461 -263 197 -463 126 448 459 -83 68 328 231 308 345 202 282 -147 -146 -164 211 91 -427 286 -314 -256 26 -106 -287 215 -5 -12 127 75 -84 -38 -325 -408 106 -231 -144 -28 172 -258 630 418 -671 -28 -430 261 285 308 -3 211 -206 54 -44 -20 -61 -133 360 -203 53 -321 403 -75 318 -217 -339 -38 129 -421 600 -536 387 448 -150 -32 -259 -272 -454 -620 150 -37 -306 595 -308 142 204 75 809 42 141 -6 -192 -172 -158 -111 -295 363 -228 -681 55 -318 147 114 350 91 -51 -91 174 -274 328 -67 -223 373 145 -149 226 -377 -46 321 -254 -440 24 -265 -223 -48 508 -349 119 -327 -250 124 -769 -417 -5 -106 -150 114 182 193 28 -116 -339 -16 -376 -122 -448 132 -108 374 -294 -37 -145 -448 -155 437 33 44 -439 -260 -617 362 -91 -64 -73 473 -630 491 -253 291 -204 -101 6 9 337 188 311 436 -344 -402 294 -63 15 16 342 -246 -458 -260 38 -327 586 323 -145 126 -355 -157 -146 -183 -17 -142 -157 -67 -506 184 -238 -101 86 135 -128 470 -248 -41 -402 0 45 344 -41 -170 37 -106 -90 -144 -55 -351 -162 78 74 -201 185 287 -39 209 -187 33 116 1 -61 97 -56 156 344 60 206 196 -84 -60 176 -26 413 -57 77 -165 395 -22 -127 47 -293 -144 105 56 -122 179 139 402 251 -207 -195 162 -640 -303 -92 -313 -67 -125 180 566 78 89 31 -26 22 -36 -643 93 494 -18 -131 -119 -63 156 -168 228 -12 105 -480 124 457 -8 -497 20 -53 242 -71 612 -74 -189 204 421 584 40 315 1583863281
350 207 -315 840 -240 -118 -157 91 213 -53 232 -232 207 22 336 39 -212 -46 -344 -478 507 -6 -248 -141 -857 -212 118 -747 133 -115 61 631 -77 142 343 -261 -248 -37 -216 53 -158 87 -285 -921 50 -431 -171 196 72 480 222 476 -319 92 167 57 85 -161 725 -46 408 -73 -93 275 57 -5 206 -238 85 -51 34 -148 -55 825 -86 161 300 -53 40 -502 122 105 325 -7 -452 54 -163 236 -458 360 196 -141 -262 581 -19 177 -86 274 -314 119 -405 -660 -490 126 244 -9 82 -375 116 37 705 750 -337 103 -582 -113 -89 -258 -127 -591 211 -220 -862 5 182 291 4 27 125 -299 -247 42 2 304 -47 -788 -139 262 18 202 -88 23 -33 -111 -78 361 -450 293 -210 -1 38 47 -395 95 -611 -286 -98 39 -61 -73 36 126 393 -166 -219 -57 328 -78 543 -159 -92 -148 361 -409 -174 489 -29 195 -208 -282 466 -294 -333 -26 -146 118 -220 -535 80 -144 -381 214 -117 -302 396 -234 495 16 -27 324 -136 323 384 -197 462 -37 -45 -260 -14 82 567 168 125 -142 165 435 514 131 -447 -87 -272 306 128 -505 247 598 -431 339 13 153 618 79 -460 -87 -411 377 34 111 537 -322 -639 -160 137 -54 313 -34 -47 -207 -423 -149 108 -221 201 -70 -353 -217 319 -173 -310 -571 -54 -12 -137 33 -112 227 267 -200 -197 -154 -15 -156 -569 -238 11 289 -147 57 -244 -111 -245 -508 -397 -265 -182 76 420 -216 -537 -6 -413 -160 -350 -53 -72 111 -100 -118 -331 -178 4 -229 122 504 67 208 -226 -129 -215 -254 3 540 314 61 16 -388 404 124 -22 268 -18 20 -77 293 222 35 186 499 -130 540 -173 -98 210 -305 -137 246 -224 -29 -164 -562 -506 -126 -256 118 109 246 16 -64 -544 294 309 -120 411 298 11 -440 28 229 -184 -146 -49 48 178 -325 48 -18 -284 119 210 -116 309 -217 389 43 282 -51 662 -111 241 42 197 103 -114 164 243 119 -136 117 -32 61 22 159 102 293 63 187 -13 -333 52 50 -301 31 601 53 385 -188 -191 -53 66 -34 325 285 251 -280 232 238 92 134 -230 -155 -212 36 -232 68 42 109 1583863281
135 -118 122 433 82 341 145 -225 55 283 -226 -46 -291 -8 115 372 -81 114 -168 1044 82 -197 -414 -652 -293 -557 84 75 -310 -302 286 -182 146 197 350 -305 -38 60 355 220 100 101 -208 150 230 499 245 161 296 254 8 174 -91 176 444 534 -279 -485 -393 306 -415 -268 102 181 387 -23 745 -226 151 17 332 -36 327 428 -35 -83 250 -487 -50 50 -376 -57 -228 767 304 272 8 -116 234 -286 85 178 204 -56 -67 446 238 283 -155 -501 61 1284 -330 -206 -597 -29 -134 185 -207 -72 185 -166 -95 295 221 374 -18 -78 75 4 -544 -69 -146 -654 -190 -350 -401 450 -357 -219 152 -614 -138 -192 193 -373 -496 62 80 6 103 150 51 218 60 339 -122 14 -14 145 56 -260 465 37 -55 -364 -272 251 -251 55 -48 -201 -193 34 -411 554 -620 -140 141 53 -474 -127 -238 -277 -223 -390 -182 362 135 110 -224 179 -28 49 211 -91 -49 78 359 -644 -430 -78 105 479 -352 317 374 -209 298 -143 404 149 -397 -161 61 371 0 663 46 -20 -113 -133 384 -52 -359 -756 55 189 -194 -139 73 -5 526 460 -168 502 -290 142 -655 506 -302 232 -90 43 -228 -68 -1 243 903 -216 161 51 175 -278 101 219 -305 134 -104 -164 -545 162 98 -17 493 99 117 276 -346 318 -63 -195 -141 346 1 68 -606 -260 -89 -394 117 67 91 419 26 -41 288 -407 -118 12 190 -12 266 -837 97 301 -78 -54 -61 174 523 -60 -409 400 382 91 -594 -81 -152 -306 99 220 79 -290 -222 -89 -174 -85 -61 -579 -172 133 201 254 -14 -109 -491 415 -167 -233 56 -320 575 80 -63 285 393 761 -127 -399 -142 -536 -53 -109 14 158 -77 383 436 -211 48 -156 -41 705 173 -511 -122 -204 108 113 122 -229 110 31 -52 -89 209 -109 -164 243 5 -293 120 259 -92 -201 433 -408 -63 -122 159 155 14 -116 79 -53 455 333 -104 -41 155 61 -405 -69 -532 36 -187 -117 -134 206 -158 263 -161 39 -56 -42 -438 -705 12 -302 -83 155 -146 -31 119 124 88 194 5 30 158 22 268 143 -30 226 22 -71 225 -146 40 -336 429 -149 -206 118 1583863281
394 556 -385 162 6 -66 262 -325 -399 -189 -324 293 -380 102 270 -555 -489 -422 -745 181 675 468 514 73 288 -29 -134 71 -451 259 -275 -681 71 620 183 372 79 -161 -327 31 239 -126 546 -280 46 -3 101 -463 358 -375 -298 470 -475 -149 390 -309 114 -284 305 -201 -472 303 99 489 -263 315 -48 -236 -38 -658 192 7 410 -103 356 -191 108 309 41 658 -39 -206 -416 -368 611 147 -129 -669 -444 -106 130 -5 203 77 -192 -355 -215 100 70 157 74 21 218 -71 372 -30 -102 170 -614 220 -376 -239 425 327 127 -264 -90 199 95 -174 -137 -2 92 401 -366 58 -88 93 35 36 467 -376 -361 -170 -388 -398 48 350 81 -191 -430 6 22 2 26 -248 551 488 -70 614 130 197 123 15 -24 -161 11 6 485 104 280 -19 -911 157 -564 368 173 50 -131 124 20 -122 285 -332 413 109 93 143 -192 350 -212 206 51 338 -149 -547 723 512 -151 192 5 -126 -59 89 -842 -50 -24 498 -240 171 217 -79 308 -48 543 257 30 450 340 -24 -509 334 -582 47 142 -156 -239 -48 216 -341 -520 -101 -101 209 -643 148 36 -463 24 -533 110 61 54 -45 -505 -265 162 345 282 -154 369 -238 -67 -525 -4 179 266 -202 -100 397 -267 26 -290 160 -589 191 -285 315 -278 139 208 -124 232 138 -596 -45 -309 170 -343 -39 -115 -507 -226 128 149 -27 -270 -716 220 -431 -26 9 -39 454 19 -19 -103 -135 -330 -172 71 -266 164 -138 99 580 97 -149 -338 -346 -603 -50 -24 -81 -188 21 -78 -242 -172 -129 338 -184 -214 -107 -354 -430 -81 287 -421 154 -143 386 466 15 52 210 -55 407 414 -130 68 117 212 -70 132 -551 263 96 398 153 -127 -93 -347 -6 -496 464 228 47 2 -23 95 9 -139 -40 -47 184 -446 -37 587 -282 267 552 -68 -83 287 195 138 227 458 127 -150 371 149 18 -3 -162 -119 142 32 -383 173 -287 -129 628 -80 -24 -67 14 173 -95 96 -172 245 -88 252 204 6 -223 291 -199 242 -125 47 -271 -44 -60 66 231 57 -292 115 -70 -169 237 -243 -93 145 -7 -576 -419 217 13 -72 33 -73 3 1583863281
598 151 -373 -590 38 54 -281 -597 -354 -11 319 724 342 246 -524 82 -12 -233 231 -455 10 -301 -45 432 -165 -333 235 261 437 -409 47 -210 -56 -333 -115 -46 291 -66 766 -39 565 225 182 -503 -653 -335 608 247 -150 -330 631 48 87 -48 -33 149 -259 609 260 -350 62 -198 -593 747 -426 -42 -308 -214 444 135 -578 -52 801 121 185 58 -33 301 -338 -448 116 -128 -10 48 -64 -108 327 689 -185 -381 144 193 81 135 -37 -569 115 98 -19 -611 -602 383 208 -359 53 219 173 -284 -349 -126 47 620 -346 -379 524 863 361 -341 -310 367 213 -98 -62 360 -261 42 12 -280 207 87 -415 -587 -224 -224 425 -24 101 -531 -465 32 -182 -360 97 -346 -381 -721 92 -72 -343 -8 497 188 -361 -291 131 105 -27 57 13 9 -171 -316 92 569 -269 -323 20 -11 -311 -148 44 -416 -57 -40 172 91 359 -302 -48 -214 -7 -719 288 53 47 -364 -34 186 649 -170 404 25 -149 -298 521 119 -216 -165 408 -416 42 -418 75 160 -51 -6 -69 -156 -91 229 -115 -297 -159 161 -22 501 91 -219 -357 -117 72 258 -114 421 214 97 80 -75 -327 -475 164 78 364 -48 -69 -241 54 71 205 -38 239 -164 475 -135 339 118 126 -43 -230 -6 373 -81 -175 22 -380 310 -65 -315 -500 105 32 72 -105 -10 -9 960 -162 238 -550 478 151 128 270 267 4 -119 -275 -399 125 -120 -661 -414 -44 -3 -19 308 -299 -84 438 -159 -159 -162 -272 -355 149 -300 157 -368 103 -291 -545 -266 42 -135 -132 -124 -383 282 25 -13 294 499 -207 -168 -71 -126 -136 -223 77 -146 172 135 281 124 178 -14 -70 279 -110 380 381 36 -28 -143 -127 156 -284 -89 -27 -434 128 -150 -107 97 262 -115 294 211 81 -134 126 41 -186 141 342 266 8 252 -28 270 -24 -333 11 -120 155 -51 68 -282 -11 297 397 303 -68 -173 208 -137 15 -244 -430 -18 -28 368 -131 469 -112 -114 40 -85 17 -367 280 316 28 -117 525 -104 267 -256 458 83 591 -108 263 -240 112 78 -106 0 270 93 -317 -386 174 31 62 123 -274 -97 -3 -22 318 58 -97 -155 -123 -323 1583863281
