-16089862 -15498697 21940146 5303754 -172072 -7465126 2235015 -135322 120400 -106848 -37198 -30185 -5819 -91164 -10537 -3565 -17281 -3011 -985 -582 1915 -97 -351 86 -2 -20 296 -2 1 0 0 1 8 0 2 1 0 0 0 -1 0 0 2 1 0 0 2 0 0 0 0 0 0 0 1 -1 0 0 0 0 1583836345
-16089808 -15509604 21973968 5075795 -6260151 -7569939 -1974358 -142357 120578 -126682 -43473 -29981 -3840 -24372 -10906 -3629 -9969 -3022 -960 -627 -252 -127 748 1915 -13 -25 -36 -5 1 0 0 1 8 0 -5 -9 -1 -2 6 -7 -1 0 0 -5 2 0 3 0 0 0 -4 0 -1 0 -1 -1 0 0 0 0 1583836345
-16089364 -15507613 21972115 5032337 -7623199 -7591664 -1843832 -142270 120620 -125732 -43351 -30186 -3974 -58989 -10918 -3685 -9759 -3074 -979 -650 8193 -132 117 -215 -2 -26 -10 -4 1 0 0 1 1 0 0 0 0 0 0 -1 0 0 0 1 0 0 0 0 0 0 0 0 0 0 0 0 0 0 0 0 1583836345
-16089657 -15510538 21978410 5020336 -7851127 -7597223 -1823850 -142238 120626 -126261 -43335 -30227 -3998 -65771 -10919 -3696 -9650 -3069 -962 -639 842 -135 80 123 -4 -25 17 -4 1 0 0 2 19 0 0 5 0 0 -4 5 1 0 -7 -1 0 0 -1 -1 1 2 0 0 0 0 0 0 0 -2 0 1 1583836345
-16089225 -15506750 21970787 5024650 -7886087 -7595571 -1818914 -142255 120628 -126329 -43330 -30229 -4000 -66065 -10919 -3696 -9653 -3067 -959 -637 -233 -135 85 -254 -2 -25 -7 -2 1 0 0 1 3 0 2 0 0 0 0 0 0 0 0 0 0 0 0 0 0 0 0 0 0 0 0 0 0 0 0 0 1583836345
-16089862 -15498697 21940146 5303754 -172072 -7465126 2235015 -135322 120400 -106848 -37198 -30185 -5819 -91164 -10537 -3565 -17281 -3011 -985 -582 1915 -97 -351 86 -2 -20 296 -2 1 0 0 1 8 0 2 1 0 0 0 -1 0 0 2 1 0 0 2 0 0 0 0 0 0 0 1 -1 0 0 0 0 1583838187
-16089808 -15509604 21973968 5075795 -6260151 -7569939 -1974358 -142357 120578 -126682 -43473 -29981 -3840 -24372 -10906 -3629 -9969 -3022 -960 -627 -252 -127 748 1915 -13 -25 -36 -5 1 0 0 1 8 0 -5 -9 -1 -2 6 -7 -1 0 0 -5 2 0 3 0 0 0 -4 0 -1 0 -1 -1 0 0 0 0 1583838187
-16089364 -15507613 21972115 5032337 -7623199 -7591664 -1843832 -142270 120620 -125732 -43351 -30186 -3974 -58989 -10918 -3685 -9759 -3074 -979 -650 8193 -132 117 -215 -2 -26 -10 -4 1 0 0 1 1 0 0 0 0 0 0 -1 0 0 0 1 0 0 0 0 0 0 0 0 0 0 0 0 0 0 0 0 1583838187
-16089657 -15510538 21978410 5020336 -7851127 -7597223 -1823850 -142238 120626 -126261 -43335 -30227 -3998 -65771 -10919 -3696 -9650 -3069 -962 -639 842 -135 80 123 -4 -25 17 -4 1 0 0 2 19 0 0 5 0 0 -4 5 1 0 -7 -1 0 0 -1 -1 1 2 0 0 0 0 0 0 0 -2 0 1 1583838187
-16089225 -15506750 21970787 5024650 -7886087 -7595571 -1818914 -142255 120628 -126329 -43330 -30229 -4000 -66065 -10919 -3696 -9653 -3067 -959 -637 -233 -135 85 -254 -2 -25 -7 -2 1 0 0 1 3 0 2 0 0 0 0 0 0 0 0 0 0 0 0 0 0 0 0 0 0 0 0 0 0 0 0 0 1583838187
