-16089250 -15506970 21971228 5024439 -7883079 -7595648 -1820173 -142271 120638 -117398 -43322 -30224 -3999 -65813 -10918 -3695 -9660 -3069 -963 -639 1325 -135 84 -216 -3 -24 113 -4 1 0 0 1 1 0 0 0 0 0 0 0 0 0 1 -1 0 0 0 0 0 0 0 0 0 0 0 0 0 0 0 0 1583836345
-16091029 -15488434 21895081 5869403 16170904 -7180583 -4023903 -143960 119899 -131373 -45311 -26509 -1655 557781 -10712 -2692 -15576 -2359 -947 -511 -579 11 532 338 -3 -21 23 -4 1 0 0 2 24 0 -16 -9 1 0 -8 -9 -2 0 2 -2 -2 0 1 -1 0 0 0 0 1 0 0 0 0 0 0 0 1583836345
-16089905 -15505970 21961550 5188155 -3111698 -7514901 -2256274 -142577 120483 -127271 -43721 -29490 -3535 57849 -10878 -3497 -10837 -2929 -960 -614 1036 -106 146 -58 -3 -24 -10 -2 1 0 0 1 2 0 -1 -2 0 0 -3 -2 0 0 0 1 -1 0 0 0 0 0 0 0 0 0 0 0 0 0 0 0 1583836345
-16087658 -15483199 21912178 5289843 -1093057 -7467445 -2510010 -143033 120478 -77819 -43955 -29172 -3311 107859 -10849 -3408 -4829 -3016 -1033 -688 8566 -110 379 10073 -54 -15 24 -9 2 2 -2 4 134 -1 -72 17 2 0 -8 2 2 0 22 46 13 -2 -10 -3 2 5 -1 -2 19 -2 -2 0 0 3 0 0 1583836345
-16089424 -15506099 21966745 5083365 -6187236 -7566639 -1982260 -142385 120576 -125500 -43482 -29958 -3827 -22059 -10884 -3611 351 -3229 -1057 -759 8571 -147 -492 1068 -11 -23 -23 -4 1 0 0 1 0 0 -1 1 0 0 0 4 1 0 2 13 0 0 -4 0 0 -1 -1 0 2 0 0 -1 0 0 0 0 1583836345
-16101784 -15381560 21446343 10944499 160840072 -4686791 -17251806 -154145 115086 -161639 -57262 -2834 12331 4270742 -6869 4310 -45225 2878 -858 -1319 -2606 624 -1396 9062 -32 24 -45 -7 3 5 -1 2 43 0 -11 -24 6 0 -42 -19 -2 1 8 51 -29 -6 -8 5 -2 10 -10 6 -16 4 8 12 0 -5 -3 -4 1583836345
-16090779 -15493682 21914109 5683821 10938022 -7271602 -3540698 -143577 120058 -130264 -44877 -27326 -2170 420883 -10757 -2913 -14296 -2515 -951 -540 -503 -19 36 533 -4 -21 -4 -4 1 0 0 1 6 0 -1 -3 0 0 -6 -3 0 0 0 7 -5 0 0 0 0 0 0 1 -1 0 1 0 0 0 0 0 1583836345
-16090436 -15479044 21871398 5981615 19069309 -7126332 -4290064 -144215 119816 -126560 -45581 -26149 -1410 618326 -10685 -2590 -10909 -2416 -1020 -585 12714 17 -464 2169 -13 -13 -20 1 0 0 0 1 3 0 0 -5 2 1 -17 2 0 0 3 9 -1 0 2 -5 4 6 1 1 1 0 4 1 0 0 1 3 1583836345
-16089252 -15504468 21963325 5088124 -6117120 -7564503 -1981139 -142386 120575 -126239 -43476 -29957 -3829 -20416 -10905 -3623 -10130 -3032 -980 -644 8875 -123 75 -30 -3 -23 -15 -1 0 0 0 1 0 0 1 -1 0 0 -1 0 0 0 0 1 0 0 1 -1 0 0 1 0 0 0 0 0 0 0 0 0 1583836345
-16092826 -15464420 21803400 6602932 35974876 -6851695 22571844 -100609 123048 -57354 -6616 -22213 -15058 -273904 -8946 -3167 -54459 -2513 -1081 -227 -280 57 -1140 2905 -4 -22 478 -6 4 0 0 3 46 -1 4 9 0 0 -4 -10 -3 1 6 0 6 1 7 0 0 2 5 -2 -1 0 2 6 0 0 0 -1 1583836345
-16089651 -15498039 21940123 5278660 -930634 -7477292 2072562 -135628 120415 -115330 -35164 -30243 -5766 -99066 -10559 -3586 -16814 -3020 -979 -582 -241 -101 -241 -104 -1 -17 322 4 0 0 0 2 11 0 2 1 0 -1 1 -3 0 0 1 0 1 0 2 0 0 0 0 0 0 0 0 0 0 0 0 0 1583836345
-16089250 -15506970 21971228 5024439 -7883079 -7595648 -1820173 -142271 120638 -117398 -43322 -30224 -3999 -65813 -10918 -3695 -9660 -3069 -963 -639 1325 -135 84 -216 -3 -24 113 -4 1 0 0 1 1 0 0 0 0 0 0 0 0 0 1 -1 0 0 0 0 0 0 0 0 0 0 0 0 0 0 0 0 1583838187
-16091029 -15488434 21895081 5869403 16170904 -7180583 -4023903 -143960 119899 -131373 -45311 -26509 -1655 557781 -10712 -2692 -15576 -2359 -947 -511 -579 11 532 338 -3 -21 23 -4 1 0 0 2 24 0 -16 -9 1 0 -8 -9 -2 0 2 -2 -2 0 1 -1 0 0 0 0 1 0 0 0 0 0 0 0 1583838187
-16089905 -15505970 21961550 5188155 -3111698 -7514901 -2256274 -142577 120483 -127271 -43721 -29490 -3535 57849 -10878 -3497 -10837 -2929 -960 -614 1036 -106 146 -58 -3 -24 -10 -2 1 0 0 1 2 0 -1 -2 0 0 -3 -2 0 0 0 1 -1 0 0 0 0 0 0 0 0 0 0 0 0 0 0 0 1583838187
-16087658 -15483199 21912178 5289843 -1093057 -7467445 -2510010 -143033 120478 -77819 -43955 -29172 -3311 107859 -10849 -3408 -4829 -3016 -1033 -688 8566 -110 379 10073 -54 -15 24 -9 2 2 -2 4 134 -1 -72 17 2 0 -8 2 2 0 22 46 13 -2 -10 -3 2 5 -1 -2 19 -2 -2 0 0 3 0 0 1583838187
-16089424 -15506099 21966745 5083365 -6187236 -7566639 -1982260 -142385 120576 -125500 -43482 -29958 -3827 -22059 -10884 -3611 351 -3229 -1057 -759 8571 -147 -492 1068 -11 -23 -23 -4 1 0 0 1 0 0 -1 1 0 0 0 4 1 0 2 13 0 0 -4 0 0 -1 -1 0 2 0 0 -1 0 0 0 0 1583838187
-16101784 -15381560 21446343 10944499 160840072 -4686791 -17251806 -154145 115086 -161639 -57262 -2834 12331 4270742 -6869 4310 -45225 2878 -858 -1319 -2606 624 -1396 9062 -32 24 -45 -7 3 5 -1 2 43 0 -11 -24 6 0 -42 -19 -2 1 8 51 -29 -6 -8 5 -2 10 -10 6 -16 4 8 12 0 -5 -3 -4 1583838187
-16090779 -15493682 21914109 5683821 10938022 -7271602 -3540698 -143577 120058 -130264 -44877 -27326 -2170 420883 -10757 -2913 -14296 -2515 -951 -540 -503 -19 36 533 -4 -21 -4 -4 1 0 0 1 6 0 -1 -3 0 0 -6 -3 0 0 0 7 -5 0 0 0 0 0 0 1 -1 0 1 0 0 0 0 0 1583838187
-16090436 -15479044 21871398 5981615 19069309 -7126332 -4290064 -144215 119816 -126560 -45581 -26149 -1410 618326 -10685 -2590 -10909 -2416 -1020 -585 12714 17 -464 2169 -13 -13 -20 1 0 0 0 1 3 0 0 -5 2 1 -17 2 0 0 3 9 -1 0 2 -5 4 6 1 1 1 0 4 1 0 0 1 3 1583838187
-16089252 -15504468 21963325 5088124 -6117120 -7564503 -1981139 -142386 120575 -126239 -43476 -29957 -3829 -20416 -10905 -3623 -10130 -3032 -980 -644 8875 -123 75 -30 -3 -23 -15 -1 0 0 0 1 0 0 1 -1 0 0 -1 0 0 0 0 1 0 0 1 -1 0 0 1 0 0 0 0 0 0 0 0 0 1583838187
-16092826 -15464420 21803400 6602932 35974876 -6851695 22571844 -100609 123048 -57354 -6616 -22213 -15058 -273904 -8946 -3167 -54459 -2513 -1081 -227 -280 57 -1140 2905 -4 -22 478 -6 4 0 0 3 46 -1 4 9 0 0 -4 -10 -3 1 6 0 6 1 7 0 0 2 5 -2 -1 0 2 6 0 0 0 -1 1583838187
-16089651 -15498039 21940123 5278660 -930634 -7477292 2072562 -135628 120415 -115330 -35164 -30243 -5766 -99066 -10559 -3586 -16814 -3020 -979 -582 -241 -101 -241 -104 -1 -17 322 4 0 0 0 2 11 0 2 1 0 -1 1 -3 0 0 1 0 1 0 2 0 0 0 0 0 0 0 0 0 0 0 0 0 1583838187
