-15966963 -15373170 21694414 4897296 -7622920 -7441479 -1742226 -142014 150684 -126097 -43207 -11420 -3994 -63922 -12252 -3718 -7753 -3207 -972 -730 -225 -137 -27 -206 -2 67 -18 -9 1 0 0 2 -2 0 0 1 0 0 0 0 0 0 0 0 0 0 0 0 0 0 0 -1 0 0 0 0 0 0 0 0 1583838658
-15926752 -15326897 21508600 6545043 39067521 -6632665 17012072 -109070 118414 -72455 -14340 -21282 -11879 58210 -9672 -2431 -839 -3434 -1398 -849 -202 -17 -2288 636 -5 20 -47 -7 1 0 0 1 -12 0 -9 -4 0 0 -3 0 0 0 0 -2 0 0 1 -1 1 0 1 1 3 0 -2 0 0 0 0 0 1583838658
-15823811 -13375479 17673846 5459839 12332454 -8170301 6101557 -128247 116468 -103605 -31113 19663 -7199 -1892 -13030 -3701 8250 -3795 -1242 -1003 -156 -99 -842 -45 -6 -34 -16 -5 0 0 0 1 -7 0 -20 -3 -2 -2 12 2 0 0 -6 0 2 0 1 -2 1 0 1 0 0 0 0 0 0 0 0 0 1583838658
-14827265 -11959862 14760746 4330286 7896156 -7613467 3608700 -132098 109790 -110275 -34756 48637 -5998 17794 -3556 -11970 35775 -4954 -1394 -1408 -36 -150 -1994 350 -16 -38 -25 -4 1 1 0 -1 -15 2 -28 8 -1 -1 4 0 0 2 -9 0 5 0 3 -2 0 2 -1 1 3 -2 0 -2 0 0 0 0 1583838658
12928950 9013881 -30129193 -19864504 83214786 22729253 31887976 -69435 -112235 -17770 12781 27627 -17267 298668 605 -10394 17554 -7767 -1734 -2644 -183 -1288 -2303 -750 2 -209 6 5 1 4 0 -3 -8 12 10 -3 2 2 -18 2 -2 12 0 0 -1 -2 0 -2 0 0 -1 -2 -1 -4 0 0 0 0 2 0 1583838658
-15891393 -13870806 18619800 6400087 36542353 -7533885 15199017 -112159 116379 -77591 -17106 15082 -10997 68350 -11631 -3040 47422 -4540 -1706 -1452 23 -122 -2208 -553 -11 -35 -11 -3 0 0 0 0 -30 0 -19 -6 -3 -2 17 11 3 0 -5 0 0 -1 -11 -3 3 4 -3 3 -7 1 1 2 0 0 -1 -2 1583838658
-15970821 -14570804 20100080 4892418 -7887544 -8004406 -1822389 -142225 118971 -126304 -43333 -5754 -3953 -66062 -12405 -3942 -3467 -3354 -1002 -773 -203 -141 -268 -365 -4 -29 -9 -6 1 0 0 1 2 0 5 0 0 0 1 4 1 0 -1 -2 -1 0 0 0 0 -1 -4 0 3 0 2 3 0 0 0 0 1583838658
-6313692 -4447349 -1078177 -4509065 -7776892 330867 -1828009 -137933 47458 -122371 -42046 43358 -3717 -66324 -32693 7254 -7099 -4104 -936 -1353 -218 -675 -71 -311 -2 -98 -9 -5 0 0 0 2 -1 0 3 0 0 0 0 1 0 0 0 0 0 -1 0 0 0 0 -1 0 1 0 0 1 0 0 0 0 1583838658
-15565506 -11365288 13692612 4464399 -7826905 -9389067 -1842117 -142210 113692 -126256 -43351 66051 -3810 -65155 -16781 -4679 4966 -4013 -1057 -1068 -162 -137 -571 -363 -6 -38 -10 -6 0 0 0 1 4 0 2 -2 0 0 1 1 0 0 0 0 1 0 0 1 -1 0 0 0 0 0 -2 0 0 -1 0 0 1583838658
-95 -228 118 225 -171 -494 -227 -592 33 183 536 -230 -199 -451 53 174 -26 493 -194 73 249 214 -123 -341 321 -230 -62 602 -369 151 21 69 225 111 -958 8 -113 -501 -317 474 564 39 -401 -208 -440 104 -225 -395 29 -178 249 -103 222 -121 357 -99 84 -138 -123 181 595 553 343 -549 78 153 217 455 181 56 -127 -423 -625 192 -667 790 187 -11 -80 284 -333 315 70 -201 415 -418 385 -118 -166 363 -275 -492 -185 -142 -71 -147 -591 -270 -307 -300 398 -718 14 67 -263 -348 -309 -356 122 -381 -33 -303 192 -260 -387 -237 -28 46 431 180 -396 118 193 -191 217 -687 195 31 157 211 538 -406 -154 -734 14 -286 554 244 483 418 339 519 292 76 368 -225 120 -44 618 186 482 -750 227 -108 251 -54 -57 -359 -131 -326 118 285 71 108 436 60 71 -138 64 503 -78 -268 -242 -89 118 59 -982 -38 -135 43 338 -189 -196 107 -170 -67 17 66 67 -214 -133 466 336 -269 -163 19 60 90 159 -37 570 188 65 223 -176 119 127 -221 192 2 -240 244 26 279 223 -4 259 366 -190 29 374 -445 162 -376 -287 69 521 -189 125 -107 -235 -348 242 241 10 193 191 -309 215 664 319 -462 -99 226 98 275 511 -220 -117 -171 6 -323 -465 283 151 -221 273 -129 126 87 -14 145 -234 -340 37 137 -385 -149 46 -65 324 176 -199 152 -33 417 -196 -69 100 -401 246 105 -3 -457 -73 -185 30 100 51 -500 283 -334 -11 -68 -245 406 248 67 -37 -105 -546 -436 -49 -55 -332 -95 560 -146 -184 -388 -426 379 124 338 99 -78 23 -214 263 -169 142 -296 -19 -41 248 254 64 169 214 -120 259 323 -414 -8 105 -39 353 -165 -362 -508 155 -71 3 -272 401 -280 -118 -145 -361 4 555 -172 -453 0 73 130 -83 270 -156 -258 -132 140 328 252 -225 -127 31 -270 -267 40 -97 -241 -252 78 12 -293 79 -184 135 87 75 213 -26 49 -121 399 137 123 4 154 -19 -171 234 464 264 -47 -12 37 262 -3 -177 -233 -274 152 324 551 127 -161 -453 -368 -63 -6 -27 -16 123 -113 -134 330 294 -238 -196 37 466 -274 -145 -228 1583863281
461 -233 -283 -743 -160 273 35 359 365 476 -147 51 -296 -37 -190 404 280 -834 139 -180 -42 -255 187 -262 52 363 -402 226 402 -111 -82 334 -106 -229 365 578 -502 390 -239 -304 -341 277 38 306 -460 -85 -382 -435 -132 85 -118 2 -336 277 17 -336 254 -201 -739 356 53 340 393 211 -497 171 351 -441 -286 222 603 577 -227 759 65 183 -94 290 -130 842 -86 -115 -265 -255 486 31 53 -491 -285 -478 -139 76 228 662 -167 -287 54 258 53 124 414 -194 364 52 -478 385 166 -218 -56 -86 149 -277 -146 237 -290 73 492 -131 698 -95 -216 153 -41 -441 -87 437 -483 512 -87 60 310 -21 -123 -232 -126 -45 22 -257 261 -340 -106 -237 38 33 406 -23 -106 -27 0 148 321 -511 118 733 -218 -361 -226 -150 -160 -95 193 -47 241 -86 -144 -284 -71 -751 -18 236 90 67 35 -425 -532 -25 -344 -483 -258 173 53 -268 519 -95 -388 96 -78 52 -272 -479 370 89 189 -142 45 407 -321 250 116 232 111 340 -134 388 -223 -22 -958 -400 -193 211 288 -22 399 -64 -80 -146 -111 -170 271 -222 17 -290 486 154 -179 -129 296 -380 -242 -147 25 -49 -616 336 -17 276 418 191 -178 122 617 533 218 114 32 32 -237 -68 -69 -440 194 129 -159 5 245 -156 -421 38 -54 88 111 270 -193 100 82 -38 116 11 215 -102 230 -80 187 -299 -208 151 419 -261 -93 24 96 -454 -623 -331 177 258 301 -95 487 -6 -6 -346 -443 -3 -36 -91 -54 -18 -109 349 -103 310 453 173 -75 -543 -54 -38 -48 -63 -408 -102 105 218 148 97 -265 -305 468 147 -152 291 -279 -34 -107 -3 510 146 76 -156 -295 57 298 221 399 46 -400 -433 475 156 -332 -17 103 -98 197 65 307 98 -288 -201 163 -59 -82 394 -88 360 -367 -29 -266 -227 452 403 -64 -15 364 -420 -168 56 247 134 205 -36 209 -301 -136 463 -45 -203 97 -376 -176 212 20 -267 283 456 -132 97 247 49 282 130 -204 229 -94 -384 -164 6 227 238 393 28 -119 -14 104 221 335 -417 -253 -162 -515 194 281 21 -37 318 130 -441 -69 -178 -341 280 -165 -49 -311 171 1583863281
-724 387 312 298 581 -469 -205 164 -101 548 -440 328 -84 275 425 -836 -336 -129 678 152 370 -374 243 -67 -424 577 -105 186 66 -29 129 -306 225 197 -338 323 -319 -879 -61 719 113 -169 -330 69 55 -334 129 458 -1 186 -24 57 -14 -412 -599 -149 261 -299 121 115 205 302 -759 164 -94 126 22 205 507 -295 191 -166 809 -576 -4 348 -155 65 572 496 128 119 -99 223 -39 -77 -389 -328 33 -57 -156 -27 211 -346 -49 -352 -237 33 -219 -88 29 -429 -307 -234 31 -28 77 -448 90 -7 -246 -126 -302 -118 -128 -506 142 -407 -562 217 -209 -131 -77 -158 -236 -412 -216 108 -129 -229 -43 336 60 -285 9 123 651 180 -312 563 470 42 184 -166 78 275 -474 -43 54 -4 -162 393 228 -436 147 -327 -29 142 -149 166 321 127 13 183 117 -259 128 67 100 -349 -21 -213 124 109 -356 -428 -7 -14 -23 -51 144 -214 -270 175 -3 -327 -416 -124 -42 134 -335 -375 223 98 -279 -225 -202 113 359 -565 -59 82 -81 142 -313 326 -306 -334 39 359 -297 147 260 30 383 -137 -106 49 92 -318 -175 -164 323 340 -349 53 148 -400 231 765 491 -148 138 14 -285 -189 -219 -363 82 342 72 -550 -332 232 348 157 -226 73 -328 88 593 323 -228 -6 44 -400 -195 -104 -346 -354 96 415 -186 -287 -228 -254 144 -380 130 183 127 615 -61 -322 236 -233 -101 2 -298 237 -133 240 74 6 160 186 -166 -363 -187 -526 -207 -236 130 441 -356 157 202 -86 -140 -128 216 117 -121 93 130 -71 291 197 29 -253 -126 -163 308 -127 305 -536 151 39 -299 133 25 -400 24 115 428 261 -262 106 311 179 -110 -412 25 -25 -69 343 -52 -3 18 113 56 233 -83 366 187 106 596 254 444 215 141 257 63 -684 272 -45 43 362 -26 26 306 122 -211 -272 76 272 -60 15 160 -306 430 21 -162 212 -478 -182 229 553 -201 51 -349 -47 352 -129 159 223 174 -86 -58 113 -340 -57 -225 416 114 405 66 -462 748 -385 -49 -385 -210 -372 227 636 306 -212 158 179 -332 -589 -247 -98 -506 -357 -21 186 -91 -246 31 234 -55 -173 104 366 1583863281
99 79 -38 -67 235 5 211 284 -443 59 -181 218 -240 86 -390 -548 -463 -249 -4 -617 339 14 -25 -169 633 -687 517 -288 -480 511 68 -441 31 275 -454 337 473 -225 -48 -276 417 260 -488 -161 -275 -342 -37 -228 143 66 -454 105 86 314 267 120 -749 349 99 126 107 -311 -216 86 -95 84 -322 354 -116 265 -84 -435 419 -294 -163 46 -631 -229 186 203 303 225 -418 304 -291 -112 187 161 -360 20 -310 -76 447 -8 -434 -301 -373 661 -228 225 247 -129 -49 151 -298 -423 132 -18 -138 180 -258 -466 295 -215 74 -5 281 -361 427 -310 292 31 -155 84 303 -150 472 -173 311 -274 -209 175 -380 -70 -242 171 16 191 26 -194 107 -467 -26 223 350 -45 -654 -298 -369 -370 -642 -486 -74 254 -20 280 45 -173 277 -279 104 -81 34 172 192 123 259 -529 10 294 66 334 -471 -141 205 207 409 386 334 -219 -297 477 -309 257 62 14 -101 -62 291 -817 -289 -150 32 153 -32 -17 -487 243 439 148 -225 -255 -686 -46 69 -300 451 265 -245 83 411 -344 196 473 126 373 -242 -163 183 428 -571 282 308 -171 -192 -66 -94 444 -278 -80 535 -235 -86 264 9 76 439 71 290 -441 -188 -22 31 81 -444 -81 63 -584 33 -314 -537 526 357 547 -397 216 496 144 277 167 488 327 165 97 -380 -149 -379 168 169 255 -108 -201 49 -147 -71 -208 484 178 554 -213 -518 29 249 -388 -175 284 -274 -174 -67 185 355 204 17 -132 -116 -236 124 112 258 -177 138 -41 -4 337 -209 60 -171 167 258 -67 18 247 17 216 -35 -88 -315 337 7 -283 -401 -30 -245 13 265 -45 -131 91 -10 341 -168 208 9 515 -381 636 75 -166 232 432 27 -304 240 -109 478 82 13 170 -280 -484 -275 68 -428 125 144 0 44 -82 18 -553 318 -290 -157 320 -96 170 -223 325 -144 30 92 257 182 -5 -40 48 -236 -287 33 34 118 -106 15 192 -215 -96 -377 103 -260 -152 285 -292 -18 19 -253 -361 -527 -83 241 -230 54 133 -236 0 -141 -438 324 -32 -226 -235 170 37 -107 -385 -221 -84 -199 41 -66 -14 -240 16 -71 379 -152 487 1583863281
-412 -255 56 152 -88 239 -19 -426 423 -380 101 710 -265 -127 72 505 14 402 535 -554 -40 -681 -115 546 652 -384 -433 104 -3 140 -122 -260 126 -178 74 -584 472 -26 -63 365 -301 -127 -710 -314 515 -125 128 -541 -85 -27 -8 -235 -379 306 320 184 -56 599 -98 -463 136 -602 -122 -244 47 -567 73 317 -175 354 43 -71 -73 208 489 -265 50 145 308 -84 -232 -452 -24 170 -222 -242 253 -297 -35 186 -272 -144 425 392 65 177 -116 -890 -432 490 -188 -85 456 1 250 180 -112 255 364 -174 -370 -254 119 -726 110 -241 174 -39 632 65 -201 140 -132 61 121 -10 192 -36 -398 -230 -255 186 -56 205 374 -28 -122 -788 165 52 -359 273 -265 -300 -334 99 -39 228 -123 625 37 103 -374 52 -147 457 38 -478 394 284 -207 12 421 145 -1 -30 238 225 -223 -89 68 258 -519 138 -19 -146 94 -285 -109 514 181 -282 -282 424 242 -497 433 -190 -250 503 -316 136 -397 588 46 -547 -283 -15 243 232 93 -271 -105 -424 -63 124 125 136 91 151 -249 123 -400 -615 424 -229 175 217 -26 -173 186 -868 101 -109 41 169 125 -189 194 385 271 -112 267 355 -79 -275 121 290 -364 206 -87 -278 -70 293 103 -90 -98 421 233 324 -160 -278 -70 -202 -269 84 -799 -450 127 -205 203 -214 -242 208 -55 -682 -178 -192 -504 77 -171 204 319 -118 -187 -344 3 -324 -12 -283 339 -131 -201 -313 -527 372 57 148 -60 -267 22 -229 -30 145 -455 -103 -312 -328 373 -251 614 260 -713 -110 23 -229 -94 118 -372 118 -171 443 -394 313 -92 246 -7 -35 341 85 -80 67 -234 -201 292 30 -336 71 -281 -70 -433 -152 102 -445 60 -113 293 -111 142 -144 -38 257 -113 531 396 -206 -67 -254 -378 75 -195 87 -470 -292 -73 -450 167 352 294 -194 -260 -59 166 309 80 -18 -423 64 -123 92 -353 -104 80 -67 156 475 81 111 468 -361 -433 178 -89 129 537 79 276 -4 -220 -18 -67 -142 81 243 -326 -22 -110 -313 12 67 430 507 251 32 -80 -331 105 271 71 -221 -68 -272 486 0 119 252 342 -51 -281 -442 -380 -55 66 127 -3 -192 1583863281
-381 -548 -100 -692 378 125 250 -28 533 -112 251 -349 162 38 -285 -314 755 -222 243 222 -216 127 42 -572 221 -147 581 -17 293 147 213 143 201 -249 -136 -66 -184 -380 -344 -136 426 41 55 832 25 478 668 -940 -54 -29 240 115 -379 283 -174 -237 188 126 -508 -217 -315 419 24 -481 -179 88 269 -163 732 41 19 209 -84 164 -207 -257 10 -432 -101 378 464 164 223 -431 -142 328 -251 -555 99 -83 -303 409 517 -349 151 356 -137 -376 -285 245 -20 569 -212 485 643 -264 7 96 86 621 -12 265 112 120 -59 386 77 411 152 -50 275 -14 -297 -262 -450 -390 -280 90 -149 -153 16 -31 -406 161 -247 -9 14 26 294 209 -4 -66 -146 -98 -396 303 -409 -302 132 470 547 178 193 59 -432 274 124 138 -250 364 102 96 -102 364 394 61 183 153 325 602 387 -281 215 212 196 -108 229 -440 217 -146 -41 -405 0 -245 -4 -20 762 -304 390 -150 263 -218 -157 -396 -331 43 -211 -311 154 149 56 -32 -290 564 -285 -229 383 -223 442 98 -53 460 1 -445 34 239 -234 -32 -218 -183 -179 352 -261 133 -191 -134 -144 17 57 -9 320 34 210 378 -75 172 -43 -84 226 496 207 -39 263 293 -505 -413 233 284 -110 -437 -157 -457 -92 214 -382 124 221 -544 21 25 -4 450 -100 487 296 56 102 47 275 -83 -309 -336 264 -24 -360 -99 111 -479 -414 -373 -165 72 161 361 -21 59 -324 -202 256 201 -142 56 -314 -400 12 368 326 -209 -77 -392 1 52 -162 -145 -189 648 94 -463 -52 -99 -192 -24 112 314 315 -108 -152 56 106 -15 131 -159 -186 -173 90 252 172 97 228 82 -572 -97 92 40 -2 -181 -248 -304 68 -64 -443 -107 146 -257 180 -90 -162 118 564 131 -77 -454 254 -15 469 74 -292 262 70 -279 -440 276 -315 21 507 319 -133 190 291 -805 1 -156 366 -283 125 -128 -147 -163 -16 -61 -123 -220 -347 77 120 31 -306 93 -248 51 11 -114 174 -157 103 -103 -254 -53 -57 326 -536 -464 33 -130 38 274 293 373 -130 -140 -21 -254 -150 318 122 -274 35 68 -483 582 134 -14 -343 -55 162 -153 1583863281
-357 -93 -662 180 270 582 461 143 -247 -764 93 -226 -43 -912 30 117 -160 -576 374 -428 -428 -110 -68 377 318 347 979 693 2 25 542 127 -48 293 69 -80 111 -163 -23 314 -274 530 32 -153 353 -61 -123 -509 -535 -224 152 -116 595 250 -257 655 -179 -95 -76 -369 13 -272 25 420 -582 282 -303 124 -141 558 -186 364 347 -86 -64 74 274 -196 -78 -77 86 -116 61 242 -348 227 348 30 98 271 -23 238 282 236 417 406 27 139 195 421 42 420 -455 60 297 -314 35 -157 -29 -349 209 342 -304 -310 143 -28 -171 282 47 -76 98 109 217 336 -175 -150 97 -215 128 -48 439 -50 386 741 17 122 246 382 254 150 256 523 -223 614 -108 -707 44 51 108 -523 -91 80 462 -53 -211 -9 72 -197 -160 384 -492 -149 -634 -367 143 14 320 269 115 689 -165 -376 -185 215 -174 451 -215 -40 -198 -419 -41 -346 484 -47 428 91 134 -233 -56 132 27 -463 -497 394 -28 71 -150 80 -42 232 -451 194 -15 261 467 -202 -413 -573 198 278 46 292 -362 78 213 124 -127 -167 -38 426 -8 172 255 402 40 186 130 221 -39 81 -238 -77 61 25 46 132 -214 -174 70 -223 473 139 362 104 -350 -22 -66 226 194 363 60 -84 198 180 -139 -342 -10 125 92 326 370 149 373 157 218 96 403 65 233 320 327 -584 -163 138 -107 357 108 -269 68 -84 281 -489 21 -100 -215 263 -143 -225 36 -93 119 -172 -116 274 -317 190 78 -77 -85 -456 -107 -50 -238 79 125 -311 -85 -169 -262 -13 1 373 25 143 266 -39 -130 -257 -229 574 99 -225 -442 -93 364 233 -97 -122 32 54 322 94 -67 75 120 180 237 -214 -323 379 -15 135 -80 -71 -186 -190 236 335 234 215 316 428 -152 116 334 -55 -122 154 54 142 -357 -104 63 -86 65 139 -96 614 -196 -210 -192 -472 93 170 -256 825 171 -497 -112 377 -281 20 -370 -81 -284 -63 -214 -43 -3 291 -176 243 41 -195 -325 462 -67 -571 84 105 -90 119 17 291 444 156 105 86 133 -103 -21 -26 -175 -76 -352 496 -166 -448 83 -323 130 232 -68 -330 0 10 1583863281
466 389 -109 188 13 -21 -421 -18 124 -383 48 -277 -149 268 -77 -94 86 68 486 130 182 -307 8 87 102 -276 124 -156 194 182 -24 -91 389 289 151 205 52 4 -80 127 415 -182 -263 -35 270 265 -109 -266 430 5 636 -443 -543 383 413 -43 -17 256 -245 128 187 285 -390 -450 -20 -347 -326 -22 106 -437 -199 361 426 584 -96 -342 251 393 500 224 -236 -372 -232 -332 267 300 218 290 -42 339 142 -68 -51 367 -139 36 -122 -307 0 -560 112 68 -306 39 186 518 230 562 -318 -76 95 440 86 -277 -189 244 -111 130 108 -430 190 30 251 328 836 618 613 -428 -37 -297 486 624 -880 485 282 405 55 -201 -448 -209 425 -827 -412 36 373 4 233 -68 -71 46 -475 281 161 -419 -658 312 163 -145 167 -254 -15 -27 190 451 226 -363 -19 167 183 -154 -543 342 656 -830 327 356 278 251 428 -146 53 -495 419 176 -269 305 109 70 -460 473 125 21 218 167 -82 67 212 134 -226 -126 2 21 231 48 -51 66 48 396 -87 -43 117 -177 -80 -18 485 -568 -535 271 294 380 -7 -255 -160 35 383 381 -31 208 116 -325 -385 -15 103 -205 12 22 345 -351 80 -230 271 21 -107 247 -116 -667 165 -110 30 -261 146 30 -236 65 206 -185 -142 -51 14 -176 114 42 -304 -37 245 493 -496 66 61 -69 -466 -105 -143 -59 -24 -146 -712 85 245 -358 -6 -310 -67 -260 298 576 -127 185 146 331 6 33 457 -38 -51 251 -12 426 285 137 -16 -480 -247 -397 497 -533 -79 -12 -30 -287 -35 316 -501 234 170 -289 -518 221 -178 78 -146 109 -190 -397 924 -37 16 613 375 -16 272 352 62 -20 -412 -225 -320 -63 310 -627 149 383 -10 -360 292 305 -101 158 -94 125 -57 171 336 -206 93 -176 -46 182 -28 -109 -169 -40 211 -325 -186 -431 -417 -369 173 112 546 -240 341 222 -190 89 -142 -437 -429 118 -431 420 -25 -19 161 8 155 -306 -2 119 -17 77 161 -217 511 119 32 -79 -258 -387 102 234 -128 120 -138 -453 -28 -68 -87 2 -81 347 -190 221 -193 67 128 3 -109 284 5 -226 -100 99 293 -50 1583863281
143 -1142 581 5 -188 -15 -282 -455 421 -66 -141 -436 446 243 -279 448 597 139 351 211 52 -174 43 216 329 175 -62 60 74 36 -78 0 175 -117 309 428 197 -659 39 -133 84 -915 -28 371 -287 169 -252 -642 509 -413 64 178 583 8 442 468 -188 -91 -479 -233 -267 397 -212 -159 146 37 378 213 276 601 -487 465 305 -348 458 439 211 363 -127 301 371 558 -152 899 -356 -270 -78 -226 18 47 -681 -514 -64 -378 -194 -425 -65 339 -53 56 -171 -350 325 472 -388 -92 -268 -105 -320 -82 -335 50 160 -468 529 -21 171 164 -42 353 -299 66 225 48 79 93 352 421 176 -159 493 -506 231 -392 -625 271 -235 148 293 619 34 311 153 -102 175 -154 140 -211 222 -372 70 -144 -231 -131 -165 18 -266 -124 5 193 -43 19 -172 341 -84 327 -165 340 -39 125 -153 370 -73 153 433 -245 -177 -311 188 -147 -197 145 -518 151 358 -184 95 -106 -47 116 -311 265 215 -219 80 -281 -575 41 168 -35 -141 46 -270 118 -720 429 36 199 -181 -40 -163 -450 -214 -233 -514 -204 -169 -145 20 -645 244 -162 -564 -77 414 -430 -1 304 26 376 3 -13 190 204 -13 -273 -215 -58 -152 238 141 -203 10 -96 -564 -382 -384 42 1 171 25 316 -68 -424 -37 268 -351 217 335 -52 84 299 174 -373 -450 -412 43 -179 134 -376 461 -262 93 84 120 140 -365 108 -562 -59 168 -240 295 171 5 -360 282 -307 -19 368 -79 11 -113 -203 166 332 280 312 -86 43 117 79 130 134 -158 -191 -16 -325 180 -98 -243 -336 -59 -179 -196 -20 258 -196 -65 -131 -186 -254 111 570 -316 -637 337 76 125 241 412 -50 -400 -64 -178 590 -296 326 170 -268 -87 -161 -475 -206 -188 -56 56 301 -237 48 -200 303 10 90 42 -387 -91 -94 -96 -295 -13 355 -124 101 334 -29 302 7 -60 43 478 113 136 -307 -323 76 -23 72 -354 -462 -223 328 -52 3 90 392 -59 -176 185 40 -84 60 -296 -481 -93 -8 346 -183 -555 247 -183 -206 -100 311 -99 28 9 -13 -24 -76 -42 -312 77 -82 425 9 -97 -267 98 -245 -397 346 -30 -38 -67 -11 1583863281
