-15409832 -9461953 9697354 14219767 4002816 -3815021 -3014044 -204060 137998 15521410 -30830 -22065 -1984 237593 -8583 -2475 -10513 -2205 -885 -549 55265 -33 2 -580 0 -16 -18 -1 0 0 0 1 5 0 -1 -3 0 0 -1 -1 0 0 2 -3 0 0 0 0 0 0 0 0 0 0 -1 0 0 0 1 1 1583838658
-16087155 -15482320 21914439 5204817 -3631657 -7509643 -2207716 -142675 120500 -126755 -43692 -29584 -3592 42291 -10885 -3523 -10748 -2967 -987 -638 12113 -107 28 -341 -1 -8 -5 29 -5 -1 0 1 1 0 2 0 0 0 0 0 0 0 1 0 1 0 0 0 0 1 0 0 0 0 0 1 0 0 2 7 1583838658
-14881470 -4780550 213444 20884455 256108 -1109985 -2724383 -215407 127884 -175884 28932633 -14876 -1663 98652 -6093 -1859 -7043 -1568 -536 -328 -210 -43 195 -294 0 -10 7 4 0 0 0 1 6 0 -3 -6 0 0 -5 -3 -1 0 1 -3 0 0 2 0 0 -1 0 0 0 0 0 0 0 0 0 0 1583838658
-16089833 -15502701 21951964 5255621 -1267557 -7481986 -2424942 -142718 120427 -127396 -43877 -29218 -3361 103630 -10864 -3424 -11305 -2889 -975 -617 7609 -94 109 -280 -2 -23 71 -4 1 0 0 1 6 0 -2 -2 0 0 -4 0 0 0 1 -1 1 0 2 0 0 0 0 0 0 0 0 1 0 0 0 0 1583838658
-15473762 -10044668 10896087 13002929 -6858895 -4342685 -2011488 -197437 136602 14000992 -31252 -24345 -3118 -41066 -8899 -2997 -8266 -2653 -1001 -686 93451 -98 93 -502 0 -20 -32 -5 1 0 0 1 -1 0 0 0 0 0 0 -1 0 0 -1 0 0 0 0 -1 0 0 0 0 0 0 0 0 0 0 0 0 1583838658
-16090654 -15501056 21938588 5470977 4994443 -7375815 -2996642 -143140 120237 -129018 -43781 -28235 -2745 267105 -10792 -3148 -4988 -2834 -1010 -656 -380 -74 -359 -185 -3 -22 5 -4 1 0 0 1 -3 0 -2 -4 0 0 -5 0 0 0 -1 1 -1 0 0 -2 1 0 1 0 1 0 0 0 0 0 0 0 1583838658
-14634348 -2523977 -4432443 25682070 44362993 972911 -6817931 -276668 157070 33426483 -18686 -8539 2944 1285552 -5669 53 -18131 -371 -720 -258 89831 247 -533 -1174 8 2 -45 7 0 0 0 1 3 0 -3 2 -1 -1 7 1 0 0 1 -5 2 0 0 0 0 2 -1 4 -3 0 0 1 0 -1 -1 -1 1583838658
-15181611 -7450996 5635876 16803318 -5567135 -2791071 -537172 -185691 120776 -135644 -44986 -30331 -4523 -66109 -10707 -3609 -4153 -3167 -1018 -699 -202 -139 -515 -367 -3 -26 -8 -6 1 0 0 1 -9 0 2 -2 0 0 0 1 0 0 0 1 -1 0 -1 0 0 0 0 0 0 0 0 0 0 0 0 0 1583838658
-16089681 -15508647 21972219 5073075 -6381199 -7571412 -1956734 -142344 120581 -126530 -43452 -29986 -3849 -26509 -10889 -3620 -1819 -3176 -1020 -720 937 -145 -228 -343 -4 -24 -10 -2 1 0 0 1 -10 0 2 0 0 0 0 1 0 0 -2 3 -1 0 -1 -1 1 1 0 0 0 0 0 0 0 0 0 0 1583838658
-16089468 -15503164 21957065 5166696 -3862508 -7525855 -2186334 -142541 120506 -127169 -43658 -29602 -3607 38974 -10884 -3527 -10651 -2947 -957 -615 -292 -111 272 -300 -2 -23 -8 0 0 0 0 1 1 0 0 0 0 -1 1 0 0 0 1 0 0 0 0 0 0 0 0 0 0 0 0 0 0 0 0 0 1583838658
11 413 222 -111 67 130 323 -263 284 -256 -154 32 -222 -282 28 -220 113 103 633 -937 68 499 -515 -346 179 307 406 -607 102 -30 184 -577 -23 609 -40 -10 -109 -259 26 161 412 -56 -422 585 -628 -39 314 223 494 -162 -64 537 -355 137 -33 -126 336 476 279 -85 78 -524 -37 230 133 -40 696 190 577 -455 250 522 -21 -45 -361 -370 804 41 -257 -255 246 -457 -442 -416 -149 171 -323 7 -531 -209 -43 -202 -472 69 101 -274 81 36 106 36 -52 49 -299 178 36 -59 -498 379 -103 -37 61 323 -119 99 -42 -184 -77 -186 139 4 749 41 49 -607 -134 -80 578 -40 275 253 2 -106 225 363 -509 -17 -22 359 618 330 514 -129 378 -239 -166 -67 -310 37 -364 205 -279 -212 -322 -47 147 -307 -237 126 -509 123 215 113 113 148 299 922 -105 -2 703 -262 -57 586 -354 425 52 -79 -53 634 289 -262 419 -225 377 372 74 -502 -103 -496 -260 79 71 165 628 -92 -314 129 209 358 -112 -17 -31 -204 -269 -324 -196 9 -228 7 -234 127 50 -226 148 238 307 -7 -23 118 119 -238 145 5 -230 -423 95 -670 -62 382 -516 396 205 75 -269 567 342 -197 86 -520 -132 178 -195 -228 336 -44 247 20 302 -45 -442 74 295 50 470 -161 267 -112 -404 553 19 231 259 77 97 -236 -116 232 -245 4 -24 101 -161 404 -215 189 -97 150 182 253 78 261 -338 -189 -75 172 185 -72 441 -49 52 -61 -237 -375 87 -212 -255 209 202 -108 -556 361 18 103 308 -75 183 -136 -142 168 -149 -152 -357 -84 232 74 -241 37 -393 -58 -7 157 -279 -161 -14 -245 -444 153 -288 296 535 162 -217 39 -122 326 70 28 -202 133 -182 462 -159 444 299 -126 71 367 214 -286 -82 -169 -421 39 4 177 169 19 -81 40 311 335 -439 39 96 361 -101 363 -24 54 343 -144 439 -165 -545 -145 411 36 -114 -335 85 -36 157 -27 8 410 -81 -288 155 500 -264 126 -87 317 -136 -22 89 468 -192 -172 -133 -481 414 295 -121 23 -167 82 252 611 21 164 -37 490 326 -465 274 -27 -253 31 -279 34 213 -2 -69 -163 84 201 1583863281
-25 60 -26 497 -701 -291 -405 -235 -107 -192 -344 172 -173 168 377 257 -525 -102 403 -153 132 -230 -18 145 433 -136 143 368 173 131 11 -88 62 711 296 -355 -16 188 -240 710 -73 59 32 507 -182 348 -178 38 -83 -72 1040 509 483 -124 492 -169 -17 -386 93 -532 -543 -338 279 116 93 234 265 730 42 209 25 -319 -166 -578 13 -445 -638 -111 -421 -209 355 210 -272 -133 207 65 -330 94 -541 -16 54 -410 243 -13 542 322 -325 65 -132 475 -114 -431 -87 -362 361 134 685 145 -188 265 15 -190 136 342 149 315 84 165 76 -430 387 -427 -381 -539 761 550 13 185 -306 288 517 -115 867 335 96 11 12 -185 836 363 -211 -310 489 -360 -241 133 528 526 33 -125 671 419 134 122 231 -375 -204 -403 -28 769 57 231 168 332 -72 404 -368 527 359 135 85 -167 -428 367 -87 270 257 90 335 -205 316 -59 356 -345 449 204 44 -306 71 32 -25 137 -120 -54 -360 274 114 -164 99 76 -190 359 -21 204 -166 116 34 -245 259 -26 173 -264 -135 -210 479 -337 -32 650 -163 -343 617 15 -106 109 -33 -116 -331 -25 353 -352 -426 -292 153 31 242 169 44 260 267 -195 57 10 -41 216 -27 -147 266 158 -68 -49 -229 -98 -225 206 -314 251 -363 -416 162 226 136 -92 -12 53 -342 512 41 -174 -298 185 251 39 -266 593 -118 -476 -306 88 177 85 -350 225 -355 42 113 -406 -206 -457 -191 -432 548 145 -256 -336 -128 148 -322 -258 -300 -611 133 310 -360 -359 -74 -86 -205 -150 -940 -279 -582 -62 -114 -252 -226 107 -69 -37 -416 -594 401 27 235 100 -34 314 327 -119 -418 -284 -772 -214 -129 105 302 -107 -145 -149 56 -255 -192 269 246 6 152 -23 -703 -20 -268 -72 -99 87 37 -7 199 431 -27 -46 -55 16 -482 -158 -192 75 -57 36 -25 -108 371 371 23 54 83 -160 479 -394 -339 -24 51 38 55 25 -176 -173 116 50 -243 144 42 -266 -276 -50 377 46 -87 30 -42 -286 -35 69 95 -208 -365 -160 205 -97 -358 282 -185 228 -133 -71 74 194 271 2 -162 -320 126 206 35 277 -7 -296 15 -189 1583863281
-150 254 -106 152 -415 318 616 271 51 4 74 -33 -238 -394 106 -338 406 830 -341 -551 -214 -610 517 234 -521 65 -54 -271 107 -454 -82 -81 420 142 145 17 -292 241 -261 24 101 -213 -129 266 -9 294 834 514 283 -150 -95 453 -448 329 131 563 537 291 -179 -314 -279 -62 233 -432 -75 190 351 386 -308 451 -132 -264 174 261 47 36 -484 -805 -436 -30 333 0 298 48 -87 -172 14 303 139 49 345 317 -562 -51 146 -289 -43 34 302 314 193 -285 -103 19 -273 197 258 -336 -300 595 462 22 404 20 239 -53 -516 -49 -587 -68 -333 -89 47 213 29 -155 -223 -582 -153 341 -182 53 369 -478 84 353 -135 534 -285 15 216 -517 277 -105 -42 -462 -234 258 -319 36 41 214 154 100 212 24 -87 -454 -151 -488 -18 -27 101 -142 526 -57 462 -226 86 179 378 66 -218 -87 -530 -37 -70 472 -313 -380 79 486 -43 -5 -448 0 111 103 -125 367 116 -175 215 -111 61 -124 370 -721 201 -204 80 157 276 521 -361 -69 -157 -259 -290 -80 159 -374 21 -121 409 -368 -166 421 949 759 -268 -90 -347 -303 -523 25 -138 -512 233 534 -66 -520 -101 347 104 -299 76 192 0 -253 247 -501 -160 -157 -21 103 -138 181 -207 -105 593 462 389 -51 -82 222 -371 536 -46 -34 192 137 -145 -240 -27 214 53 -419 -103 565 -390 112 88 -359 18 66 -147 163 -207 204 -185 -37 159 167 -140 414 -336 -293 -355 -18 -68 90 -45 218 333 232 40 165 101 -162 130 16 -45 -5 -124 -125 -12 301 -91 -118 -187 5 -576 193 207 -372 -311 -267 -277 165 303 -202 -64 183 -300 -279 -225 -341 306 347 -131 97 -224 256 1 -379 228 571 285 -296 146 -6 -534 320 -262 281 274 414 265 -81 -277 -233 293 184 -86 168 -289 5 -39 70 73 337 259 -255 294 -51 -96 -237 -145 -124 17 143 130 -164 9 15 -265 -188 -172 -119 -26 115 -331 174 167 -243 82 -13 -230 175 102 -6 -230 124 305 5 88 59 -182 347 6 -84 -43 94 -67 44 103 -60 38 -286 19 146 -42 54 -43 -36 -114 -65 -21 13 142 200 -337 -67 119 488 1583863281
-775 654 -408 -19 -425 390 571 -301 -129 -542 -277 -62 -257 910 152 -157 -128 -269 -334 -175 -355 -11 472 -41 438 -253 81 759 -349 249 173 159 -3 159 488 216 -98 74 -152 20 375 -217 -27 0 425 71 187 219 -83 139 101 -34 314 453 502 7 -145 -100 334 -341 116 51 213 -331 199 651 144 212 38 -161 -29 -36 106 -274 -285 -378 -227 136 -42 116 300 -287 -26 237 -333 320 172 195 142 -293 -439 305 -202 -320 277 -290 29 180 -152 -383 25 -20 95 20 -492 315 49 -128 -29 -126 8 -19 125 277 -32 -766 -660 79 331 277 428 -176 503 -35 63 631 305 270 -5 -148 -388 -132 81 -82 158 165 -627 224 -832 121 38 -52 -311 355 195 -263 307 -132 -51 -37 -125 208 -371 -201 273 -118 -42 -190 -210 -295 152 253 -219 710 -101 52 -74 -186 -295 -351 540 218 159 75 -396 221 527 -68 -254 -265 179 154 18 -550 93 -320 193 -405 -219 165 -603 -60 349 380 -426 320 -172 295 -24 267 64 189 -125 -244 -226 -86 17 -320 -6 124 271 -299 -98 247 -24 -146 357 158 -276 -115 165 236 140 -123 162 -153 -243 62 -272 529 285 -46 70 166 26 -141 -581 0 41 -400 205 -521 559 -50 360 294 -67 569 185 -665 36 425 -148 -292 134 572 -204 159 -280 294 75 -452 704 447 37 160 -93 -451 -89 -359 -3 -58 812 -537 83 -210 -10 118 -417 424 121 79 63 -260 167 -136 169 -240 -83 215 -132 39 -13 -250 485 465 -87 323 196 55 319 194 -179 2 -51 65 1 -15 -421 -57 310 -40 56 -180 -75 238 13 328 -81 -9 -213 352 -275 -211 -131 -48 -172 -147 -54 370 315 -157 43 328 -296 -18 383 -772 -66 0 29 196 -125 394 -17 -128 219 -100 -39 371 -127 -260 -3 -238 2 341 210 110 -383 164 -29 108 -615 -115 -175 424 498 -122 11 438 -60 -311 41 -485 358 -234 115 -208 -21 303 -158 45 -222 -257 483 306 -13 -175 22 205 -177 8 -188 -198 -169 396 -429 31 365 284 -36 340 -140 81 279 409 237 204 207 222 57 592 56 116 -390 -126 -170 53 -1 -224 388 -136 -3 159 235 -255 1583863281
-111 70 476 469 -59 161 111 683 -420 135 95 20 -309 -167 -288 286 63 -129 -285 -92 244 91 92 -228 79 237 -530 -704 -223 860 126 -50 37 -175 256 -493 51 -298 914 276 -62 -176 -344 329 -121 -183 -154 -205 -26 6 45 335 -574 -114 -91 175 -489 728 361 -274 370 103 107 -269 -588 278 -264 159 -236 -83 -415 298 252 -449 66 -284 -287 -287 -9 240 -108 190 334 -406 -97 104 -107 -39 -78 -180 82 255 -108 -211 -108 59 -162 557 267 109 1045 -384 417 239 40 -482 354 -231 -285 206 -149 -92 -328 -104 282 -490 -252 345 551 207 201 182 -64 395 -56 -422 -406 217 62 411 -255 266 -175 417 86 -283 -727 212 619 -185 896 -381 -19 -250 259 79 -46 -362 310 -33 406 314 176 -399 67 198 136 275 -309 -199 618 88 29 -189 -310 -287 -95 278 247 87 14 -217 227 -140 43 -475 -565 -28 265 114 -188 208 59 -86 -367 -13 335 456 517 -295 -235 10 32 -156 2 -94 213 379 725 268 -178 129 -370 -59 133 180 -343 587 -37 -668 -335 197 -240 12 371 115 315 -314 -58 -65 374 -105 359 -728 -84 -303 708 360 179 -35 -345 -676 587 -127 -304 375 -557 511 52 -495 -120 -61 -124 194 -145 -294 -34 236 -108 -328 -317 -142 -103 361 199 -216 -104 108 -269 -378 36 -121 -174 -87 174 9 297 271 -214 -94 192 -213 420 699 1 -347 -43 23 436 136 -123 30 -590 93 247 -88 152 -86 -139 409 101 345 476 29 354 123 -275 -79 68 -300 -378 -199 -154 124 138 63 220 -122 107 278 -116 -331 8 47 15 80 288 410 -120 -63 -106 -103 -92 211 -62 -95 -118 -116 36 -225 -121 -529 250 207 -235 -205 129 252 272 -4 191 55 -134 -219 -303 121 330 -99 49 366 -2 -154 -161 21 264 127 -141 18 -218 195 288 325 335 246 33 -488 209 -257 -363 140 159 18 26 -284 37 277 400 73 -136 163 160 11 -13 271 -187 84 -136 -260 -148 -79 11 120 1 -355 -77 409 49 -183 92 345 19 25 -171 -238 -307 -97 -271 -431 50 -97 -100 369 -249 -15 211 141 -89 -69 -100 193 -281 -65 -129 -1 -51 -288 1583863281
23 -51 -411 225 1111 -293 -553 355 -99 -337 -596 49 -468 189 -70 -447 -71 373 261 269 264 -428 -92 6 -353 352 -157 198 164 344 -363 -279 320 11 -627 -209 220 304 -616 163 -397 126 368 -318 -498 28 -26 -379 -191 -1 91 -41 -308 140 -105 513 160 296 406 24 67 -158 -225 -473 -197 328 -69 161 150 43 -229 339 -301 -298 819 -257 249 277 141 772 -202 279 -220 -20 140 -74 185 74 -93 110 384 115 -555 832 196 -55 -402 327 138 -72 46 144 182 -20 104 117 313 -581 425 -685 266 -219 137 -179 -215 148 368 -155 466 -374 -240 -123 72 -100 -330 27 -167 -117 267 -120 164 -404 326 -157 47 32 161 558 -164 -527 278 396 -494 393 224 -228 -3 -236 -95 432 -47 524 -468 648 56 418 -47 -259 -217 398 -102 368 -387 58 -272 389 -732 -7 307 61 248 -433 259 312 -208 -444 -747 -299 -185 217 -83 14 -499 -134 343 -162 112 440 144 110 231 329 584 -657 -383 -741 262 253 -337 187 -221 355 205 -49 -297 196 -64 -269 97 338 -207 461 260 27 -30 -183 -278 -104 248 -25 -238 168 92 -37 143 -336 -263 -15 103 -355 -346 476 -19 -141 459 328 390 794 -475 -301 154 -236 -147 -298 497 -109 280 -110 472 -259 -224 236 -451 -495 -37 413 -115 22 -68 -87 -498 -74 211 656 -250 210 -247 236 56 -240 -353 -65 106 127 90 142 -237 487 -37 -375 -299 71 570 -169 -24 -33 34 -254 142 32 -474 -425 -539 -256 57 -42 170 -32 270 -274 344 255 -35 -80 -47 -155 -81 377 35 254 66 10 205 126 -96 240 -452 152 -671 161 -131 -146 25 -121 260 165 -35 -1 645 -32 124 240 34 -105 -159 267 245 -177 50 136 196 3 422 13 -165 47 -61 63 39 -233 -400 -289 171 -51 -64 -185 262 120 -610 -31 33 -296 59 -152 -62 14 154 309 -147 -554 -195 -244 -137 105 67 -101 -45 -71 -224 167 -566 -306 -245 -27 202 -168 -50 -96 137 77 177 -82 -93 -302 -116 -242 -31 131 404 252 431 527 -55 101 -5 64 -579 -200 -118 -574 129 -231 -153 95 41 -23 -107 -36 140 -181 31 364 -83 399 -236 36 1583863281
-324 -12 1 -177 -472 102 56 499 720 -30 -336 -370 257 -671 210 490 121 -141 -267 353 -309 383 81 -207 22 34 9 329 148 222 57 -482 -505 362 199 -2 332 -173 -633 90 -317 -685 209 138 162 378 -108 -413 233 -165 -21 -263 -304 474 -136 -73 -237 81 -348 -267 -57 109 -276 158 440 -193 259 283 382 -241 -195 -668 -76 -170 -16 -326 -585 -400 -309 -233 -211 387 -495 -701 -187 -112 408 -218 11 -394 -48 73 33 174 -22 -175 -412 -178 -523 -34 574 54 -376 300 -198 -157 204 45 -214 81 -378 650 173 238 -5 197 -414 -608 -405 627 99 -84 -474 69 82 -429 -340 151 157 150 -280 -42 -515 209 391 -167 -366 148 -12 -85 155 150 -63 218 -576 -75 386 237 49 -291 473 -267 125 -35 -166 -302 -163 -202 -84 -426 -449 -6 348 -718 -199 239 178 -12 -145 215 329 -144 -196 62 -208 270 764 -313 -100 -186 146 480 -80 315 -615 81 -298 216 26 -86 95 155 93 -524 155 -77 -694 -67 431 -161 197 333 228 -155 161 129 223 -215 157 391 279 87 -23 -510 -186 -461 -381 63 18 -78 595 329 257 -276 -22 -424 -264 309 97 117 265 -141 -144 -354 -239 -248 312 -75 -59 65 36 202 78 508 -17 405 -16 85 -612 374 -249 550 -155 229 -127 -11 461 -223 84 -288 -393 484 269 41 -465 -195 143 395 167 241 181 561 -77 -76 -145 404 111 -253 179 259 -161 29 2 48 -425 155 -322 -15 170 256 17 58 77 296 68 -279 -352 113 256 -107 17 39 91 117 143 105 -366 -41 357 -365 -271 -183 -412 360 -260 -31 -343 472 188 397 -170 49 -7 -221 -204 127 409 -381 -241 -131 1 164 566 42 390 -11 -152 154 -77 -86 -50 268 144 544 384 -61 383 -28 381 133 587 160 -420 -294 -367 147 -24 183 564 94 504 156 460 -89 -146 385 201 80 352 -122 -127 86 125 -247 -371 262 166 533 -34 -110 326 -77 92 148 -416 163 -39 55 -105 349 55 -519 70 -45 -100 -36 4 170 -109 -378 114 -52 -378 27 40 -43 -103 66 -194 -210 -13 20 43 -208 331 160 16 -22 173 49 104 105 -97 7 -41 -69 1583863281
293 12 188 156 132 223 -708 -149 213 177 65 -545 -467 196 124 -1 130 -190 456 110 -126 -143 344 -113 -297 -547 480 -188 -572 -159 -537 262 -21 665 36 -632 281 381 426 57 -50 -487 476 395 65 7 513 67 309 75 -81 -251 393 131 85 -118 305 -214 115 467 -682 244 -139 -188 11 24 -341 -509 -175 184 -625 -82 39 629 -129 122 -554 -74 143 493 391 319 -501 -442 315 -199 -289 -201 -685 103 -148 -346 215 -363 -275 -672 -152 298 -403 17 -237 -101 29 502 -305 369 -253 -406 -465 147 -106 -35 -168 -12 258 -164 312 -534 227 -148 487 -195 -259 337 28 -379 33 296 270 -159 -240 55 -570 -606 334 97 -101 -146 704 -128 -58 71 14 -111 -366 -159 67 -204 269 314 260 4 -34 23 -45 360 -40 221 -127 -59 16 259 -557 -140 123 -125 323 -127 428 345 155 -953 -664 -576 -51 186 108 295 -37 -321 197 133 -194 -104 284 -366 -79 -248 35 149 364 -140 493 482 266 27 -214 269 -409 798 -43 -462 183 582 83 442 -165 -175 28 -56 -68 -41 272 -316 -55 65 192 -217 -198 405 -411 -279 -233 -421 343 259 118 25 -168 345 -50 -195 -160 -413 200 -232 363 161 -154 52 -70 -566 589 216 -507 -250 -241 53 -163 304 -232 -38 -263 429 -245 86 -282 13 468 -257 345 34 -2 -5 49 -38 -86 -191 -30 390 -137 217 257 -182 -272 78 297 463 85 287 81 -119 -493 207 -727 -348 -19 117 89 119 -370 -185 32 -154 -10 171 49 58 174 57 109 134 -21 149 -37 -24 -104 172 -401 -350 -454 -195 -82 363 -224 231 259 -177 -166 -555 -137 149 340 8 -214 -133 1 192 -548 -251 344 -392 -125 84 110 293 -43 -68 -58 227 504 26 237 -105 111 112 -289 -55 162 -33 12 -133 437 -267 220 -69 91 431 339 -27 -405 -605 -144 -521 -71 13 136 -61 188 142 330 -61 31 83 266 106 53 -11 188 97 -206 56 -40 -292 273 -384 25 175 -401 77 -237 -115 -141 200 -56 173 -96 214 -511 66 -60 -245 205 -174 -15 -62 -184 -202 161 -146 55 364 -497 -36 -149 -132 104 -635 -156 14 63 -232 779 207 76 69 1583863281
-146 84 218 109 -216 354 128 596 94 312 579 85 -10 -24 212 32 308 651 -295 481 -81 -199 248 -265 -381 140 -18 -379 -140 -301 -241 313 727 217 -508 634 55 -683 457 -141 -612 258 -364 263 568 -365 -80 -200 229 429 341 -112 318 -514 279 192 -262 -166 -291 675 -541 -212 661 212 24 801 -504 -2 102 -260 576 -154 -49 -506 -323 530 -157 -451 -441 -226 228 -35 -374 392 126 -253 172 173 -305 -30 -6 -717 340 65 134 -581 -260 34 -180 -129 -340 -331 -261 229 58 186 -133 -6 366 384 -107 -110 -20 191 -603 191 -89 -154 525 -155 238 -145 78 86 377 -253 759 -413 376 110 257 -108 -307 -364 -353 -377 375 -142 193 68 132 126 -354 242 -276 49 -177 -37 235 239 103 -556 40 87 65 -268 -71 58 -239 -247 32 -324 -451 241 55 -50 14 -264 444 40 11 -325 -90 -462 -60 -33 -86 47 186 -50 308 271 -224 285 190 348 -136 127 340 -26 -57 -359 294 145 170 321 -308 220 -33 -332 -169 -10 114 -23 -522 -462 -634 -47 249 -6 -535 -97 132 -259 -39 -405 -30 448 -134 -239 144 237 -101 104 379 -137 -483 -460 -97 403 117 486 -126 477 -123 405 232 339 6 -414 -400 69 361 103 10 325 107 -262 28 258 80 193 -11 -163 195 -481 204 -623 -70 211 110 17 -266 280 451 338 99 -125 -506 -530 298 303 -130 -241 38 141 -170 -333 -106 -286 67 277 349 260 -87 -156 -200 -217 -14 -245 214 94 -142 -216 -66 -453 -142 190 -284 11 397 111 -253 -104 -404 -209 106 -131 -419 -247 12 -345 -95 62 -61 -233 433 -60 -8 890 -363 -130 74 262 -521 -274 -48 27 118 -152 -290 175 238 -350 -353 168 219 -427 618 -400 -214 238 -144 241 200 277 295 -79 -9 195 -135 106 347 151 -459 334 -250 510 -129 -424 268 62 244 -263 -16 -70 -115 -291 434 -85 245 -21 -3 3 153 163 -278 239 -426 260 -110 28 180 153 136 432 -5 -163 -142 -81 182 262 125 207 123 29 -205 47 -48 346 -519 103 541 209 -19 160 151 -407 252 302 239 129 35 -47 -179 23 -65 -33 190 267 412 -72 -177 299 -32 103 1583863281
373 -117 431 -32 67 -417 296 457 341 23 191 -47 -581 815 -251 -220 -14 185 -575 260 -136 88 -514 -645 365 -221 205 115 463 -38 -304 36 169 -613 135 -48 390 233 227 -70 -383 203 -160 -129 153 139 228 -405 197 -445 315 59 -117 377 60 -725 501 208 -146 245 -740 -331 -59 1 -305 -121 -776 213 -17 -426 286 336 64 200 -425 -19 -192 187 -259 52 -315 -354 670 -99 375 260 -207 -326 21 818 213 -194 143 607 -47 -50 258 136 130 -6 100 20 165 -12 723 138 -106 248 177 -50 292 313 -268 -45 121 27 533 -90 76 -352 -127 -504 215 333 -180 -4 118 -533 -102 -26 -200 -247 -95 2 -215 540 -87 -504 -444 176 -233 -91 -444 -195 -218 207 -322 -44 7 -91 70 12 8 103 61 345 -7 256 -177 -37 384 458 -444 24 148 567 -47 209 27 146 -131 -355 32 -84 -233 252 -336 -605 -523 -64 -93 141 -109 29 196 -234 -434 228 386 309 76 385 396 160 -81 -681 -269 -35 26 -332 135 52 -178 -274 -245 -5 196 139 -402 36 197 403 197 94 -157 379 -210 204 -253 -38 303 178 -259 -273 -458 11 -399 -721 -634 -543 -15 163 39 -286 -445 134 -100 548 432 284 86 -70 538 442 -192 -288 96 301 -142 -234 -419 -148 -91 -100 -145 -211 295 -43 -316 -231 353 10 102 205 -212 44 102 -11 653 -656 120 112 412 249 233 -168 -528 28 18 -215 363 -117 485 -378 294 -195 74 -210 -35 -182 469 -20 -19 36 -347 519 4 117 174 325 -156 -1 -37 279 137 -111 -315 -241 -234 127 9 -258 -279 96 -369 286 -212 431 343 -192 111 71 -258 58 241 -115 120 81 457 647 -100 -302 -22 74 -85 389 302 -181 -161 162 -244 -562 142 373 81 149 -51 126 -82 246 -118 -140 14 -260 155 89 -161 -360 -317 -68 232 -276 -61 92 164 82 -401 -119 -24 206 16 287 -186 128 -465 -367 -250 461 -315 -4 -238 435 5 63 -424 570 -13 294 521 156 18 -175 143 -307 -200 200 34 -20 -257 -86 -69 295 10 48 -2 -78 -332 7 403 212 411 134 -208 -424 -169 32 226 -416 168 -103 -155 -495 -191 -150 -424 -161 1583863281
