-16076663 -15500884 21956636 5026066 -7882567 -7589120 -1819950 -142299 110277 -126334 -43340 -13585 -3975 -65918 991 8810 -9722 -4304 -1017 798 -230 -616 88 -206 -3 -19 53 -7 1 -1 0 1 1 0 -1 0 0 0 0 0 0 0 0 -1 0 0 0 0 0 0 0 0 0 0 0 0 0 0 0 0 1583838658
-16093072 -15459687 21768984 7342461 58283212 -6455759 -7857063 -146883 117321 -140145 -48807 -17925 2355 1618511 -8802 707 -25713 -1366 -941 -62 -1171 158 -976 588 0 -8 -20 -5 2 0 0 1 4 0 5 7 0 -1 3 6 1 0 4 7 1 0 3 0 0 2 0 -1 -3 0 0 3 0 0 1 3 1583838658
-16088433 -15507936 21967282 5141483 -4372973 -7536878 -2155231 -142505 119224 -127101 -43643 -27575 -3646 24651 -9365 -1954 186 -3325 -1046 -554 -226 -202 -440 2876 -20 -22 -41 -7 2 0 0 1 11 0 -3 1 0 0 0 5 2 0 7 22 -2 0 0 5 -4 5 -3 -12 0 0 -3 3 0 0 0 0 1583838658
-16045229 -15477864 21904449 5021327 -7351907 -7585377 -1869835 -142336 87067 -126397 -43365 -28136 -3943 -52071 -10013 -3749 -9782 -2363 -913 -1550 -240 -89 107 110 -5 -23 -14 -7 1 0 0 1 3 0 0 0 0 0 0 0 0 0 1 4 0 0 0 1 -1 0 0 -2 -1 0 -1 0 0 0 0 0 1583838658
-16085177 -15470848 21898019 5076540 -7893232 -7574445 -1820370 -142461 120629 -126392 -43349 -30232 -4001 -66502 -10919 -3697 -9638 -3068 -960 -637 -232 -135 79 265 -5 -7 724 13 -1 -1 0 1 1 0 3 0 0 0 0 1 0 0 0 -1 -1 0 0 0 0 0 1 0 0 0 0 0 0 0 0 0 1583838658
-16082309 -15499772 21956905 5012038 -7889224 -7578830 -1821355 -142242 127775 -126345 -43342 -15325 -3975 -66457 -11673 -3911 -9646 -2895 -958 -573 -232 -147 83 86 -4 -14 856 -5 2 0 0 1 7 0 2 0 0 0 -1 1 0 0 1 0 0 0 -1 -1 1 0 0 0 0 0 0 0 0 -1 0 0 1583838658
-16088522 -15510401 21977990 5018258 -7892223 -7597681 -1819035 -142235 119630 -126323 -43329 -27677 -3997 -66092 -9347 -1835 -9661 -3383 -981 -118 -232 -313 84 -199 -3 -24 106 -6 1 -1 0 1 1 0 1 0 0 0 0 0 0 0 -1 0 0 0 0 0 0 0 0 0 0 0 0 0 0 0 0 0 1583838658
-16082167 -15502501 21961124 5023752 -7892612 -7590346 -1819078 -142277 116360 -126336 -43341 -15544 -3982 -66807 1170 4787 -9519 1761 -1163 7224 -206 -1548 32 317 -6 -81 909 -10 -5 -1 0 0 -5 0 2 0 0 1 0 0 -1 0 0 1 -1 0 0 0 0 0 0 0 0 0 0 0 0 0 0 0 1583838658
-16088219 -15510711 21978536 5018181 -7882455 -7597462 -1824563 -142242 119361 -126339 -43341 -28147 -3999 -67544 -9915 -2129 -9608 -3603 -993 15 -229 -288 64 1457 -13 9 2442 -3 5 0 0 0 -2 1 0 -1 0 0 0 3 0 0 -5 -7 0 0 1 1 -1 0 2 1 0 0 0 0 0 -1 0 0 1583838658
-16088220 -15510734 21978596 5017822 -7892227 -7597643 -1819016 -142234 119363 -126322 -43329 -28168 -3997 -66122 -9922 -2148 -9661 -3585 -990 4 -233 -279 84 -203 -3 -22 187 -6 2 0 0 1 1 0 2 0 0 0 0 0 0 0 0 0 0 0 0 0 0 0 0 0 0 0 0 0 0 0 0 0 1583838658
-16088283 -15487875 21920699 5302847 -512005 -7460522 -2492840 -142850 120405 -127890 -43938 -29083 -3280 126097 -10855 -3387 -11482 -2848 -955 -597 -340 -90 316 -194 -2 -13 390 8 0 0 0 1 3 0 0 0 0 -1 2 -2 0 0 1 0 0 0 0 0 0 0 0 0 0 0 0 0 0 0 0 0 1583838658
-16087081 -15501460 21952738 5176400 -3578642 -7520044 -2213197 -142573 118130 -127237 -43692 -12682 -3553 46357 -2851 8025 -10660 -6065 -1196 4934 -288 -3696 2337 -283 -2 8 -2 -17 -3 -13 0 -4 4 0 0 0 0 8 1 -1 0 0 1 0 0 0 1 0 0 0 0 0 0 0 0 0 0 0 0 0 1583838658
-16089615 -15505510 21962987 5138545 -4590091 -7539465 -2120322 -142479 120527 -127021 -43614 -29761 -3697 12973 -10894 -3570 -10385 -2977 -958 -621 -277 -116 37 -294 -2 -24 -6 -2 1 0 0 1 1 0 0 -1 0 0 0 0 0 0 2 0 1 0 0 0 0 0 0 1 0 0 -1 0 0 0 0 0 1583838658
-15742109 -15247056 21381915 5174174 -4689650 -7406016 -2112213 -143636 -148736 -126970 -43735 200380 -3378 15489 297917 162869 -11061 96185 5804 -129619 -257 4732 576 -149 25 -72 0 -38 -24 -37 0 -14 3 3 0 0 0 6 2 0 -1 1 -1 0 0 4 0 0 0 0 0 0 0 0 0 0 0 0 0 0 1583838658
-16057412 -15205750 21339488 5909548 5280895 -7196260 -3025789 -143711 120235 -129554 -44539 -28184 -2709 277774 -10805 -3143 -12854 -2728 2495 -433 -415 -53 1371 -197 -1 76 297 197 -39 -5 0 1 8 0 -7 -1 2 -1 4 -2 0 0 1 -2 1 0 2 0 0 0 0 0 0 0 0 0 0 0 0 0 1583838658
-16088367 -15508643 21970198 5108879 -5302042 -7552917 -2055070 -142416 119256 -126861 -43539 -27739 -3744 1569 -9562 -2015 -10262 -3267 -971 -279 -270 -194 956 -295 -2 -27 -6 -6 1 0 0 1 2 0 2 0 0 0 0 -1 0 0 0 0 0 0 0 0 0 0 0 0 0 0 0 0 0 0 0 0 1583838658
-16046737 -15474901 21901388 5009667 -6953011 -7538521 -1904583 -142279 120269 -126501 -43399 -27975 -3904 -41566 -11123 -3616 -9883 -3049 -958 -648 -247 -131 193 -225 -2 -22 -10 -6 1 0 0 1 1 0 0 0 0 0 0 -1 0 0 0 1 0 0 0 0 0 0 0 0 0 0 0 0 0 0 0 0 1583838658
-16089844 -15507916 21968285 5126146 -4851934 -7545289 -2096111 -142449 120536 -126957 -43575 -29755 -3703 13275 -10893 -3568 -10396 -2976 -957 -619 -277 -117 412 -267 -2 -26 -7 -4 1 0 0 1 1 0 -1 0 0 -1 0 0 0 0 0 0 0 0 0 0 0 0 0 0 0 0 0 0 0 0 0 0 1583838658
-16085610 -15447660 21730099 7633250 66450311 -6309593 -8601643 -147494 110658 -141853 -49488 -7517 3153 1826688 -2101 8017 -27747 -1812 -971 813 -1286 211 -1115 -14 3 -7 -4 -4 2 0 0 2 6 0 2 12 0 -1 2 7 1 0 0 2 4 1 4 -5 4 5 0 -1 0 0 0 1 0 0 1 2 1583838658
-16088374 -15508214 21968708 5122627 -4915621 -7546176 -2090658 -142445 119234 -126945 -43576 -27548 -3712 9404 -9486 -1901 -10378 -3289 -975 -252 -275 -219 48 -107 -3 -25 -13 -6 1 0 0 1 0 0 1 0 0 0 0 0 0 0 1 2 0 0 0 0 0 1 0 0 -1 0 0 1 0 0 0 0 1583838658
-16085496 -15501487 21947945 5241946 -1726544 -7489419 1556813 -136482 118033 -116776 -38249 -23963 -5522 -94239 -8014 -493 -15832 -3539 -1001 10 -239 -237 926 13 -2 -23 238 -4 2 1 0 2 7 0 3 2 0 0 0 -1 0 0 1 0 2 0 1 0 0 -1 0 1 -2 0 0 1 0 0 0 0 1583838658
-16087293 -15503986 21954502 5218726 -2317846 -7500993 1001040 -137389 119300 -118330 -39068 -26564 -5259 -82443 -9533 -2206 -14987 -3261 -987 -319 -243 -119 -271 293 -4 -21 217 -4 3 1 0 2 4 0 2 0 0 0 -3 -1 0 0 1 0 3 0 -2 0 0 1 0 2 -1 0 0 1 0 0 0 -1 1583838658
-16088029 -15490001 21930429 5168362 -4443090 -7529597 28095 -139169 120522 -121123 -40552 -30229 -4836 -80390 -10747 -3641 -13078 -3043 -969 -611 -238 -118 -86 -56 -2 -15 169 11 -1 0 0 1 4 0 2 0 0 0 0 -1 0 0 0 0 1 0 0 1 0 0 0 1 -2 0 0 1 0 0 0 0 1583838658
-16070342 -15495906 21943261 5075402 -6540318 -7562121 -1947676 -142429 105093 -126630 -43462 -6731 -3833 -31268 4513 14022 -10057 -5834 -1112 2789 -247 -507 153 726 -7 -22 -12 -6 2 0 0 1 10 0 -3 2 0 0 -1 0 0 0 1 6 1 0 2 -1 1 1 0 -1 1 0 0 0 0 0 0 0 1583838658
-16088200 -15510440 21977565 5027339 -7622979 -7592970 -1843817 -142254 119330 -126379 -43351 -28123 -3971 -59000 -9596 -2130 -9726 -3332 -974 -293 -237 -202 127 -210 -2 -26 -13 -6 1 0 0 1 1 0 0 0 0 0 0 -1 0 0 0 1 0 0 0 0 0 0 0 0 0 0 0 0 0 0 0 0 1583838658
-16090689 -15450806 21779896 6749060 40428976 -6750805 -6227423 -145755 119164 -136449 -47330 -22883 647 1167551 -10512 -1713 -21432 -1667 -938 -394 -921 160 -682 -302 2 -4 -1 17 -2 0 0 2 5 0 1 8 0 -1 0 5 1 0 1 5 2 1 4 -3 2 0 -1 1 -1 0 1 0 0 0 0 1 1583838658
-325 -6 -189 -88 -33 298 -729 -405 -159 -727 0 -404 16 341 -47 -347 -672 185 599 -178 22 344 -578 -224 91 215 101 -360 -248 259 262 110 84 -353 -578 368 307 68 242 -225 15 156 -44 -330 190 -479 -90 -139 536 569 -187 147 -375 132 -43 555 -357 204 -251 502 -41 -56 585 390 20 277 267 -340 141 -362 -494 -261 -138 -333 183 -159 78 173 199 -240 235 -468 -52 52 -482 -408 -306 404 -92 659 -95 676 41 -574 -291 89 87 53 246 -482 -122 -17 -313 -197 21 307 149 117 149 -323 -204 145 54 -232 672 71 138 -301 -74 204 7 -101 142 -280 349 -124 226 -408 51 19 -75 -257 158 -306 757 -156 -292 258 185 -121 -307 25 -275 -110 50 -90 288 353 -219 -362 -55 -419 498 65 77 77 -130 -106 268 -243 -516 233 522 48 -415 -203 78 822 -260 274 -26 -39 -89 -119 35 154 -161 -426 258 28 -242 481 458 280 -34 -95 90 208 258 127 111 61 -135 -258 -174 149 -325 -260 256 -105 -146 -225 20 95 55 -3 -383 -286 490 -443 56 350 -131 -118 281 -193 239 391 116 -179 -153 116 -188 369 2 545 -556 -366 346 367 -69 62 97 -195 -342 600 -379 -211 332 64 -267 -139 227 115 299 -420 -28 -402 -270 -829 -151 -45 488 232 178 -162 -320 -225 35 298 364 -439 200 -148 310 613 258 115 -150 218 83 13 -429 84 23 339 -83 48 118 -85 -264 -275 3 -345 265 400 372 -51 315 60 240 116 -281 23 517 -313 214 175 -7 95 -13 0 12 134 -155 75 312 -249 -241 37 65 -11 14 316 465 448 -145 103 115 -251 32 -382 296 -63 195 144 482 -127 -63 -306 161 -264 -252 35 416 272 188 -267 -332 -254 -191 105 -63 -483 149 472 -246 -232 172 129 -365 -114 -381 130 6 350 -369 -456 52 109 124 162 74 282 305 165 396 335 131 -15 -193 -75 -85 -130 24 -426 -145 -181 205 30 -78 23 -226 -43 391 -152 123 -439 -126 196 -168 87 -61 191 180 -271 197 -163 30 133 -57 -67 -44 249 388 96 156 226 -219 485 -384 -187 -149 391 -80 -125 23 -19 168 -31 -86 45 252 -137 -221 -4 1583863281
418 458 -436 42 -17 23 404 -192 121 319 382 104 -104 -37 -288 -435 -354 -77 500 -452 603 -510 -543 109 500 -255 -290 -142 -255 -596 131 49 -506 633 111 40 -4 29 280 585 -498 61 171 -124 -628 239 -233 302 908 -26 155 244 -144 -258 -347 541 -767 -59 287 -235 16 -152 -16 336 -495 65 -717 185 324 -210 246 -117 700 817 -250 -503 285 -571 -100 -230 418 125 284 -241 419 153 -176 114 -645 -500 96 -15 430 259 -33 -107 356 363 140 -160 -217 286 -225 151 -54 -184 -64 27 28 272 -85 -301 194 110 87 -507 -415 439 464 401 178 229 437 434 119 75 443 -342 -595 204 -405 -359 -109 -161 -61 13 414 -269 -604 -299 498 -44 -266 -9 -228 -141 -89 272 -483 1 -300 -21 -316 289 -241 -346 3 -203 47 132 -285 259 1177 15 -173 608 8 234 -235 288 -13 338 210 -120 -163 -334 432 -93 -321 -316 68 -508 132 -159 -191 -114 -59 18 55 515 -322 -60 -476 -294 -467 -55 180 -110 -237 78 -50 129 -397 167 -96 141 -624 130 83 -360 -4 -200 -550 -49 70 -233 205 145 671 217 -78 403 -378 302 -21 -139 241 27 -236 300 90 318 90 -360 -170 64 353 -206 -423 -220 -365 -12 605 64 -667 -297 -332 30 459 43 -300 49 204 -491 97 291 -146 -447 338 614 -88 -175 320 -686 22 479 -173 -365 115 43 92 -175 -358 -387 -313 -37 86 180 -228 137 -101 11 140 -35 101 -315 224 -224 86 -230 -179 -106 -414 56 -59 -223 161 -16 -242 272 30 -447 -1 -167 -72 175 -390 559 -100 239 282 -69 -16 -30 -69 -331 -201 199 118 -373 70 25 118 195 -418 -110 72 173 -212 267 94 643 233 80 162 -59 240 85 -61 -324 -274 24 -481 -32 -179 30 223 -66 -495 -200 -46 180 214 -241 -353 537 235 359 -16 -386 -281 -228 52 -131 69 -13 -8 -558 -7 -135 46 -10 -11 0 220 166 264 122 -77 -147 -406 365 272 -277 220 -12 5 28 -149 -296 295 -424 -256 146 162 200 140 158 -173 134 74 -128 237 27 73 263 -141 99 691 13 -78 176 153 -48 260 16 251 -264 -190 294 -25 327 -605 40 -153 294 1583863281
497 -700 -618 153 285 186 143 68 -26 121 -18 -131 39 233 22 175 -791 -54 -580 418 248 165 368 314 220 97 -181 -181 314 -719 -492 284 436 74 -13 113 -306 30 280 -90 470 420 90 -206 188 -541 -22 -844 80 -119 -2 -719 -28 182 -800 113 -463 -37 168 -238 58 -431 -338 40 269 -228 420 -146 -78 12 -35 28 332 701 12 -121 354 623 302 -337 380 -167 49 70 -83 -163 355 -60 -372 282 193 -839 -76 67 -129 25 -245 -439 -159 162 -599 216 -241 -139 248 -643 -97 373 414 126 -454 -377 -32 -48 -48 110 407 -222 250 123 -521 -616 84 -555 38 39 -243 -92 -98 126 123 81 -199 -192 21 -43 -134 318 71 -249 -101 -405 164 -283 -320 -355 63 -29 352 -205 -204 275 384 -212 339 107 219 267 -26 261 -360 275 -183 344 260 -130 162 9 -69 571 -67 72 -415 556 -26 -220 454 -370 -246 111 205 -238 -58 -20 -188 135 543 95 -145 40 545 54 -39 56 -613 70 298 153 538 -328 -158 276 -155 70 -191 -52 279 333 -68 -193 -58 735 147 -95 -212 -902 165 556 -105 75 -50 -158 185 -380 62 237 -102 -291 -8 -205 -272 127 -681 249 -307 80 -233 194 103 -764 211 -197 -154 -184 -47 280 29 -290 9 -129 454 316 25 -496 524 210 -166 -221 -102 112 -32 339 -10 207 -400 65 234 -75 -107 280 153 -277 358 92 -175 160 272 209 82 -205 153 -49 -406 143 165 -307 -401 -71 350 437 502 73 -293 -14 -29 6 563 -44 107 66 -369 284 70 -55 -502 484 -357 -138 305 -50 -32 -320 -71 -381 120 467 196 257 -315 361 -461 196 -27 107 -156 363 100 70 61 35 576 -69 -40 -29 -230 76 144 -237 387 -554 -113 -307 226 -33 411 233 237 -226 -100 114 -77 -307 22 -151 -35 -245 -124 10 23 -620 -20 -216 -233 -153 -76 54 4 197 -13 -334 -88 -128 742 180 293 310 -93 -130 -129 18 -47 -282 222 -172 -380 207 177 -323 144 222 136 -69 -114 -138 25 -9 0 97 483 -309 127 240 -21 86 -322 -142 -5 18 185 156 290 544 -494 33 -219 559 -45 -36 -124 98 -352 -75 -221 52 266 149 1583863281
-9 60 416 -700 -147 36 -47 821 -60 -84 -355 34 -197 674 417 340 -230 1000 129 308 -417 341 489 65 -367 -471 -583 -480 -562 -120 -590 -69 19 -186 -242 45 288 -276 420 -5 294 94 -456 -30 -387 308 -499 173 4 -96 66 -452 265 -298 -94 -7 133 636 -224 -20 17 160 8 189 39 -95 -28 77 51 535 -114 -309 149 -1042 -282 -523 -57 -186 221 359 334 266 49 435 28 144 114 -20 667 -222 -294 -330 46 345 -22 280 651 244 242 -363 188 378 129 16 563 -84 133 342 -94 0 -258 92 362 -79 -124 37 -193 -251 260 -291 -45 -252 -89 -346 41 1 437 176 132 81 69 86 -313 -78 175 15 399 -184 -395 -179 -814 21 -471 -173 -98 127 57 67 30 142 -288 -347 54 56 -190 169 -163 -29 57 -91 151 -56 -173 140 -206 -141 349 -26 5 253 -47 -251 -277 25 -47 -87 -91 -261 315 79 -35 -174 414 73 2 99 -128 -255 309 86 -133 -14 -242 -415 346 -202 237 -182 89 369 -19 354 160 361 229 -141 -16 -76 -172 -88 106 114 -241 -413 -632 351 -440 222 -283 241 -265 -253 80 170 -76 177 763 -330 -112 -81 -350 292 -32 152 -239 131 -114 -7 567 -379 276 395 -123 5 58 144 145 169 43 -110 -306 136 -269 76 294 92 90 238 97 390 678 487 105 167 169 349 -55 48 -97 170 -45 434 66 -86 172 91 26 319 266 -85 463 -239 429 -431 -107 147 507 -221 -33 -310 -219 -72 -81 -321 333 137 -34 -689 -215 -122 16 246 233 414 -204 28 -79 -142 116 -195 -335 0 -58 95 359 -108 -50 375 -79 3 -547 -94 -117 -180 -178 194 -327 259 336 -535 152 267 -204 427 -17 -379 -727 -110 181 -100 -68 89 -83 323 -273 101 -255 146 142 106 -117 55 153 -277 -86 -22 77 230 -183 -107 448 56 540 275 245 11 -6 -232 -198 305 -6 -184 -225 83 22 47 255 167 -197 -390 -125 -268 125 -75 118 165 -223 -169 -134 288 178 180 -54 123 210 300 232 147 100 127 331 87 275 258 -130 -530 86 22 -383 14 -113 468 -71 607 -238 481 180 -199 59 -200 210 -670 -5 177 -70 -140 1583863281
-132 -257 -287 -28 -206 -135 171 72 1 -357 -38 295 -253 -117 25 -659 49 753 -196 -653 469 -279 -367 47 -257 226 273 10 212 -188 -284 32 261 264 249 -236 -156 116 -322 61 -474 186 151 -331 281 409 133 134 -64 -262 483 343 71 203 409 -39 32 493 -234 -136 -40 -64 65 -315 -380 530 418 -125 440 -174 -295 651 -488 -332 58 51 -545 -158 34 -285 122 -69 -63 154 660 -583 -406 -132 301 -130 -406 180 -303 296 382 -77 -162 373 -238 181 272 438 -495 -30 -511 365 -334 -265 132 -310 -57 135 -446 585 -84 -146 73 -195 -17 86 152 410 -69 225 -291 -78 178 586 162 -726 204 84 223 121 -372 663 -162 282 61 -230 55 -165 -114 251 44 -396 -262 182 -443 61 195 -42 -102 -121 -362 557 293 389 440 544 -293 -288 70 139 -264 135 -289 -564 -573 -232 -116 252 471 436 436 -321 -31 -149 -114 -15 187 59 -136 195 352 -204 -360 -108 36 -422 -203 65 -20 -150 -533 -407 245 -454 768 -110 -628 257 250 -419 -424 94 -49 84 -245 -480 -367 -130 164 166 110 101 175 -149 73 -83 22 -188 34 -591 147 -456 -194 557 -77 358 -84 194 50 241 -132 484 -8 43 371 336 126 194 430 -475 317 403 340 -274 397 214 308 -41 -480 494 -97 550 80 152 161 110 40 -241 135 339 -23 140 -38 -331 -42 -140 39 105 -456 29 554 154 343 -71 -194 308 527 152 243 -82 32 -102 73 -295 276 142 247 -196 -248 -60 -386 -79 138 329 286 -51 -228 -185 0 59 -177 -298 243 -90 126 74 86 -43 245 -373 297 172 27 -274 103 -203 171 27 511 -83 50 -286 -151 -217 752 163 -154 72 -568 163 424 261 -264 -261 -15 -140 -220 -9 -118 11 99 -259 -386 -311 -90 329 -225 -371 168 -51 524 211 -482 372 398 -25 67 144 -29 -41 406 -141 17 -337 151 570 -47 25 -111 -43 152 -234 398 208 -119 -273 279 -327 -229 269 -103 -178 237 53 -370 278 -201 89 119 -102 153 -501 180 4 -482 262 24 -2 29 310 272 99 -332 297 176 423 665 241 -222 147 416 -24 566 -87 47 -392 -67 -109 -99 -297 41 169 1583863281
532 520 -507 242 -552 -322 -397 -274 44 -133 300 361 765 -47 34 -358 69 -143 -328 261 413 -556 -2 -238 -144 -120 340 -684 44 556 140 -363 -119 -150 -24 -74 -47 -116 -59 -50 -31 -221 -205 25 88 94 206 200 -76 125 143 -76 1131 -369 -170 729 -439 -33 83 11 46 296 318 -181 88 295 -163 -434 485 -316 314 94 279 251 412 -234 52 22 18 117 -222 -83 51 271 -439 260 522 152 356 -331 322 -275 235 -558 39 -203 592 559 -20 474 91 -11 271 -543 99 296 289 388 -48 -142 23 -305 -7 -468 -425 385 172 -263 314 39 -114 360 -817 411 -45 -142 80 251 -153 -126 161 8 -437 426 727 361 -105 108 561 -321 69 324 56 -176 247 -61 -58 654 -97 -104 -323 410 17 -128 -149 213 -149 -576 373 -327 -229 326 122 -12 -343 -84 -25 233 -99 242 408 344 131 -135 -152 -117 143 -186 4 151 80 380 129 -137 -420 -322 -166 -56 -119 -167 -61 -472 -338 -229 -436 -98 -469 214 288 -448 -81 63 77 -96 -268 -208 -367 400 -394 156 262 99 -45 -279 42 -390 60 -151 -105 -141 -234 280 251 -65 -606 7 248 -106 -840 355 131 -61 -254 166 -186 162 345 429 -193 -22 -104 -275 -748 -345 -101 349 -75 -48 -119 -48 139 -3 176 146 -200 -179 -168 104 -252 360 -169 -20 292 -266 -24 837 296 -219 -214 292 134 524 185 -449 290 70 -528 167 221 214 -319 -87 262 104 117 280 162 260 75 125 48 -342 45 217 -468 -253 -460 -55 -407 3 -172 463 -171 -318 97 -59 -21 -214 244 -241 -131 249 77 -112 -63 62 -17 19 70 -296 -180 -90 261 -30 -108 -347 170 73 -255 -55 -163 -527 175 -159 31 -127 67 -23 -68 63 124 -57 -227 115 357 -544 -186 136 -460 -340 329 48 208 605 34 -205 50 96 -142 -71 -209 -327 300 280 437 -68 -297 -399 116 44 153 81 204 -308 2 456 -14 -67 53 74 -156 11 -174 -185 848 -407 46 150 -203 250 485 -14 125 -12 345 28 -96 142 44 -353 363 -132 -263 174 287 36 -82 -316 -32 132 342 300 238 545 -350 -97 -65 -225 -39 -67 -770 518 386 227 -261 109 1583863281
334 -281 534 -234 -632 -690 235 215 -148 106 -514 -361 -93 20 549 438 23 -659 26 69 -14 -105 -138 526 -499 -257 -78 -285 -666 181 132 -388 193 411 -212 269 736 349 -283 -240 -307 -568 322 -303 -477 607 280 42 67 97 -149 118 -503 358 179 39 337 -260 -191 -85 228 -165 -53 164 -413 264 487 -177 242 741 316 397 -406 186 -40 -515 -452 -667 -216 411 -145 -34 252 -177 -170 -162 -302 -440 344 46 -213 89 -863 156 211 163 75 -135 -103 31 39 177 26 -486 -10 -322 -327 201 265 -60 74 -204 -736 -127 173 -322 100 -174 806 -16 -127 -684 94 10 257 -444 359 302 -248 344 63 -17 -478 -114 313 232 45 299 -123 -158 60 93 -130 -229 -762 -25 116 204 299 -366 -102 136 -274 -177 163 -180 -107 245 199 -227 -332 242 -482 -91 -551 67 34 295 240 -461 0 -104 334 415 9 466 -226 -7 -241 -108 121 -142 32 -187 219 -6 87 321 -302 315 214 143 129 359 -223 470 138 331 194 189 -34 -261 303 -379 4 -510 26 15 45 -168 -312 255 -61 132 -178 -179 327 -185 446 -342 -83 329 -59 657 215 -190 -33 -273 277 -611 -238 -120 -590 182 97 -4 -155 -301 -393 17 -282 14 441 43 161 435 -179 -85 -201 -90 -15 129 -268 428 351 -33 52 518 13 268 213 231 566 -184 -320 -146 -243 580 64 323 678 146 -72 -161 -146 -131 -117 164 -381 -2 -173 -79 -73 343 88 135 -485 -72 9 -2 -113 356 -70 -213 -385 -156 162 51 359 54 580 112 12 -5 -53 444 585 506 -288 -68 103 -92 -945 63 130 287 158 -178 -287 -401 -193 -425 -484 341 2 409 47 58 297 5 475 -14 -218 -308 -318 -345 -36 -83 -163 168 251 320 -56 -24 -370 287 -56 392 159 348 320 228 97 170 -54 341 -69 48 51 383 -109 -91 119 55 -27 2 -84 215 80 187 -116 49 -108 163 372 -281 -62 -42 394 102 249 202 401 -171 -101 -211 256 -453 -48 -107 315 267 -134 403 131 -5 221 -106 686 -652 -318 290 226 318 438 232 55 -479 -302 -59 460 30 -13 -528 87 -151 -23 241 139 146 -210 -155 -316 -578 -318 -393 1583863281
-62 -443 246 228 -635 -509 370 -46 564 16 -130 -242 -285 -200 140 546 317 298 -39 -84 183 630 -176 -200 4 -114 -82 -60 -359 850 -281 660 108 130 -10 -632 -313 669 -355 -260 80 175 168 -462 55 -626 22 -82 308 -186 -579 -30 -58 -63 -181 -700 552 180 171 60 150 260 18 114 -525 -143 395 -171 -355 -171 181 624 392 261 143 -887 -103 205 -158 99 -370 137 155 -196 -126 -729 172 298 501 441 -70 -10 106 205 29 469 77 -616 145 103 79 -368 136 198 -25 270 353 -198 -153 -251 185 342 -105 -278 -372 -120 136 -258 56 -35 43 -36 224 -481 -106 -74 211 157 262 -160 -82 117 -243 176 -135 383 25 94 -115 -333 274 -457 -292 183 -163 -273 -182 -30 122 -234 -409 -691 -38 -51 -166 347 193 -90 316 227 146 -176 -725 -164 174 231 -122 -12 -169 29 -236 259 192 633 577 74 -173 -129 -63 -206 -180 180 -76 57 -16 497 -227 -7 -385 -48 -88 -437 118 268 -94 -397 -289 -149 -125 -63 -123 17 603 334 74 179 -202 -128 134 -37 -130 -270 290 309 386 409 368 294 -335 324 144 120 -13 93 244 191 11 -654 148 -34 -260 67 92 -6 169 206 -230 -150 -70 41 -13 -342 -121 -647 -128 -166 479 49 -241 479 296 -131 -149 247 -222 345 495 -75 133 -38 -265 302 262 90 -212 -34 446 -298 -446 -8 -80 -392 297 -103 551 -341 -169 -116 -174 -85 -144 88 129 195 424 78 -80 -652 -249 -156 -66 -181 69 477 318 10 -98 46 296 -331 500 434 305 238 134 -321 -200 -237 290 -31 -11 -64 61 184 512 -483 -82 -234 409 -344 508 -264 -317 -183 -199 60 137 63 -6 72 -288 -105 245 94 -21 389 -30 115 210 391 -100 -19 238 1 37 87 145 26 0 -299 172 -129 22 88 -457 -363 441 283 246 64 -303 320 -20 50 203 -380 391 -406 223 31 305 -801 -37 36 25 421 477 -61 -194 528 -71 -174 -211 1 137 163 -8 77 -165 416 -34 66 181 68 -378 -285 79 12 -175 307 279 -333 271 272 -226 437 -16 479 -246 -302 -91 -43 -47 -911 -403 141 225 -219 -22 -79 -428 -306 -427 294 210 281 1583863281
-40 -425 0 88 678 192 -8 293 -575 343 -282 -304 106 -513 -279 443 -2 -54 99 -32 260 -110 -24 -364 267 487 -112 -33 469 -200 -201 -67 202 341 -675 -131 -615 -360 -68 -32 -39 -112 -333 249 335 338 668 133 388 254 -102 32 181 -2 -538 155 193 -45 275 453 -570 -113 -385 -276 -152 48 48 33 -117 36 -193 249 24 -187 -91 454 -39 359 217 -298 169 -46 -315 -149 -376 -310 -71 -14 -16 -715 -403 179 115 -216 551 18 547 742 -132 207 19 54 370 655 162 -254 144 242 562 143 -60 485 46 744 30 249 -190 86 307 -328 -351 73 -110 226 -82 -422 -24 -279 -320 90 38 17 -446 -449 11 60 174 -319 -377 -57 -171 -312 0 -444 -69 641 353 -83 262 244 -112 -176 -197 278 11 198 -157 -155 336 581 123 -303 -310 89 -406 -183 149 130 21 586 -165 -246 14 -71 -345 -258 -662 -332 350 -13 220 64 225 244 213 -656 445 129 -186 84 -43 188 162 604 69 102 254 370 -329 95 -378 -208 -108 -3 -504 -563 522 -71 135 -34 -296 99 -152 372 -694 284 595 221 -244 -108 352 -239 -446 10 -548 563 110 380 277 189 -134 227 -348 -328 -156 518 213 -447 -252 -54 125 -16 208 -88 -464 -118 -411 524 188 -504 -314 409 -339 432 -95 44 176 87 243 725 28 315 -285 -260 54 375 -88 541 189 -72 -287 325 393 236 -305 -278 360 -529 531 -56 -559 154 110 -423 20 -106 -321 -196 320 389 322 329 -12 -250 -54 -177 143 175 167 60 -154 -53 -236 179 -99 -93 -76 26 199 263 -204 -528 -90 -255 -49 5 -73 -85 -88 296 45 -110 -365 -257 255 -7 31 83 237 -494 -63 104 140 -338 -435 -274 -228 -429 -173 215 -65 -345 -141 451 53 388 -173 121 402 277 -9 -183 57 -69 -120 101 -194 -317 -415 -242 3 436 -235 -152 399 -353 -123 119 263 -90 184 -108 -74 -134 -83 216 -234 -6 -36 318 14 -298 220 90 419 -252 224 24 -60 382 -71 -318 -327 -112 77 223 -8 -119 462 -30 205 -182 -296 141 571 60 -49 -262 102 683 -229 1 -151 35 -202 185 74 -47 139 -118 235 -233 -460 -282 -38 -364 1583863281
-178 265 -66 314 -542 599 -58 292 264 109 -97 92 339 388 307 -83 101 271 -121 -8 -342 420 -10 -208 23 -406 -152 423 -88 -352 116 -407 -416 -419 286 525 -236 223 260 -230 326 -11 -274 -407 399 105 143 225 -326 267 -359 -133 -93 649 -224 417 -519 87 -21 -244 57 68 -426 -525 508 377 -155 -363 -848 -164 -8 40 100 -77 -16 165 -260 -44 -401 466 435 0 288 89 78 88 -52 -353 -241 3 393 339 -57 211 -234 116 866 237 -629 -61 -540 -48 -314 -446 195 -3 47 156 -230 175 -245 -243 -123 -87 -151 -314 31 -118 323 334 -456 40 357 -164 -99 220 -89 -570 449 -229 -3 -119 267 -487 -103 -123 -458 225 -139 -374 67 -234 -13 -21 -261 -171 100 -417 -102 655 235 233 -385 -285 290 -483 102 126 172 -179 -244 293 -71 -256 242 78 -371 -465 722 121 -17 88 -179 -283 190 305 734 -534 -106 -344 249 59 182 24 442 -21 -83 -57 -110 -31 30 -250 70 -166 344 -15 -653 28 -413 214 224 279 94 -266 99 420 34 -27 -384 239 -85 -879 -194 194 14 -410 58 536 -129 -102 -346 -496 141 335 91 -8 35 -199 -497 -30 215 -240 316 -136 111 54 -397 358 -184 155 -373 177 137 52 -861 69 -156 -617 -315 144 -18 101 188 -151 416 -27 2 355 -286 55 -133 416 470 -534 -3 131 -513 47 -25 -253 -228 -563 -430 313 448 -40 203 188 48 189 -34 154 73 95 -290 -1 -597 -286 162 -229 -236 188 248 -144 57 -228 60 178 -195 194 5 -67 -268 191 35 53 -587 121 247 -54 418 -531 -213 302 23 142 -226 216 203 39 260 -185 -86 458 -88 -280 -107 -152 -72 101 -150 -94 -117 26 -554 -534 -91 -55 -95 90 -591 -46 3 -176 124 78 167 299 140 200 -40 351 411 -68 -465 270 -74 -331 -80 -427 323 313 215 -261 -138 319 -156 -291 134 -546 162 -164 -326 165 121 37 99 96 -250 255 -482 -185 357 51 30 -157 184 38 285 445 -196 131 95 -102 -13 -230 59 178 -5 -118 -245 0 -103 69 -174 75 -374 -173 -55 -33 304 -98 -397 -87 -65 -101 87 134 -408 -314 305 -256 11 34 -126 165 1583863281
677 -1005 -30 -95 -98 159 187 221 541 -176 -17 -263 89 -853 119 -243 58 589 -596 -200 -229 -61 377 -353 -241 329 -15 -380 -522 -156 -32 445 -321 305 389 72 -177 -531 41 63 0 -215 160 -80 -81 -116 423 -34 -287 235 13 -119 414 7 -371 -81 61 158 201 236 -46 38 -10 -31 149 -224 262 309 -120 501 -356 -243 -174 557 -81 162 27 0 -30 -292 -201 -14 475 -66 -153 -315 -402 166 -190 184 -414 549 262 419 -262 282 -5 -184 194 220 -22 -237 -36 -383 162 184 -115 462 -17 528 -14 -162 64 174 386 -416 -177 -115 -396 115 147 -307 -375 310 111 -257 234 14 -141 48 419 -71 -291 307 464 -137 127 321 -91 478 -380 -24 -595 -429 -289 339 60 696 278 682 81 -442 -398 105 203 100 186 -183 -76 -135 266 140 -85 319 -89 -324 -604 -65 -455 -281 357 155 394 93 13 -288 -21 -440 -173 112 79 331 88 368 -145 260 -234 222 242 73 -48 -112 240 -28 126 -75 -279 309 -89 -451 277 298 626 -222 753 -93 -44 -147 -593 299 281 105 59 -110 -203 -541 107 267 -217 387 26 -158 -121 -297 253 -194 305 -183 -233 16 -691 14 -571 -7 -62 -52 488 -23 -583 -342 -71 -252 206 277 27 208 34 -242 329 -188 524 386 -122 315 -120 -69 244 -373 257 162 437 -106 -77 -136 -169 -281 -896 530 29 -505 -265 65 -35 387 -59 -170 540 -529 -260 -115 172 121 330 340 184 -151 -457 4 17 78 -317 141 -465 185 294 141 737 -158 429 372 353 423 296 -707 -42 -210 164 -386 -23 -184 184 191 -710 -22 -190 120 -15 259 -480 139 1 159 -149 267 99 282 -256 -383 -80 -141 -118 43 244 -257 149 362 -180 -169 -117 -129 -54 253 184 245 -74 259 81 -46 -371 148 384 173 46 341 313 -18 39 476 -232 -137 93 208 54 -3 171 -4 241 404 -91 115 -184 217 223 469 181 -26 126 140 -488 -8 -112 42 -25 -269 481 -130 363 223 -156 -249 540 15 269 -149 -127 -301 259 -75 -148 109 116 143 75 409 24 405 -526 -301 279 -316 68 51 -319 559 -189 -161 256 -173 221 411 -209 -197 78 2 -72 -8 1583863281
-501 -17 486 777 -535 -148 -470 186 54 224 408 -117 38 587 -575 807 -659 -145 -12 -428 -127 -72 56 194 -278 -303 193 404 -29 389 -276 115 272 -142 4 -7 -311 -266 273 -77 -318 -334 -196 -765 208 -51 293 -50 -129 -35 -515 14 37 -133 213 -223 -796 -354 -175 -81 -97 -786 -304 125 -63 -256 60 98 290 -373 -295 -126 178 120 162 -8 -539 57 -76 2 -170 -271 32 -27 365 14 338 -356 -117 -305 334 714 -474 -211 239 70 -293 -105 -7 149 180 -14 -255 291 -468 102 -222 -359 -12 172 -503 -249 -198 -20 -90 1 -476 532 56 -12 -230 -64 25 -76 326 29 485 10 -226 -43 -57 117 373 -340 294 556 -73 -156 -186 -205 241 -21 50 621 -10 283 -95 46 116 -369 383 179 513 365 -222 -392 -252 478 -296 -191 -71 516 -414 -272 612 381 855 -272 18 728 -29 -93 254 35 -221 209 112 225 106 -280 -187 -133 -237 21 -387 -103 -39 324 557 -242 225 -88 -414 -312 -353 608 -139 99 -269 66 -207 466 -256 44 -3 -277 -297 -225 -44 518 483 24 12 354 0 -16 -351 60 -145 -473 131 -17 263 836 160 91 -293 -174 -194 -211 -357 -552 -453 319 -406 -487 -148 -279 -327 406 -262 494 98 -203 -1 -690 -194 156 -442 404 232 -450 269 -69 312 -449 39 -99 -180 -8 337 -9 159 -179 333 -181 564 -177 126 -620 54 138 -532 -104 -133 16 217 136 41 220 159 164 212 74 368 -112 -42 49 132 150 -236 -108 104 -276 -140 -302 -74 -37 -228 -116 156 44 -118 -360 57 98 -122 196 206 -91 186 -77 136 -22 -600 102 448 276 36 142 -56 119 -460 522 91 -113 -136 -218 -197 5 -18 222 98 -38 82 -269 -257 -33 -47 -85 54 -148 71 -15 61 245 199 -190 -259 -149 -134 -237 210 -394 122 647 -335 132 -82 -608 -175 -266 288 -18 334 -484 -398 201 168 -49 115 43 86 120 -155 241 -229 255 478 -208 229 -4 278 7 -136 -45 315 104 -271 112 -228 -389 93 -170 207 -3 -152 -275 -54 90 283 -38 137 -322 -201 263 -344 -282 367 130 -86 -288 180 232 -99 -104 -9 -351 143 -53 223 -244 -484 -86 -333 -104 1583863281
-402 -48 227 -325 -275 124 -65 -191 -276 309 2 -67 403 128 -4 514 411 125 89 572 107 -14 -598 -418 321 -1 48 -112 -288 381 -135 -58 -140 -278 519 -269 97 123 503 -228 -624 470 118 -58 623 34 578 -710 -10 -257 387 574 221 316 -64 -91 -517 183 -95 -274 -365 281 372 -35 -15 -49 305 108 -32 679 -47 345 264 -196 131 -759 198 -319 279 11 -165 458 -430 -111 -534 -918 -50 398 -97 -27 -100 398 309 33 -97 152 -113 108 341 -230 345 28 496 -657 0 53 -202 14 -777 -205 -322 -181 281 295 353 355 85 -110 -135 -336 -48 640 622 -258 87 414 -140 -295 170 404 290 -85 -310 587 -422 106 -386 52 -44 557 164 117 590 223 125 23 697 259 195 -527 -251 -260 -340 -274 -132 294 95 -354 -1 -135 168 228 947 -343 32 -73 -313 -291 -381 -88 413 -790 -238 -552 -273 233 -297 110 278 -322 315 -83 164 -794 248 408 257 -23 -206 11 182 0 243 -108 486 -265 -226 -141 -596 -134 -319 92 185 -406 -365 -145 93 217 328 86 -119 447 60 -270 322 -51 -73 127 18 -161 -49 75 175 208 332 -222 73 -245 317 34 127 -140 346 -14 212 8 106 -207 -134 -515 -297 112 341 151 -125 355 331 -129 -344 26 -169 39 59 415 391 -194 -22 55 74 -52 352 -182 160 -238 123 202 -164 44 -390 -160 151 88 -129 -239 275 13 251 196 193 75 -207 211 -324 341 -182 -67 349 -422 41 219 -147 -47 -18 261 289 -514 353 246 -239 98 -242 -251 -409 -36 -265 -310 -141 -93 -96 -7 -183 -49 34 97 -5 143 11 -229 -230 -187 511 111 433 -274 -20 267 208 -82 -35 -491 227 -212 70 -12 254 53 -102 86 20 56 -263 602 -288 525 -26 -349 281 350 415 -136 80 47 66 -160 -233 110 -222 313 -158 315 132 326 -461 -101 -264 455 146 56 168 289 -106 -137 -87 -86 224 285 177 291 67 118 46 -491 46 -285 149 170 224 243 93 -326 -175 352 91 -200 299 -167 59 245 -209 -105 -85 -1 408 -62 -67 -12 -405 -39 -19 277 144 -76 133 133 107 -464 -143 -351 -24 -443 24 245 236 -145 33 60 1583863281
-103 211 516 446 -227 -118 0 851 -93 657 382 153 823 175 523 286 -147 487 -514 464 -525 82 618 491 -206 -319 -676 444 -121 -66 40 -340 -93 51 290 285 295 54 -344 437 -12 0 116 200 -89 -241 31 -2 -82 149 448 132 26 66 -567 94 -45 69 136 265 114 321 -793 287 269 -176 -206 473 286 60 -666 -169 -1049 426 -23 373 41 -105 -111 -222 -186 66 474 559 -387 20 -88 121 214 -237 -143 23 -483 -132 -3 -313 -16 409 11 160 474 -710 -219 -19 72 35 -530 408 -134 -15 -361 260 278 479 382 -50 501 -4 17 134 -203 -408 59 -122 90 7 334 168 -473 -285 191 250 68 162 -383 -157 -186 84 234 -32 -453 213 -303 301 287 80 -91 -2 138 7 40 305 113 -394 -34 -90 80 -1031 340 393 -171 -194 -202 -235 163 -534 213 38 23 -317 267 245 344 622 -103 -216 207 226 155 383 -49 -337 110 -368 -567 145 447 701 -265 -53 -111 -67 -291 -127 -321 -282 -353 556 28 -416 -182 741 126 181 -185 166 -48 475 -247 -112 220 271 34 -200 -510 301 58 30 -9 506 -379 243 -167 -199 4 -52 31 111 -605 262 107 273 39 -131 -202 -360 -187 -479 67 -30 -124 157 141 -126 -119 -526 -103 -34 197 299 -306 -93 19 -81 24 216 -433 -539 321 178 75 121 380 -44 50 143 -206 178 196 -513 -168 -234 -7 -17 -99 209 -263 -133 126 -444 -57 -106 321 149 -147 450 122 -137 143 361 -250 -183 245 -246 -25 20 410 161 -73 -235 89 135 -176 130 417 324 348 65 349 18 45 71 -234 -293 -220 309 34 261 -80 -15 -195 -498 -251 133 -368 -94 -17 147 -255 285 75 175 -573 180 -86 184 -35 -206 -238 -437 -512 106 170 205 -412 74 -592 407 369 -192 239 -180 -246 -210 453 -565 248 -317 -179 309 -352 -270 94 270 243 -111 -112 68 -80 -286 231 186 107 -79 -23 5 -235 16 472 110 382 -597 44 242 507 -66 448 -42 121 -240 68 -233 -333 257 -235 -66 45 -91 320 67 -102 24 340 -185 64 -77 8 112 -22 -113 241 -41 -50 -189 -30 -220 -495 -42 -265 212 -528 -186 27 -186 -36 141 1583863281
-557 -68 454 -78 154 290 -668 -228 -67 -370 -220 -22 278 52 -110 601 8 85 -330 155 -6 364 184 -101 17 -73 288 -24 -539 158 -421 99 -7 -314 255 -148 60 -726 -45 111 -459 72 -305 70 -289 -131 148 16 684 271 229 -494 288 -232 207 -164 215 2 317 -19 -303 286 81 462 -192 -337 229 -9 171 145 -68 442 -135 157 -965 328 492 681 298 -114 57 -229 -344 6 -171 172 -456 -96 -95 200 38 -13 10 277 19 -135 -337 -135 833 -144 166 -86 -168 -237 66 20 185 39 426 120 96 315 136 -273 -328 864 -34 37 -25 191 -27 244 -299 -306 213 -81 488 -160 145 93 -85 -16 -459 -24 143 651 -222 151 616 -82 383 158 -383 -97 -100 13 114 -138 -232 -38 182 67 106 108 395 256 -531 125 -211 -499 -371 266 266 -26 93 -98 -370 -47 -592 -159 -161 -462 -151 335 401 119 84 -180 394 129 362 -434 202 250 -539 276 181 -780 -23 7 -128 -372 229 49 409 151 -97 88 180 -62 -97 193 -22 34 -296 142 61 56 84 -266 -296 332 250 -84 -306 -131 -770 391 -102 76 -193 61 81 195 -136 83 -218 -438 87 -386 -185 122 90 561 -377 173 149 -128 427 412 -229 84 121 181 244 255 -142 -453 160 190 -83 -8 75 -257 -371 -560 -111 -107 177 261 -369 -45 328 -68 182 -148 86 -34 4 202 100 -67 188 -50 16 -100 31 -280 -9 -468 -61 -278 67 -326 -80 -151 100 76 -71 264 -474 352 -543 199 -638 -257 250 161 -503 3 293 119 -262 247 23 121 55 154 213 -373 463 -104 -121 31 191 144 -174 92 290 85 -277 -227 -138 -3 -469 -448 -27 -452 33 113 -472 106 -243 164 -583 -50 321 -174 20 -14 -334 -205 396 -92 -366 295 -145 -426 -228 128 -312 114 404 230 176 58 -73 -559 -249 -248 -188 -255 -79 20 -14 295 -200 61 204 315 276 -190 -80 61 221 248 -207 602 -504 87 299 -150 36 58 309 -162 75 265 -121 25 -189 -371 -253 -64 -138 -298 199 -212 370 -93 -17 -357 -74 1 67 -53 -87 242 -47 -16 86 24 -14 136 340 -17 -63 54 23 -37 -185 204 -72 240 155 5 1583863281
-255 -100 -443 308 -297 211 301 292 101 552 -52 6 105 -11 -103 404 -180 -29 -65 -464 -328 384 -44 262 -147 -161 -202 -168 414 -387 -628 317 -610 572 44 -523 -160 72 91 -39 -431 -575 289 -425 -453 376 228 159 20 -34 -322 341 -27 -7 -196 -116 -134 231 191 411 337 78 -214 303 -35 -654 -343 -277 -82 44 -134 -231 -246 99 435 -41 26 301 -620 418 238 -676 -171 -421 254 -4 422 -66 -332 311 -161 -379 168 210 424 68 47 -162 308 -705 -8 319 -357 645 41 -155 -10 -159 -415 439 148 189 -214 270 -665 -300 315 -95 422 -158 -232 -287 222 12 -14 43 -40 -147 166 -317 162 -517 -667 -61 450 -302 71 -390 104 -206 78 360 138 39 -318 179 165 56 -418 152 -12 -561 -478 158 -437 -389 -78 -479 -93 427 0 -20 -362 551 -145 -170 -134 112 -190 290 -144 324 16 150 56 -14 63 669 -89 -89 120 12 -538 258 68 18 -505 606 -157 96 -87 362 -89 -220 172 393 179 -104 212 389 226 445 -240 -439 174 -144 -186 -239 -353 -242 -86 760 -459 132 102 77 352 495 -512 104 267 83 -183 153 284 -22 208 -129 187 468 -177 -159 -134 -183 90 205 -377 -127 -74 -277 -113 166 -8 203 223 -477 -85 72 -190 31 459 78 -432 -199 88 -312 309 -49 -206 150 126 -54 204 -348 374 -199 276 -53 33 -239 100 -308 -92 -123 98 204 395 230 113 -303 -15 358 165 243 -573 404 -222 146 -254 253 -37 -448 -46 -254 19 430 147 355 230 -605 -322 -72 113 -231 269 -79 46 -20 389 -43 61 449 236 92 -254 144 -625 -92 -334 -210 -261 171 240 -201 139 -535 781 217 236 -103 -132 -78 -151 169 61 422 83 -399 120 32 -46 69 445 233 83 375 -22 -4 -397 -105 -93 31 216 -168 60 -297 38 -229 46 -125 -436 -241 159 -233 -59 -133 276 -201 392 -10 205 -411 1 -58 -113 480 -291 -51 307 -13 295 10 -156 44 -165 -101 -127 333 359 -283 153 -34 625 292 63 173 96 -103 -410 -439 -116 255 -121 88 -314 149 -297 -306 -326 228 -195 115 174 210 -129 47 99 -214 124 -123 327 -50 -408 347 130 -3 1583863281
173 32 76 81 395 280 108 -181 -152 -452 50 229 115 -420 587 -385 897 -129 537 -40 61 198 -224 339 -314 182 160 -133 291 -415 -244 312 -265 22 18 990 -158 -14 -179 79 -33 177 91 -231 289 -172 2 387 -287 1 -31 217 40 -400 190 -349 -123 -227 231 172 442 312 -289 179 -10 -110 165 289 -401 67 -412 -271 468 -352 -105 148 -552 -63 179 -170 276 475 -380 -150 84 -157 -565 -346 277 -13 -120 670 340 199 -96 192 -546 4 -586 505 -555 -442 269 34 704 -177 40 -460 450 328 -597 84 285 469 -190 -302 -154 298 7 136 452 -176 163 425 268 -39 -303 265 30 32 -422 203 -220 383 -157 241 -50 87 -81 87 220 -420 -374 699 -281 88 -149 -111 -65 389 -441 -13 -42 -265 397 176 -170 -99 224 496 -482 135 -93 -148 29 -475 234 -186 122 534 698 263 -370 -81 399 -96 240 0 132 -141 178 -389 160 138 246 29 -533 -260 -255 191 -304 340 9 75 -145 77 -497 -232 -1 -262 343 -529 -185 1 -161 103 367 30 -56 157 294 -260 -347 -203 -56 -632 -36 -107 224 -364 -92 62 170 147 -521 -47 -527 324 142 292 -127 -302 -84 -519 0 -286 -390 376 202 243 533 266 270 -473 390 -274 306 -204 322 -81 -394 -151 3 40 713 -381 -551 377 128 22 -439 -90 -188 -139 54 112 -120 168 -78 -183 116 -325 -124 8 136 -138 245 -95 42 -572 -354 290 79 238 -205 209 166 -195 167 -274 264 -91 267 261 122 181 149 146 432 -28 692 404 201 38 73 214 -421 -362 170 -51 -127 -401 243 -245 -310 -104 8 -63 -322 1 278 -50 -741 74 -5 48 166 -93 309 -73 3 -70 -152 328 -142 65 -331 -116 362 193 272 251 -350 77 -323 -44 -359 -18 150 -77 21 -129 210 417 60 -401 -68 -398 436 97 -120 29 -109 -253 -388 -43 27 252 73 136 -254 138 -4 184 429 -397 -213 -420 -154 -107 -90 104 -49 118 279 -119 -326 -189 -42 436 -153 -206 -176 -342 235 -3 -294 -124 -93 197 235 67 179 -104 -50 -186 249 -67 270 -59 -31 50 531 -291 142 -32 240 -29 324 281 113 63 -29 -194 -119 -587 1583863281
230 617 277 96 -543 -408 552 -162 -149 1020 496 -453 12 -173 -74 -469 124 119 -58 -48 76 120 -251 -515 -95 -376 -48 55 -102 314 -326 -189 248 421 311 -447 65 2 492 -169 -152 31 -58 -407 558 307 -286 23 -33 -168 -507 693 -260 -254 1 -176 -180 59 190 -268 -41 -88 -145 167 -136 519 -334 -215 421 -249 51 -178 302 -385 202 442 238 98 -69 514 -365 -221 9 -374 -222 449 -198 -288 -13 -104 183 -70 186 148 -29 14 -114 272 -124 -50 468 435 401 0 -178 -273 -399 499 -234 404 453 -62 -259 100 -161 94 198 -201 -535 -388 187 10 172 19 176 83 -211 78 53 276 -731 183 -488 -121 571 313 344 -308 64 -375 -24 252 39 14 405 364 -126 -169 400 -27 649 -406 -188 -78 -211 -153 -243 301 61 -361 -230 -509 119 13 -364 458 -56 -199 -992 -1 143 192 146 294 -204 54 -111 206 20 -90 226 285 174 -537 -95 384 36 770 -258 573 444 -128 67 -476 691 468 152 510 75 -154 -167 -25 297 -5 51 258 101 -563 210 -33 439 -49 -469 -397 375 -285 159 -660 -262 463 -208 -199 -203 320 112 276 528 62 -45 99 135 -174 158 299 -181 164 179 104 -210 318 -322 -646 -230 285 -376 -6 11 230 54 348 93 -11 188 -310 175 119 -89 176 -131 388 192 -317 -336 -21 75 15 150 310 297 -483 -377 359 182 -339 552 -108 -96 437 -233 411 138 -60 281 49 -63 388 324 0 6 -165 137 248 122 -196 110 -136 -3 329 -3 -33 -92 107 494 275 395 110 -645 -226 -202 30 -302 2 209 4 91 432 272 -326 300 102 129 110 411 -246 -185 -56 168 -256 79 -52 106 -141 199 163 -108 32 477 334 63 -78 15 -344 -96 -222 143 686 -106 -48 -2 289 359 -331 646 -143 474 591 392 41 121 142 123 -21 -123 205 162 666 -130 -388 -160 81 74 118 309 -376 -96 -215 1 -156 152 -205 110 11 100 207 -115 298 349 -330 -128 -251 -45 106 -213 -230 31 -83 190 -124 -50 115 339 -2 68 -10 455 381 -115 -137 -18 -224 56 -32 -266 159 236 -132 -288 138 342 189 -361 308 -196 44 -222 198 1583863281
-317 -269 -736 -336 93 112 147 -270 29 128 -267 52 422 -72 584 221 -506 -659 -662 723 639 200 544 374 392 313 175 178 -389 -640 477 -103 67 -319 141 216 -215 -308 434 108 -53 134 -354 -446 -61 -177 71 -409 389 25 171 -14 -518 -90 356 178 231 354 -15 187 293 455 437 521 -316 327 -274 -66 -303 -136 117 -494 -212 -282 -170 303 26 469 -352 -624 418 -795 234 434 -381 705 -513 210 343 -258 -149 -225 111 -595 -420 -464 -70 -296 -229 110 36 250 -246 -380 -139 -29 217 -96 -862 -459 -110 54 420 -169 -138 -156 -118 146 188 196 -313 -61 -218 503 275 -1 -118 -233 86 -105 136 260 -340 65 312 17 -26 -151 -80 86 203 -259 -432 -289 -391 101 405 -330 -16 177 -159 130 -673 113 -686 -204 350 -361 -96 -49 -199 19 -64 -357 130 219 -299 214 422 318 110 -306 -178 148 -276 -366 360 626 159 -329 255 140 134 224 -445 216 -155 146 -319 87 -47 -51 286 254 176 -281 312 94 226 -38 -262 -93 148 597 153 -220 32 147 293 331 -231 -386 -82 137 257 133 -196 -378 -168 299 -261 -661 -218 390 215 278 -706 21 -153 36 -164 160 -429 -160 -277 109 -30 -305 -13 289 -80 -161 217 -306 -14 -107 556 -226 96 320 58 233 -54 279 -181 -25 514 -2 88 78 152 -249 -102 119 54 -133 -255 42 123 199 -11 15 -5 263 -7 -467 56 396 -36 -437 -122 -311 51 193 -144 -267 278 -365 395 -305 -188 206 88 114 -264 -568 405 41 -323 23 -567 -140 -487 319 180 166 131 204 111 410 -6 -128 112 38 -112 -47 -544 -472 376 238 258 190 52 -307 -543 -31 127 -479 188 -438 -148 -100 264 -411 -31 281 -162 -288 57 -286 -475 -321 19 -116 357 -158 64 -15 -91 387 -20 -173 313 -18 291 65 -296 -591 235 5 402 -200 -218 -30 60 49 208 -44 -295 216 15 -54 173 -235 -345 -272 -76 -125 431 -29 -332 25 73 -24 -300 64 -34 -9 -277 121 39 -26 107 -283 8 -303 307 -183 -84 -118 16 120 -330 -93 59 206 -293 -223 81 202 287 71 8 371 52 -299 -66 101 -240 -486 155 1 -190 -336 -146 458 1583863281
28 -7 91 589 265 177 -504 374 524 140 -18 98 -220 -609 100 412 317 -283 288 -48 -614 -377 -196 -59 5 -175 -373 129 197 6 358 359 277 48 161 -522 93 352 322 -323 -40 -499 -402 -29 -51 14 -282 127 -490 536 -41 -52 94 -128 -292 -73 -233 328 -40 -32 -33 -163 42 -391 322 -645 335 473 352 363 -518 -619 181 -397 413 -237 -116 408 -464 156 29 -204 -21 -90 673 -371 -86 -154 198 -378 145 -270 93 41 210 -426 365 -30 285 -99 -170 288 38 79 -111 -365 470 26 -27 -64 -609 -173 353 -54 272 -485 -290 -141 523 -62 559 -131 250 -178 -6 104 -132 114 -297 42 263 520 350 617 141 705 187 148 9 251 -448 -172 222 144 40 72 -421 -431 540 -550 82 189 346 521 -42 -389 620 -80 131 -68 422 162 -132 260 -343 359 -110 -39 557 369 25 -5 28 -253 -16 576 169 155 27 64 418 -51 -243 382 -67 97 -62 -96 195 710 -51 -268 -69 126 -327 -220 -22 -69 -281 -422 -331 90 286 164 -347 -277 445 21 472 134 -260 -271 -262 59 -426 385 -43 131 26 -703 -378 23 -30 -487 46 -275 -7 232 -386 -364 -252 37 -154 312 -50 582 327 -521 203 20 36 29 488 -229 67 100 356 405 169 46 -289 -279 -88 -657 -362 166 98 316 -67 -277 385 197 -73 270 -473 186 -88 -31 133 11 74 149 -401 25 -23 -71 127 -74 24 646 -804 372 -135 -13 -244 344 -158 53 7 -183 146 -15 -116 24 48 -452 82 117 -164 -478 -9 293 35 148 284 46 603 243 598 -208 9 -20 -147 -170 -316 -201 262 153 -195 -260 -116 367 102 506 4 343 -466 -247 -175 -79 -215 -358 -102 80 -360 -91 502 321 -270 497 133 -256 -43 50 -271 59 -69 -226 -317 -301 -63 -8 162 -209 196 241 -78 176 -134 206 172 -414 113 -214 -332 186 -206 339 281 -148 -729 -212 131 -250 190 -100 -142 -19 27 -124 491 141 350 -524 -242 56 -386 -86 -194 155 222 323 45 429 358 216 15 201 384 -169 -69 -141 -126 31 -263 180 320 -16 350 -36 446 -107 -239 408 269 -6 63 436 -130 -104 -1 -37 -142 68 -17 174 1583863281
-201 -127 346 -675 -300 -286 170 146 10 8 383 630 -83 306 104 490 16 -67 39 -219 -164 -444 -9 37 265 449 -252 -360 -439 -178 -434 535 -426 110 -19 324 275 -807 -266 -187 442 -351 -136 199 -50 155 -460 107 -64 -28 619 -16 185 312 -455 244 -62 -179 -134 -19 -374 246 -465 -157 103 -52 14 647 -933 178 401 -8 -211 -36 463 193 -174 381 -209 24 -420 -579 268 253 375 -417 -279 -35 81 361 -298 215 -249 -314 280 30 -342 37 -80 74 518 -38 487 -97 97 -103 68 111 -344 694 328 604 -268 -3 -496 403 28 380 65 -95 -66 6 -369 -21 156 30 85 -50 -16 -114 58 615 73 207 383 69 200 -87 274 -333 -213 -159 122 15 3 -126 -124 90 -152 49 -503 -368 268 589 -230 -352 -50 -426 30 101 682 43 259 28 -331 -182 -295 162 323 -187 -148 -312 97 378 -79 10 -8 -320 -91 -121 406 -131 162 -338 485 409 -397 58 0 -565 21 452 -177 -177 126 523 -124 292 445 -419 -134 240 -266 -276 507 74 -109 391 -320 283 -160 -267 183 -190 -11 -17 491 54 -557 -241 -202 53 97 -53 -434 -621 -187 170 180 -608 395 -370 -72 456 -27 228 -149 86 -153 173 -579 -207 173 -137 -62 -194 -62 -323 459 174 251 148 -156 51 188 353 210 -16 261 -316 -204 45 -526 156 0 -355 -438 -30 -157 -220 271 18 256 187 76 425 148 420 364 -44 10 113 127 -164 37 -87 369 386 103 -189 78 230 320 -210 124 678 -457 -14 -622 -224 86 -328 -96 114 45 692 683 -118 28 10 320 86 217 -233 157 0 373 88 13 -59 -236 -367 147 308 -190 299 -112 -86 238 -421 70 -92 587 -4 60 375 -159 -345 116 -58 -7 248 -131 248 -273 296 -175 137 -295 208 -102 43 352 -227 -6 -263 193 82 -261 -100 -149 460 -17 -73 -84 513 355 -31 155 -386 41 -43 243 -2 22 250 -408 444 -68 -12 -77 361 -277 -102 558 -72 64 -95 97 92 -331 -528 79 295 100 -337 -194 -90 263 201 124 104 -41 -47 89 130 -305 33 67 -276 76 -446 -504 -106 300 -223 73 140 -210 327 -265 -3 -317 -286 288 136 1583863281
116 -262 -389 60 -30 -40 369 67 -131 -230 -108 -318 95 59 12 223 116 764 -13 -164 1179 3 -71 409 -363 346 -298 156 323 236 112 87 -242 -1042 -284 -346 145 255 43 192 -116 317 92 -217 327 344 105 250 -508 261 -270 357 274 -33 -123 -270 -269 -163 75 -37 -108 244 -192 -82 -11 -39 68 -175 54 270 -402 873 -227 300 -124 -36 -255 346 -46 -236 0 99 142 362 130 213 21 61 57 96 -295 -14 -158 30 318 -134 -35 338 -114 28 130 -597 232 279 53 -686 105 39 -435 -276 -227 88 -81 836 90 35 -100 -297 -274 -215 140 89 134 362 -643 241 -111 -425 178 -89 -185 -193 -114 326 648 -246 14 -359 372 -41 336 -445 -49 112 554 -7 334 459 -180 -68 12 142 317 -265 469 -96 76 -32 -564 264 -144 353 275 708 -168 600 -684 -182 497 -509 -50 109 524 198 448 -87 -492 -530 -274 -642 32 89 401 -228 96 96 -113 168 160 283 56 193 -11 138 166 -218 -142 -249 344 93 157 -121 622 54 -178 -22 458 -542 105 544 46 -125 -33 -481 -464 207 255 98 -330 140 380 121 -564 101 102 141 252 130 -455 85 456 562 -402 -28 124 164 -41 514 61 -91 -273 -230 -223 44 326 449 -243 82 137 113 -132 -551 345 303 136 -369 -229 -503 -226 119 52 -294 -209 369 196 32 381 -34 -122 -701 216 108 438 -722 -51 -200 183 285 484 212 -132 8 136 134 29 -75 308 226 48 674 -48 144 221 -162 772 -326 -293 -200 212 -601 -192 179 -44 338 -266 245 322 -199 530 40 505 -336 -28 2 110 -25 84 151 -371 7 -154 153 -44 88 -148 210 164 -177 -74 -167 71 -261 -185 239 183 -87 94 119 -247 150 -84 -70 -32 151 227 139 250 29 2 -503 -708 -316 282 -147 114 -276 147 -225 -5 98 -562 -93 -214 410 -249 -29 224 56 66 -41 -123 645 195 -534 -294 301 -82 -49 65 -361 -219 -86 102 103 223 -222 470 -82 -323 -211 -440 37 -54 -121 126 -172 -103 274 -76 -351 -171 -16 417 -91 -375 -6 108 -164 321 -94 -27 5 -381 115 -224 15 -243 155 334 -63 52 109 96 13 29 -97 1583863281
161 332 -339 37 53 83 246 152 64 -338 125 127 164 -240 -721 160 318 276 -257 778 -199 312 -558 -53 -164 -371 -10 424 -243 628 278 477 182 25 -40 -276 120 -142 132 205 -232 -185 -40 -898 156 171 -637 -223 237 457 -258 -8 -364 -273 -323 48 474 -178 -2 155 -419 -126 83 -237 -110 -78 -659 533 -371 378 -246 352 -346 58 -478 -292 -452 -136 -634 330 149 -336 336 143 -511 -142 -235 -49 -69 92 -435 -64 -113 553 171 -388 -272 -635 160 81 -287 -323 -335 68 211 255 220 242 73 182 -52 693 -463 280 -120 155 10 220 528 363 -98 -124 183 263 53 111 417 143 -399 288 -209 -272 58 139 68 200 125 281 -151 -846 -487 -276 398 468 -90 168 -597 -245 109 -239 -296 -19 -46 40 27 315 -358 70 347 50 62 -157 -113 -473 541 -366 111 29 141 436 409 -434 -162 -506 -145 -37 -318 629 7 -336 -134 -159 -50 -79 269 -498 -418 -375 252 220 -702 157 280 -266 358 44 83 262 79 -329 289 -100 -208 -522 263 -215 -209 -155 -416 -277 394 -602 -42 80 290 42 -290 -300 296 513 -261 232 -131 -98 -378 -593 -216 -422 194 -106 -257 -168 363 525 47 -192 -411 -136 211 -85 -573 -27 625 188 252 59 -182 251 -318 164 169 509 -135 -342 252 -154 76 -164 343 -326 31 -126 -329 255 -449 -188 291 176 -437 91 391 204 217 -186 75 282 0 194 68 -161 -959 -285 99 -186 -447 53 75 135 -211 -116 -41 126 -173 -186 77 173 -152 302 -183 101 196 170 167 -92 -121 -166 -27 -134 -153 29 596 -262 63 -328 21 -205 -430 -144 194 -315 240 20 164 387 373 115 -7 -307 95 -389 -138 -372 282 -165 36 366 -238 580 -317 -389 -18 -107 -232 -579 3 -360 -314 204 -365 -183 139 -303 208 89 59 154 -110 -8 -304 110 238 583 173 -76 -98 -136 288 -52 14 -143 42 152 -129 161 -319 178 215 65 521 -42 299 125 -149 3 -97 369 198 150 -36 -137 -91 83 -28 44 105 75 -11 90 61 59 -348 122 144 -35 115 156 348 78 -455 214 -127 482 -78 -284 -375 134 -345 52 -11 -151 -41 73 -304 85 -300 -266 1583863281
-154 129 330 -220 -169 -153 -664 406 -257 -282 318 -410 489 130 -107 -405 -309 -227 132 -717 771 262 174 564 -95 -50 181 -348 -297 -216 200 79 111 -415 476 131 60 224 578 -124 413 294 192 425 95 -263 -61 -176 177 -231 170 -315 -94 -230 -360 74 327 540 198 771 -226 -106 -650 172 329 -308 -129 -151 -154 269 55 -153 -43 72 -180 -187 -400 80 -295 -139 265 -42 -62 181 -97 121 82 123 199 194 -181 132 390 76 286 916 190 205 -96 -63 -178 -92 126 114 -305 -195 427 -18 -23 389 418 -280 133 357 30 494 153 217 -500 -53 -114 -716 -170 126 -624 0 -144 -587 444 -174 -617 -150 -80 602 261 -230 277 -418 19 158 -256 149 -258 -73 -193 -370 -434 384 377 -187 423 267 -41 -275 204 -407 -457 380 -358 -225 7 -16 92 -151 -62 -553 88 623 -397 276 -39 323 179 50 -56 -209 494 283 -440 291 155 164 343 250 -243 -103 -411 394 -6 -168 63 -138 336 -48 -182 92 431 99 40 -158 199 90 -161 -214 -44 -390 210 1001 -31 110 308 -50 277 136 -315 136 -49 504 700 178 290 63 34 473 -411 -309 -255 326 165 194 330 -140 -3 253 262 -31 -128 48 -48 118 -104 278 78 279 219 -145 224 800 -409 9 69 -59 46 -112 -485 537 -150 244 256 -18 510 -283 -247 5 -11 265 86 -171 -701 -554 -22 50 31 -176 -191 -123 -239 20 415 270 -260 121 72 159 453 72 161 -28 -279 -95 78 -451 333 -146 68 89 -90 450 154 -79 282 769 -254 -214 -235 -152 199 -389 184 -81 59 -133 86 -50 -509 52 195 363 -82 -146 -359 -169 56 -300 68 131 206 -298 193 94 130 -165 71 232 575 75 344 207 86 -524 -29 -352 -279 -284 -57 231 71 -254 269 -78 122 -300 -112 522 -85 532 -476 -336 78 -251 -372 -160 72 -455 92 311 217 -105 21 273 853 226 506 420 217 226 -1 -103 -302 -187 17 -373 321 -54 -113 -206 -309 -309 -373 -67 178 608 18 -71 -43 -179 -197 273 -263 277 482 319 180 196 392 -52 -86 240 170 -204 404 -37 -97 526 -159 -142 192 -423 61 109 164 90 -123 -73 26 -18 1583863281
64 570 -4 -333 -83 -385 -48 224 749 198 -108 112 618 -2 -1144 36 -75 319 -180 366 3 260 -502 -77 -98 -469 -313 75 387 -555 342 244 70 699 -68 -190 -175 -7 -269 -52 -229 202 -430 -75 255 -540 413 -129 -538 -70 -257 -144 690 227 -206 -391 -173 298 158 -56 13 33 -372 481 210 138 105 -138 121 181 -4 107 620 -108 715 494 -16 195 150 -104 -34 -372 -131 409 -2 -77 -382 585 369 -579 119 484 205 -420 310 37 -5 -134 -272 294 -442 271 457 -195 4 60 121 364 61 -391 -26 61 -221 492 245 410 -214 -267 -40 253 -511 -480 -98 -325 -18 -170 443 -254 114 -21 -118 -80 -309 277 -101 249 -91 -172 -329 459 261 -565 390 215 199 -124 68 -376 198 -111 -364 -57 61 491 214 428 -89 58 536 111 -263 -95 -153 -246 34 -81 148 -310 -403 179 37 -361 174 159 -61 -12 -327 -87 -195 359 66 251 -166 -375 371 41 53 -105 -350 -114 184 322 423 701 -12 470 681 -421 8 78 121 -296 -210 -105 -150 -276 216 -7 150 -141 -89 358 276 -386 -225 -356 290 412 -183 -45 174 -78 -434 -243 214 273 479 -42 262 336 -309 83 170 -126 -135 -326 112 -439 -74 58 442 -231 137 -430 111 169 -335 324 -260 -442 -358 103 -47 317 -56 -63 276 -368 110 -23 16 -10 -396 45 -231 -261 -525 74 -320 -251 -254 -5 413 -115 295 145 -167 -151 -13 86 75 52 273 -57 -31 234 -410 -506 -206 201 -357 -9 273 -166 161 307 212 -23 -214 211 48 46 82 -194 -228 -177 411 384 -106 -267 512 517 -657 125 108 525 -94 -452 168 -96 267 193 109 -126 350 75 33 210 199 221 339 125 254 171 9 355 73 -426 -10 -118 -596 57 -218 227 -234 -391 1 161 -20 178 -192 -146 30 482 -246 196 -66 27 71 -177 211 41 -320 -63 -259 17 486 -181 132 -502 16 584 169 111 -193 -203 -753 -257 84 178 -13 285 -89 10 -23 230 -108 310 416 -13 14 138 -23 -295 -349 15 400 -80 -275 -94 174 294 28 -91 -36 169 87 158 99 151 -291 -264 -19 50 -349 -21 -41 585 206 -459 37 -57 -108 239 -72 -206 1583863281
-85 -371 676 227 -180 242 132 280 -685 -1107 -868 460 123 -219 -224 -98 489 -160 78 363 495 -17 -167 305 -95 118 -291 79 -297 -32 -159 348 -408 235 -344 -144 288 102 -38 -302 91 780 11 587 363 101 -75 209 -73 80 -40 196 -391 96 -258 -100 -409 181 232 73 290 468 -633 110 -362 -52 -164 76 423 162 -120 -224 -76 183 -203 -646 -65 -437 -54 -179 276 -13 449 106 -247 -60 369 226 290 281 131 -619 -64 -103 61 -26 -371 -435 57 -13 -87 -106 -491 -38 544 -269 -389 333 -317 -184 -265 334 -279 -83 -362 92 -171 -383 -257 23 -402 -268 -302 -539 242 61 -713 -141 323 -77 57 -264 -23 128 162 -198 292 215 -235 -267 131 -495 212 -235 284 -174 -46 -197 88 85 -71 -674 214 -113 88 503 131 -349 -536 -591 -59 44 -349 -184 -15 415 -661 204 185 -79 -23 202 164 185 -37 464 268 -226 94 78 -267 43 -22 176 -522 413 69 30 79 237 -86 356 5 67 -146 -421 -722 50 -393 -268 -11 -148 -252 98 208 252 129 104 41 -811 447 -495 153 -447 -160 -366 256 -67 73 34 -98 -67 -363 149 403 -106 -509 -111 33 198 -68 86 -169 -134 170 207 23 -384 393 377 -269 -82 -187 183 -425 235 152 50 189 -212 167 6 537 243 -46 -107 101 531 114 -236 -218 -226 -123 9 -24 204 -158 -329 -125 -146 -313 273 492 116 -470 -18 -24 -255 196 -403 44 199 -106 -180 23 249 -401 6 34 87 6 -51 1002 84 155 -137 423 -95 115 -20 239 -22 -136 -259 -327 62 -359 388 -274 481 258 -232 249 -134 220 244 73 -59 -284 -52 322 -181 -446 263 -450 22 -147 -275 -331 -93 -222 -99 543 -137 -465 -210 5 75 -87 -173 -88 -140 267 -221 282 226 -258 151 90 -375 274 -127 133 -3 49 112 -264 -49 65 -345 -295 287 95 84 155 -45 -516 383 -49 -333 -215 -19 293 -52 95 -33 -56 -12 -69 -243 -129 -606 107 152 258 8 172 124 141 279 -388 93 -82 -318 306 -81 354 73 -399 280 92 -227 401 -1 185 -384 -171 183 -326 245 -149 -112 -273 -31 -29 142 -333 168 -194 -217 452 63 197 4 41 83 1583863281
