-16088325 -15508423 21970308 5089808 -5904068 -7563730 -992136 -140789 119286 -123964 -42061 -28107 -4345 -62032 -9546 -2096 -3948 -3486 -1035 -329 -204 -215 -381 -41 -5 -25 -18 -6 1 0 0 1 -4 0 -1 4 0 0 0 0 0 0 -1 0 2 0 3 -1 0 0 0 0 0 0 0 0 0 0 0 0 1583836345
-16086478 -15508901 21974593 5019459 -7893335 -7596236 -1818559 -142245 118029 -126323 -43330 -26049 -3993 -66028 -8085 -547 -7795 -3539 -995 -136 -223 -264 -21 -305 -3 -25 -12 -6 1 0 0 1 0 0 3 0 0 0 0 1 0 0 0 0 0 0 0 0 0 0 -1 0 0 0 0 1 0 0 0 0 1583836345
-16089227 -15511122 21979605 5017654 -7885940 -7597332 -1820199 -142231 120694 -126326 -43330 -29321 -3997 -65771 -10970 -3701 -7605 -3110 -974 -663 -223 -139 -25 -290 -3 -25 -12 -4 4 -1 0 1 0 0 1 -1 0 0 0 0 0 0 0 0 1 0 0 0 0 0 0 0 1 0 -1 0 0 0 0 0 1583836345
-16080350 -15499732 21948513 5165292 -3897860 -7522183 -2194681 -142583 112900 -127198 -43682 -16971 -3575 38210 -3693 2952 13704 -3137 -1103 -1349 -169 -419 -1009 137 -10 -16 -20 -1 4 4 0 3 -10 0 -7 18 0 0 -4 -4 -1 0 -3 0 0 1 7 -1 0 1 0 0 0 0 0 0 0 0 0 0 1583836345
-16088166 -15509047 21972848 5069115 -6449106 -7572496 -1950810 -142338 119244 -126624 -43447 -28097 -3855 -28621 -10732 -3645 -7653 -2864 -961 -939 -242 -117 -15 -262 -3 -25 -15 -4 2 1 0 2 -2 0 0 0 0 0 -1 -1 0 0 0 0 0 0 0 0 0 0 0 0 0 0 0 0 0 0 0 0 1583836345
-16088278 -15509002 21972365 5077895 -6198127 -7568183 -1973683 -142356 119296 -126677 -43468 -27913 -3831 -22020 -9630 -2075 -7691 -3368 -993 -276 -246 -203 0 -282 -3 -25 -13 -6 1 0 0 1 -2 0 0 1 0 0 0 -1 0 0 0 0 0 0 0 0 0 0 0 0 0 0 0 0 0 0 0 0 1583836345
-16087153 -15486223 21926762 5105639 -6381129 -7558142 -1957260 -142472 120582 -126677 -43463 -29994 -3852 -26923 -10901 -3630 -7741 -3065 -975 -654 -243 -131 -33 -148 -3 -15 -16 16 -2 -1 0 1 -3 0 1 0 0 0 -1 -1 0 0 0 1 -1 0 0 0 0 0 0 0 0 0 0 0 0 0 0 0 1583836345
-16088196 -15510760 21978635 5017924 -7885995 -7597582 -1820091 -142235 119340 -126325 -43330 -28166 -3995 -65780 -9609 -2140 -7048 -3397 -994 -304 -220 -203 -58 -299 -3 -26 -12 -6 1 0 0 1 0 0 1 -1 0 0 0 0 0 0 0 0 1 0 0 0 0 0 0 0 1 0 -1 0 0 0 0 0 1583836345
-16088325 -15508423 21970308 5089808 -5904068 -7563730 -992136 -140789 119286 -123964 -42061 -28107 -4345 -62032 -9546 -2096 -3948 -3486 -1035 -329 -204 -215 -381 -41 -5 -25 -18 -6 1 0 0 1 -4 0 -1 4 0 0 0 0 0 0 -1 0 2 0 3 -1 0 0 0 0 0 0 0 0 0 0 0 0 1583838187
-16086478 -15508901 21974593 5019459 -7893335 -7596236 -1818559 -142245 118029 -126323 -43330 -26049 -3993 -66028 -8085 -547 -7795 -3539 -995 -136 -223 -264 -21 -305 -3 -25 -12 -6 1 0 0 1 0 0 3 0 0 0 0 1 0 0 0 0 0 0 0 0 0 0 -1 0 0 0 0 1 0 0 0 0 1583838187
-16089227 -15511122 21979605 5017654 -7885940 -7597332 -1820199 -142231 120694 -126326 -43330 -29321 -3997 -65771 -10970 -3701 -7605 -3110 -974 -663 -223 -139 -25 -290 -3 -25 -12 -4 4 -1 0 1 0 0 1 -1 0 0 0 0 0 0 0 0 1 0 0 0 0 0 0 0 1 0 -1 0 0 0 0 0 1583838187
-16080350 -15499732 21948513 5165292 -3897860 -7522183 -2194681 -142583 112900 -127198 -43682 -16971 -3575 38210 -3693 2952 13704 -3137 -1103 -1349 -169 -419 -1009 137 -10 -16 -20 -1 4 4 0 3 -10 0 -7 18 0 0 -4 -4 -1 0 -3 0 0 1 7 -1 0 1 0 0 0 0 0 0 0 0 0 0 1583838187
-16088166 -15509047 21972848 5069115 -6449106 -7572496 -1950810 -142338 119244 -126624 -43447 -28097 -3855 -28621 -10732 -3645 -7653 -2864 -961 -939 -242 -117 -15 -262 -3 -25 -15 -4 2 1 0 2 -2 0 0 0 0 0 -1 -1 0 0 0 0 0 0 0 0 0 0 0 0 0 0 0 0 0 0 0 0 1583838187
-16088278 -15509002 21972365 5077895 -6198127 -7568183 -1973683 -142356 119296 -126677 -43468 -27913 -3831 -22020 -9630 -2075 -7691 -3368 -993 -276 -246 -203 0 -282 -3 -25 -13 -6 1 0 0 1 -2 0 0 1 0 0 0 -1 0 0 0 0 0 0 0 0 0 0 0 0 0 0 0 0 0 0 0 0 1583838187
-16087153 -15486223 21926762 5105639 -6381129 -7558142 -1957260 -142472 120582 -126677 -43463 -29994 -3852 -26923 -10901 -3630 -7741 -3065 -975 -654 -243 -131 -33 -148 -3 -15 -16 16 -2 -1 0 1 -3 0 1 0 0 0 -1 -1 0 0 0 1 -1 0 0 0 0 0 0 0 0 0 0 0 0 0 0 0 1583838187
-16088196 -15510760 21978635 5017924 -7885995 -7597582 -1820091 -142235 119340 -126325 -43330 -28166 -3995 -65780 -9609 -2140 -7048 -3397 -994 -304 -220 -203 -58 -299 -3 -26 -12 -6 1 0 0 1 0 0 1 -1 0 0 0 0 0 0 0 0 1 0 0 0 0 0 0 0 1 0 -1 0 0 0 0 0 1583838187
