-16088007 -15504895 21965780 5047753 -7237927 -7583747 -1878408 -142310 119196 -126473 -43392 -14085 -3912 -49033 -1415 7324 -9814 -4859 -1062 1833 -239 -3774 1305 -268 -2 20 -12 -18 -3 -15 0 -5 2 1 1 0 0 9 1 -1 0 0 0 0 0 -1 0 0 0 0 0 0 0 0 0 0 0 0 0 0 1583838658
-16086947 -15507026 21966615 5113212 -5189369 -7548419 -2065071 -142430 119270 -126886 -43549 -26077 -3730 4415 -9458 -1985 -10323 -3155 -964 -446 -272 -190 409 -300 -2 -25 -13 -4 2 1 0 2 2 0 1 0 0 0 0 -1 0 0 0 0 0 0 0 0 0 0 0 0 0 0 0 0 0 0 0 0 1583838658
-16089024 -15504898 21966958 5028927 -7839388 -7593690 -1823915 -142270 120626 -126344 -43335 -30220 -3995 -64608 -10919 -3694 -9665 -3065 -959 -636 -234 -135 110 -265 -2 -25 -9 -2 1 0 0 1 3 0 2 0 0 0 0 0 0 0 0 1 0 0 1 -1 0 0 0 0 0 0 0 0 0 0 0 0 1583838658
-16093604 -15454131 21746114 7596658 65520476 -6330889 -8517613 -147389 117094 -141671 -49443 -16899 3004 1786272 -8622 994 -27248 -1089 -932 -124 -1265 200 -1085 58 2 -7 -4 -5 2 0 0 2 6 0 3 10 0 -1 3 7 2 0 2 5 3 1 3 -5 4 0 1 1 -1 0 1 1 0 0 0 2 1583838658
-16089700 -15508831 21972598 5072840 -6379630 -7571477 -1977359 -142375 120582 -126697 -43485 -30002 -3847 -27756 -10908 -3635 -9928 -3029 -962 -630 -249 -126 139 3043 -19 -17 426 -5 2 0 0 2 38 0 -17 12 1 0 -5 3 1 0 8 20 3 -1 -8 -4 3 -1 -1 -2 3 0 1 0 0 1 0 0 1583838658
-16088134 -15510527 21978016 5021139 -7799765 -7596001 -1827704 -142242 119295 -126342 -43337 -28102 -3988 -63682 -9897 -2081 -9682 -3615 -992 53 -234 -192 87 -83 -3 -26 -14 -6 1 0 0 1 0 0 0 0 0 0 0 0 0 0 1 2 0 0 0 0 0 0 0 0 0 0 0 0 0 0 0 0 1583838658
-16088736 -15490418 21897561 5889836 16970077 -7164791 -4091862 -143988 119943 -131524 -45378 -22980 -1585 574226 -10920 -2698 -15757 -2362 -949 -523 -588 18 -127 908 -6 -17 -17 -3 3 4 0 3 6 0 -1 -3 1 0 -7 -3 0 0 0 7 -4 0 0 -1 0 0 -1 1 0 0 1 0 0 0 0 0 1583838658
-16086583 -15501997 21949271 5269793 -832712 -7472039 -2464071 -142754 118162 -127804 -43913 -22528 -3305 115659 -11129 -3469 -11389 -2793 -949 -745 -334 -84 27 172 -4 -9 -16 -2 4 4 0 -6 1 -4 1 -2 0 0 -2 0 0 0 0 2 -1 0 0 0 0 0 0 0 0 0 0 0 0 0 0 0 1583838658
-16081174 -15491278 21911664 5594736 8375878 -7311014 -3331205 -143466 112379 -129801 -44717 -15307 -2399 351743 -1326 6309 -13542 -3088 -974 -46 -453 -345 164 6156 -32 -14 -65 -10 2 0 -1 1 41 0 -10 -3 2 1 -15 0 0 1 14 27 -1 -2 0 -6 5 -4 4 -4 1 0 4 4 0 0 0 0 1583838658
-16084973 -15507173 21969117 5056980 -6837718 -7577113 -1915414 -142327 116715 -126545 -43418 -23968 -3889 -38847 -6981 953 -9933 -3842 -1003 350 -247 -296 89 118 -4 -24 -19 -6 1 0 0 1 0 0 2 0 0 0 0 0 0 0 0 1 0 0 1 -1 0 0 1 0 0 0 0 0 0 0 0 0 1583838658
-16087502 -15482349 21911063 5278016 -1476540 -7473415 -2453322 -142894 120434 -127834 -43936 -29235 -3353 101172 -10868 -3429 -11026 -2881 -957 -600 -319 -101 1634 3460 -20 -5 594 17 -2 0 -1 4 122 0 -77 -6 0 -3 3 -11 -1 0 21 8 11 4 24 -2 1 0 0 -5 0 0 3 4 0 0 0 0 1583838658
115 -79 335 7 162 809 -205 -36 172 -204 148 -295 -102 -558 112 130 -409 -26 -14 167 201 395 81 180 -414 -99 -279 471 467 16 215 245 90 -18 140 -233 473 196 -391 27 -38 200 -253 -237 -160 184 68 -306 205 -355 495 -522 -167 -202 -184 -431 -312 -40 -83 -359 -295 -108 -7 14 108 -1 -112 1042 -47 80 -167 151 -36 524 238 456 -163 43 5 623 -460 -574 63 44 -214 75 -599 -185 -283 -501 290 512 161 182 -95 319 103 140 106 254 240 -344 -23 -186 -96 -4 133 -347 269 108 -248 -324 -213 -479 -644 -395 230 -160 -42 259 -19 362 -274 212 160 162 -650 116 -77 32 204 -295 32 430 263 162 113 -794 -30 136 -332 239 301 500 -349 516 357 230 62 -157 -64 145 -110 -66 171 204 442 -312 -557 439 147 38 -353 0 -488 -58 115 -364 -324 426 -28 187 60 62 -421 210 250 276 -244 -209 -213 -297 304 299 120 65 77 -190 247 23 -383 -499 -13 -552 -147 3 -387 -214 -405 -106 213 171 -12 174 277 -181 -559 -367 417 -229 -341 61 516 -107 -50 -239 -168 468 -136 78 -363 65 112 -441 -203 42 -204 -66 -33 -390 -24 -156 238 -148 84 297 582 -453 -2 319 -55 -148 288 -139 110 -79 -61 -92 387 149 51 -487 98 686 115 -260 -200 380 826 -410 381 -239 427 384 -118 290 36 -50 172 138 148 -213 -305 307 -86 -19 142 -117 -26 -284 -57 -239 31 -110 -141 -363 75 -126 -109 -623 359 -383 -393 230 247 -722 -389 -29 -12 -224 339 291 210 92 148 -136 -38 267 189 139 447 373 125 -357 14 244 25 108 301 -153 70 212 -185 310 -480 -7 95 -88 -291 -484 530 -151 142 -267 16 223 158 83 135 97 231 668 -255 -462 250 -231 -229 -45 -243 8 415 85 -531 85 186 -150 -117 109 19 257 65 -169 275 -223 -12 -91 -264 7 -145 163 181 367 -321 86 -43 -23 175 47 43 77 427 -237 365 -237 -535 175 -82 -309 -121 -253 18 78 345 223 114 158 232 265 -421 -197 -220 207 286 -104 54 56 324 -323 330 -218 -282 -228 -235 -233 -38 -71 -70 103 91 -354 74 35 -89 351 15 32 1583863281
304 -754 -108 -143 140 -517 -230 185 -183 -524 112 38 375 -324 -471 185 -327 -54 -18 -167 115 277 504 40 -320 -735 -128 46 20 231 -6 251 -266 297 247 -334 -51 -296 -96 -334 -308 -169 -19 -362 320 381 -397 205 191 -261 278 249 187 178 -416 -45 -53 -9 216 -658 -504 -677 112 -98 -519 -364 354 -196 -441 138 -322 234 315 -252 20 -44 361 139 -67 96 -27 312 -380 -634 159 -423 234 -478 -118 452 -322 197 -52 38 -268 441 406 -287 -231 67 -316 310 588 324 339 -177 -135 -115 343 62 -200 -114 -235 -237 337 -139 -275 288 486 -413 -40 438 215 -359 -670 -29 -150 -166 -329 67 12 -185 120 159 -207 111 233 361 -60 392 549 -142 -52 -191 252 -206 3 -220 -235 153 272 106 -75 130 -227 -314 -362 387 921 -379 256 291 193 -88 -690 8 23 54 -117 87 171 -201 -11 340 -139 0 -21 87 393 -86 121 -11 -21 -75 489 -36 -266 -62 1 422 15 133 182 -103 96 134 226 -16 -119 -550 -289 257 -262 -172 -160 -41 257 -498 -32 -99 -238 500 -230 -202 109 -22 21 -145 -354 503 9 190 456 556 -381 -171 73 162 55 -120 -2 -29 106 453 483 24 -332 42 598 64 -292 137 604 -373 135 -171 -112 -319 410 -251 247 8 49 -188 -270 330 467 96 237 -232 -255 -81 -443 -431 407 426 63 315 -188 -47 -275 50 315 -267 90 -307 -29 -73 -85 507 316 -12 519 -39 -40 333 -393 620 -108 -196 -341 -130 128 -117 264 -219 -165 127 420 152 508 450 -136 -151 -184 59 93 214 -3 -173 117 325 266 -22 -215 -88 262 -125 237 201 131 -33 234 -331 95 58 -150 218 330 -188 -536 242 153 -338 250 -9 238 -137 -178 439 -606 -424 -124 -79 148 194 95 -173 211 248 75 -48 527 -10 381 59 484 43 171 115 255 -85 48 -135 387 1 -413 103 -169 -493 387 -95 35 -144 -15 -33 144 -195 -287 186 -664 33 28 -182 179 -97 291 334 -117 -127 -220 -54 -5 -122 -253 -193 327 -471 -32 142 436 -52 27 215 218 -304 99 -79 170 203 167 334 -116 40 -589 -38 127 227 90 34 373 543 -252 112 113 53 1583863281
483 72 -461 -383 -34 11 -274 226 318 320 -79 616 437 -153 157 -529 -142 -5 590 -139 629 26 137 -197 574 -30 92 -219 325 -449 -323 221 157 33 436 368 -325 -155 82 268 -612 181 -555 43 542 -399 269 404 -39 -377 -333 -186 231 -238 229 -379 -391 -257 -213 -25 215 204 517 -385 223 112 307 -603 -214 -329 -108 -128 -634 298 138 -400 593 -393 59 -523 129 129 167 93 -280 -399 -425 -120 -220 148 -58 -348 290 182 -193 100 510 88 -522 -379 -62 300 -178 132 -326 220 -57 -146 -197 24 -351 195 -339 297 -5 450 -809 210 -490 -373 367 -125 -206 370 6 -328 221 274 342 369 -330 -236 -17 18 420 178 -119 426 579 236 -232 84 170 326 60 -349 278 -382 -486 -670 129 274 -132 -154 156 -51 -267 -165 217 -194 -598 521 206 559 -194 247 349 -71 396 -80 604 -137 250 -24 43 -291 -65 61 263 77 92 231 272 -69 154 439 231 -188 331 184 -298 301 -558 143 243 281 -24 173 416 281 125 -75 -128 -199 276 -535 341 29 -362 -646 -28 -247 101 180 -384 -163 305 64 -720 263 -139 158 -553 157 -129 -26 222 -162 -106 -81 45 102 -119 135 -179 -262 -187 -105 225 384 -269 614 104 -84 -245 -205 147 -353 131 -173 -7 -494 -130 -38 -123 -126 88 178 219 -234 20 -47 481 68 82 -106 360 202 -267 15 260 92 179 -426 -30 -124 84 604 -161 -423 122 15 -169 355 -332 -277 46 -256 298 -227 -14 -116 25 40 317 -195 195 -123 148 0 -218 269 -82 -10 -195 -5 78 -300 -276 266 308 396 265 -51 67 229 -11 -14 128 -323 -376 430 12 -448 85 -46 104 -15 -148 257 -396 71 -350 96 -284 -366 197 370 -448 -131 -304 -177 -88 344 299 387 321 440 7 -481 -261 -198 -34 240 -384 -107 -417 111 -190 89 181 275 -207 -278 30 -67 -47 6 208 342 -9 160 275 299 614 -294 421 -52 -68 182 337 50 134 47 -181 192 -80 -1 190 105 -70 340 -204 -21 350 -279 -76 -44 219 -51 -47 145 -1 -482 -210 -580 149 -70 440 127 112 340 -180 -224 -368 -151 -70 128 -267 52 -194 35 23 -175 -209 132 1583863281
-258 379 -12 -117 -568 545 186 452 168 -268 -2 359 -461 165 535 256 -57 102 -467 52 230 84 377 587 125 429 407 233 -663 -116 161 91 -314 54 -571 229 -57 -342 108 -220 574 -68 53 -235 -335 80 430 -386 -868 695 43 -447 321 296 159 -473 211 -42 -112 320 -440 662 199 454 393 457 31 -14 -160 -1 -279 -38 -67 488 -126 276 27 -75 -57 -295 -210 95 627 70 -597 147 -437 114 223 345 654 -384 200 360 -205 354 216 -33 -253 -385 103 -35 87 339 -13 232 -354 -307 -8 -507 -15 -151 62 -211 379 -213 376 145 -454 -444 83 149 30 -107 -197 63 -97 368 -85 -347 19 -125 -181 219 418 -358 80 18 -241 -85 92 -284 396 -54 -382 -434 19 -239 330 -53 291 -128 327 -322 160 440 -187 19 147 -76 33 -45 -370 111 -384 262 435 105 103 202 102 -434 166 -16 302 648 -526 -187 257 285 -221 79 -212 -226 481 96 142 -336 120 -347 -480 411 -3 -756 -608 296 309 -278 -120 164 -166 442 -165 -34 141 512 155 -146 -105 -78 -86 -282 -342 23 14 207 -331 -8 -152 153 -149 -345 237 343 403 100 -428 -62 -91 336 -103 -726 -225 214 167 174 -360 -640 146 -704 233 166 -361 91 -137 -5 -116 -64 -189 -170 527 -29 -297 140 31 -450 -50 -217 304 463 -293 355 -430 29 -241 -124 71 569 185 47 314 424 -160 143 270 116 152 177 -97 23 -284 376 -236 -175 -268 162 232 146 110 -137 -30 -165 -359 39 -342 22 -124 -233 201 572 -156 -344 -10 13 260 -603 -315 -390 -38 -77 487 398 -494 80 504 -134 489 274 254 410 -354 -11 -52 104 109 44 6 199 405 83 125 14 -213 0 -80 159 76 78 52 310 -183 71 217 -427 29 180 -221 -338 -126 -278 -574 -789 -376 83 -68 -7 178 268 -318 -114 -73 391 303 187 -45 314 268 -338 674 499 -321 -393 209 41 -32 -108 205 200 273 222 46 -154 -281 -205 139 278 157 305 -185 394 -75 -37 -128 -301 -73 209 -293 -552 198 -330 -197 99 -30 -118 135 -25 -22 -152 139 259 -117 -20 -141 -95 61 9 -164 -23 318 -35 464 -134 -135 237 45 91 1583863281
-275 -245 531 -104 504 593 218 -21 -366 478 -573 -96 723 -131 95 490 -169 -134 531 90 410 225 292 97 -166 -230 -539 59 -113 338 341 -34 246 178 5 -8 -103 236 330 -321 219 342 -217 -129 -304 267 151 -118 42 -183 -539 352 161 -306 -226 -100 656 -32 47 -132 326 84 -187 261 -276 -464 336 -58 -6 115 -32 -131 -239 22 52 90 -531 -195 118 132 152 39 -88 -161 -403 254 209 180 -81 336 -29 124 -47 360 118 -75 160 -280 -32 -22 173 -109 117 443 -313 68 -359 -67 341 117 -464 430 -252 -420 169 428 12 93 145 35 -38 -331 214 360 -311 -191 -163 -347 -67 -286 258 194 -325 231 216 178 -84 177 -136 326 -124 64 332 -589 -227 -23 7 -81 -347 275 78 -443 267 292 130 186 -324 -143 -212 -83 704 -17 -158 382 93 -224 -302 77 -180 691 -86 -660 31 206 -426 154 461 -86 -110 327 71 131 18 414 364 -274 341 -374 227 48 304 -333 -246 -73 141 113 41 -334 91 -80 -230 495 -261 -421 353 -289 269 30 -124 -28 -314 -158 -192 -473 -445 -254 161 512 177 288 199 -622 37 -139 -148 578 168 -712 591 545 42 -401 -46 75 -22 146 321 -81 -296 -126 -238 -127 -34 -176 80 -40 -36 192 -60 306 204 173 -264 208 -81 -223 717 -244 616 -295 -249 -298 -148 -171 398 137 503 290 -444 -73 -110 59 -17 339 -237 94 -18 -194 -531 111 129 154 372 358 -457 -130 -12 20 -260 -119 670 142 161 409 -57 -678 -694 300 -17 -22 -170 -62 31 -91 47 -22 204 197 -264 33 480 156 -142 82 454 101 -21 405 -58 -261 211 204 -6 155 173 316 172 201 186 -266 -226 391 -220 -384 327 -746 434 -100 -74 105 -372 20 452 -54 -143 143 27 -46 68 -285 -291 -379 -1 -117 -159 -46 -326 -184 211 440 342 279 463 58 649 -374 -194 -161 387 290 404 -146 -194 11 -96 241 36 -203 54 82 254 271 -149 -316 -10 20 -386 -420 57 29 0 387 510 -5 6 -11 1 -350 397 -261 152 310 -7 32 78 254 -81 -326 5 -221 255 185 267 -326 176 -177 -261 -317 44 96 -36 172 -4 139 -31 -92 1583863281
-63 -907 -216 11 80 -412 480 289 324 -362 -37 587 -350 64 -299 76 738 -382 -142 385 182 52 -454 -384 -573 -408 29 -27 607 438 426 148 87 -467 66 262 -512 159 17 390 164 -144 279 -297 -79 -208 -83 -37 173 388 -386 -211 182 59 -589 1289 -31 13 -342 168 -42 -127 25 -405 -13 -243 341 -380 -335 382 -86 -29 128 -102 27 95 60 -72 532 -485 307 -367 -88 -186 157 284 -808 271 -548 -542 -9 23 307 -140 114 170 -147 -210 -613 -268 -63 743 -188 -35 54 -194 598 444 568 86 12 111 112 -197 -118 169 -142 -196 -37 41 374 -190 30 163 -66 -214 -156 -334 -29 -110 365 226 -319 238 -196 -81 -270 -139 233 -205 42 1 196 -171 -7 -410 -1 29 530 -303 195 -5 201 288 123 149 543 -215 125 -71 184 663 222 -146 321 -219 -713 56 558 127 -224 -3 319 -19 247 -64 56 -195 166 424 -24 -146 -209 -14 69 446 152 154 -122 124 299 80 -130 -101 -245 -354 479 568 -81 -361 -33 -526 17 124 48 -247 -176 117 -79 64 512 116 -148 80 505 -170 -26 420 100 83 69 -501 -27 356 212 -105 -87 210 425 -38 174 143 300 6 -125 -68 -29 416 13 190 72 253 390 -16 -240 -306 80 -72 -322 -535 207 -150 690 -37 -203 998 -412 22 101 280 109 79 364 260 188 -452 -321 -7 440 -147 86 -82 -222 298 -167 -490 488 148 391 40 392 -243 -16 -273 -24 356 -379 -5 378 307 -424 515 98 -162 176 -286 302 227 172 -161 276 -181 574 -408 -329 394 -61 163 -211 110 274 93 145 -244 269 103 -368 208 114 305 488 -206 -214 -91 386 242 -185 410 -174 22 61 -453 -48 -23 -420 -107 9 -322 -16 -330 -231 -180 -560 425 -124 13 178 257 405 -38 -118 -20 -375 446 -298 154 -228 229 81 103 -54 172 -215 -351 -276 -27 -126 -331 -64 -139 221 169 153 -157 -32 -408 -89 -512 515 29 32 527 81 83 -187 311 14 206 501 146 74 -201 279 31 95 -21 193 -151 175 140 243 142 -354 -7 182 375 270 29 513 -381 156 193 220 -89 -221 -408 -197 -264 -309 43 -4 -125 -150 -151 -161 0 1583863281
533 450 -848 -42 -106 -32 417 -29 -396 -742 -74 10 -871 372 -181 513 622 -61 -332 236 -331 15 -358 -515 -328 128 350 -123 -209 -203 -240 -840 -19 -75 -159 397 304 -126 -98 -750 -496 202 350 33 -105 424 225 -95 -79 -319 -185 108 34 5 303 -12 139 -268 -56 -541 57 -184 55 -159 -5 144 238 -71 -141 52 -231 372 -990 -251 -24 -36 -226 190 -537 21 -626 -347 -218 86 -464 104 317 383 -10 62 -233 -518 -151 83 -76 603 -62 -86 -319 308 -70 183 16 0 804 351 82 -335 -453 -591 276 -204 928 302 -43 -397 336 -256 -1 76 -603 -457 -182 -166 -381 -262 -27 592 -458 60 157 221 -427 -531 -131 -506 -252 28 -52 343 286 385 -164 416 6 -411 -186 -42 15 304 192 -216 -392 135 126 -723 -8 88 158 412 -201 -304 -231 -401 178 -16 -340 242 46 111 -276 156 -348 -183 -23 -73 -83 119 -162 -137 463 -386 92 -134 -97 -247 690 -234 304 68 44 -266 31 57 121 652 -385 180 -155 206 -25 130 -63 -309 -42 506 280 86 -118 0 0 296 130 -323 -93 -70 -498 394 -177 -126 -212 -273 -296 -465 -497 -70 198 187 -233 -142 -181 -98 -17 -173 38 20 -91 432 91 -48 614 3 -709 -131 -416 158 236 -192 -363 53 -426 -41 38 -123 -103 74 -123 420 222 160 176 272 -282 -368 -99 497 109 304 101 324 -140 29 28 -224 -69 -298 306 31 -684 -272 519 0 258 151 -108 309 -189 -489 -83 206 -384 -330 -177 -491 -14 -293 -30 -256 -218 -254 -576 -100 15 -194 -245 -497 -77 188 72 -274 -87 -78 -198 109 254 -116 -319 -105 126 50 11 -276 -130 418 -10 -100 120 -158 540 -410 -309 139 -183 135 82 -22 -160 -84 259 148 -128 63 18 85 -449 38 -404 -410 45 126 54 93 -151 183 -71 36 179 -253 -264 -34 -191 -68 59 -48 144 112 22 -301 -11 -40 53 -99 -333 171 126 -63 135 -309 60 -395 -78 31 232 167 195 -56 -36 -72 300 191 258 -42 -15 157 243 88 337 -307 -331 -54 321 111 130 293 50 -110 161 26 99 27 -331 341 -283 -184 144 -301 -407 -61 -118 214 -509 -85 -98 -209 -373 40 1583863281
415 -32 171 -139 31 270 -214 56 56 -653 -135 -208 -21 -267 -789 -378 -75 -232 143 31 -253 89 530 -45 -150 493 303 106 -36 -919 -105 -153 286 -10 -260 531 -252 -355 -453 -54 604 37 -215 -154 281 98 -288 -210 -28 -293 27 -573 -420 281 -47 243 -416 -15 -60 -622 -185 43 144 539 29 143 177 -14 -96 85 394 -277 -570 -94 160 -526 29 -453 188 -224 -62 301 383 -211 25 233 -67 -142 -462 -351 4 613 -223 -33 267 -3 679 -117 -251 86 -561 -61 -332 591 -137 -12 -422 -252 173 -236 -267 -214 197 -231 -227 101 34 223 324 13 -125 266 35 23 -309 -647 -585 -467 256 -15 212 -68 83 -193 -514 444 -568 247 135 155 224 272 583 -390 106 -253 71 -201 -228 211 -59 87 -13 147 240 116 230 -530 162 16 280 167 266 95 -99 647 -347 -299 -86 211 294 366 -314 98 -200 116 36 -265 87 -112 -448 102 -458 417 -658 -337 -362 -65 -170 -388 -259 135 -104 -364 391 83 93 24 68 -475 396 261 193 279 -295 -1 0 207 65 154 -247 322 -38 -19 359 -373 578 191 -37 99 191 -305 -324 -398 109 -230 66 -859 209 253 139 -10 -157 -243 282 152 -301 40 -758 -119 232 382 184 -196 205 -234 247 -322 -50 -342 -209 357 102 -232 -54 -104 -27 -94 134 -525 551 -397 49 58 -61 250 -223 -128 -138 -89 -198 -136 -11 16 -14 225 -20 -57 71 4 518 55 46 -185 -121 78 -190 -51 -198 249 342 93 -168 18 48 213 141 -90 -137 287 -105 -403 -9 -428 334 257 -564 168 324 -750 398 227 -111 76 -51 -284 -450 -100 491 67 253 -283 -2 -78 331 -324 37 -370 211 -48 292 -174 -467 95 148 69 866 94 33 355 84 356 -240 -462 -382 270 626 109 262 131 139 190 234 517 126 -134 42 -36 -377 371 246 51 -119 -263 10 -126 334 -165 -622 13 209 -352 -175 86 -56 -16 -170 -148 114 38 -135 332 112 -102 196 -641 50 548 -243 276 177 98 519 161 147 149 -204 195 111 -13 -296 -2 -132 -155 196 144 213 170 -176 -122 -20 -132 290 15 534 368 294 -211 73 705 174 80 -129 488 -498 47 1583863281
-398 478 224 -82 219 -432 -113 524 -135 78 347 -328 -376 399 -96 437 -451 331 -358 -29 346 420 153 340 -560 -255 -287 -775 -91 -63 -155 -776 181 -158 170 -546 119 18 -65 -54 -263 36 -113 -678 -222 -26 108 502 338 351 -171 244 -95 248 -270 51 -203 -473 -320 -77 219 -69 -96 6 56 15 285 -404 -497 -764 -301 -161 173 -432 489 408 230 49 316 31 84 -60 293 45 -431 -354 146 397 21 154 -86 -402 340 79 287 -153 310 95 -21 -85 274 98 -434 -11 293 -484 -176 869 -594 54 237 -237 -101 -333 -61 -173 -256 404 312 -289 -191 -830 -319 333 339 -225 -279 106 267 365 -259 -277 -118 -83 -409 182 135 143 -157 161 -637 -57 -111 243 -92 -52 -41 -115 39 82 -21 222 -106 -669 -117 145 -628 273 647 -264 168 55 -607 -460 166 276 -29 239 -130 -192 -162 -184 -481 270 -206 59 34 -36 -177 -451 254 -261 -248 -407 90 29 9 97 61 -354 228 -470 57 27 63 -210 -338 0 -312 -573 -83 -139 -318 53 289 -260 191 -222 201 -73 -86 252 509 -750 -74 306 -54 -350 -2 217 -454 -215 -449 162 -335 10 -174 523 479 590 -83 -525 19 71 -613 210 9 -456 -302 60 83 -346 249 -676 315 -236 -272 296 344 -132 1 -217 -669 21 -227 173 -8 -90 -87 -6 212 -299 91 232 152 -258 251 283 385 -26 -18 76 365 -359 38 38 -313 374 210 69 402 77 91 174 -423 165 28 354 -177 570 65 -202 -121 408 -149 -136 169 -278 309 48 139 165 352 -180 -91 348 101 -125 -432 -157 -8 36 366 98 13 -54 -179 11 251 42 -139 199 189 121 -19 -17 1 103 -256 150 217 -123 259 -254 194 -39 246 3 -348 236 239 25 -106 242 -25 222 190 594 -287 -242 -423 505 432 116 219 176 361 221 213 288 175 -18 -118 -160 436 388 363 -209 54 -137 -152 226 161 -23 105 37 185 86 751 -158 -494 121 -352 48 -32 -34 -341 447 105 548 134 -2 -38 -122 328 148 168 46 -389 -382 -57 56 9 54 318 -120 -260 159 -170 -52 82 50 -116 -3 -140 500 -157 -148 -289 -401 -220 251 232 -303 -456 -346 1583863281
318 -115 132 -146 -197 -83 244 179 -687 571 -405 -289 94 261 -348 246 -326 477 -334 350 257 411 668 278 -223 -381 141 -273 57 104 -73 -205 96 186 -241 -66 -181 -107 31 -628 -137 -458 303 131 -275 385 625 -151 0 -254 -347 -268 -239 -285 629 -440 -732 262 -452 188 -134 -213 -167 -106 -35 198 511 232 -610 52 383 -263 115 22 -189 -419 29 -33 104 3 -627 -67 -339 35 170 -175 -112 -50 -417 -334 -154 201 -301 891 18 -192 539 12 72 230 -273 244 169 348 200 -187 541 353 324 -179 -157 -206 -157 289 117 -599 65 17 -54 -303 543 -17 67 -90 -452 -94 190 462 81 -47 -326 24 -90 -227 -385 -92 234 460 -142 -251 -364 136 20 670 189 -175 406 32 2 391 13 550 168 -153 350 -72 152 36 461 -337 -104 -78 148 120 -609 -45 -345 -409 -150 -441 -129 -61 48 -660 -109 422 -605 -62 -425 213 261 -37 122 387 363 143 175 -1 -438 84 -114 37 -454 -105 -50 -31 -164 97 602 -123 475 -657 319 157 352 -187 47 7 132 31 272 160 245 -318 -58 435 -100 -672 -16 -154 -105 416 -192 -147 -222 140 -203 -254 143 -216 544 359 -274 -288 158 -10 -473 53 137 -132 233 -400 -257 382 184 -23 -57 -193 -413 320 -333 149 -46 -186 -57 107 -166 -241 257 48 415 -148 -192 252 -267 -408 -263 10 121 -66 352 207 619 -315 222 165 221 599 -324 89 144 165 -384 -39 228 -279 130 4 -442 -223 178 -502 -217 -123 -176 225 -274 -153 -164 50 13 -236 -654 43 267 -199 457 210 -387 101 0 -155 -395 -9 -557 -212 -154 -376 -32 -99 156 -89 -256 511 12 118 -108 -81 -206 214 529 399 -246 -189 -535 -226 68 533 -118 318 -202 -80 -115 69 -85 393 125 131 -46 -266 -173 454 -53 366 -129 -196 233 545 330 -432 -80 -67 260 -693 -80 -95 -224 291 463 -21 -84 242 212 -311 107 -321 325 -350 -131 383 -3 -32 305 -405 502 -220 -277 226 128 41 205 472 -262 102 60 -39 -260 -203 -553 -305 287 -331 74 144 70 146 -365 403 315 72 -24 -22 -33 -220 306 -109 302 139 -150 466 -128 89 -244 -175 167 67 1583863281
-689 346 -25 37 -49 879 -363 -271 82 844 -464 30 161 345 245 136 221 -280 -156 -221 -319 -79 -34 237 613 293 60 -465 -273 -80 249 270 141 -81 431 395 -193 414 13 -61 43 123 -262 323 -342 336 -467 -77 -158 230 -168 182 -131 73 -339 -164 -325 -56 297 -199 -442 -84 21 511 -301 281 -593 -122 -101 350 389 67 -297 116 -104 145 -439 232 -66 -208 -217 135 160 -173 -901 256 283 276 -261 -569 -413 -136 440 178 449 -124 -146 -69 575 472 78 -55 -383 -386 -227 121 -449 340 325 -266 240 239 -298 35 -148 -154 -27 -162 -447 122 -246 659 269 551 79 -398 -35 -287 -206 335 57 -92 290 -425 -55 6 461 -69 374 608 244 473 91 -73 474 -101 123 -238 -211 -105 108 479 556 -180 -213 -272 -12 -2 87 48 169 328 -173 -563 71 109 -259 0 391 114 -101 57 -799 817 559 -126 287 261 197 -40 -304 176 462 501 -167 19 193 84 176 27 31 -149 245 -276 343 156 196 85 -64 -170 -83 -188 320 -3 77 -107 146 566 237 268 -53 -38 -539 155 173 36 -143 -694 -143 8 24 -377 139 756 694 -302 426 277 -13 290 89 531 163 -459 -210 -361 -44 -151 269 -63 -167 -506 24 84 286 -294 -17 208 29 -221 -61 -95 163 -641 -257 344 -214 291 132 -128 -213 73 139 58 -14 -2 185 130 285 -180 -63 -40 305 -102 243 -91 75 -135 -62 -530 -317 831 21 -178 -150 117 -436 -174 -376 -79 -107 -214 151 335 -275 153 268 -258 -408 98 253 482 -189 243 75 116 -170 -114 -135 220 283 385 324 -117 -195 110 -30 127 -176 388 157 -508 -121 136 454 -132 423 142 -224 127 192 238 8 -403 -11 234 -31 -456 -81 434 270 -324 -244 25 130 -538 -87 163 -78 404 59 -426 -654 -507 41 153 262 -255 -143 -307 -175 -328 -80 381 281 -12 153 158 -456 14 -362 -47 99 20 -339 93 130 187 47 228 433 -122 -71 -470 -298 216 -146 350 -181 -337 141 458 593 -90 194 153 331 -52 386 -248 296 482 45 -22 260 18 72 -68 -41 211 -183 -362 -304 -52 -108 150 -460 -110 -53 -2 190 308 192 489 76 179 1583863281
