-16090196 -15504832 21955057 5278533 -502906 -7470402 -2493478 -142754 120404 -127816 -43930 -29079 -3278 126687 -10855 -3386 -11469 -2849 -957 -598 844 -91 784 -280 -1 -26 0 -4 1 0 0 1 4 0 -2 0 0 -1 1 -1 0 0 0 0 0 0 0 0 0 0 0 0 0 0 0 0 0 0 0 0 1583836345
-16089441 -15507255 21970220 5057625 -6894948 -7579218 -1909948 -142319 120598 -126211 -43410 -30074 -3903 -40052 -10911 -3655 -9938 -3052 -978 -646 7825 -128 153 -202 -2 -25 -8 -4 1 0 0 1 1 0 0 0 0 0 0 -1 0 0 0 1 0 0 0 0 0 0 0 0 0 0 0 0 0 0 0 0 1583836345
-15482756 -10125804 11061720 12857819 -7421839 -4402807 -1941956 -178723 124384 -150461 14517426 -23070 -3177 -76601 -8525 -2923 -7446 -2419 -748 -500 -169 -111 255 -270 -1 -24 -10 -9 2 0 0 1 0 0 0 -1 0 0 1 -1 0 0 0 0 0 0 0 0 0 0 0 0 0 0 0 0 0 0 0 0 1583836345
-16089634 -15509134 21974223 5050826 -7014571 -7582339 -1900117 -142302 120601 -126400 -43402 -30093 -3914 -43308 -10912 -3660 -9865 -3044 -962 -634 905 -130 140 204 -4 -25 -19 -3 1 0 0 1 6 0 -1 1 0 0 -1 0 0 0 1 5 0 0 3 -1 0 0 -1 0 0 0 0 0 0 0 0 0 1583836345
-16089718 -15509611 21974885 5056611 -6824111 -7579422 -1916825 -142308 120594 -126514 -43453 -30171 -3942 -54957 -10919 -3681 -9693 -3056 -961 -638 935 -132 80 -163 -3 -26 -14 -4 1 0 0 1 0 0 1 0 0 0 -1 1 0 0 0 1 -1 0 0 0 0 0 0 0 -1 0 0 0 0 0 0 0 1583836345
-16089493 -15506282 21966634 5093301 -5887428 -7561715 -2003390 -142392 120567 -126265 -43520 -29992 -3836 -25478 -10910 -3633 -10025 -3037 -979 -645 8469 -124 165 45 -4 -25 -19 -4 1 0 0 1 6 0 -2 1 0 0 -1 0 0 0 0 4 -1 0 0 0 0 0 0 0 0 0 0 0 0 0 0 0 1583836345
-16088953 -15508097 21972558 5040371 -7349742 -7587299 -1868201 -142284 119936 -126441 -43377 -22106 -3934 -52022 -11139 -3833 -9785 -2744 -954 -615 -240 -144 102 -59 -3 -29 -19 -4 4 0 0 1 0 0 1 0 0 0 0 0 0 0 0 2 0 0 1 0 0 0 0 0 0 0 0 0 0 0 0 0 1583836345
-14986859 -5727719 2147043 19220676 -8019772 -1811257 -1912323 -197813 120900 -142304 -47217 -30354 -3891 -52166 -10835 -3652 -9918 -3023 -950 -626 -240 -131 113 -82 -3 -26 -16 -6 2 0 0 1 0 0 1 0 0 0 0 0 0 0 0 2 0 0 1 0 0 0 0 0 0 0 0 0 0 0 0 0 1583836345
-16090196 -15504832 21955057 5278533 -502906 -7470402 -2493478 -142754 120404 -127816 -43930 -29079 -3278 126687 -10855 -3386 -11469 -2849 -957 -598 844 -91 784 -280 -1 -26 0 -4 1 0 0 1 4 0 -2 0 0 -1 1 -1 0 0 0 0 0 0 0 0 0 0 0 0 0 0 0 0 0 0 0 0 1583838187
-16089441 -15507255 21970220 5057625 -6894948 -7579218 -1909948 -142319 120598 -126211 -43410 -30074 -3903 -40052 -10911 -3655 -9938 -3052 -978 -646 7825 -128 153 -202 -2 -25 -8 -4 1 0 0 1 1 0 0 0 0 0 0 -1 0 0 0 1 0 0 0 0 0 0 0 0 0 0 0 0 0 0 0 0 1583838187
-15482756 -10125804 11061720 12857819 -7421839 -4402807 -1941956 -178723 124384 -150461 14517426 -23070 -3177 -76601 -8525 -2923 -7446 -2419 -748 -500 -169 -111 255 -270 -1 -24 -10 -9 2 0 0 1 0 0 0 -1 0 0 1 -1 0 0 0 0 0 0 0 0 0 0 0 0 0 0 0 0 0 0 0 0 1583838187
-16089634 -15509134 21974223 5050826 -7014571 -7582339 -1900117 -142302 120601 -126400 -43402 -30093 -3914 -43308 -10912 -3660 -9865 -3044 -962 -634 905 -130 140 204 -4 -25 -19 -3 1 0 0 1 6 0 -1 1 0 0 -1 0 0 0 1 5 0 0 3 -1 0 0 -1 0 0 0 0 0 0 0 0 0 1583838187
-16089718 -15509611 21974885 5056611 -6824111 -7579422 -1916825 -142308 120594 -126514 -43453 -30171 -3942 -54957 -10919 -3681 -9693 -3056 -961 -638 935 -132 80 -163 -3 -26 -14 -4 1 0 0 1 0 0 1 0 0 0 -1 1 0 0 0 1 -1 0 0 0 0 0 0 0 -1 0 0 0 0 0 0 0 1583838187
-16089493 -15506282 21966634 5093301 -5887428 -7561715 -2003390 -142392 120567 -126265 -43520 -29992 -3836 -25478 -10910 -3633 -10025 -3037 -979 -645 8469 -124 165 45 -4 -25 -19 -4 1 0 0 1 6 0 -2 1 0 0 -1 0 0 0 0 4 -1 0 0 0 0 0 0 0 0 0 0 0 0 0 0 0 1583838187
-16088953 -15508097 21972558 5040371 -7349742 -7587299 -1868201 -142284 119936 -126441 -43377 -22106 -3934 -52022 -11139 -3833 -9785 -2744 -954 -615 -240 -144 102 -59 -3 -29 -19 -4 4 0 0 1 0 0 1 0 0 0 0 0 0 0 0 2 0 0 1 0 0 0 0 0 0 0 0 0 0 0 0 0 1583838187
-14986859 -5727719 2147043 19220676 -8019772 -1811257 -1912323 -197813 120900 -142304 -47217 -30354 -3891 -52166 -10835 -3652 -9918 -3023 -950 -626 -240 -131 113 -82 -3 -26 -16 -6 2 0 0 1 0 0 1 0 0 0 0 0 0 0 0 2 0 0 1 0 0 0 0 0 0 0 0 0 0 0 0 0 1583838187
