-15821407 -13130746 17154214 8475740 -8011916 -6190180 -1852040 -166262 127619 6041573 -38008 -27748 -3670 -70045 -10039 -3414 -8803 -2866 -930 -625 20818 -124 73 -231 -2 -19 275 -2 1 0 0 1 4 0 0 0 0 0 0 1 0 0 1 -1 0 0 0 0 0 0 0 0 0 0 0 0 0 0 0 0 1583838658
-16089604 -15510089 21977532 5020314 -7870972 -7597292 -1820999 -142238 120627 -126329 -43330 -30225 -3998 -65425 -10919 -3695 -9658 -3066 -959 -636 -233 -135 107 -268 -2 -26 -9 -4 1 0 0 1 3 0 1 0 0 0 0 0 0 0 1 1 0 0 0 0 0 0 0 -1 0 0 0 0 0 0 0 0 1583838658
-9594817 42108541 -94824042 88680227 -11813477 26468893 -2501250 -725252 290829 150014549 86438 30029 3928 -188885 10609 3194 15510 3394 1808 1210 -351095 19 38 -779 5 0 -370 -11 1 0 0 0 -4 0 2 1 0 0 0 1 0 0 -2 -2 0 0 0 0 0 0 0 1 1 0 0 0 0 0 0 -2 1583838658
-16089202 -15506229 21969373 5033022 -7662109 -7591495 -1844162 -142287 120625 -122456 -43351 -30192 -3976 -60113 -10918 -3687 -9735 -3077 -980 -651 8455 -133 124 262 -5 -25 -13 -4 1 0 0 2 16 0 -1 2 0 0 -2 0 0 0 0 4 5 0 -1 0 0 -1 0 0 1 0 0 0 0 -2 0 1 1583838658
-16091081 -15487598 21891930 5901403 17075675 -7164896 -4096023 -144013 119875 -131550 -33097 -26403 -1588 574964 -10705 -2664 -15788 -2339 -948 -510 -590 18 -298 -256 0 -20 -9 -4 1 0 0 1 1 0 2 3 0 -1 1 2 0 0 0 1 1 0 1 -2 1 1 1 1 0 0 0 1 0 1 1 2 1583838658
-13555225 6980223 -23621040 37831068 -4821566 5776766 -2504531 -369462 186497 58097098 6551 -6162 -479 5546 -2583 -856 -2951 -1139 -801 -596 247480 -4 -1 -1001 4 4 -120 11 -2 0 0 0 -6 0 -1 -1 0 0 -2 -1 0 0 -2 0 -4 0 -2 -1 0 -1 -1 0 0 0 0 -1 0 0 0 2 1583838658
-16098166 -15423301 21618667 9025728 106196626 -5629674 -12227788 -150244 117171 -150116 -52750 -12876 6977 2847663 -9958 986 -37480 237 -910 -66 -1190 563 -1733 -237 8 1 13 -1 2 1 0 2 11 -1 1 20 0 -1 3 11 3 0 1 6 6 2 7 -8 6 5 -2 0 -1 0 0 1 0 0 2 5 1583838658
-13570824 6837770 -23329168 37547221 -6101133 5660059 -2314548 -293649 136213 -226436 60356985 -565 -604 -115017 -988 -499 -488 -389 -85 -72 33 -36 55 -281 0 -4 -26 -2 0 0 0 0 -6 0 2 -1 0 0 0 -1 0 0 -1 0 -2 0 0 0 0 0 0 -1 0 0 0 0 0 0 0 0 1583838658
-16089088 -15505460 21968090 5028267 -7834916 -7593946 -1824340 -142278 120634 -119611 -43328 -30217 -3994 -64601 -10919 -3694 -9706 -3081 -980 -652 8328 -134 81 -84 -3 -25 -14 -4 1 0 0 1 0 0 0 0 0 0 0 0 0 0 1 0 1 0 0 0 0 -2 0 0 -1 0 0 0 0 0 0 0 1583838658
-16089401 -15507756 21972200 5036478 -7495319 -7589601 -1855185 -142276 120616 -126410 -43362 -30167 -3962 -55775 -10916 -3679 -9748 -3055 -959 -635 -239 -133 100 -111 -3 -26 -15 -4 1 0 0 1 1 0 1 0 0 0 0 0 0 0 0 2 0 0 1 0 0 0 0 0 0 0 0 0 0 0 0 0 1583838658
-16089739 -15509151 21973224 5072711 -6370374 -7571528 -1958040 -142342 120582 -126596 -43455 -30001 -3855 -27743 -10907 -3635 -10019 -3026 -961 -631 912 -126 69 -85 -3 -25 -14 -4 1 0 0 1 0 0 1 -1 0 0 -1 0 0 0 1 1 0 0 0 0 0 0 0 0 0 0 1 -1 0 0 0 0 1583838658
-15013945 -5966238 2629460 18904318 -7738316 -1941426 -2008049 -238868 148798 24744951 -21901 -20123 -2608 -65662 -7346 -2521 -5669 -1975 -502 -327 -58061 -104 97 301 -4 -21 -69 -7 1 0 0 1 4 0 0 0 0 0 0 0 0 0 2 5 0 0 0 2 -1 0 -1 -1 0 0 1 -1 0 0 0 0 1583838658
-15858498 -13446040 17777740 8348952 1835769 -6212441 -2836210 -156996 121769 -137809 5510158 -26043 -2722 173019 -9902 -2992 4804 -2859 -1006 -712 -240 -107 -229 15904 -85 1 576 -9 2 4 -3 3 164 -1 -87 29 3 1 -17 13 6 0 37 82 20 -5 -24 -9 8 -12 -9 -2 14 -1 -2 -1 1 4 0 -3 1583838658
-21 694 -157 151 -324 315 514 -568 290 114 -159 785 -432 -642 -294 -231 330 -351 30 75 -72 -203 -425 101 -356 601 117 75 -199 -301 -12 298 194 119 -588 332 53 184 108 292 43 -2 60 243 -194 -296 318 348 -167 218 147 337 -37 609 -411 -62 95 -88 -449 511 302 -35 569 168 -527 -57 -33 46 244 -202 447 -593 -223 -445 355 -244 -346 132 0 -184 120 224 320 338 -229 -23 -454 -360 -137 591 -63 326 -80 60 296 -403 98 -187 141 -25 121 80 -66 380 -308 236 200 -211 45 -690 -309 -14 12 121 -44 -110 129 870 -483 -126 623 -354 -323 -475 -100 99 260 203 -469 124 132 29 575 -368 -321 567 270 -140 -118 107 222 659 103 322 -312 -408 -428 -523 204 409 32 170 9 358 119 83 83 -294 703 303 -68 177 177 55 51 10 -292 466 330 -143 -470 -239 -335 308 -150 302 16 -279 380 -207 124 226 -205 -27 147 114 404 181 273 -281 -712 -16 134 -396 -168 -264 312 -99 -730 -310 -158 -104 201 181 197 88 415 -181 71 -10 398 339 236 -316 119 110 187 111 215 53 -18 -314 315 -193 -523 298 285 371 -351 -279 -70 -292 226 -186 100 173 -444 21 -148 262 -215 70 -3 -397 -17 126 35 583 -739 314 -246 -129 352 -285 -165 -469 -12 353 -77 -54 -49 -424 62 202 -190 -20 -82 286 297 -21 -343 -107 154 133 32 -15 -139 52 258 -110 190 -82 34 -483 82 119 517 -353 230 -237 8 -150 -7 -446 73 244 -318 366 -488 -554 -37 230 1 142 -565 390 -174 -142 138 19 163 -432 -5 -137 197 -460 -309 225 80 -222 334 -349 210 -249 34 -679 -137 40 141 -136 -85 -263 -9 189 163 -2 320 327 125 -177 -72 -364 -62 -442 190 -246 94 185 152 94 -118 414 -108 49 421 -342 111 -274 85 -182 -266 206 -406 198 -94 -335 249 169 -29 124 445 136 -33 329 -26 185 95 22 412 1 -707 274 -267 177 -157 395 -106 336 -13 -104 150 8 289 436 29 -102 -124 56 114 -80 208 -175 373 -700 -438 -387 -41 91 -177 356 -156 -92 -575 282 -528 117 -223 432 -574 408 224 2 -3 -195 15 -199 1583863281
-584 -240 61 -129 257 -57 -38 360 -341 -139 174 84 -8 212 257 -171 -459 -265 -99 271 -127 422 -84 225 408 116 -130 -336 -17 -16 -15 114 752 1 -47 490 -604 -208 -290 -294 -170 -159 182 222 -315 358 -125 440 -96 -269 -239 53 45 33 -390 570 364 -199 -336 123 -751 226 -14 97 230 -511 712 397 -422 -94 -83 -36 -811 25 92 -38 -76 -125 -329 51 481 35 279 -541 163 -331 12 -25 26 157 -7 527 0 51 -183 157 -18 534 -165 -11 -311 -65 289 92 212 447 -141 -236 98 201 96 -597 472 110 17 141 -396 -36 271 -128 291 788 -98 257 93 -364 93 -417 1 72 273 -232 -207 -388 -333 -531 -419 18 -480 -135 -241 630 86 -229 569 -260 -129 169 212 -54 121 260 394 83 -160 -72 -389 -549 -302 73 -292 -75 -4 67 250 -70 94 217 176 403 645 -258 118 -172 278 -92 -104 393 -523 519 -325 -199 -167 -412 380 -442 -754 277 187 -94 62 -610 -92 -118 -358 309 18 352 -77 206 -182 -255 108 206 -120 145 -510 100 105 346 -236 -86 -84 75 508 -345 128 -360 -140 127 -460 -492 19 276 198 -222 -761 428 -142 566 -159 -364 373 -115 178 68 -343 106 -48 203 -61 -219 126 0 758 177 8 186 -241 -87 -144 82 -358 -162 365 108 -240 -364 -272 -125 272 53 -94 257 -154 1 -53 -93 86 267 448 -76 -137 91 -488 -220 350 -97 -111 -325 20 159 310 -47 -270 95 169 314 345 151 236 -104 -66 64 33 -211 418 -205 10 224 0 -519 -191 -290 594 43 366 43 -112 135 459 165 746 6 222 -383 -429 343 -204 179 502 87 -289 -333 89 90 -146 -25 54 -155 -534 330 -117 -45 -122 -1 101 -435 210 -88 -259 -38 -148 390 -394 97 -172 -203 -149 250 159 186 14 -93 321 -48 -216 -61 191 145 -14 175 -168 203 -208 423 -131 79 357 117 417 26 -259 -49 -156 129 -5 15 -358 270 -281 118 123 -49 -518 70 -80 -30 647 343 90 -106 45 315 66 284 322 96 428 -423 61 20 -32 -468 156 12 149 129 -273 -241 349 325 339 768 -91 148 -134 92 52 11 -249 -89 205 -114 62 -79 1583863281
-472 -144 -57 148 229 188 630 -39 579 225 -131 -261 355 14 -401 266 -126 351 -303 622 26 -11 -237 239 -417 371 551 654 -159 -409 1 -140 600 272 17 -1057 491 317 -120 -254 215 264 152 -316 276 293 91 447 306 212 -639 36 -39 246 -313 -336 -38 13 -537 -70 -43 -85 -453 55 11 288 338 -351 503 102 -5 -511 533 -66 286 154 116 -99 -385 474 -250 -145 -265 -330 705 282 371 477 -640 -23 7 188 -6 397 -320 -399 -112 435 -101 -219 -451 -164 395 -327 -6 6 -92 -63 -151 226 102 231 -32 58 424 324 474 327 299 321 105 -304 6 307 465 218 -193 -368 217 227 -330 -235 82 160 2 -194 313 130 -173 237 -54 61 -341 139 -474 -488 94 718 269 -121 7 284 354 172 119 116 -264 -81 -93 322 -110 -637 176 -75 539 166 -148 -210 331 518 419 121 -143 -360 339 265 622 185 342 320 243 -83 68 -83 -244 -263 -163 344 -118 468 262 317 -222 227 -674 21 146 -97 -208 201 -226 -259 -16 -165 42 152 184 -509 -272 5 374 339 -117 -121 112 39 217 -27 -93 105 50 -2 135 216 -135 242 288 -73 466 17 -81 192 70 230 -277 207 -344 -264 -148 399 -22 -318 -78 56 925 -94 -124 -223 159 -165 -254 -56 388 7 112 -177 -238 -186 -216 -400 -384 62 -56 439 -376 -171 -153 304 509 321 186 87 -543 -135 59 -194 247 -160 237 -234 -216 55 2 -270 168 250 -89 -253 -79 115 198 88 -40 -99 -114 -131 10 -98 163 -33 -179 -133 -247 303 -200 -625 -29 228 262 317 192 -167 20 246 -77 -118 240 148 196 -555 362 -133 104 393 -267 37 217 10 317 -88 130 329 373 -55 -60 601 186 -39 112 121 -12 338 -2 30 -278 -72 -367 -754 -77 144 -89 58 218 -323 76 -393 -198 56 -191 86 154 -130 -162 -88 432 27 193 -213 36 28 38 -303 164 -68 -168 164 -225 237 308 -424 341 65 -172 -145 132 -250 52 1 616 207 -24 -484 -5 -46 -53 13 -433 -195 151 -398 -147 224 -275 -98 84 7 -33 109 -83 222 231 -51 -314 211 -157 122 -150 45 -93 -207 -240 310 -257 -366 49 -350 1583863281
-48 276 -183 -126 26 -455 622 380 -118 -513 -465 -255 619 -440 -516 -241 -337 -340 -278 -32 -63 -294 190 147 -285 -165 -207 880 192 -207 279 325 119 -108 167 -125 113 -182 45 -215 707 -137 -891 377 189 -382 14 319 -166 -300 -247 47 191 -258 -324 -499 -165 341 -150 324 -203 217 -111 -402 -159 15 -241 -1 -222 -775 507 -117 -121 -250 20 92 -35 163 -249 -493 -394 293 105 -184 92 -99 -331 -772 -117 76 39 115 85 255 -27 -327 -270 682 -163 605 181 29 15 -73 65 350 -96 -158 -144 -163 -509 -234 132 251 -148 -64 -47 -276 -183 409 124 -147 -94 67 -571 228 225 126 -102 572 -226 552 -87 65 -131 -372 -287 -837 81 146 -23 -248 130 -17 -652 519 -234 -189 105 246 -235 -242 -539 -146 434 -105 15 -151 -191 -198 679 37 -120 -65 -161 -115 -248 1021 -238 -247 -466 -104 -19 418 11 -28 -183 -473 41 -226 -53 115 533 5 -423 235 -408 33 -118 -174 396 234 54 526 -435 313 124 186 180 230 -241 -401 114 -169 -292 95 318 -440 13 513 117 -37 -2 68 -18 71 -350 -170 563 204 -96 -116 423 35 -33 218 -271 303 85 150 172 -134 286 60 71 -302 184 -505 -99 -694 40 516 209 -241 313 315 -186 50 3 -216 222 95 420 -467 37 26 210 184 -359 286 -222 592 254 402 290 -232 -90 -58 51 -35 -370 -339 179 -407 146 -92 386 -363 173 142 -421 420 -28 266 -331 206 -352 261 -315 -247 -677 -22 428 -569 -410 177 -176 131 587 -19 -514 423 101 51 11 445 -301 26 -356 -35 -452 288 -100 423 268 -279 23 124 3 -331 -266 -200 -104 327 -541 -179 233 -347 46 -135 138 -287 39 -10 -205 264 203 -41 40 -144 283 -209 61 -365 -199 -332 -22 -548 141 172 -488 -24 -488 90 77 714 178 -251 -3 -27 6 133 -46 -133 -343 -44 305 -332 -382 89 -563 -761 -139 176 217 -10 121 109 -566 131 28 104 172 -42 -255 102 -193 78 198 -197 129 177 -69 -37 -82 -19 6 346 200 0 -320 -340 -315 -157 101 -276 -21 -5 297 -7 170 -342 133 -58 -218 118 -127 -280 -101 115 -259 61 -498 -134 -218 -79 1583863281
-218 142 -373 -241 -246 379 353 702 127 -227 241 -112 140 -442 601 615 -81 172 -197 280 542 753 -375 450 -587 206 71 -192 -53 14 -27 340 -358 194 -116 -788 211 -212 295 -340 560 -308 70 -167 167 -219 99 207 -455 -395 403 -41 112 428 211 171 106 296 -17 -448 357 -213 -519 -252 -221 568 336 -476 -214 74 -178 199 -177 0 -872 -84 -114 -40 -4 187 13 -193 31 320 -19 181 79 -295 563 -218 -506 316 462 488 -309 -171 98 -382 -222 -308 479 166 68 -430 623 174 -299 275 40 -391 330 108 85 -733 -161 421 -101 104 96 -15 -48 51 -210 77 219 -241 199 355 379 -137 -117 179 300 7 0 248 439 -75 -460 154 260 -48 123 238 -116 266 36 153 -109 -221 434 166 -281 344 -7 -297 -73 239 -184 205 82 -194 -478 347 252 396 133 154 228 379 128 -295 -54 -281 225 -149 -179 55 225 -451 -346 -542 -159 -206 -10 187 -63 318 13 245 132 -352 -762 -575 195 229 0 139 148 -366 67 498 -56 171 273 -279 -143 171 -118 -156 -102 -407 162 -95 545 -72 -400 3 206 -480 16 -25 -53 300 426 25 -528 -222 -95 -57 -181 -60 325 76 167 -312 55 -191 -282 -86 -207 -700 -32 -10 295 -197 146 -130 -96 178 139 -158 -194 0 -437 117 144 -96 72 -310 306 -449 341 358 85 -33 46 -325 453 -100 -430 -181 -6 -269 -264 -87 495 244 -200 -262 -452 283 -176 42 -143 -79 44 390 -711 -265 -161 142 2 122 137 303 -153 261 -60 22 21 -383 -348 -313 -88 73 253 -234 94 -112 102 365 -313 371 -527 344 -123 -121 58 70 -199 -176 70 71 41 -318 290 467 28 371 -307 -61 114 -357 105 -313 42 -320 -412 18 -81 -44 -460 -26 189 131 -182 435 81 526 73 105 584 -228 537 -233 333 273 325 -225 298 -500 -60 -40 -331 170 364 475 -248 165 -296 399 -336 97 -81 -84 -71 56 -69 -22 321 -246 268 17 -47 -164 -187 23 18 -40 52 -81 13 -215 374 133 73 -104 -142 -108 -61 -136 -260 -14 -90 833 -107 -109 -41 -220 90 -77 315 193 -98 -314 -547 -62 375 -301 68 275 -74 -385 343 135 1583863281
-235 163 136 -272 -384 553 113 269 -226 134 534 356 190 -222 131 -567 -67 -458 275 -376 68 194 -31 81 -63 240 208 -436 637 -530 -328 -39 327 -569 -9 -209 -412 209 -805 637 209 -320 -12 43 -114 64 920 -84 -8 -254 -23 729 -497 -307 13 -441 294 303 -649 -293 -606 -93 208 -71 -213 -228 56 -209 -368 45 311 205 8 326 6 361 -474 0 127 94 10 316 422 -469 70 -32 -256 26 -86 277 -357 629 -68 -9 25 203 128 396 -901 146 -236 281 88 90 -115 -86 -340 -149 648 -246 51 410 -268 -25 125 43 55 235 -324 195 516 -187 61 11 302 41 243 28 -494 424 430 331 0 517 92 396 -71 -216 212 121 -78 256 -163 -432 -247 -263 -307 442 55 231 -247 113 348 24 320 -207 239 -146 -223 -229 -313 -132 -148 -389 244 173 7 -294 -158 -3 -7 406 -42 408 233 -361 -588 -356 178 64 140 77 -285 392 273 -254 308 -35 133 -238 -70 100 330 -411 219 571 333 -324 -408 180 176 -156 -235 -31 9 -468 -434 160 -205 -282 158 29 155 425 -173 271 -263 -142 -394 -39 -93 283 412 -338 -188 -523 -72 -83 77 251 295 -41 -459 234 143 167 -90 173 409 11 61 -27 -209 -511 322 39 895 134 -277 -167 327 366 -228 112 90 -345 557 82 413 100 185 191 -35 -253 -318 403 169 403 419 51 122 -197 -392 -381 529 152 256 185 -111 240 -69 305 634 249 88 32 176 -658 1 190 168 92 150 695 -435 -557 32 146 -196 -178 44 161 -333 -66 -302 181 -10 -21 143 61 389 219 216 653 -274 134 223 -186 322 455 102 58 -231 -285 -201 311 47 -199 145 0 498 -290 -595 -12 238 -238 -171 -60 -215 120 -145 67 -133 -355 -6 52 472 -92 174 -23 198 106 317 203 -429 76 -62 -426 436 -58 277 -42 656 354 45 488 10 223 293 97 56 363 -124 -273 85 -191 503 -381 -91 455 173 111 13 59 -19 377 -75 355 84 -103 -266 112 434 497 -485 130 100 -295 145 -66 29 -179 218 222 -7 -46 -259 -294 290 -433 -316 -130 83 -298 -59 398 289 -297 -604 21 129 -249 -221 229 -240 541 1583863281
204 -787 -164 101 -127 509 560 592 260 -406 458 63 248 154 -420 139 165 505 -95 591 -336 -145 -67 375 -284 447 174 -81 -97 -160 300 -198 -175 -330 -411 -70 254 80 -202 -25 204 254 -170 63 -526 130 -462 -349 1002 338 270 -194 195 -495 95 328 522 -584 188 97 397 31 241 -575 -224 65 331 -293 -106 -153 -312 -281 -59 361 -23 -374 93 -374 10 -76 -369 431 -147 -394 -138 673 -206 104 -17 -134 -255 196 459 -191 235 -68 -37 -4 -68 61 119 0 -24 -94 813 511 -603 -203 241 -233 88 -161 256 124 -242 218 -989 171 -215 160 -168 -381 -187 -298 -644 -447 299 291 16 -235 -340 55 289 -227 194 -86 -423 -328 -120 -116 168 -44 -80 3 -346 174 -295 -72 268 288 -7 -291 198 -332 346 406 52 121 163 35 163 649 -246 -151 -730 -732 60 495 -680 200 483 140 -246 593 -189 271 71 179 623 283 194 76 -28 -514 37 330 -197 38 -127 239 -258 -271 -32 515 -194 235 200 148 -267 0 57 93 259 -486 158 293 -328 -78 528 -467 216 39 -270 -227 4 -5 -98 -651 83 6 -391 -253 -274 199 -344 -396 -33 62 -40 59 186 30 -186 45 -128 144 127 -98 284 -4 229 11 428 245 833 -460 18 271 563 269 -28 115 24 357 -247 126 129 -291 103 455 41 258 -269 323 -475 -121 160 602 286 176 262 -366 71 -403 -35 -133 -262 50 -353 92 43 216 327 0 -237 -139 -149 172 -91 -198 74 -325 -323 397 196 567 -183 -183 -36 44 694 -624 -206 163 -210 -148 84 53 -162 427 -335 229 411 274 -266 47 39 213 297 -93 -158 78 324 303 -87 -91 378 -201 -300 192 63 -500 111 -43 -189 -87 233 344 129 109 -76 -52 -234 -119 -8 19 128 -735 14 -259 339 -376 -212 145 -163 90 181 -16 -2 83 198 -69 377 -25 -146 126 -644 81 -449 -155 166 62 -217 -195 466 -44 191 -340 -30 278 259 496 -310 -289 -620 -404 189 -286 34 3 -100 24 -148 288 -642 -24 151 -255 -179 -170 -320 -191 44 4 42 -176 -14 593 154 82 -195 171 -322 -69 -108 -501 250 -76 307 436 34 -249 135 -53 262 226 1583863281
91 31 171 35 -69 186 -175 -69 374 -352 -303 -279 210 -593 -878 -388 282 117 -146 -161 121 435 336 208 842 -635 89 172 57 -873 40 -112 -526 -57 -72 -157 -151 -323 -87 -482 497 -389 -26 -333 89 -60 -192 -211 494 498 -549 324 69 444 -79 -122 392 446 517 -303 -502 -364 428 -372 -235 306 62 175 79 -413 167 -498 -539 -275 -663 208 227 -413 -80 -572 -204 213 364 236 75 57 116 -316 348 136 171 340 -281 185 432 177 346 -389 196 -217 -244 -342 -52 -266 -105 108 -732 217 26 -9 -146 -91 385 -6 -396 81 -274 279 14 -91 -454 47 438 -279 -481 277 475 149 35 267 -285 64 -11 -124 458 487 115 -458 -371 356 -313 74 -645 396 -279 344 -135 628 -151 145 297 -125 -60 -115 32 -234 -715 75 -428 491 -254 -208 -422 -153 241 219 175 -39 304 189 -70 -203 -179 -402 -101 45 195 17 106 141 323 134 91 -176 20 -123 -233 626 220 138 49 -136 -57 197 261 -430 502 139 -71 -142 -203 -448 109 -472 12 312 -51 314 -237 121 240 60 43 -146 65 -233 -341 -247 -27 -344 216 87 9 43 144 93 491 188 48 216 -248 -168 375 -434 -158 283 -279 72 130 -380 -102 -436 -54 220 -34 107 -220 162 343 250 -232 677 74 419 105 -158 200 -211 -655 132 674 -119 217 118 194 57 -183 12 407 121 -37 -8 -529 90 116 -82 -504 312 -294 -382 -379 -128 -58 -601 -376 12 -156 -224 689 351 44 -59 100 216 -112 -184 -434 155 -65 -139 54 -395 119 -330 -308 269 -264 382 28 132 -107 105 416 -392 -274 -131 -297 447 426 368 -115 -236 -147 26 202 -133 74 40 4 326 -216 -305 29 192 11 -145 -180 161 -134 432 141 -235 -349 100 -58 145 -416 -180 251 238 -49 -176 137 -413 150 60 -1 11 -6 -211 450 705 72 -206 465 -311 -54 72 285 -131 23 -520 -39 401 293 -223 -53 276 -298 -262 -205 -256 -46 -37 -615 135 -10 356 64 -79 -165 291 33 -203 615 -6 345 -346 223 143 -157 229 674 426 -27 -49 -34 -145 198 -206 -420 323 -550 -139 -84 92 -354 1 -2 -41 -88 146 -182 500 -374 -27 1583863281
-183 -511 -98 -1 -553 -132 -440 -112 239 -311 -409 118 317 -432 -388 -383 311 258 -507 -481 -307 -154 193 272 239 -20 -93 239 -45 56 -179 80 465 558 502 469 856 254 -455 -6 183 319 214 -295 189 219 527 -20 321 -286 -293 208 -338 429 238 -554 -62 -454 -160 190 -229 -98 -157 19 -441 281 21 94 181 -14 270 -404 -436 -103 -583 -143 553 -183 -219 130 -139 134 38 290 -587 -142 52 128 36 -346 -92 -711 -56 208 -40 118 -74 -243 307 78 28 33 239 -115 376 -40 -111 -134 454 -179 -107 -209 -56 175 18 278 -19 354 324 879 133 -296 593 150 121 110 -218 519 696 -61 -28 134 -396 -198 200 -305 148 0 153 577 378 399 221 574 45 -418 356 48 199 -299 7 -101 118 250 98 63 414 -319 -160 534 -63 -306 -12 153 -64 -23 -349 -228 65 -235 -116 270 349 -147 290 1 161 -348 -572 290 260 -25 175 -161 36 39 -136 -111 -174 -31 344 58 112 -561 328 -262 143 -148 -201 -230 253 318 -234 402 654 48 -346 232 136 -519 -71 40 -63 -279 281 465 127 75 -5 -339 -298 -15 -89 542 189 -113 -78 -137 -326 7 22 123 -42 -197 -256 662 -79 129 -21 -31 -87 55 -189 -114 -178 60 636 -131 136 105 -96 -251 306 -111 -284 -145 90 -214 240 58 121 858 -100 -9 -71 -72 67 -345 -244 -21 345 -239 -43 -626 271 26 -203 -5 -5 -164 -279 -86 342 -104 592 -19 76 301 -10 147 -243 387 158 -48 -468 186 -230 -146 120 -3 -165 5 85 -446 165 255 244 -7 -210 270 -149 -125 225 -267 -76 -44 -260 -51 -60 -178 -191 293 -525 243 152 -164 116 193 38 -7 -117 147 168 445 -285 7 -192 -148 -226 261 478 314 270 251 -166 -365 213 82 -381 178 449 -157 149 -108 279 -471 -11 -160 307 -210 335 -177 -43 -6 46 298 7 -139 -203 245 196 353 183 60 -294 107 228 70 -148 -55 4 -230 -288 -191 100 124 250 23 112 -119 -69 -440 16 140 355 135 407 126 298 86 -271 -462 -14 -281 8 -230 710 23 -182 -160 120 440 108 223 105 -194 -209 -67 96 326 72 -236 -118 -31 242 125 1583863281
265 -30 251 605 809 -183 -124 -600 -60 184 -550 194 280 -361 -146 -49 -474 313 -286 136 -100 -208 -129 298 -88 121 -265 154 182 -331 -243 10 231 -750 -37 -442 155 -435 212 277 392 196 351 425 300 -606 -302 -132 -359 -252 256 -235 -48 381 -160 41 -231 157 -187 -28 -359 -207 126 335 280 -361 200 -133 54 -201 -145 98 -800 431 -163 -240 -352 331 -212 108 -751 502 39 -440 -334 147 162 -649 -344 -105 -63 480 140 -94 -446 -56 5 436 248 73 140 -160 -328 -285 374 337 276 78 -439 -479 -8 7 -159 289 114 448 -270 112 -266 116 217 -309 -286 150 -216 13 116 -114 550 -405 126 361 -331 196 -38 -52 344 -297 162 -68 374 257 727 218 149 165 -210 174 -207 -427 270 -299 -222 141 -224 -579 172 238 304 467 -118 -68 -68 56 6 -38 -555 -116 -46 633 -144 -146 -428 -434 -61 500 8 152 -80 31 -70 220 -453 -84 -36 87 -394 239 377 -235 -33 -57 180 63 -230 -469 -57 -630 -31 -7 -75 84 -312 -628 -421 98 -96 484 -58 -299 -220 134 19 -93 -165 208 -306 -182 -83 -460 -61 -551 -99 215 67 -539 23 -222 289 -100 221 -215 -702 -207 -482 693 -21 228 -324 43 -502 -50 444 -554 -235 -518 -99 -238 -322 406 -256 285 -21 -140 -345 83 241 132 242 -620 3 -426 -495 -67 -354 238 340 -145 -11 1 -481 166 -181 358 -47 -191 55 445 272 -107 658 -237 -290 46 -134 76 -209 15 -291 -138 232 -138 394 -477 260 31 741 361 204 -55 152 -43 -125 -199 -143 -472 355 44 -181 415 25 -650 161 219 -241 -134 296 96 169 -325 36 -72 -276 311 -300 -130 -336 -436 -266 294 -30 -260 218 384 -69 136 -189 78 -274 415 -321 -125 307 105 230 -86 -430 -299 350 -8 205 303 177 -30 286 207 -94 -243 -459 -429 35 -148 577 -72 -23 -63 -81 64 269 -266 -37 -232 -188 40 46 463 -364 70 -4 -406 -223 -302 115 109 199 0 -301 189 -24 79 190 311 102 82 199 358 131 264 201 -103 50 -190 -180 72 -476 101 567 194 -234 102 -80 12 -261 119 -187 63 176 -170 119 -290 13 184 -259 48 215 89 1583863281
127 -157 -446 -585 6 203 -388 -16 -851 50 -161 -121 -581 36 328 -347 -266 400 442 -842 692 -2 460 -325 2 -589 237 256 237 -146 -224 -196 8 -329 -225 63 -484 373 338 -429 -153 -258 487 239 -325 64 -622 -271 -42 4 -149 488 422 470 -397 -429 -205 -264 24 -82 -1087 -440 540 -479 -241 -452 116 465 40 293 -4 216 27 -137 -329 -43 197 169 143 -21 -55 46 -15 253 -443 -237 -623 -34 -209 286 -215 382 215 410 133 -357 280 75 -240 -330 -96 318 399 -177 89 171 361 -322 742 -107 298 15 -137 -220 -75 497 -454 -575 25 53 293 442 -311 117 -152 373 -494 90 162 -186 57 -197 -16 -32 444 -74 -19 -67 -48 140 170 -239 657 0 -578 526 -65 -25 -41 98 -351 -190 -456 -166 76 -55 115 0 -62 616 269 71 118 -59 377 58 397 179 121 -156 -180 166 452 -156 43 -237 -88 389 262 56 249 -12 474 -471 308 -191 -119 68 -143 -52 29 -177 -15 -443 30 82 298 -895 -265 -216 145 -213 -388 -600 -86 89 -11 301 284 -368 -376 195 644 -188 -256 -216 -54 -215 109 -375 -16 123 -120 323 -224 -184 286 174 152 149 -24 160 225 281 81 -120 -18 -348 -335 -378 -192 127 -128 333 101 85 68 -277 -86 -93 186 155 240 1 -15 336 44 287 -133 -565 118 499 -214 -131 -292 115 -447 32 185 55 -11 194 327 -202 2 66 518 -410 63 -168 92 -37 6 -96 -323 -62 -25 30 76 -201 241 247 -151 -714 -348 436 -258 -138 37 180 -447 -4 -41 73 -170 -233 222 114 -212 -45 322 -32 633 -59 -529 -197 91 226 -904 -244 -23 -369 309 -74 186 147 278 282 -389 167 335 -118 -13 -326 -74 -130 58 -71 -165 84 339 -107 -48 -206 -414 45 -291 21 294 -64 -120 190 -147 -213 110 -22 96 134 -229 293 64 -370 178 -135 -16 357 26 570 187 -493 -59 22 -15 79 -292 147 -115 111 -83 298 93 -62 284 -40 206 98 169 -135 137 155 220 391 -63 147 -518 -23 285 146 -104 85 -272 82 -181 197 118 449 -107 260 -15 270 225 188 -6 3 -267 425 -93 110 -165 -81 183 140 241 -44 379 -161 1583863281
324 -261 64 103 -131 821 134 290 278 -577 732 287 54 -73 -75 -107 468 517 -431 196 -41 704 663 -68 292 -511 -263 -728 -125 -129 62 332 -191 -511 -90 -487 102 394 7 -75 -259 168 -361 -146 -610 -184 -232 89 87 250 100 520 17 180 235 -46 -432 557 107 -194 147 -245 -169 86 -408 -399 -248 127 375 -299 207 403 -64 -224 -708 -82 77 142 131 -142 -11 119 -33 160 342 -247 -98 383 -129 143 -452 -202 20 -221 -342 102 -402 13 -507 -34 -24 -188 237 -527 -623 199 250 -341 -278 -141 -605 -510 -181 -580 291 585 -119 537 322 273 275 -148 157 -488 -76 -220 -424 -21 101 793 -197 -93 -68 215 -249 589 -38 96 174 589 15 -23 392 182 -13 -49 -175 212 -797 -2 221 -231 -134 -441 32 363 41 46 166 349 -70 -601 298 122 169 -11 -193 -323 -152 -264 230 -374 -268 -148 163 37 279 -56 -637 98 265 -158 -170 -355 290 292 -231 0 -106 189 439 -473 -67 -43 -369 -446 127 156 102 -276 -194 -78 -14 6 -340 218 176 561 -191 -70 -168 358 94 228 311 141 125 -325 22 65 -167 67 -83 23 -81 -147 -505 272 -168 385 -328 345 -229 -67 65 -75 414 -36 -275 -300 -144 -75 78 -204 55 201 477 30 31 332 264 -4 28 398 440 -219 -116 -280 -646 68 235 -216 -299 -273 243 377 -537 627 -150 -10 511 -323 99 92 153 404 119 263 -4 -90 193 48 301 -416 122 334 -546 390 243 86 295 209 -434 -69 166 -202 303 -93 -65 -344 -245 1 -210 311 115 -84 367 -33 -212 596 -271 144 -134 168 86 -63 247 117 -243 -290 166 -448 471 140 -51 -177 66 131 -162 -368 129 -234 6 168 -53 312 -184 153 -263 -203 -197 -248 308 51 327 -25 250 66 -120 351 -180 -73 279 -84 -333 -91 242 43 321 319 -73 -159 96 572 177 -150 -344 222 -117 -142 -58 -21 98 40 -91 194 -169 -216 36 228 -5 312 333 -107 -406 -8 290 -238 -138 -396 231 -155 -78 -204 -190 496 281 -7 158 214 158 -95 -89 -32 85 65 221 75 100 -52 -242 -198 141 225 -134 -229 62 300 -130 -61 183 -116 -307 186 286 385 1583863281
-6 -334 -943 214 -299 -16 -510 137 749 -590 133 -285 -533 -352 -178 -920 10 505 272 379 -90 -249 141 15 297 -686 -201 -254 -372 774 611 -150 -65 71 -349 -14 -202 -154 -350 -79 174 -348 -492 -12 357 -183 -52 809 -146 299 -36 -203 -756 -427 166 238 32 345 -481 -181 95 -154 -136 -158 -33 -114 232 -663 -250 -385 191 64 473 245 210 -464 -371 198 -687 -91 -152 -362 -237 -90 -127 164 78 77 79 378 -484 497 626 138 -185 -16 -93 -163 -41 513 -15 -190 -24 -156 97 452 -65 125 249 -12 -36 432 -33 -108 -282 157 -104 297 -360 52 -246 -20 330 -140 46 190 283 -15 486 430 220 365 -163 125 -282 -129 216 -262 186 -89 190 -144 -320 -403 138 -393 90 10 198 159 -167 -400 -133 282 48 111 639 1013 -160 -266 -431 461 -86 114 -33 239 -242 -19 267 -114 373 204 275 -462 192 -604 -66 152 276 261 -263 -68 200 218 20 -295 -296 -539 64 106 209 256 29 99 -532 -237 -176 109 367 119 26 291 1 -43 541 -82 -136 -113 0 -433 -784 -75 46 23 -211 -70 -214 462 -242 -283 304 -608 234 -192 -59 -17 288 -119 429 -472 -324 -413 -33 -273 -161 263 -189 -214 -77 72 324 118 -284 6 35 -222 -163 334 -89 -426 -155 -162 366 5 32 -290 104 185 -22 -34 504 327 199 -474 -48 -113 -147 -76 225 -319 106 -28 212 -5 387 -206 339 -265 153 184 178 200 -323 163 231 301 195 -237 -308 443 318 -419 67 -57 -269 -15 452 -50 38 316 -72 -468 92 75 195 287 296 -5 -72 251 -105 271 -99 199 -126 -487 -73 -434 331 378 169 -313 183 -77 165 -98 449 -13 18 65 -207 -14 87 525 -316 -150 187 -81 155 115 183 120 -223 -292 104 -783 308 -175 203 399 -335 -255 110 65 59 -500 -71 232 -222 601 -239 -284 23 10 -72 161 -20 -102 -162 -15 -197 135 385 -198 215 -319 188 -308 57 719 -184 -220 84 -378 107 74 -52 -218 247 -332 83 -166 78 -376 317 312 -3 -116 -305 64 -210 90 270 -75 -139 351 -190 -500 496 -447 43 -242 187 -9 368 72 -35 56 286 -90 -331 197 -298 -303 4 178 1583863281
