-16069283 -15480660 21917769 5004952 -7602664 -7569753 -1847114 -142201 145200 -126410 -43360 -25504 -3962 -58398 -10102 -3704 -5481 -2346 -937 -1714 -216 -92 -103 -212 -2 -8 -14 -7 1 0 0 1 -2 0 0 3 0 0 -1 0 0 0 0 0 0 0 3 -1 1 0 0 0 0 0 0 0 0 0 0 0 1583836345
-16090213 -15502681 21946057 5343991 1190498 -7444308 1919963 -135676 120068 -115649 -37585 -29024 -5571 -45140 -10307 -3482 -3909 -2999 -1046 -943 -204 -127 5609 -259 -1 -41 -11 -4 4 -1 0 1 -1 0 1 1 0 0 1 0 0 0 0 0 0 0 0 0 0 0 0 0 0 0 0 0 0 0 0 0 1583836345
-16089590 -15509989 21977353 5019947 -7886050 -7597486 -1819913 -142239 120628 -126330 -40204 -30223 -3998 -65794 -10914 -3692 -7347 -3109 -976 -662 -222 -140 -45 -274 -3 -25 -13 -2 1 0 0 1 -2 0 0 1 0 0 0 0 0 0 0 0 0 0 0 0 0 0 0 0 0 0 0 0 0 0 0 0 1583836345
-16089540 -15509295 21975660 5027242 -7700395 -7593936 -1861694 -142294 120619 -126446 -38596 -30153 -3949 -59533 -10833 -3625 31372 -3819 -1256 -1083 -35 -229 -1748 -488 -11 -24 0 -3 1 0 0 2 14 0 2 -1 0 0 1 4 0 0 -2 -4 7 0 -6 1 -1 -2 0 -1 0 0 -3 0 0 -2 0 0 1583836345
-16089537 -15509500 21976344 5021053 -7874372 -7597001 -1820971 -142242 120627 -126233 -43331 -30223 -3997 -65461 -10914 -3691 -7064 -3119 -984 -669 2146 -140 -42 -309 -3 -25 -12 -2 1 0 0 1 -1 0 1 0 0 0 0 0 0 0 2 0 0 0 0 0 0 0 0 -1 0 0 0 0 0 0 0 0 1583836345
-16089650 -15509715 21975874 5040326 -7296893 -7587383 -1926785 -142361 120600 -126613 -40336 -30037 -3871 -47148 -10725 -3530 82417 -4751 -1625 -1637 208 -346 -3752 -748 -22 -22 15 -1 1 0 0 2 17 0 -8 36 0 0 -3 -2 -1 1 33 -7 -4 0 -3 5 -4 6 -2 7 15 -1 -11 -2 0 -2 0 1 1583836345
-16087970 -15495618 21948222 5040766 -7887800 -7589009 -1819961 -142336 120638 -126394 -1534 -30205 -3996 -65916 -10907 -3690 -7202 -3110 -976 -663 -221 -140 -55 -250 -3 -26 -16 -4 1 0 0 1 -2 0 0 1 0 0 0 0 0 0 0 0 0 0 0 0 0 0 0 0 0 0 0 0 0 0 0 0 1583836345
-16069283 -15480660 21917769 5004952 -7602664 -7569753 -1847114 -142201 145200 -126410 -43360 -25504 -3962 -58398 -10102 -3704 -5481 -2346 -937 -1714 -216 -92 -103 -212 -2 -8 -14 -7 1 0 0 1 -2 0 0 3 0 0 -1 0 0 0 0 0 0 0 3 -1 1 0 0 0 0 0 0 0 0 0 0 0 1583838187
-16090213 -15502681 21946057 5343991 1190498 -7444308 1919963 -135676 120068 -115649 -37585 -29024 -5571 -45140 -10307 -3482 -3909 -2999 -1046 -943 -204 -127 5609 -259 -1 -41 -11 -4 4 -1 0 1 -1 0 1 1 0 0 1 0 0 0 0 0 0 0 0 0 0 0 0 0 0 0 0 0 0 0 0 0 1583838187
-16089590 -15509989 21977353 5019947 -7886050 -7597486 -1819913 -142239 120628 -126330 -40204 -30223 -3998 -65794 -10914 -3692 -7347 -3109 -976 -662 -222 -140 -45 -274 -3 -25 -13 -2 1 0 0 1 -2 0 0 1 0 0 0 0 0 0 0 0 0 0 0 0 0 0 0 0 0 0 0 0 0 0 0 0 1583838187
-16089540 -15509295 21975660 5027242 -7700395 -7593936 -1861694 -142294 120619 -126446 -38596 -30153 -3949 -59533 -10833 -3625 31372 -3819 -1256 -1083 -35 -229 -1748 -488 -11 -24 0 -3 1 0 0 2 14 0 2 -1 0 0 1 4 0 0 -2 -4 7 0 -6 1 -1 -2 0 -1 0 0 -3 0 0 -2 0 0 1583838187
-16089537 -15509500 21976344 5021053 -7874372 -7597001 -1820971 -142242 120627 -126233 -43331 -30223 -3997 -65461 -10914 -3691 -7064 -3119 -984 -669 2146 -140 -42 -309 -3 -25 -12 -2 1 0 0 1 -1 0 1 0 0 0 0 0 0 0 2 0 0 0 0 0 0 0 0 -1 0 0 0 0 0 0 0 0 1583838187
-16089650 -15509715 21975874 5040326 -7296893 -7587383 -1926785 -142361 120600 -126613 -40336 -30037 -3871 -47148 -10725 -3530 82417 -4751 -1625 -1637 208 -346 -3752 -748 -22 -22 15 -1 1 0 0 2 17 0 -8 36 0 0 -3 -2 -1 1 33 -7 -4 0 -3 5 -4 6 -2 7 15 -1 -11 -2 0 -2 0 1 1583838187
-16087970 -15495618 21948222 5040766 -7887800 -7589009 -1819961 -142336 120638 -126394 -1534 -30205 -3996 -65916 -10907 -3690 -7202 -3110 -976 -663 -221 -140 -55 -250 -3 -26 -16 -4 1 0 0 1 -2 0 0 1 0 0 0 0 0 0 0 0 0 0 0 0 0 0 0 0 0 0 0 0 0 0 0 0 1583838187
