-15821407 -13130746 17154214 8475740 -8011916 -6190180 -1852040 -166262 127619 6041573 -38008 -27748 -3670 -70045 -10039 -3414 -8803 -2866 -930 -625 20818 -124 73 -231 -2 -19 275 -2 1 0 0 1 4 0 0 0 0 0 0 1 0 0 1 -1 0 0 0 0 0 0 0 0 0 0 0 0 0 0 0 0 1583836345
-16089604 -15510089 21977532 5020314 -7870972 -7597292 -1820999 -142238 120627 -126329 -43330 -30225 -3998 -65425 -10919 -3695 -9658 -3066 -959 -636 -233 -135 107 -268 -2 -26 -9 -4 1 0 0 1 3 0 1 0 0 0 0 0 0 0 1 1 0 0 0 0 0 0 0 -1 0 0 0 0 0 0 0 0 1583836345
-9594817 42108541 -94824042 88680227 -11813477 26468893 -2501250 -725252 290829 150014549 86438 30029 3928 -188885 10609 3194 15510 3394 1808 1210 -351095 19 38 -779 5 0 -370 -11 1 0 0 0 -4 0 2 1 0 0 0 1 0 0 -2 -2 0 0 0 0 0 0 0 1 1 0 0 0 0 0 0 -2 1583836345
-16089202 -15506229 21969373 5033022 -7662109 -7591495 -1844162 -142287 120625 -122456 -43351 -30192 -3976 -60113 -10918 -3687 -9735 -3077 -980 -651 8455 -133 124 262 -5 -25 -13 -4 1 0 0 2 16 0 -1 2 0 0 -2 0 0 0 0 4 5 0 -1 0 0 -1 0 0 1 0 0 0 0 -2 0 1 1583836345
-16091081 -15487598 21891930 5901403 17075675 -7164896 -4096023 -144013 119875 -131550 -33097 -26403 -1588 574964 -10705 -2664 -15788 -2339 -948 -510 -590 18 -298 -256 0 -20 -9 -4 1 0 0 1 1 0 2 3 0 -1 1 2 0 0 0 1 1 0 1 -2 1 1 1 1 0 0 0 1 0 1 1 2 1583836345
-13555225 6980223 -23621040 37831068 -4821566 5776766 -2504531 -369462 186497 58097098 6551 -6162 -479 5546 -2583 -856 -2951 -1139 -801 -596 247480 -4 -1 -1001 4 4 -120 11 -2 0 0 0 -6 0 -1 -1 0 0 -2 -1 0 0 -2 0 -4 0 -2 -1 0 -1 -1 0 0 0 0 -1 0 0 0 2 1583836345
-16098166 -15423301 21618667 9025728 106196626 -5629674 -12227788 -150244 117171 -150116 -52750 -12876 6977 2847663 -9958 986 -37480 237 -910 -66 -1190 563 -1733 -237 8 1 13 -1 2 1 0 2 11 -1 1 20 0 -1 3 11 3 0 1 6 6 2 7 -8 6 5 -2 0 -1 0 0 1 0 0 2 5 1583836345
-13570824 6837770 -23329168 37547221 -6101133 5660059 -2314548 -293649 136213 -226436 60356985 -565 -604 -115017 -988 -499 -488 -389 -85 -72 33 -36 55 -281 0 -4 -26 -2 0 0 0 0 -6 0 2 -1 0 0 0 -1 0 0 -1 0 -2 0 0 0 0 0 0 -1 0 0 0 0 0 0 0 0 1583836345
-16089088 -15505460 21968090 5028267 -7834916 -7593946 -1824340 -142278 120634 -119611 -43328 -30217 -3994 -64601 -10919 -3694 -9706 -3081 -980 -652 8328 -134 81 -84 -3 -25 -14 -4 1 0 0 1 0 0 0 0 0 0 0 0 0 0 1 0 1 0 0 0 0 -2 0 0 -1 0 0 0 0 0 0 0 1583836345
-16089401 -15507756 21972200 5036478 -7495319 -7589601 -1855185 -142276 120616 -126410 -43362 -30167 -3962 -55775 -10916 -3679 -9748 -3055 -959 -635 -239 -133 100 -111 -3 -26 -15 -4 1 0 0 1 1 0 1 0 0 0 0 0 0 0 0 2 0 0 1 0 0 0 0 0 0 0 0 0 0 0 0 0 1583836345
-16089739 -15509151 21973224 5072711 -6370374 -7571528 -1958040 -142342 120582 -126596 -43455 -30001 -3855 -27743 -10907 -3635 -10019 -3026 -961 -631 912 -126 69 -85 -3 -25 -14 -4 1 0 0 1 0 0 1 -1 0 0 -1 0 0 0 1 1 0 0 0 0 0 0 0 0 0 0 1 -1 0 0 0 0 1583836345
-15013945 -5966238 2629460 18904318 -7738316 -1941426 -2008049 -238868 148798 24744951 -21901 -20123 -2608 -65662 -7346 -2521 -5669 -1975 -502 -327 -58061 -104 97 301 -4 -21 -69 -7 1 0 0 1 4 0 0 0 0 0 0 0 0 0 2 5 0 0 0 2 -1 0 -1 -1 0 0 1 -1 0 0 0 0 1583836345
-15858498 -13446040 17777740 8348952 1835769 -6212441 -2836210 -156996 121769 -137809 5510158 -26043 -2722 173019 -9902 -2992 4804 -2859 -1006 -712 -240 -107 -229 15904 -85 1 576 -9 2 4 -3 3 164 -1 -87 29 3 1 -17 13 6 0 37 82 20 -5 -24 -9 8 -12 -9 -2 14 -1 -2 -1 1 4 0 -3 1583836345
-15821407 -13130746 17154214 8475740 -8011916 -6190180 -1852040 -166262 127619 6041573 -38008 -27748 -3670 -70045 -10039 -3414 -8803 -2866 -930 -625 20818 -124 73 -231 -2 -19 275 -2 1 0 0 1 4 0 0 0 0 0 0 1 0 0 1 -1 0 0 0 0 0 0 0 0 0 0 0 0 0 0 0 0 1583838187
-16089604 -15510089 21977532 5020314 -7870972 -7597292 -1820999 -142238 120627 -126329 -43330 -30225 -3998 -65425 -10919 -3695 -9658 -3066 -959 -636 -233 -135 107 -268 -2 -26 -9 -4 1 0 0 1 3 0 1 0 0 0 0 0 0 0 1 1 0 0 0 0 0 0 0 -1 0 0 0 0 0 0 0 0 1583838187
-9594817 42108541 -94824042 88680227 -11813477 26468893 -2501250 -725252 290829 150014549 86438 30029 3928 -188885 10609 3194 15510 3394 1808 1210 -351095 19 38 -779 5 0 -370 -11 1 0 0 0 -4 0 2 1 0 0 0 1 0 0 -2 -2 0 0 0 0 0 0 0 1 1 0 0 0 0 0 0 -2 1583838187
-16089202 -15506229 21969373 5033022 -7662109 -7591495 -1844162 -142287 120625 -122456 -43351 -30192 -3976 -60113 -10918 -3687 -9735 -3077 -980 -651 8455 -133 124 262 -5 -25 -13 -4 1 0 0 2 16 0 -1 2 0 0 -2 0 0 0 0 4 5 0 -1 0 0 -1 0 0 1 0 0 0 0 -2 0 1 1583838187
-16091081 -15487598 21891930 5901403 17075675 -7164896 -4096023 -144013 119875 -131550 -33097 -26403 -1588 574964 -10705 -2664 -15788 -2339 -948 -510 -590 18 -298 -256 0 -20 -9 -4 1 0 0 1 1 0 2 3 0 -1 1 2 0 0 0 1 1 0 1 -2 1 1 1 1 0 0 0 1 0 1 1 2 1583838187
-13555225 6980223 -23621040 37831068 -4821566 5776766 -2504531 -369462 186497 58097098 6551 -6162 -479 5546 -2583 -856 -2951 -1139 -801 -596 247480 -4 -1 -1001 4 4 -120 11 -2 0 0 0 -6 0 -1 -1 0 0 -2 -1 0 0 -2 0 -4 0 -2 -1 0 -1 -1 0 0 0 0 -1 0 0 0 2 1583838187
-16098166 -15423301 21618667 9025728 106196626 -5629674 -12227788 -150244 117171 -150116 -52750 -12876 6977 2847663 -9958 986 -37480 237 -910 -66 -1190 563 -1733 -237 8 1 13 -1 2 1 0 2 11 -1 1 20 0 -1 3 11 3 0 1 6 6 2 7 -8 6 5 -2 0 -1 0 0 1 0 0 2 5 1583838187
-13570824 6837770 -23329168 37547221 -6101133 5660059 -2314548 -293649 136213 -226436 60356985 -565 -604 -115017 -988 -499 -488 -389 -85 -72 33 -36 55 -281 0 -4 -26 -2 0 0 0 0 -6 0 2 -1 0 0 0 -1 0 0 -1 0 -2 0 0 0 0 0 0 -1 0 0 0 0 0 0 0 0 1583838187
-16089088 -15505460 21968090 5028267 -7834916 -7593946 -1824340 -142278 120634 -119611 -43328 -30217 -3994 -64601 -10919 -3694 -9706 -3081 -980 -652 8328 -134 81 -84 -3 -25 -14 -4 1 0 0 1 0 0 0 0 0 0 0 0 0 0 1 0 1 0 0 0 0 -2 0 0 -1 0 0 0 0 0 0 0 1583838187
-16089401 -15507756 21972200 5036478 -7495319 -7589601 -1855185 -142276 120616 -126410 -43362 -30167 -3962 -55775 -10916 -3679 -9748 -3055 -959 -635 -239 -133 100 -111 -3 -26 -15 -4 1 0 0 1 1 0 1 0 0 0 0 0 0 0 0 2 0 0 1 0 0 0 0 0 0 0 0 0 0 0 0 0 1583838187
-16089739 -15509151 21973224 5072711 -6370374 -7571528 -1958040 -142342 120582 -126596 -43455 -30001 -3855 -27743 -10907 -3635 -10019 -3026 -961 -631 912 -126 69 -85 -3 -25 -14 -4 1 0 0 1 0 0 1 -1 0 0 -1 0 0 0 1 1 0 0 0 0 0 0 0 0 0 0 1 -1 0 0 0 0 1583838187
-15013945 -5966238 2629460 18904318 -7738316 -1941426 -2008049 -238868 148798 24744951 -21901 -20123 -2608 -65662 -7346 -2521 -5669 -1975 -502 -327 -58061 -104 97 301 -4 -21 -69 -7 1 0 0 1 4 0 0 0 0 0 0 0 0 0 2 5 0 0 0 2 -1 0 -1 -1 0 0 1 -1 0 0 0 0 1583838187
-15858498 -13446040 17777740 8348952 1835769 -6212441 -2836210 -156996 121769 -137809 5510158 -26043 -2722 173019 -9902 -2992 4804 -2859 -1006 -712 -240 -107 -229 15904 -85 1 576 -9 2 4 -3 3 164 -1 -87 29 3 1 -17 13 6 0 37 82 20 -5 -24 -9 8 -12 -9 -2 14 -1 -2 -1 1 4 0 -3 1583838187
