-10736396 31982453 -74298590 74012426 -10095532 20499219 -2481764 -622894 260903 123642604 63550 19595 2634 -142063 6837 2025 10973 2316 1360 921 -306247 -4 77 840 -4 15 1079 -9 3 0 0 -1 -1 0 -4 -1 0 0 0 0 0 0 3 0 -1 0 -2 0 0 -2 0 1 0 0 1 0 0 0 0 -2 1583836345
-16094917 -15450466 21736657 7651990 66964264 -6304815 -8664980 -147535 118362 -141668 -49480 -18675 3281 1871174 -10265 -571 -22421 -997 -991 -330 6576 312 -549 4621 -20 -5 -41 -5 2 1 0 1 11 0 -1 -22 2 0 -22 -17 -3 0 0 17 -21 -3 -6 -2 2 -1 4 -1 2 0 3 2 0 0 0 0 1583836345
-16090850 -15499245 21930932 5558159 7480785 -7332969 -3229411 -143324 120162 -129553 -43997 -27873 -2510 329339 -10789 -3060 -13384 -2621 -954 -559 -450 -41 59 1817 -11 -21 -29 -5 1 0 0 1 8 0 0 -7 1 0 -13 -1 0 0 3 7 -4 0 3 -3 2 0 4 -2 1 0 0 3 0 0 0 0 1583836345
-14010617 2936997 -15421233 31884359 -6770791 3348755 -2258228 -327578 174071 47071088 -2895 -10952 -1279 -43452 -4262 -1493 -7047 -2737 -2362 -1779 840634 33 -155 -501 2 18 229 1 0 0 0 -1 -11 0 -3 0 0 0 0 1 0 0 0 0 -4 0 -2 0 1 0 0 -3 2 0 0 -3 0 0 0 0 1583836345
-16094133 -15455856 21761464 7349807 58309045 -6453407 -7873589 -146936 118627 -140187 -36336 -20004 2440 1647924 -10348 -937 -26025 -1121 -928 -295 -1187 271 42 284 1 -11 59 -3 2 1 0 2 35 0 -36 -13 3 0 -23 -17 -4 0 -6 -7 -2 0 0 1 -1 -4 0 0 2 0 0 0 0 1 0 0 1583836345
-16090669 -15497704 21927885 5558729 7431576 -7332889 -3219780 -143321 120164 -129397 -44585 -27861 -2509 331095 -10787 -3057 -13458 -2619 -956 -560 1207 -41 112 -289 -1 -22 5 -2 1 0 0 1 7 0 -8 -3 0 0 -5 -4 -1 0 -1 -3 0 0 0 0 0 0 0 0 0 0 0 0 0 0 0 0 1583836345
-13913268 3805764 -17187631 33242345 -4066285 3907283 -484881 -334186 177110 49837223 2245 -9897 -1964 -71236 -3632 -1298 -6918 -1582 -1002 -715 283175 -14 481 -155 0 -3 46 -3 0 0 0 0 4 0 1 0 0 0 -2 0 0 0 0 0 0 0 0 3 -2 -3 0 0 0 0 -1 0 0 0 0 0 1583836345
-16089449 -15507343 21970513 5051959 -7070586 -7582559 -1483454 -141660 120603 -125021 -42813 -30201 -4142 -64128 -10886 -3679 -10387 -3072 -980 -645 7641 -130 50 -178 -3 -22 279 -4 1 0 0 1 0 0 2 0 0 0 0 0 0 0 1 0 0 0 0 0 0 0 0 -1 0 0 0 0 0 0 0 0 1583836345
-16090425 -15458950 21813076 6221981 24614281 -7038795 16486505 -111140 119634 -74623 2165 -30348 -12325 -230663 -9215 -3184 -37073 -2972 -1096 -451 -236 6 -1745 965 0 -9 588 11 -1 0 0 2 36 0 -4 12 -1 -1 5 -9 -1 0 -2 3 6 0 2 4 -3 -1 0 0 -1 0 0 1 0 2 1 1 1583836345
-10736396 31982453 -74298590 74012426 -10095532 20499219 -2481764 -622894 260903 123642604 63550 19595 2634 -142063 6837 2025 10973 2316 1360 921 -306247 -4 77 840 -4 15 1079 -9 3 0 0 -1 -1 0 -4 -1 0 0 0 0 0 0 3 0 -1 0 -2 0 0 -2 0 1 0 0 1 0 0 0 0 -2 1583838187
-16094917 -15450466 21736657 7651990 66964264 -6304815 -8664980 -147535 118362 -141668 -49480 -18675 3281 1871174 -10265 -571 -22421 -997 -991 -330 6576 312 -549 4621 -20 -5 -41 -5 2 1 0 1 11 0 -1 -22 2 0 -22 -17 -3 0 0 17 -21 -3 -6 -2 2 -1 4 -1 2 0 3 2 0 0 0 0 1583838187
-16090850 -15499245 21930932 5558159 7480785 -7332969 -3229411 -143324 120162 -129553 -43997 -27873 -2510 329339 -10789 -3060 -13384 -2621 -954 -559 -450 -41 59 1817 -11 -21 -29 -5 1 0 0 1 8 0 0 -7 1 0 -13 -1 0 0 3 7 -4 0 3 -3 2 0 4 -2 1 0 0 3 0 0 0 0 1583838187
-14010617 2936997 -15421233 31884359 -6770791 3348755 -2258228 -327578 174071 47071088 -2895 -10952 -1279 -43452 -4262 -1493 -7047 -2737 -2362 -1779 840634 33 -155 -501 2 18 229 1 0 0 0 -1 -11 0 -3 0 0 0 0 1 0 0 0 0 -4 0 -2 0 1 0 0 -3 2 0 0 -3 0 0 0 0 1583838187
-16094133 -15455856 21761464 7349807 58309045 -6453407 -7873589 -146936 118627 -140187 -36336 -20004 2440 1647924 -10348 -937 -26025 -1121 -928 -295 -1187 271 42 284 1 -11 59 -3 2 1 0 2 35 0 -36 -13 3 0 -23 -17 -4 0 -6 -7 -2 0 0 1 -1 -4 0 0 2 0 0 0 0 1 0 0 1583838187
-16090669 -15497704 21927885 5558729 7431576 -7332889 -3219780 -143321 120164 -129397 -44585 -27861 -2509 331095 -10787 -3057 -13458 -2619 -956 -560 1207 -41 112 -289 -1 -22 5 -2 1 0 0 1 7 0 -8 -3 0 0 -5 -4 -1 0 -1 -3 0 0 0 0 0 0 0 0 0 0 0 0 0 0 0 0 1583838187
-13913268 3805764 -17187631 33242345 -4066285 3907283 -484881 -334186 177110 49837223 2245 -9897 -1964 -71236 -3632 -1298 -6918 -1582 -1002 -715 283175 -14 481 -155 0 -3 46 -3 0 0 0 0 4 0 1 0 0 0 -2 0 0 0 0 0 0 0 0 3 -2 -3 0 0 0 0 -1 0 0 0 0 0 1583838187
-16089449 -15507343 21970513 5051959 -7070586 -7582559 -1483454 -141660 120603 -125021 -42813 -30201 -4142 -64128 -10886 -3679 -10387 -3072 -980 -645 7641 -130 50 -178 -3 -22 279 -4 1 0 0 1 0 0 2 0 0 0 0 0 0 0 1 0 0 0 0 0 0 0 0 -1 0 0 0 0 0 0 0 0 1583838187
-16090425 -15458950 21813076 6221981 24614281 -7038795 16486505 -111140 119634 -74623 2165 -30348 -12325 -230663 -9215 -3184 -37073 -2972 -1096 -451 -236 6 -1745 965 0 -9 588 11 -1 0 0 2 36 0 -4 12 -1 -1 5 -9 -1 0 -2 3 6 0 2 4 -3 -1 0 0 -1 0 0 1 0 2 1 1 1583838187
