-16085128 -15507479 21970810 5035400 -7434662 -7586114 -1771029 -142140 118019 -126176 -43247 -24703 -4003 -61064 -9036 -700 -9836 -4042 -1019 572 -233 -241 51 1287 -13 31 4084 1 8 1 0 0 -28 1 4 -1 0 0 0 -1 0 1 -1 -1 -1 0 0 0 0 0 0 0 0 0 0 0 0 0 0 0 1583836345
-16090116 -15500589 21942491 5368815 1970567 -7426339 -2719773 -142942 120329 -128386 -44136 -28701 -3039 190125 -10834 -3284 -12088 -2777 -955 -585 -375 -75 226 469 -5 -23 -24 -3 1 0 0 1 7 0 -2 0 0 -1 0 -3 0 0 0 7 -4 0 0 0 0 -1 -1 0 -1 0 0 0 0 0 0 0 1583836345
-16093603 -15454047 21745760 7600648 65633928 -6328925 -8527287 -147398 117090 -141680 -49417 -16977 3057 1804550 -8483 889 -27495 -857 -918 -398 -1276 270 -1096 -383 4 -8 9 -4 2 0 0 2 8 0 0 14 0 -1 1 7 2 0 1 5 3 1 3 -3 2 4 -2 -2 -1 0 -1 1 0 0 1 2 1583836345
-16089580 -15509776 21976785 5023168 -7800412 -7595922 -1827654 -142245 120625 -126345 -43336 -30214 -3991 -63574 -10918 -3692 -9672 -3064 -959 -636 -234 -135 171 -270 -2 -26 -9 -4 1 0 0 1 2 0 0 -1 0 -1 0 -1 0 0 1 0 0 0 0 0 0 0 0 0 0 0 0 0 0 0 0 0 1583836345
-16079311 -15495589 21933228 5314014 384471 -7444947 -2575084 -142867 113888 -128061 -44019 -16372 -3181 146328 -5172 3880 -11725 -4354 -1042 1276 -350 -205 5 -295 -2 -21 -4 -2 4 4 0 3 2 0 -1 0 0 0 -1 1 0 0 1 0 3 0 3 0 0 1 0 2 -1 0 0 1 0 0 0 -1 1583836345
-16088983 -15502258 21943905 5401255 3022253 -7409292 -2816679 -143005 119002 -128604 -44226 -26469 -2938 215781 -9462 -1675 -12341 -3002 -969 -277 -388 -136 35 753 -6 -23 -26 -6 2 0 0 1 0 0 1 -4 0 0 -3 -3 0 0 0 1 -1 0 0 -1 1 0 0 0 0 0 0 0 0 0 0 0 1583836345
-16088882 -15496005 21940342 5223968 -2484191 -7498464 -2312310 -142673 120464 -127467 -43774 -29392 -3474 74249 -10872 -3470 -10999 -2907 -956 -608 -311 -101 76 -322 -1 -20 -8 4 0 0 0 1 1 0 0 -1 0 0 0 -1 0 0 1 0 0 0 0 0 0 0 0 0 0 0 0 0 0 0 0 0 1583836345
-16086926 -15507338 21967711 5102889 -5479598 -7553478 -2039172 -142410 119268 -126827 -43527 -26143 -3760 -3517 -9648 -2002 -10261 -3307 -974 -266 -268 -200 100 -217 -2 -21 187 -4 3 1 0 2 0 0 0 -2 0 0 0 -1 0 0 1 0 0 0 0 0 0 0 0 0 0 0 0 0 0 0 0 0 1583836345
-16091325 -15491257 21903746 5712789 11316117 -7273564 8276839 -124929 120039 -97728 -28081 -30138 -8535 -130000 -9970 -3372 -28595 -2922 -1013 -492 -265 -41 -1058 1516 -6 -14 687 -4 2 0 0 1 13 0 7 1 0 0 -3 -4 -1 0 4 0 2 0 3 2 -2 1 2 -3 0 0 -3 3 0 0 0 0 1583836345
-16085128 -15507479 21970810 5035400 -7434662 -7586114 -1771029 -142140 118019 -126176 -43247 -24703 -4003 -61064 -9036 -700 -9836 -4042 -1019 572 -233 -241 51 1287 -13 31 4084 1 8 1 0 0 -28 1 4 -1 0 0 0 -1 0 1 -1 -1 -1 0 0 0 0 0 0 0 0 0 0 0 0 0 0 0 1583838187
-16090116 -15500589 21942491 5368815 1970567 -7426339 -2719773 -142942 120329 -128386 -44136 -28701 -3039 190125 -10834 -3284 -12088 -2777 -955 -585 -375 -75 226 469 -5 -23 -24 -3 1 0 0 1 7 0 -2 0 0 -1 0 -3 0 0 0 7 -4 0 0 0 0 -1 -1 0 -1 0 0 0 0 0 0 0 1583838187
-16093603 -15454047 21745760 7600648 65633928 -6328925 -8527287 -147398 117090 -141680 -49417 -16977 3057 1804550 -8483 889 -27495 -857 -918 -398 -1276 270 -1096 -383 4 -8 9 -4 2 0 0 2 8 0 0 14 0 -1 1 7 2 0 1 5 3 1 3 -3 2 4 -2 -2 -1 0 -1 1 0 0 1 2 1583838187
-16089580 -15509776 21976785 5023168 -7800412 -7595922 -1827654 -142245 120625 -126345 -43336 -30214 -3991 -63574 -10918 -3692 -9672 -3064 -959 -636 -234 -135 171 -270 -2 -26 -9 -4 1 0 0 1 2 0 0 -1 0 -1 0 -1 0 0 1 0 0 0 0 0 0 0 0 0 0 0 0 0 0 0 0 0 1583838187
-16079311 -15495589 21933228 5314014 384471 -7444947 -2575084 -142867 113888 -128061 -44019 -16372 -3181 146328 -5172 3880 -11725 -4354 -1042 1276 -350 -205 5 -295 -2 -21 -4 -2 4 4 0 3 2 0 -1 0 0 0 -1 1 0 0 1 0 3 0 3 0 0 1 0 2 -1 0 0 1 0 0 0 -1 1583838187
-16088983 -15502258 21943905 5401255 3022253 -7409292 -2816679 -143005 119002 -128604 -44226 -26469 -2938 215781 -9462 -1675 -12341 -3002 -969 -277 -388 -136 35 753 -6 -23 -26 -6 2 0 0 1 0 0 1 -4 0 0 -3 -3 0 0 0 1 -1 0 0 -1 1 0 0 0 0 0 0 0 0 0 0 0 1583838187
-16088882 -15496005 21940342 5223968 -2484191 -7498464 -2312310 -142673 120464 -127467 -43774 -29392 -3474 74249 -10872 -3470 -10999 -2907 -956 -608 -311 -101 76 -322 -1 -20 -8 4 0 0 0 1 1 0 0 -1 0 0 0 -1 0 0 1 0 0 0 0 0 0 0 0 0 0 0 0 0 0 0 0 0 1583838187
-16086926 -15507338 21967711 5102889 -5479598 -7553478 -2039172 -142410 119268 -126827 -43527 -26143 -3760 -3517 -9648 -2002 -10261 -3307 -974 -266 -268 -200 100 -217 -2 -21 187 -4 3 1 0 2 0 0 0 -2 0 0 0 -1 0 0 1 0 0 0 0 0 0 0 0 0 0 0 0 0 0 0 0 0 1583838187
-16091325 -15491257 21903746 5712789 11316117 -7273564 8276839 -124929 120039 -97728 -28081 -30138 -8535 -130000 -9970 -3372 -28595 -2922 -1013 -492 -265 -41 -1058 1516 -6 -14 687 -4 2 0 0 1 13 0 7 1 0 0 -3 -4 -1 0 4 0 2 0 3 2 -2 1 2 -3 0 0 -3 3 0 0 0 0 1583838187
