-16088007 -15504895 21965780 5047753 -7237927 -7583747 -1878408 -142310 119196 -126473 -43392 -14085 -3912 -49033 -1415 7324 -9814 -4859 -1062 1833 -239 -3774 1305 -268 -2 20 -12 -18 -3 -15 0 -5 2 1 1 0 0 9 1 -1 0 0 0 0 0 -1 0 0 0 0 0 0 0 0 0 0 0 0 0 0 1583836345
-16086947 -15507026 21966615 5113212 -5189369 -7548419 -2065071 -142430 119270 -126886 -43549 -26077 -3730 4415 -9458 -1985 -10323 -3155 -964 -446 -272 -190 409 -300 -2 -25 -13 -4 2 1 0 2 2 0 1 0 0 0 0 -1 0 0 0 0 0 0 0 0 0 0 0 0 0 0 0 0 0 0 0 0 1583836345
-16089024 -15504898 21966958 5028927 -7839388 -7593690 -1823915 -142270 120626 -126344 -43335 -30220 -3995 -64608 -10919 -3694 -9665 -3065 -959 -636 -234 -135 110 -265 -2 -25 -9 -2 1 0 0 1 3 0 2 0 0 0 0 0 0 0 0 1 0 0 1 -1 0 0 0 0 0 0 0 0 0 0 0 0 1583836345
-16093604 -15454131 21746114 7596658 65520476 -6330889 -8517613 -147389 117094 -141671 -49443 -16899 3004 1786272 -8622 994 -27248 -1089 -932 -124 -1265 200 -1085 58 2 -7 -4 -5 2 0 0 2 6 0 3 10 0 -1 3 7 2 0 2 5 3 1 3 -5 4 0 1 1 -1 0 1 1 0 0 0 2 1583836345
-16089700 -15508831 21972598 5072840 -6379630 -7571477 -1977359 -142375 120582 -126697 -43485 -30002 -3847 -27756 -10908 -3635 -9928 -3029 -962 -630 -249 -126 139 3043 -19 -17 426 -5 2 0 0 2 38 0 -17 12 1 0 -5 3 1 0 8 20 3 -1 -8 -4 3 -1 -1 -2 3 0 1 0 0 1 0 0 1583836345
-16088134 -15510527 21978016 5021139 -7799765 -7596001 -1827704 -142242 119295 -126342 -43337 -28102 -3988 -63682 -9897 -2081 -9682 -3615 -992 53 -234 -192 87 -83 -3 -26 -14 -6 1 0 0 1 0 0 0 0 0 0 0 0 0 0 1 2 0 0 0 0 0 0 0 0 0 0 0 0 0 0 0 0 1583836345
-16088736 -15490418 21897561 5889836 16970077 -7164791 -4091862 -143988 119943 -131524 -45378 -22980 -1585 574226 -10920 -2698 -15757 -2362 -949 -523 -588 18 -127 908 -6 -17 -17 -3 3 4 0 3 6 0 -1 -3 1 0 -7 -3 0 0 0 7 -4 0 0 -1 0 0 -1 1 0 0 1 0 0 0 0 0 1583836345
-16086583 -15501997 21949271 5269793 -832712 -7472039 -2464071 -142754 118162 -127804 -43913 -22528 -3305 115659 -11129 -3469 -11389 -2793 -949 -745 -334 -84 27 172 -4 -9 -16 -2 4 4 0 -6 1 -4 1 -2 0 0 -2 0 0 0 0 2 -1 0 0 0 0 0 0 0 0 0 0 0 0 0 0 0 1583836345
-16081174 -15491278 21911664 5594736 8375878 -7311014 -3331205 -143466 112379 -129801 -44717 -15307 -2399 351743 -1326 6309 -13542 -3088 -974 -46 -453 -345 164 6156 -32 -14 -65 -10 2 0 -1 1 41 0 -10 -3 2 1 -15 0 0 1 14 27 -1 -2 0 -6 5 -4 4 -4 1 0 4 4 0 0 0 0 1583836345
-16084973 -15507173 21969117 5056980 -6837718 -7577113 -1915414 -142327 116715 -126545 -43418 -23968 -3889 -38847 -6981 953 -9933 -3842 -1003 350 -247 -296 89 118 -4 -24 -19 -6 1 0 0 1 0 0 2 0 0 0 0 0 0 0 0 1 0 0 1 -1 0 0 1 0 0 0 0 0 0 0 0 0 1583836345
-16087502 -15482349 21911063 5278016 -1476540 -7473415 -2453322 -142894 120434 -127834 -43936 -29235 -3353 101172 -10868 -3429 -11026 -2881 -957 -600 -319 -101 1634 3460 -20 -5 594 17 -2 0 -1 4 122 0 -77 -6 0 -3 3 -11 -1 0 21 8 11 4 24 -2 1 0 0 -5 0 0 3 4 0 0 0 0 1583836345
-16088007 -15504895 21965780 5047753 -7237927 -7583747 -1878408 -142310 119196 -126473 -43392 -14085 -3912 -49033 -1415 7324 -9814 -4859 -1062 1833 -239 -3774 1305 -268 -2 20 -12 -18 -3 -15 0 -5 2 1 1 0 0 9 1 -1 0 0 0 0 0 -1 0 0 0 0 0 0 0 0 0 0 0 0 0 0 1583838187
-16086947 -15507026 21966615 5113212 -5189369 -7548419 -2065071 -142430 119270 -126886 -43549 -26077 -3730 4415 -9458 -1985 -10323 -3155 -964 -446 -272 -190 409 -300 -2 -25 -13 -4 2 1 0 2 2 0 1 0 0 0 0 -1 0 0 0 0 0 0 0 0 0 0 0 0 0 0 0 0 0 0 0 0 1583838187
-16089024 -15504898 21966958 5028927 -7839388 -7593690 -1823915 -142270 120626 -126344 -43335 -30220 -3995 -64608 -10919 -3694 -9665 -3065 -959 -636 -234 -135 110 -265 -2 -25 -9 -2 1 0 0 1 3 0 2 0 0 0 0 0 0 0 0 1 0 0 1 -1 0 0 0 0 0 0 0 0 0 0 0 0 1583838187
-16093604 -15454131 21746114 7596658 65520476 -6330889 -8517613 -147389 117094 -141671 -49443 -16899 3004 1786272 -8622 994 -27248 -1089 -932 -124 -1265 200 -1085 58 2 -7 -4 -5 2 0 0 2 6 0 3 10 0 -1 3 7 2 0 2 5 3 1 3 -5 4 0 1 1 -1 0 1 1 0 0 0 2 1583838187
-16089700 -15508831 21972598 5072840 -6379630 -7571477 -1977359 -142375 120582 -126697 -43485 -30002 -3847 -27756 -10908 -3635 -9928 -3029 -962 -630 -249 -126 139 3043 -19 -17 426 -5 2 0 0 2 38 0 -17 12 1 0 -5 3 1 0 8 20 3 -1 -8 -4 3 -1 -1 -2 3 0 1 0 0 1 0 0 1583838187
-16088134 -15510527 21978016 5021139 -7799765 -7596001 -1827704 -142242 119295 -126342 -43337 -28102 -3988 -63682 -9897 -2081 -9682 -3615 -992 53 -234 -192 87 -83 -3 -26 -14 -6 1 0 0 1 0 0 0 0 0 0 0 0 0 0 1 2 0 0 0 0 0 0 0 0 0 0 0 0 0 0 0 0 1583838187
-16088736 -15490418 21897561 5889836 16970077 -7164791 -4091862 -143988 119943 -131524 -45378 -22980 -1585 574226 -10920 -2698 -15757 -2362 -949 -523 -588 18 -127 908 -6 -17 -17 -3 3 4 0 3 6 0 -1 -3 1 0 -7 -3 0 0 0 7 -4 0 0 -1 0 0 -1 1 0 0 1 0 0 0 0 0 1583838187
-16086583 -15501997 21949271 5269793 -832712 -7472039 -2464071 -142754 118162 -127804 -43913 -22528 -3305 115659 -11129 -3469 -11389 -2793 -949 -745 -334 -84 27 172 -4 -9 -16 -2 4 4 0 -6 1 -4 1 -2 0 0 -2 0 0 0 0 2 -1 0 0 0 0 0 0 0 0 0 0 0 0 0 0 0 1583838187
-16081174 -15491278 21911664 5594736 8375878 -7311014 -3331205 -143466 112379 -129801 -44717 -15307 -2399 351743 -1326 6309 -13542 -3088 -974 -46 -453 -345 164 6156 -32 -14 -65 -10 2 0 -1 1 41 0 -10 -3 2 1 -15 0 0 1 14 27 -1 -2 0 -6 5 -4 4 -4 1 0 4 4 0 0 0 0 1583838187
-16084973 -15507173 21969117 5056980 -6837718 -7577113 -1915414 -142327 116715 -126545 -43418 -23968 -3889 -38847 -6981 953 -9933 -3842 -1003 350 -247 -296 89 118 -4 -24 -19 -6 1 0 0 1 0 0 2 0 0 0 0 0 0 0 0 1 0 0 1 -1 0 0 1 0 0 0 0 0 0 0 0 0 1583838187
-16087502 -15482349 21911063 5278016 -1476540 -7473415 -2453322 -142894 120434 -127834 -43936 -29235 -3353 101172 -10868 -3429 -11026 -2881 -957 -600 -319 -101 1634 3460 -20 -5 594 17 -2 0 -1 4 122 0 -77 -6 0 -3 3 -11 -1 0 21 8 11 4 24 -2 1 0 0 -5 0 0 3 4 0 0 0 0 1583838187
