-16088328 -15508706 21970673 5101540 -5514392 -7556500 -2055465 -142433 119252 -126873 -43552 -27728 -3757 -4103 -9379 -2000 -10220 -3152 -966 -433 -267 -194 75 -200 -2 -25 -6 -6 1 0 0 1 0 0 0 0 0 0 -2 0 0 0 0 1 0 0 1 -1 0 0 0 0 0 0 0 0 0 0 0 0 1583836345
-16089796 -15507690 21968051 5121872 -4986571 -7547398 -2106492 -142477 120540 -126992 -43599 -29777 -3707 9892 -10896 -3575 -10342 -2981 -958 -622 -275 -117 78 -260 -2 -25 -7 -4 1 0 0 1 0 0 0 0 0 0 -1 -1 0 0 0 1 0 0 0 0 0 0 0 0 0 0 0 0 0 0 0 0 1583836345
-16042547 -15466149 21860014 5459735 5189319 -7369013 -3014303 -143220 83958 -129006 -44385 -27492 -2719 274938 -10409 -3225 -12864 -2417 -933 -907 -422 -43 1188 -277 -2 -22 14 -6 2 0 0 1 9 0 -9 1 0 -1 2 -2 0 0 -1 -2 2 0 1 0 0 0 0 0 0 0 0 0 0 0 0 0 1583836345
-16090169 -15507104 21962484 5215400 -2261665 -7501300 -2333165 -142626 120446 -127497 -43787 -28980 -3449 80890 -10150 -3219 -11008 -2548 -930 -1065 -314 -165 1064 -284 -1 -25 7 -5 2 1 0 2 4 0 -2 -1 0 -2 1 -1 0 0 2 0 0 0 1 0 0 0 0 0 0 0 0 0 0 0 0 0 1583836345
-16062175 -15490956 21933815 5035876 -7783417 -7578237 -1830135 -142375 98713 -126363 -43360 2610 -3941 -63460 11279 21196 -9808 -6650 -1151 3724 -229 -620 128 -63 -4 -21 -14 -6 2 0 0 2 6 0 1 0 0 0 0 -1 0 0 0 2 0 0 -1 0 0 0 0 0 0 0 0 0 0 -1 0 0 1583836345
-15885082 -15353543 21616380 5223577 -797476 -7440551 -2466267 -143146 -35321 -127667 -43917 14654 -3266 112658 73512 24253 -11416 37474 1733 -52814 -332 2301 104 -57 4 -34 -13 -19 -8 -15 0 -4 0 1 2 0 0 0 0 0 0 1 0 0 0 0 0 0 0 1 1 -1 0 0 0 1 0 0 0 0 1583836345
-16090855 -15474124 21830868 6627517 37869110 -6806681 -5993757 -145459 117412 -135878 -47106 -19159 413 1103893 -10739 -1854 -20830 -1730 -936 -468 -885 148 -631 16 0 -6 -12 -3 3 3 0 -2 3 -3 2 6 0 -1 1 4 1 0 0 2 2 1 4 -5 3 2 1 1 0 0 1 1 0 0 1 2 1583836345
-16057224 -15483535 21917238 5061183 -7238993 -7562176 -1886610 -142463 96247 -126506 -43423 11194 -3874 -49699 17584 25930 -9937 -5672 -1077 2351 -233 -1215 117 1138 -9 -10 -20 -7 1 -1 0 1 15 0 -5 3 0 2 -1 0 0 0 4 9 1 -2 -3 -1 0 0 0 0 2 0 -1 1 0 0 0 0 1583836345
-16088209 -15490649 21899960 5844135 15575954 -7191171 -3964781 -143903 117323 -131233 -45264 -22213 -1719 538712 -7958 585 -15439 -3009 -984 237 -568 -196 -97 548 -4 -18 -7 -6 2 0 0 1 9 0 -3 -1 1 0 -7 -4 0 0 -1 6 -4 0 -1 -1 1 2 -1 1 -1 0 1 1 0 0 0 -1 1583836345
-16064593 -15282806 21510702 5479351 -4078314 -7399087 -2169344 -143221 120517 -127486 -43744 -29645 -3628 32692 -10886 -3537 -10587 -2980 643 -556 -284 -109 50 -48 -3 30 -16 108 -21 -3 0 1 0 0 1 -1 1 0 0 -1 0 0 0 0 -1 0 0 0 0 0 1 0 0 0 0 0 0 0 0 0 1583836345
-16088328 -15508706 21970673 5101540 -5514392 -7556500 -2055465 -142433 119252 -126873 -43552 -27728 -3757 -4103 -9379 -2000 -10220 -3152 -966 -433 -267 -194 75 -200 -2 -25 -6 -6 1 0 0 1 0 0 0 0 0 0 -2 0 0 0 0 1 0 0 1 -1 0 0 0 0 0 0 0 0 0 0 0 0 1583838187
-16089796 -15507690 21968051 5121872 -4986571 -7547398 -2106492 -142477 120540 -126992 -43599 -29777 -3707 9892 -10896 -3575 -10342 -2981 -958 -622 -275 -117 78 -260 -2 -25 -7 -4 1 0 0 1 0 0 0 0 0 0 -1 -1 0 0 0 1 0 0 0 0 0 0 0 0 0 0 0 0 0 0 0 0 1583838187
-16042547 -15466149 21860014 5459735 5189319 -7369013 -3014303 -143220 83958 -129006 -44385 -27492 -2719 274938 -10409 -3225 -12864 -2417 -933 -907 -422 -43 1188 -277 -2 -22 14 -6 2 0 0 1 9 0 -9 1 0 -1 2 -2 0 0 -1 -2 2 0 1 0 0 0 0 0 0 0 0 0 0 0 0 0 1583838187
-16090169 -15507104 21962484 5215400 -2261665 -7501300 -2333165 -142626 120446 -127497 -43787 -28980 -3449 80890 -10150 -3219 -11008 -2548 -930 -1065 -314 -165 1064 -284 -1 -25 7 -5 2 1 0 2 4 0 -2 -1 0 -2 1 -1 0 0 2 0 0 0 1 0 0 0 0 0 0 0 0 0 0 0 0 0 1583838187
-16062175 -15490956 21933815 5035876 -7783417 -7578237 -1830135 -142375 98713 -126363 -43360 2610 -3941 -63460 11279 21196 -9808 -6650 -1151 3724 -229 -620 128 -63 -4 -21 -14 -6 2 0 0 2 6 0 1 0 0 0 0 -1 0 0 0 2 0 0 -1 0 0 0 0 0 0 0 0 0 0 -1 0 0 1583838187
-15885082 -15353543 21616380 5223577 -797476 -7440551 -2466267 -143146 -35321 -127667 -43917 14654 -3266 112658 73512 24253 -11416 37474 1733 -52814 -332 2301 104 -57 4 -34 -13 -19 -8 -15 0 -4 0 1 2 0 0 0 0 0 0 1 0 0 0 0 0 0 0 1 1 -1 0 0 0 1 0 0 0 0 1583838187
-16090855 -15474124 21830868 6627517 37869110 -6806681 -5993757 -145459 117412 -135878 -47106 -19159 413 1103893 -10739 -1854 -20830 -1730 -936 -468 -885 148 -631 16 0 -6 -12 -3 3 3 0 -2 3 -3 2 6 0 -1 1 4 1 0 0 2 2 1 4 -5 3 2 1 1 0 0 1 1 0 0 1 2 1583838187
-16057224 -15483535 21917238 5061183 -7238993 -7562176 -1886610 -142463 96247 -126506 -43423 11194 -3874 -49699 17584 25930 -9937 -5672 -1077 2351 -233 -1215 117 1138 -9 -10 -20 -7 1 -1 0 1 15 0 -5 3 0 2 -1 0 0 0 4 9 1 -2 -3 -1 0 0 0 0 2 0 -1 1 0 0 0 0 1583838187
-16088209 -15490649 21899960 5844135 15575954 -7191171 -3964781 -143903 117323 -131233 -45264 -22213 -1719 538712 -7958 585 -15439 -3009 -984 237 -568 -196 -97 548 -4 -18 -7 -6 2 0 0 1 9 0 -3 -1 1 0 -7 -4 0 0 -1 6 -4 0 -1 -1 1 2 -1 1 -1 0 1 1 0 0 0 -1 1583838187
-16064593 -15282806 21510702 5479351 -4078314 -7399087 -2169344 -143221 120517 -127486 -43744 -29645 -3628 32692 -10886 -3537 -10587 -2980 643 -556 -284 -109 50 -48 -3 30 -16 108 -21 -3 0 1 0 0 1 -1 1 0 0 -1 0 0 0 0 -1 0 0 0 0 0 1 0 0 0 0 0 0 0 0 0 1583838187
