-16088594 -15487807 21918462 5311719 -401635 -7462484 2196978 -135505 120436 -81483 -37239 -30191 -5806 -93499 -10539 -3570 -17189 -3026 -1000 -594 8205 -97 -321 222 -2 -24 83 -4 1 0 0 1 8 0 2 0 0 0 0 -3 0 0 0 3 0 0 1 1 0 -1 0 0 -1 0 0 0 0 0 0 0 1583838658
-14035576 2722284 -14993492 31732291 -2080832 3300573 -2696715 -327177 174246 47359350 -2894 -10081 -798 77018 -4038 -1215 3817 -979 -167 -119 -98432 -59 -162 2560 -15 -13 -122 -9 2 0 0 1 22 0 -10 5 1 0 -8 5 1 0 5 22 -2 0 6 0 0 6 -1 -12 0 0 0 4 0 0 0 0 1583838658
-16089617 -15507910 21970530 5078328 -6258202 -7568906 -1970746 -142367 120583 -122814 -43462 -29975 -3840 -23735 -10905 -3628 -10048 -3022 -962 -631 1048 -125 118 392 -5 -25 -15 -5 1 0 0 1 5 0 0 0 0 0 0 0 0 0 2 5 0 0 2 0 0 0 0 -2 0 0 0 1 0 0 0 0 1583838658
-16096190 -15436863 21681098 8265253 84415749 -6003587 -10262767 -148769 117832 -145302 -50955 -16100 4929 2305320 -10137 115 -32264 -399 -943 -185 7092 431 -781 4021 -14 0 4 -4 2 2 0 2 32 0 -10 -2 4 1 -27 0 1 0 6 26 -2 0 8 -7 6 13 -4 13 -12 2 8 12 0 -5 -5 -7 1583838658
-15908743 -13889997 18675735 7745654 3058180 -6454762 -2843936 -153921 121425 -135810 4314305 -26426 -2706 209222 -10110 -3017 -11649 -2558 -892 -541 -368 -61 3 225 -3 -21 -16 -4 1 0 0 1 2 0 0 -2 0 0 -3 -1 0 0 0 4 -2 0 0 0 0 0 0 1 0 0 0 1 0 0 0 0 1583838658
-16091037 -15491006 21903101 5806163 14421262 -7211496 -3865131 -143830 119951 -130701 -45205 -26877 -1866 496489 -10722 -2783 -7730 -2581 -1023 -621 7503 -16 -597 1677 -11 -18 -14 -4 1 0 0 1 1 0 0 -2 1 0 -12 5 1 0 6 12 -1 0 -2 4 -3 13 -2 -4 -6 1 2 6 0 -2 -2 -4 1583838658
-16089721 -15509777 21975476 5047886 -7086188 -7584256 -1488713 -141655 120603 -125380 -42821 -30201 -4140 -64184 -10885 -3678 -10335 -3057 -961 -631 -236 -131 58 -92 -3 -26 -14 -4 1 0 0 1 1 0 1 0 0 0 0 0 0 0 0 2 0 0 0 0 0 0 0 -1 0 0 0 0 0 0 0 0 1583838658
-15461988 -9928216 10647622 13399080 -338476 -4168037 2113046 -191655 136780 14347419 -24786 -24339 -5013 -95447 -8466 -2889 -10970 -2586 -914 -570 38952 -89 1401 522 -4 -13 824 -4 2 0 0 1 4 0 5 0 0 0 0 -1 0 0 2 0 2 0 1 1 -1 0 0 2 2 0 0 -1 0 0 0 0 1583838658
-16089522 -15506370 21966840 5085501 -6142085 -7566812 -1049241 -140908 120575 -123813 -42154 -30188 -4334 -65403 -10844 -3662 -11229 -3064 -983 -639 7792 -125 -19 -31 -3 -16 654 -3 2 0 0 1 -2 0 2 -1 0 0 -1 0 0 0 1 0 0 0 0 0 0 0 0 0 1 0 0 0 0 0 0 0 1583838658
-15482367 -10123481 11058276 12834387 -8210048 -4414672 -1871019 -178688 124409 -150313 14525329 -23195 -3256 -98130 -8531 -2958 -7234 -2445 -749 -505 -156 -116 73 336 -4 -22 12 -9 2 0 0 2 22 0 2 3 0 0 -2 6 1 0 -4 -1 -3 0 -1 0 0 1 0 0 0 0 0 -1 0 -3 0 1 1583838658
-16089637 -15510340 21977989 5021074 -7837763 -7596878 -1830042 -142249 120626 -126138 -43341 -30219 -3992 -64434 -10919 -3694 -9663 -3068 -963 -639 1514 -134 107 -136 -3 -25 38 -4 1 0 0 2 31 0 0 4 0 0 -4 1 0 0 4 2 7 -1 -8 -6 4 -2 1 -4 -1 0 2 0 0 -4 0 1 1583838658
-16089530 -15509458 21976277 5020717 -7886057 -7597172 -1819601 -142241 120628 -126196 -43329 -30227 -4000 -65837 -10919 -3696 -9663 -3070 -963 -640 1436 -135 86 -256 -2 -25 -5 -2 1 0 0 1 3 0 1 0 0 0 0 0 0 0 1 0 0 0 0 0 0 0 0 0 0 0 0 0 0 0 0 0 1583838658
-16089510 -15503391 21957346 5170393 -3743127 -7523957 -2229939 -142600 120503 -126937 -43717 -29585 -3582 42116 -10887 -3524 -10677 -2961 -978 -631 8357 -108 48 -323 -2 -24 -5 -2 1 0 0 1 0 0 0 -1 0 0 0 0 0 0 1 0 1 0 1 0 0 0 0 1 0 0 0 0 0 0 0 0 1583838658
-14999851 -5823295 2319536 19540119 4848974 -1645223 -3262141 -241188 148760 25044702 -22830 -18049 -1318 262732 -7209 -1985 -8836 -1676 -600 -345 -12446 -21 -93 -520 0 -16 -52 -4 1 0 0 1 0 0 -2 0 0 0 0 0 0 0 -1 -1 2 0 1 0 0 0 0 2 -1 0 0 0 0 0 0 0 1583838658
-16090134 -15500321 21941443 5380504 2305316 -7420490 -2830165 -143092 120319 -128331 -44286 -28658 -2975 198218 -10840 -3275 -12076 -2783 -973 -600 7495 -72 9 -152 -2 -23 13 -4 1 0 0 1 6 0 -5 0 1 0 -7 1 0 0 1 0 3 1 4 -2 1 2 -1 1 0 0 0 1 0 0 0 -1 1583838658
-15004363 -5879717 2451719 19075017 -5993991 -1865562 -2154988 -207581 127304 -169729 25960989 -17282 -2420 -57579 -6635 -2273 -5956 -1881 -582 -388 -135 -85 63 -295 -1 -12 -13 4 0 0 0 1 -2 0 1 -2 0 0 0 0 0 0 1 -1 0 0 1 0 0 -1 0 0 0 0 0 0 0 0 0 0 1583838658
-509 323 173 283 136 -219 -299 184 -69 -467 -209 -140 279 -65 373 50 -52 -431 -60 167 97 176 -426 645 32 129 39 321 332 262 -302 74 -117 172 11 -191 -163 131 -489 -107 112 -676 7 -216 64 -362 -84 -3 436 255 102 -72 475 103 340 351 -341 270 317 363 -64 423 161 20 92 -161 29 729 -4 -33 726 430 -417 -362 -87 289 445 -215 168 26 -353 -75 -167 -270 6 -567 -229 -232 -26 -467 -367 -554 7 -5 5 65 229 550 -500 8 -600 -247 -569 602 351 111 246 -145 107 392 -186 -366 -375 -319 -109 -4 602 -105 -276 13 16 3 579 -128 -36 123 -271 -526 -135 -389 -213 -26 -463 616 73 -11 -512 224 342 -351 -90 -201 -231 4 -297 356 328 -347 283 -569 250 15 4 74 -187 -24 -23 -219 494 332 425 119 73 488 -481 300 167 -304 46 -203 0 6 36 -12 328 113 -155 100 449 -125 -153 -377 -623 -129 -164 280 -120 124 94 11 -111 -4 -90 620 -166 188 -360 -243 496 43 388 117 -250 85 -177 7 -81 256 216 -25 119 482 -386 -1 -124 -200 -30 -60 -240 -256 -107 179 286 -203 178 -280 -31 -501 -174 -441 321 368 -78 -439 351 376 -618 -240 582 191 -239 -286 -95 15 -120 172 367 503 321 -278 -77 97 276 -184 -226 -203 -575 114 448 -5 402 -167 23 318 264 -483 136 148 6 -145 -76 598 -630 287 -204 -76 -363 201 264 103 373 175 -126 -59 96 1 -30 -396 201 93 158 -505 503 -401 -375 100 -123 -247 140 52 -320 40 -377 217 -425 -544 414 191 222 116 192 399 23 -59 -399 514 511 -16 326 121 219 373 -176 -391 335 -250 267 -107 128 -293 -502 -213 -255 133 163 -147 -27 460 -3 178 -240 -172 114 -60 147 -89 -124 279 -265 403 -39 50 -71 -116 -55 160 48 228 -232 239 23 -246 -366 137 135 -183 243 72 -384 232 32 124 -112 77 -421 92 -563 -233 -282 239 -423 -88 55 -213 94 133 434 7 152 24 369 382 -77 -552 535 312 217 -106 253 -121 -359 285 39 -384 218 48 13 -39 -109 -9 127 180 13 -115 -26 -37 62 -152 -316 381 3 -476 -511 -67 123 202 1583863281
-179 155 -103 -20 431 401 399 490 313 181 224 505 -410 -88 -179 333 -202 -15 -238 370 -35 -759 -12 49 -59 362 54 -565 -79 164 -154 164 -738 333 -20 -35 252 -67 -61 165 -212 266 237 60 113 200 166 571 475 241 -491 534 -708 178 295 -483 77 -237 -88 -606 -130 184 -302 -93 66 -423 -89 -288 171 -344 255 460 241 -340 658 308 592 -306 528 300 466 -228 -69 -213 280 -351 338 -460 159 226 40 89 436 468 134 -7 728 -144 311 465 -107 157 308 119 -4 -71 -437 45 -94 48 -298 -437 187 -279 415 346 381 50 958 -350 272 -93 426 136 145 192 343 -547 -573 153 -189 -168 -244 -131 -344 -17 300 44 231 -231 63 190 -68 -215 230 324 354 577 84 -99 137 303 74 -288 -207 -661 216 -335 -39 121 -237 137 -165 381 359 -240 -133 154 176 -462 210 107 -315 -87 457 -418 -252 302 -357 -26 288 19 260 83 54 100 -600 234 202 198 -92 69 140 -341 278 -117 130 -763 378 -136 117 -207 -21 -382 -2 280 -28 66 145 267 508 -119 190 148 -293 -278 -85 -270 -3 -292 18 -338 -250 -101 269 165 171 269 -296 259 506 -706 -150 -167 -1 784 -637 539 56 797 -430 83 -469 -46 -304 -285 17 -221 -309 -19 374 -179 63 -233 153 345 -12 474 -526 199 -32 52 71 -173 -645 209 277 -316 -417 74 -158 163 -226 500 339 -540 227 -196 -238 81 405 149 928 -6 -272 736 28 383 -613 -223 94 277 -450 421 313 -24 143 27 -216 -24 -345 -131 -30 -113 111 -137 432 -399 -177 293 11 -516 -201 -154 -451 97 167 253 105 -508 41 98 -384 423 -116 170 -176 -88 464 561 -308 231 -84 183 63 119 30 -84 273 -19 -444 -335 -185 -123 354 -172 -236 -99 475 433 238 159 -22 235 -79 598 -78 430 82 149 -4 -347 -261 -54 10 -160 -55 106 -71 -233 -230 -66 140 64 -264 131 157 173 138 61 55 95 -329 -292 19 0 -473 492 -41 -200 154 -231 -335 -194 -248 489 -70 65 154 -27 7 264 -117 -54 -164 44 321 -126 -45 15 43 -180 -266 48 85 123 -398 -67 19 318 -86 232 219 -231 79 -75 1583863281
-126 -394 -463 460 175 292 -5 -375 543 -112 175 -609 -85 4 -110 -156 500 452 -256 -202 -412 42 183 40 -634 197 236 -334 947 293 313 -346 324 -609 446 -89 125 301 100 -204 337 256 23 -460 -463 453 351 97 -160 -541 300 110 -70 252 -87 -236 -275 -421 -132 -175 432 698 170 190 353 -671 -55 -29 -410 17 -200 -192 19 459 -153 -712 -19 223 71 -115 -203 408 36 145 309 45 -4 457 117 173 -901 187 25 -129 -450 7 175 226 -7 -677 134 -79 -63 -176 551 71 -243 -208 -365 57 -44 -159 133 501 141 299 162 -361 -441 101 -6 -161 -372 27 470 517 -77 -82 -672 362 -277 360 26 -535 297 841 -442 -246 295 -494 296 55 -294 -79 -81 24 -97 -133 -310 328 6 76 960 -76 185 -54 406 -526 -57 588 325 51 388 233 366 40 55 -249 -189 109 204 -197 -305 118 -366 -491 122 -68 -38 -223 79 -63 121 238 -389 140 375 -135 243 -138 -123 97 -13 20 201 75 -444 -37 -250 198 -624 452 99 -374 225 -332 -118 179 -124 20 243 365 -37 326 -53 -326 -409 123 -283 -148 592 614 -8 657 61 -241 313 13 223 -64 87 -61 -147 210 184 -115 261 -273 -658 181 86 113 217 112 116 -68 -246 -238 181 181 151 -42 -52 154 -113 90 368 27 368 -77 -15 74 -193 -9 479 -30 98 253 -517 -63 15 -290 -77 -281 136 -122 -99 144 139 -105 -371 -11 269 126 4 -11 -191 -196 285 532 -170 394 -152 116 56 209 507 -416 -332 464 -210 281 103 -45 264 -186 174 -134 -199 150 192 -18 -101 -701 258 358 -333 -433 -177 52 -230 125 -97 -396 -144 -367 371 -156 244 -376 -275 -130 -244 -339 -735 52 -115 -213 -325 359 178 483 -97 -41 -218 24 -37 145 102 117 280 195 71 -342 -310 53 309 112 -39 -445 281 -623 211 -337 157 -3 264 287 -77 -103 445 -147 -194 44 342 -139 53 -33 -644 -187 70 -64 -62 -116 147 149 373 -177 -18 -252 238 -255 289 13 102 47 201 177 147 -299 173 88 91 -64 136 12 368 -109 -141 311 -290 -360 -527 -52 70 364 -223 144 217 66 -361 -30 229 133 301 -181 1583863281
183 543 251 361 -776 402 -18 -171 139 -158 -939 -200 -202 409 -204 196 257 -488 -30 146 450 206 556 176 468 -385 -117 106 96 204 124 794 -14 203 -336 -442 -316 -63 -796 -176 263 -311 611 -583 458 1 -230 -185 414 277 -603 484 807 -133 69 444 289 141 221 437 179 169 196 -171 -254 17 737 43 -218 -159 184 376 192 316 -63 -111 -444 -122 -175 132 -222 117 112 -203 -17 -477 84 -84 -47 4 267 -218 -87 516 -79 49 30 -102 205 347 135 169 205 179 -345 215 291 -62 165 -591 320 -461 319 -117 57 215 -346 -32 151 55 -193 451 52 453 156 -223 363 -195 -646 -1 706 -145 -152 -561 150 -63 58 212 -152 -101 71 -82 -75 -2 -255 -264 212 54 355 -522 -227 536 -181 418 -93 -100 -184 217 -41 -387 262 616 -199 0 -436 300 -43 543 330 319 272 -418 0 -43 -274 219 132 -347 153 270 92 -119 50 149 -561 -212 36 137 232 159 78 -168 -507 -44 -128 480 338 54 513 -205 -175 164 -200 9 -280 -611 -516 -367 -113 -77 -103 -29 385 210 -353 184 209 184 3 307 -248 71 -159 -147 135 394 -575 -120 100 8 199 141 183 322 -187 -237 87 -266 -509 -727 257 6 -205 264 474 206 401 52 424 -74 89 -173 -361 -200 49 76 80 -48 -544 157 262 -631 101 596 44 -63 -210 -87 333 286 478 38 -143 72 -93 150 90 88 -46 244 -175 193 350 195 503 424 21 146 -108 264 74 -41 108 302 130 356 108 -662 -53 199 -74 201 -29 235 -274 23 -362 317 -219 -487 -525 200 -55 264 212 -213 190 272 116 230 -110 -79 -111 141 635 -622 511 -373 -85 -540 260 526 -129 503 25 64 151 -412 214 -110 66 -186 342 -239 158 87 128 -262 -5 -56 147 226 -155 -164 352 218 -76 -280 -102 -302 -589 -88 266 150 -306 43 -550 156 -240 119 -66 -84 13 -157 330 -236 -370 -382 -137 -7 -305 1 66 207 101 -1 -105 3 -248 208 -433 -4 89 5 -82 297 -383 -275 -248 62 66 -179 -384 719 -241 -110 335 200 133 -366 -245 -129 -475 -25 431 -309 128 428 -345 206 253 0 -48 -294 62 388 1583863281
8 -409 -286 -57 126 786 -28 -241 -187 -4 -404 -631 152 -932 -479 -212 10 167 145 382 -15 -18 -273 -154 358 -377 141 -368 367 -823 -497 -405 45 18 -328 91 -358 491 -27 464 253 -4 61 104 -277 -3 -378 -244 216 -14 -238 82 -214 35 -228 -92 -100 341 -189 -84 250 -254 -12 -23 131 275 -194 423 -61 -10 -77 153 220 297 159 -326 -861 -97 -188 811 228 267 -158 -76 111 35 653 270 490 -258 -201 84 -77 -45 811 -48 -603 -235 -231 568 224 275 156 342 -349 310 -496 -55 382 34 -267 222 -531 -58 220 673 -591 -193 -91 70 384 -171 -79 -38 409 150 -293 -478 88 165 134 160 -215 -210 399 238 3 27 -164 167 -22 -153 72 5 65 -44 22 275 -341 44 135 -356 -292 381 197 78 260 94 -213 -421 -596 21 -697 510 -105 306 93 282 124 -315 -194 -37 469 -164 44 -123 -300 -172 -114 -268 -87 -41 311 -164 168 -400 395 250 -259 -192 -109 -164 -433 199 593 158 -41 -79 -110 -35 238 -110 783 274 100 76 -287 217 324 -176 -22 96 293 143 -350 -376 -466 363 -160 155 396 -125 -215 -80 -375 -84 219 300 336 236 -70 61 438 236 -148 541 12 -26 -264 48 -411 -108 686 49 -367 419 162 184 932 242 -574 -336 -302 -74 90 -455 65 -449 -220 -128 -380 -342 305 305 -531 -361 157 41 25 147 247 433 -369 -338 -21 67 -357 359 17 -109 127 -70 -10 -124 300 -596 68 111 389 -209 -5 -105 -172 -389 2 58 12 117 36 111 -134 127 33 -107 -26 -50 -131 214 26 215 -59 -281 266 102 131 104 17 -24 -356 -121 -300 -47 -30 -205 -50 -16 -2 -265 357 443 132 109 -95 13 460 502 80 277 110 225 419 -151 -82 -229 -52 86 478 44 -1 -137 357 -50 209 21 -321 49 242 -72 -48 326 76 287 -21 -310 162 -126 55 -34 160 -304 141 244 -335 230 78 -452 -225 446 -17 175 -24 -158 86 -473 -146 -5 351 351 292 363 -11 119 261 65 455 0 -212 56 -270 -15 -204 20 -191 -25 -140 359 90 398 -23 -114 -280 172 19 6 -156 24 411 11 204 -363 177 -302 -491 -343 352 -163 1583863281
-192 66 -388 -199 419 627 224 27 -124 93 130 79 732 -346 -187 595 -554 863 1034 497 172 306 -286 -179 -286 262 180 -403 -324 241 -367 172 -345 -364 -87 252 1 110 66 -117 172 -466 -553 -296 -307 381 413 -377 -393 150 78 63 -460 -112 -331 231 -486 -24 -297 498 -287 306 165 134 -404 -37 -433 -78 -413 48 85 187 220 -100 -268 -15 9 449 -111 338 -203 402 173 203 187 652 285 150 -464 55 410 -349 -136 -290 -185 185 263 -680 -207 219 275 437 47 -56 151 -214 -273 419 -276 -159 297 291 488 -187 -340 -120 -341 -139 -217 -128 591 -6 32 96 -117 440 -328 -169 -133 -106 419 -64 32 360 178 -14 11 483 229 -20 -361 -401 335 62 271 -207 -363 -152 -206 -495 -86 22 201 -77 -76 -406 113 427 78 273 -596 -201 170 813 30 246 327 54 492 -383 359 -264 154 51 279 -37 -515 116 -292 175 506 -307 -48 -292 -41 -337 -119 147 471 -33 -59 -237 -79 -354 -36 -175 646 213 109 196 -15 -261 -428 22 -295 -288 -306 258 -24 104 384 260 313 -52 -467 -227 -198 -474 -51 7 -231 -47 -294 41 -39 -84 -152 -393 8 633 95 -79 -310 -244 -86 169 174 132 421 -27 -175 -523 43 335 97 -567 -57 -165 34 346 -106 -536 427 262 -433 -188 70 -513 -227 -153 -47 -257 5 -99 -137 164 -106 -384 484 -139 -46 237 -81 -162 22 -500 -5 147 -164 -183 155 -209 145 -418 -92 48 226 427 379 -155 -355 -472 -205 398 -385 -100 -436 -327 73 -130 -228 -95 -168 -237 108 -388 -11 -67 145 165 -139 132 -399 147 -118 216 459 -116 -531 0 279 606 20 -285 31 -279 -362 57 -272 -300 525 82 70 -132 497 61 -115 55 -180 95 27 56 227 459 -229 52 -367 -146 160 -26 -225 8 -60 199 -549 108 -120 204 46 -474 722 -244 450 213 -143 -107 -76 -252 286 -370 350 -495 -28 -93 148 8 -172 238 65 15 -274 -314 -192 75 438 -235 -144 -57 55 -88 -136 -233 -410 0 -303 443 -253 -108 56 -121 -333 -336 -209 340 -75 -15 592 -66 -346 271 -40 -391 -87 42 -5 23 237 239 31 296 -105 -168 45 94 -319 -237 1583863281
-161 181 257 149 -107 435 55 -30 -703 130 -231 -205 -26 -95 -125 44 -96 193 -361 96 -440 -140 527 331 21 314 -220 190 -252 239 494 -289 134 156 183 -613 246 -356 531 -486 -129 -214 -104 224 -408 -62 -26 71 -325 43 -105 64 9 52 493 -805 629 448 -740 -149 152 398 859 246 -185 -273 604 77 -276 -72 264 176 -478 -165 140 -219 -62 301 -431 180 -35 125 73 446 410 -15 -312 85 -42 290 -623 30 142 -152 -27 549 103 -304 -38 -20 -198 -176 89 235 -210 259 459 -484 -55 -513 352 210 66 406 -339 -394 117 197 -358 -204 -467 -31 -141 222 130 138 -47 548 -853 215 109 71 -1 646 -143 -108 -115 -408 -292 275 49 -256 -451 -146 229 -159 -421 196 -17 -213 -213 -120 -478 272 -67 42 -203 -66 432 297 -243 41 -140 46 -468 473 138 159 10 50 79 487 -100 253 -174 -189 -457 28 -427 520 -112 -215 49 37 -318 280 -184 -186 -333 686 -404 -373 345 -267 26 113 122 -117 -128 118 -146 337 -212 46 -468 -16 -846 110 350 388 255 98 463 87 -139 5 208 241 104 141 -485 500 176 108 273 -165 224 62 284 459 -205 231 183 158 367 -68 146 73 -15 28 103 197 123 187 -83 563 521 -133 44 -130 -294 232 54 333 294 401 -60 -522 351 -810 -325 -313 40 -597 -272 -168 -41 -31 143 128 -503 -32 -214 27 211 123 -363 146 173 -343 28 -14 145 -112 -464 544 -184 179 -124 393 584 109 146 258 8 280 -130 359 189 80 465 -18 546 -199 44 63 -196 285 154 223 -291 88 -212 226 -159 91 -199 -190 293 -83 -90 -211 -232 423 395 241 263 -557 -432 30 -105 -542 -388 475 562 -156 32 -34 198 300 153 167 512 273 3 -68 -169 77 -427 489 -503 214 56 -230 40 -255 89 124 -296 -7 -109 31 -21 -117 36 565 15 211 -53 -288 -33 166 -295 -176 229 -5 176 -12 27 321 73 247 -284 -114 199 111 -165 -347 -344 178 435 -375 -74 -146 -242 174 2 3 147 98 285 -51 -123 -641 -65 -155 -47 -58 147 163 194 -561 -47 377 46 -263 446 411 -74 25 626 211 -245 -195 -584 -99 1583863281
293 -295 -370 367 -151 -507 99 370 -457 294 -467 -991 -213 -235 -514 364 355 -183 122 -44 -378 -39 126 284 -120 491 286 -292 -347 -493 512 -26 -16 40 -193 198 91 173 215 -228 336 -52 578 91 -685 -113 118 19 200 440 -364 -39 -230 11 82 307 194 -557 97 693 19 167 -156 281 146 -177 332 -185 176 -33 -560 -175 -399 -124 -163 -187 62 275 -261 218 -168 -424 300 166 -105 311 139 -233 -424 347 -266 -85 245 -148 -256 174 -710 295 -185 -233 188 161 199 126 -189 -266 -183 161 -423 -87 -80 -158 732 141 -140 -247 47 441 -433 236 -37 -112 -259 340 254 -264 52 -175 -176 168 406 38 -117 -7 -89 357 -72 -89 596 195 415 -533 335 104 331 385 -34 -269 -179 237 44 -16 127 -137 104 93 216 -372 -120 -386 -345 -79 340 22 -90 -290 536 133 266 135 419 -115 201 280 110 -219 195 56 -189 469 0 -443 -449 216 -200 -94 750 -229 -903 116 -37 -75 174 -462 148 -271 -29 -429 -171 140 -364 -229 310 61 237 295 450 -218 100 -538 258 141 220 973 -113 334 -102 8 -128 509 -211 641 -23 -380 -48 135 174 -153 65 -137 26 489 -213 -168 -506 435 625 -248 18 64 4 156 50 -32 -5 573 51 31 -324 -140 -411 325 147 350 -227 173 318 162 166 200 298 235 21 150 384 -172 279 -279 -259 20 120 -518 263 328 -57 -430 90 410 -470 -208 52 -210 -664 4 296 360 -370 70 -56 150 90 298 170 0 354 3 132 -46 128 90 350 34 657 -54 -532 -93 268 -82 337 -79 520 -305 264 7 224 117 236 135 -111 723 425 434 113 12 -162 57 248 296 290 73 203 -206 47 -91 -538 -26 -403 -619 276 334 -187 21 117 121 269 244 -610 -553 199 292 -237 95 -119 148 -159 159 434 -197 102 -81 148 36 326 -25 -252 -445 -274 32 -215 -92 -162 56 38 -181 -109 102 -154 14 341 205 -170 228 -180 294 122 -451 309 61 -157 164 90 44 -381 -427 315 -40 -15 -349 -220 -64 405 -130 -299 101 53 214 -330 43 -166 -229 324 277 2 468 202 39 -223 -86 64 271 49 -44 23 190 109 -95 1583863281
197 -56 9 -1014 -349 -132 507 -26 305 -3 -173 223 -362 -137 -28 -576 -317 -134 57 -646 -386 79 264 -279 -1 -379 29 -241 105 -148 -40 -287 -570 593 -38 -122 -145 -796 131 -355 202 -63 309 -173 -682 133 357 16 55 542 -420 100 441 -235 164 -90 -137 -297 -200 -671 -337 353 254 -361 24 -134 -287 -423 365 -7 134 -52 -150 -75 -262 -145 217 156 375 409 -199 183 -348 113 220 -88 88 822 574 99 -12 -435 53 60 -854 5 -117 176 270 274 129 -133 -123 -220 128 -208 59 -234 48 515 -56 319 398 -49 166 -44 -255 124 -721 282 505 210 100 336 -136 -282 -254 331 -346 290 593 -23 370 -589 -672 39 -59 222 395 -244 -476 -125 222 -221 -343 610 226 -136 875 189 603 -184 -31 320 -264 -58 380 744 422 122 -102 87 243 -151 223 346 -377 142 303 43 -397 -257 -550 -574 -63 179 -290 -792 0 -324 -14 25 94 -482 340 327 -328 -145 -150 227 -53 -302 60 -172 590 728 -278 182 -125 -121 78 -266 203 663 185 233 68 68 261 69 443 312 23 -343 -174 82 -214 253 -3 -240 -61 -356 162 -360 -320 -268 275 117 426 244 460 252 171 12 282 -7 -667 -269 -154 -91 -124 18 68 -75 -61 -43 -170 147 -288 258 213 367 -221 43 248 -118 -20 -70 -185 95 -143 -211 91 154 659 150 -578 -267 515 418 62 -285 -265 811 405 -388 104 -124 -83 638 247 -419 -218 -214 188 -96 -637 19 86 -212 -157 -154 -64 -118 7 372 -225 -6 15 -109 -40 -439 -253 306 -193 237 -34 -207 -157 149 93 -337 539 -290 -2 -228 -58 -129 111 261 -60 -394 411 -204 -73 -600 -169 224 -164 30 53 1 -189 126 -232 -11 367 106 336 -18 66 -174 303 60 -207 39 -569 -567 272 313 -124 -350 214 31 375 -25 -296 160 -12 67 -62 -458 186 -32 19 -100 -136 121 -186 277 377 -69 128 -188 79 21 119 -134 66 -28 511 -484 -107 385 -480 -81 -83 15 221 205 240 -1 -60 263 -72 -44 34 -4 -323 -191 136 -110 132 -252 26 -230 -67 -204 264 -417 -330 -11 -144 147 -40 -310 28 -360 122 -276 91 220 161 460 21 23 1583863281
-257 206 199 563 -8 -80 -343 282 22 -397 -472 -275 -10 68 -43 -196 366 -212 453 345 -3 -289 197 640 199 -56 -249 817 -141 311 -196 -179 481 -28 72 -340 367 -796 503 172 -673 -264 -18 -259 257 199 372 314 697 164 101 -788 -83 0 82 -102 9 -7 -8 645 302 4 -50 -302 584 -508 243 -444 -287 -528 755 588 73 -120 -83 -364 -7 -616 -11 -130 -293 -340 18 9 -474 -231 -137 -76 72 -257 -145 257 -417 204 -312 -199 -114 -651 -70 -176 -125 -141 -24 -80 -278 185 244 194 -445 192 3 -186 512 317 -229 26 -445 303 112 170 420 -260 -172 247 -325 406 -128 -354 133 164 -319 385 -152 5 86 -169 -81 139 -122 613 551 123 -61 -227 334 -187 30 128 42 -215 -254 24 131 -70 87 354 -139 -141 137 -97 564 -229 191 -91 344 -534 -492 -385 220 74 93 311 -379 -40 213 319 590 6 29 362 -372 25 339 121 -704 91 168 46 93 -472 -106 239 -71 -178 85 36 75 102 47 499 204 102 -319 15 707 -83 -31 -315 385 530 24 -19 44 -72 -96 44 219 10 -52 -160 249 -22 -140 148 -102 -436 214 -57 194 -60 491 91 170 -140 281 26 -162 179 653 847 -371 222 268 -131 -79 -657 314 -25 58 104 -226 205 -127 220 -393 -324 -60 199 188 -328 -288 -12 611 36 -355 329 748 -398 68 25 541 -4 -90 -160 179 -474 419 -143 658 -223 -75 -224 -61 334 -452 -105 -263 -219 297 424 108 455 -247 76 208 420 447 12 -216 161 634 9 53 312 -51 -110 92 -225 -417 262 322 607 273 21 0 -361 161 -216 -256 -116 523 -128 341 -116 -49 191 41 185 80 -60 -50 -376 -313 51 -188 -302 5 19 61 -204 241 -76 145 -76 83 56 -132 -182 3 264 515 33 -529 459 65 38 298 -353 27 449 83 -193 617 82 252 0 67 233 25 -85 -485 210 99 599 -246 160 -72 284 287 -183 68 -270 79 37 60 -130 113 74 29 43 -97 -1 -308 330 -338 -2 -578 -192 88 146 -43 -120 0 -50 -8 216 306 206 -330 -33 317 91 -607 -220 -190 396 323 456 257 -169 -120 -262 -66 396 -51 95 1583863281
141 505 -393 169 212 -165 -370 226 9 203 599 307 -317 200 219 -254 -12 492 -54 -389 -60 225 890 318 226 50 183 -58 289 96 -300 264 -337 -294 506 248 -264 -173 -277 -934 -37 -250 -98 -381 -192 -202 254 -433 -234 -209 -295 142 131 94 103 487 621 -247 -403 408 26 -335 -429 155 918 80 -454 431 1031 42 256 477 -307 -74 58 -412 -173 152 220 64 265 98 -146 211 -215 148 -288 -29 93 -472 -60 -140 -12 -290 358 199 128 434 -446 408 -112 -206 247 102 -235 209 -317 -235 158 -14 52 357 82 -530 74 -27 267 -325 -206 -224 -81 -131 -348 -208 891 -14 -292 -124 219 84 334 -480 69 -13 165 302 68 -270 -277 -256 -35 -143 -321 381 34 456 183 54 -550 -342 100 720 -227 -355 263 124 -99 -95 -547 260 61 -457 -97 -389 142 65 507 -189 -226 438 -253 82 -321 285 -106 -283 -238 -43 -161 -385 -90 -153 -209 428 376 40 -107 178 357 -561 -265 -26 544 228 114 430 206 351 315 333 89 133 99 -273 -410 -334 132 20 -358 66 501 428 -44 501 4 99 590 -87 284 -120 318 88 161 -189 177 149 53 -91 158 -12 14 334 351 -363 -164 144 -238 11 -241 251 -369 233 -629 314 426 146 -164 -12 0 20 10 2 -27 -168 -135 -377 415 452 127 -48 -567 162 -71 73 27 -516 61 -161 -54 -139 -435 -73 -112 -97 16 -227 42 195 -742 -100 289 -192 251 188 -158 187 -405 -410 -367 513 -33 179 88 -29 -146 -279 -192 99 179 -46 -62 93 -501 -692 257 244 -294 -69 -283 -151 159 68 130 106 31 -58 5 -489 559 340 50 37 78 291 130 207 59 -334 73 -343 553 602 -1 -302 189 39 15 202 -289 111 -160 -279 277 81 -293 -169 -64 -91 56 -14 23 -12 18 138 -241 229 -305 -236 8 333 -3 -222 464 -188 -258 -187 -247 186 -149 308 101 140 48 -555 -32 233 231 415 280 531 -4 -113 105 -292 -27 -37 -36 -111 6 -108 -143 -85 37 -335 363 95 -115 -197 -209 -26 0 -10 -269 135 275 -19 528 114 86 254 -540 -26 264 -508 -81 -9 305 -268 -284 76 153 -112 222 -18 -56 298 1583863281
71 109 404 -135 -234 -179 90 -100 -411 -131 95 43 515 440 502 -662 531 23 48 154 -276 -273 142 281 -222 42 -831 -124 787 -341 -66 532 275 -171 -475 86 483 -170 360 337 -370 -223 -269 -113 232 400 -502 94 188 416 53 803 192 -281 205 -215 437 -167 -44 -169 165 -121 -447 -309 -33 142 -159 67 48 -44 -169 32 -103 333 -875 -265 572 -323 584 204 -347 -51 -241 -54 16 -206 181 75 -180 200 -412 479 -428 -6 468 -194 314 257 -35 261 -573 313 -346 242 -114 -140 -58 138 -147 -139 50 163 -77 -228 -98 298 -296 322 264 84 286 -318 -183 -269 -191 279 489 -324 -374 332 -62 -221 -304 -134 -160 -251 45 551 -277 -261 -278 191 -211 -207 -926 -217 -446 -570 -246 198 -45 465 329 368 515 342 -362 146 36 -98 -19 -178 -44 -69 -154 -410 320 -144 279 -309 258 -408 -440 -129 -116 -118 -188 481 -549 214 -190 -511 -184 -578 -854 333 296 332 96 124 35 -597 80 780 -431 -221 -147 -38 284 178 195 -47 -345 97 -53 -406 -105 -26 2 -97 133 -362 299 -119 -2 179 -159 78 124 -25 -187 -715 108 -251 -104 164 499 100 250 554 -215 267 114 76 122 209 194 -195 -62 198 243 -48 294 -204 -464 107 669 228 62 200 -209 278 486 -194 -220 -85 35 -96 -58 334 -192 297 65 80 9 -156 -216 -222 523 -300 -306 -362 116 176 -14 -209 225 -65 -63 218 118 44 428 -191 -155 -115 -56 437 -326 -104 118 292 -47 -88 -21 182 54 -242 0 -539 33 -20 368 -61 73 -33 -3 191 -62 -12 -454 29 237 188 157 128 -287 21 -361 308 319 -389 -502 -53 153 53 32 296 -180 -11 -12 252 379 219 -377 51 -435 180 541 312 -125 44 -330 -208 48 75 -255 107 -185 -30 -208 -88 3 123 -93 231 111 -293 79 250 842 -430 250 309 127 105 -30 227 360 -142 147 -141 270 -235 -245 30 96 -161 -5 233 156 238 154 -494 331 69 26 74 -576 126 195 -399 307 -118 -78 -269 -16 -275 -3 -47 -320 -145 367 115 324 31 -216 -140 170 154 60 60 184 310 -468 33 256 93 88 122 -196 -325 -126 536 -177 374 1583863281
-284 -434 -360 224 -474 286 -217 239 463 99 -230 988 -39 164 99 -627 -191 -77 331 -131 -447 656 -448 -613 -458 366 425 -484 -32 -142 -271 -800 -15 -129 11 227 454 61 111 -223 452 -152 -459 -88 164 -968 142 -265 902 -24 -2 -6 -7 9 250 196 347 -25 455 -242 -211 299 -36 264 250 -12 93 248 704 -371 -83 -45 161 433 28 36 201 -153 -615 -201 -23 -2 160 -199 8 -26 212 -189 -56 -450 -673 381 493 -165 581 -137 -323 5 -530 275 385 -89 -313 -673 -31 17 73 11 228 -255 100 -6 -170 -38 691 -122 471 27 -366 140 -11 -257 181 -355 -27 -505 -53 -249 -258 -223 217 -222 -216 -440 -129 -163 878 36 252 23 -592 42 -577 136 260 -135 -34 -88 -99 586 -94 -165 -17 -490 405 -3 -258 431 -112 -70 -101 86 409 -469 -184 582 -343 18 178 -176 -115 -745 114 142 610 87 176 179 -87 -157 -584 201 60 -177 32 15 25 -53 109 -388 -195 248 4 268 -41 383 -293 140 -198 181 15 4 107 -166 163 -248 191 232 -320 360 -302 188 63 -286 160 59 492 -25 177 -35 -406 192 -290 97 -303 -33 164 -78 359 41 -195 -63 274 -43 176 -373 -250 -125 194 52 -47 -417 -189 -199 -78 173 -18 -295 -214 -77 465 219 -169 -104 -207 56 244 412 -565 212 -343 -13 -394 802 -571 10 273 -218 391 -461 -312 -434 -117 166 -469 -225 -3 216 -134 201 360 -75 -291 378 280 237 242 99 -91 -23 -68 -141 421 473 -88 -192 -7 -5 209 95 196 166 126 80 238 -303 361 -24 -131 289 325 194 -113 286 153 -31 61 -87 215 -162 221 311 137 -121 361 -380 -41 267 -154 190 -170 -20 -321 -292 96 -50 -448 -291 -130 127 -248 -447 93 -83 86 66 120 -5 380 -25 -303 459 105 -146 364 -57 -58 137 0 -121 124 161 327 63 392 141 51 34 2 216 554 525 781 141 -244 161 78 -264 -370 -54 -345 -89 292 472 325 483 16 -593 -160 -57 289 -116 67 11 72 407 -1 146 38 365 -42 -250 69 -12 -346 33 79 -99 -87 3 -87 -410 -23 -90 342 -90 180 -114 -343 188 -87 391 -346 28 166 308 1583863281
-466 676 -166 47 479 56 -46 -265 -408 -76 -224 -45 -278 333 241 -14 -440 170 50 -16 370 -66 -92 -500 -247 228 427 -67 -358 3 205 309 367 241 -469 -177 -296 104 412 183 -447 154 18 22 33 -70 244 -387 -643 -116 -53 -478 257 109 108 283 148 -524 62 450 -116 534 -243 416 86 41 -217 55 498 364 342 43 -129 -110 -9 -347 425 -645 -254 130 147 -498 -564 -92 -140 -41 227 -279 -373 -911 135 -86 328 160 -439 698 311 -219 47 207 412 -188 -170 -377 162 98 -202 63 -437 326 10 -14 98 -927 355 -592 650 -118 -335 329 -72 -83 -211 -10 -3 -80 426 577 235 306 -120 -61 -20 154 18 145 -241 -18 -204 -53 -167 191 -510 228 275 -205 -384 -323 -268 108 149 195 165 332 61 -201 -235 102 -95 -43 76 -351 20 -20 288 -19 415 -508 99 230 60 509 158 -18 287 -309 365 -442 204 -222 34 96 -6 -595 322 -175 601 74 78 -41 -170 -99 272 -66 388 -270 -4 -298 -269 -299 248 -490 -274 -95 -83 163 -187 493 -125 492 226 379 28 95 618 313 141 184 -148 86 -315 216 553 218 -128 180 159 220 -3 -360 -36 -29 85 204 310 -135 -49 -43 243 178 339 -298 114 -71 553 246 92 472 11 284 -306 -207 295 166 344 375 104 -325 291 429 -239 173 0 320 -73 -68 -42 297 217 -712 -405 321 -655 315 356 -226 11 -156 -150 -427 -25 190 9 568 235 357 34 454 -52 111 -286 115 80 -560 597 -239 -301 83 -295 385 51 -258 79 -167 -12 566 30 54 -86 -201 -118 -229 -287 -254 14 -202 -163 -635 58 -27 191 -89 -202 182 -68 449 102 -2 258 -442 -363 -109 20 96 -162 518 -168 -703 -336 138 -390 -665 598 -63 -142 -86 -327 77 184 116 -16 33 -166 -165 257 289 -390 73 -74 -197 -92 133 159 141 274 53 -544 577 146 264 -201 -416 283 222 383 183 -39 -72 35 -140 -223 233 -39 27 -82 -224 235 408 84 -63 196 -232 -18 15 400 -236 194 68 -313 558 181 -41 249 272 -43 -122 -91 -613 -193 196 -193 -101 72 -6 64 202 372 93 104 -198 63 8 -206 -178 297 507 1583863281
222 -9 -182 303 -140 220 -541 167 470 -337 707 135 -513 572 289 -21 288 35 -65 -49 355 201 -24 140 411 269 358 424 -67 -541 -434 -37 550 -250 -344 495 -151 24 -111 -120 99 28 35 295 400 29 94 -103 -314 -38 -24 -24 640 -242 -15 -436 282 241 -348 -117 -417 38 106 -596 214 -282 -301 52 -500 -34 425 605 212 442 0 82 20 46 -161 274 153 218 -354 22 407 -796 370 257 -468 143 356 807 338 -363 297 11 -167 211 30 208 -12 -95 28 -348 -74 -211 116 29 -253 -349 -109 11 237 -346 327 330 13 237 -27 -344 0 377 217 -8 -178 -1 255 151 -254 -140 -201 -630 88 -98 -579 -540 63 -125 278 -224 -239 50 630 -57 931 -218 -152 442 79 -84 604 -255 -252 -29 -189 484 439 137 300 -490 -250 273 591 139 -462 108 -234 335 -122 -468 11 -298 16 -27 205 626 246 115 174 31 114 258 -58 215 -415 -241 -264 -393 -54 7 286 263 210 241 -99 107 105 85 23 111 -232 -39 -87 17 425 -81 -4 -483 -102 584 -298 -174 -18 60 -308 -161 266 330 -168 -224 180 32 63 410 47 287 -460 -388 328 265 15 -158 -179 153 -265 661 -119 -495 -54 334 2 -317 -214 397 160 -1 -190 -355 -53 -76 -179 126 98 -146 145 -281 -122 304 35 -79 161 211 332 262 -5 204 -33 296 -245 -7 -316 168 319 418 -48 308 -60 -31 -520 -337 0 41 397 -175 -69 35 258 -140 -198 587 -92 35 29 -290 -140 295 32 -151 -315 253 -665 96 -16 -428 -136 -51 -91 -25 -178 232 -566 215 -37 517 370 47 -559 81 -30 235 25 -91 92 -37 -123 430 -198 118 -89 -322 81 7 253 -33 681 274 350 -394 -230 -161 -279 373 274 297 120 130 -298 171 7 229 -117 -81 69 -186 -65 -171 -63 -127 65 24 273 386 -20 114 136 -94 -319 -457 142 -8 100 465 -118 -120 -63 -229 437 -292 -33 611 71 128 -2 324 128 -113 -176 -536 237 240 -43 -25 -144 -124 -206 490 -502 143 80 134 -32 -342 74 -138 287 -104 -175 301 349 144 100 516 -111 -470 90 -342 -213 249 -259 -233 -121 -149 207 110 412 204 1583863281
-42 190 221 -304 598 187 83 -145 -41 -152 -778 383 -283 687 -548 114 -778 239 21 431 -110 -55 -331 55 54 -46 -467 414 -24 -149 235 17 171 180 138 420 222 259 -666 -325 -9 41 42 81 803 -184 -315 -62 -51 117 -68 173 130 -105 186 -62 -42 517 -136 557 497 125 -670 -325 126 -724 -553 -205 -569 4 379 175 124 -91 306 66 83 -247 -211 313 -201 -32 226 412 -225 -160 -160 -123 -203 229 196 17 -215 -263 -318 144 -428 309 -24 -54 244 -188 152 179 -250 -499 -192 23 -173 -289 385 -170 -275 360 289 208 306 -43 98 -55 118 402 -27 214 -97 236 -221 137 -422 49 80 -33 -45 292 358 478 -198 110 -62 187 -201 206 33 127 -53 -358 -643 -216 -219 -10 76 3 -238 -265 -438 549 549 59 250 -11 -378 -224 -191 68 306 161 301 198 -147 61 -122 208 -157 -73 133 -101 48 -230 155 5 -44 -208 99 77 123 382 -124 -24 171 376 -126 212 64 621 -528 77 462 59 353 179 184 -48 691 -329 2 -265 -486 -9 -50 -272 -211 -326 448 135 359 275 224 142 501 -469 -430 -486 -86 -116 282 -240 366 256 -700 -15 -5 -337 -80 101 185 -294 -212 -274 396 77 227 31 404 -108 -319 98 -168 94 -114 -206 438 43 -452 -276 -115 -70 21 352 -460 329 407 -499 -384 -172 -9 220 199 -397 446 -284 225 -365 -533 159 304 27 -273 31 17 103 289 161 303 -164 -17 -37 393 40 -103 186 251 292 -122 476 79 -89 290 -720 601 509 -58 57 -504 -21 -363 122 -1 -358 213 318 -354 -46 -171 607 -356 171 -359 -446 232 38 -216 -155 -270 10 120 717 -140 -54 152 -369 134 39 30 -3 199 521 -252 325 217 241 257 -225 -52 -510 -155 0 -81 41 -275 -374 -549 89 -220 -164 97 422 -191 159 288 -76 75 -200 -36 25 172 39 42 446 -130 -244 294 454 -168 320 131 -139 563 702 -31 -64 359 -32 -99 23 35 180 -450 106 -322 -137 -97 216 327 139 274 -125 -398 -280 -419 43 59 -176 104 352 140 311 85 -50 -15 175 -226 146 -64 -168 -38 -446 175 263 159 15 -49 189 -41 54 -148 475 1583863281
