-16088328 -15508706 21970673 5101540 -5514392 -7556500 -2055465 -142433 119252 -126873 -43552 -27728 -3757 -4103 -9379 -2000 -10220 -3152 -966 -433 -267 -194 75 -200 -2 -25 -6 -6 1 0 0 1 0 0 0 0 0 0 -2 0 0 0 0 1 0 0 1 -1 0 0 0 0 0 0 0 0 0 0 0 0 1583838658
-16089796 -15507690 21968051 5121872 -4986571 -7547398 -2106492 -142477 120540 -126992 -43599 -29777 -3707 9892 -10896 -3575 -10342 -2981 -958 -622 -275 -117 78 -260 -2 -25 -7 -4 1 0 0 1 0 0 0 0 0 0 -1 -1 0 0 0 1 0 0 0 0 0 0 0 0 0 0 0 0 0 0 0 0 1583838658
-16042547 -15466149 21860014 5459735 5189319 -7369013 -3014303 -143220 83958 -129006 -44385 -27492 -2719 274938 -10409 -3225 -12864 -2417 -933 -907 -422 -43 1188 -277 -2 -22 14 -6 2 0 0 1 9 0 -9 1 0 -1 2 -2 0 0 -1 -2 2 0 1 0 0 0 0 0 0 0 0 0 0 0 0 0 1583838658
-16090169 -15507104 21962484 5215400 -2261665 -7501300 -2333165 -142626 120446 -127497 -43787 -28980 -3449 80890 -10150 -3219 -11008 -2548 -930 -1065 -314 -165 1064 -284 -1 -25 7 -5 2 1 0 2 4 0 -2 -1 0 -2 1 -1 0 0 2 0 0 0 1 0 0 0 0 0 0 0 0 0 0 0 0 0 1583838658
-16062175 -15490956 21933815 5035876 -7783417 -7578237 -1830135 -142375 98713 -126363 -43360 2610 -3941 -63460 11279 21196 -9808 -6650 -1151 3724 -229 -620 128 -63 -4 -21 -14 -6 2 0 0 2 6 0 1 0 0 0 0 -1 0 0 0 2 0 0 -1 0 0 0 0 0 0 0 0 0 0 -1 0 0 1583838658
-15885082 -15353543 21616380 5223577 -797476 -7440551 -2466267 -143146 -35321 -127667 -43917 14654 -3266 112658 73512 24253 -11416 37474 1733 -52814 -332 2301 104 -57 4 -34 -13 -19 -8 -15 0 -4 0 1 2 0 0 0 0 0 0 1 0 0 0 0 0 0 0 1 1 -1 0 0 0 1 0 0 0 0 1583838658
-16090855 -15474124 21830868 6627517 37869110 -6806681 -5993757 -145459 117412 -135878 -47106 -19159 413 1103893 -10739 -1854 -20830 -1730 -936 -468 -885 148 -631 16 0 -6 -12 -3 3 3 0 -2 3 -3 2 6 0 -1 1 4 1 0 0 2 2 1 4 -5 3 2 1 1 0 0 1 1 0 0 1 2 1583838658
-16057224 -15483535 21917238 5061183 -7238993 -7562176 -1886610 -142463 96247 -126506 -43423 11194 -3874 -49699 17584 25930 -9937 -5672 -1077 2351 -233 -1215 117 1138 -9 -10 -20 -7 1 -1 0 1 15 0 -5 3 0 2 -1 0 0 0 4 9 1 -2 -3 -1 0 0 0 0 2 0 -1 1 0 0 0 0 1583838658
-16088209 -15490649 21899960 5844135 15575954 -7191171 -3964781 -143903 117323 -131233 -45264 -22213 -1719 538712 -7958 585 -15439 -3009 -984 237 -568 -196 -97 548 -4 -18 -7 -6 2 0 0 1 9 0 -3 -1 1 0 -7 -4 0 0 -1 6 -4 0 -1 -1 1 2 -1 1 -1 0 1 1 0 0 0 -1 1583838658
-16064593 -15282806 21510702 5479351 -4078314 -7399087 -2169344 -143221 120517 -127486 -43744 -29645 -3628 32692 -10886 -3537 -10587 -2980 643 -556 -284 -109 50 -48 -3 30 -16 108 -21 -3 0 1 0 0 1 -1 1 0 0 -1 0 0 0 0 -1 0 0 0 0 0 1 0 0 0 0 0 0 0 0 0 1583838658
-198 -265 134 596 410 146 265 -288 -327 -392 -43 95 -80 419 80 673 303 240 -40 56 192 -258 4 122 -614 276 801 19 367 -58 -370 183 237 -93 203 130 394 207 425 -291 -47 -448 179 358 -30 -118 -53 97 -517 -351 118 -253 -266 499 -330 -286 218 442 -371 -66 308 -291 -552 347 78 146 19 341 394 385 28 233 -239 387 291 -33 107 40 -161 7 189 190 -379 31 -36 532 153 -268 283 -29 84 -77 473 -134 -26 334 -331 10 -216 -101 -80 93 46 39 -325 167 -102 -39 58 -174 -62 -18 381 8 -417 212 -210 -45 71 -231 -6 555 -82 -296 166 719 -149 -457 314 126 110 288 123 -31 434 366 101 80 301 485 60 -86 -617 173 354 -50 37 -592 -80 301 -80 280 519 -148 383 139 -242 602 167 -189 204 194 -416 795 -89 258 431 -82 -250 214 -414 239 -686 -411 -67 284 -177 340 -86 -202 299 -419 186 56 -191 -31 -72 95 -170 146 43 -732 -152 -133 -429 433 -85 343 -363 -19 486 -422 -485 -436 -52 -61 -89 620 478 -178 -253 96 72 -282 -133 -435 129 -81 327 130 -549 770 -41 -300 -471 248 -85 -45 -474 -125 245 -142 22 334 -1 120 80 -255 -18 435 208 66 -102 318 467 -149 -173 221 460 368 -296 353 -34 68 -20 342 -86 -94 -107 573 23 191 -48 -66 -37 96 196 -295 -165 28 -246 244 -114 58 -155 158 898 -35 -54 -553 0 241 237 -82 283 90 267 218 110 142 -215 329 -23 297 -25 3 252 -321 -183 122 56 -169 -106 112 -121 328 -177 145 285 406 -283 -376 213 357 29 -246 -76 -98 -53 -473 436 295 222 -45 -204 -89 54 -16 -236 129 -419 263 -308 -343 -199 -217 650 92 167 -95 435 101 107 251 -96 35 149 481 -32 -289 -231 70 -148 102 62 -418 98 185 81 7 -219 273 -101 -304 -67 32 55 -190 223 115 35 151 -41 -439 0 -348 182 -185 250 71 70 138 -258 -24 141 -8 287 -195 131 46 -46 309 -337 -196 -274 -834 -82 32 -336 2 112 -271 -355 465 58 232 -47 -64 249 125 -113 349 366 -257 144 -203 212 -122 158 -94 -509 -659 698 163 -64 94 1583863281
34 47 476 306 -144 -73 -171 278 -425 -206 209 195 265 207 58 32 -59 -408 228 350 969 380 369 -246 -135 -323 -22 -279 118 -5 -137 -362 -419 70 -95 340 312 336 293 213 -25 -284 200 186 -216 408 481 107 -59 -226 -317 -257 -253 -180 235 617 34 -154 -135 -17 528 -240 -425 -189 491 -391 367 137 -270 -53 239 -144 205 118 194 311 301 111 52 96 321 335 113 -157 -167 -3 52 441 536 75 123 448 -569 -575 259 88 -89 -19 -756 412 -48 -486 122 -642 45 142 118 -258 385 -29 485 254 113 432 -393 -115 46 361 -202 139 -409 -38 -476 479 -335 -220 -319 -373 0 -599 213 187 0 128 -136 -477 -341 -119 533 54 173 -295 403 -552 -421 372 -61 13 -52 -36 517 197 -171 259 -310 -533 522 301 -264 953 -205 69 469 -111 9 409 128 117 -219 -319 213 -184 169 23 -93 629 -148 -166 68 -227 190 83 153 -779 157 -302 310 -163 240 -100 470 258 412 -407 168 296 -141 -50 27 103 -103 68 226 151 0 171 -188 348 -28 -641 376 -61 4 384 192 -376 -170 51 207 -480 343 315 148 32 142 -445 -238 -138 29 17 38 117 179 -49 140 348 147 266 -8 171 138 -301 -241 -341 -559 -256 -60 214 218 -501 424 -181 22 -560 638 381 -316 130 111 -223 87 109 -474 -595 -1 152 523 -367 -409 -131 -5 -112 -134 272 63 -261 80 -335 -142 -134 -285 215 -306 83 359 12 -348 -1 -135 337 422 10 -25 -116 -138 -458 132 -96 33 146 -259 -189 -4 -145 323 -14 -82 -93 -79 -590 -608 51 -497 -5 -53 182 558 0 121 -131 -81 416 97 -24 382 -70 782 66 178 -42 264 317 -151 89 -270 192 -413 -89 435 410 -581 149 31 643 -13 70 -73 781 -449 -13 -289 23 -228 -29 -48 178 -322 225 -53 -50 -311 131 -413 275 287 -189 206 17 250 256 89 -107 -319 0 -229 334 84 -32 -418 245 -97 -258 -567 112 176 -395 30 7 229 -68 185 104 -307 418 -127 109 -301 -332 -68 81 241 -169 -391 -574 -93 253 -608 208 4 132 -61 39 103 -552 -9 258 10 17 408 -103 -125 71 236 218 -144 -227 1583863281
204 -17 52 758 79 341 69 -746 -155 67 -299 149 -327 -14 -848 -359 534 -94 -210 -425 -279 -104 -134 -377 -270 -311 -51 187 33 251 391 -14 -80 -54 -7 -230 -36 256 -734 2 -302 125 -261 556 187 193 -453 -10 45 85 -282 110 -114 -355 103 31 -109 20 -224 -132 -397 -68 69 207 -199 601 171 -96 -416 -34 61 220 244 170 -641 373 1039 -448 6 59 215 -110 -200 -282 -92 294 160 39 -140 238 378 -394 -327 272 -6 359 37 93 91 337 342 660 112 -22 -251 -254 411 37 217 -826 -105 504 -261 23 401 42 595 -117 23 -313 387 -387 123 -272 -141 156 257 -304 -72 -158 -409 -508 435 -86 442 636 -119 321 40 117 -226 71 -412 423 -230 -141 369 261 121 622 404 65 193 148 -213 -680 -366 -97 245 -330 203 -112 -335 -55 -108 -268 134 78 -285 -103 -181 237 351 355 921 -27 429 136 -138 195 161 -145 -344 -57 -64 -665 -102 -175 -219 -2 -261 6 460 -124 -318 -209 -651 -67 35 155 304 410 230 -274 -156 36 -30 101 162 138 175 182 101 212 -487 151 358 236 103 -44 61 -531 87 169 53 -31 -109 -167 -290 101 -189 -157 -326 -116 -48 339 528 -23 193 503 83 482 480 -40 -201 -177 -32 -257 124 172 -678 -27 -68 -179 232 -382 -163 -21 -356 16 124 -439 -82 184 -95 -45 164 81 -84 -396 18 337 -88 242 -306 19 119 475 -78 -139 70 474 188 391 13 -157 554 132 -467 -138 -200 -120 -129 639 -221 -46 -195 -8 -74 -30 449 -149 481 -392 -239 -161 266 72 -71 301 41 58 305 -44 -52 -18 -241 62 523 -96 -116 -67 137 -6 75 7 -576 322 -5 -157 227 -406 -106 -72 93 189 38 -216 -221 -18 -660 89 264 347 90 -95 210 -8 127 43 86 405 695 -111 261 -147 -54 -146 79 313 -171 50 168 57 -354 -4 169 181 253 166 -292 -261 70 -58 14 230 352 87 -57 -92 -283 -433 -60 46 28 157 -69 -179 -254 -489 -63 98 -258 -136 -256 -54 -73 456 -207 -90 -47 133 -18 389 -293 -200 558 -287 -219 182 378 -273 58 -45 98 74 -11 -184 118 174 -141 34 -14 -56 455 33 1583863281
-147 -263 -5 -13 -657 165 -119 -344 106 345 -897 -26 373 -97 -55 48 126 150 712 -468 -8 -584 -149 65 356 128 241 523 -558 -133 -385 348 -29 -237 91 -466 309 554 -24 111 271 -337 311 692 -379 290 -93 263 181 -319 62 -488 527 -23 168 -108 607 62 428 356 -122 62 -640 -154 352 -169 214 -827 -39 159 400 -424 28 -163 333 -402 373 192 124 143 233 258 275 -56 -254 -85 -140 64 -110 250 -76 -203 153 450 410 -41 -584 -474 426 -216 55 180 64 -152 -742 355 -133 -93 179 -22 -168 10 -170 -573 364 -373 -407 -151 -79 -105 -40 -294 -173 -112 117 75 -466 627 606 379 -217 -358 -394 -115 -74 115 227 115 -83 -389 483 -17 537 -10 -454 403 -129 -275 -70 459 181 -170 148 426 201 208 206 -178 11 -298 -686 416 -19 287 -11 -422 80 432 -273 329 -247 -253 -621 41 310 -203 -551 -353 -395 -549 565 -182 44 136 -10 -182 178 -744 569 -273 -156 -109 384 -504 447 -296 186 175 -127 246 118 40 150 -145 -337 26 -48 49 -300 -175 -380 170 139 161 48 -40 -205 -243 243 -1 -517 -333 101 380 204 76 138 -24 403 135 271 210 -295 -65 -126 107 131 352 34 -3 -243 -64 203 85 540 60 327 -137 -171 372 -389 -262 -383 21 70 186 93 -31 354 -228 103 -105 79 -22 424 288 -96 62 -39 -185 0 -178 -109 82 548 135 406 -9 -49 415 276 -15 170 -70 63 416 -50 151 225 -44 846 -185 72 -118 -93 -414 -119 267 -74 251 -361 31 427 347 73 -122 -370 -94 -8 -237 15 -85 154 68 -55 27 351 74 125 37 341 -187 -171 -163 155 3 122 -185 -119 117 -8 -15 -316 124 180 254 -274 -24 54 -319 198 35 206 308 359 104 -101 369 -253 -6 -269 -164 -327 -190 -488 -112 423 413 204 -22 204 9 79 -101 258 -210 217 15 135 68 373 -233 -213 375 -113 -133 -345 -356 316 -304 -123 148 350 101 -189 480 -66 40 -56 398 -236 306 -102 52 282 -304 19 71 -148 -129 85 259 24 -369 73 77 27 -483 294 415 214 -190 -21 -325 128 -177 45 -313 199 109 272 108 -221 -202 195 -104 1583863281
362 -281 -136 188 40 -334 573 -244 53 704 -541 226 -226 522 -353 -180 251 -614 -203 -295 -34 -213 22 218 -421 -37 -244 722 536 -466 36 -309 -254 195 217 431 265 109 99 261 62 -46 -586 130 384 -402 -166 20 243 -87 222 130 -286 36 -55 153 -91 -422 -33 647 291 -145 -278 34 134 -221 -759 97 -136 257 66 -12 211 143 193 -143 150 116 -322 24 -99 575 240 113 -62 219 -675 52 -36 -99 -37 -116 -82 -113 12 -263 237 -228 287 641 628 -193 406 89 25 315 368 339 541 -195 -334 -311 278 271 -89 -664 -72 -481 -25 -601 -99 418 500 -365 -86 -414 24 758 -88 -227 -193 -455 156 -501 -126 124 -561 343 -327 309 249 36 -322 -220 -169 303 -265 -297 -219 112 -155 155 8 -32 40 275 24 254 -100 146 -16 -455 -288 -230 150 -204 -107 -222 221 153 180 93 648 254 29 -174 113 -213 368 -248 95 -190 -217 188 -315 238 -357 -80 -44 36 446 146 60 196 45 100 -116 -356 -114 87 359 -684 89 619 -493 88 207 -130 70 189 15 -44 -124 -295 281 -53 -141 -106 92 284 -211 -238 465 -173 568 -76 -44 -364 -108 -221 -5 84 186 -186 55 -251 -507 -94 344 402 488 -81 -416 58 -177 36 304 30 121 -171 125 414 -151 505 -14 317 632 601 445 8 -78 54 238 -145 17 -160 275 227 -182 -333 46 -71 295 119 -230 -357 47 -288 -247 255 128 190 -37 -460 -622 50 158 -326 282 528 874 233 29 199 -569 442 476 -33 23 -133 -306 474 -259 -331 -284 468 -305 1 -749 -683 -2 -225 74 -137 -314 -366 -100 -203 191 171 -248 -5 -418 394 199 -39 -46 201 -253 50 451 -599 -317 89 55 -351 -128 206 -795 -370 51 548 -113 24 239 34 -223 139 19 129 -89 627 -438 -467 -317 -198 -6 -145 -247 -374 149 -154 94 263 -341 514 337 -404 -104 103 152 -102 -166 -105 296 -72 -367 462 -22 506 -87 136 161 -181 179 -187 -128 86 304 -175 -57 70 586 -226 -345 -323 317 119 380 133 152 120 6 -395 226 -86 -108 141 -131 5 100 -157 154 -338 -28 -130 -564 2 -491 -475 225 -187 266 36 -32 -258 1583863281
58 -125 -240 205 59 -321 127 145 226 545 231 140 207 216 -81 -306 -126 21 -579 -195 -189 226 -158 -10 -210 -3 88 263 -164 -517 -329 371 369 225 15 232 356 445 -202 -66 -259 -753 -473 242 227 170 -222 -500 204 -903 -578 34 23 -436 -136 -103 499 99 881 37 41 -127 -146 265 -74 156 -22 -26 622 -283 16 -123 245 -292 -155 267 213 -219 -279 -472 400 -215 -37 -243 103 342 396 -714 46 233 -790 -71 317 2 300 -21 -366 182 -28 43 63 -313 -256 -195 -79 -216 -136 -237 392 90 477 -162 -193 48 -345 397 504 231 -166 -121 238 -582 -578 -285 387 -158 -16 104 149 88 -237 23 175 -435 -283 51 -80 -131 -378 222 293 -124 107 -378 38 92 -317 186 1010 -668 579 244 -64 -205 -477 -219 -164 374 -15 -336 144 752 -214 38 -30 481 -228 -60 -11 -363 -14 -41 258 373 257 -12 314 56 99 28 55 -14 12 281 169 668 341 -57 -105 96 65 245 615 178 5 55 92 343 595 -180 -17 266 332 -378 -197 -84 76 57 -8 -121 -437 16 264 -159 319 46 65 -273 -69 142 -125 -181 324 163 -94 491 -156 -276 -405 44 -64 52 -445 72 -13 -274 98 -160 -133 106 -119 91 -217 451 -648 -90 -54 118 190 -111 -422 -105 61 -40 178 121 41 668 -406 36 -142 -54 203 148 211 -65 249 -357 140 274 -360 -378 171 -48 335 -369 -87 34 33 -626 171 425 232 32 -267 469 -49 -183 332 462 422 -530 -641 190 -154 -257 -361 -60 -374 -3 -81 368 -783 657 -178 594 -144 122 41 -72 -252 -173 92 5 -53 -21 -30 182 77 146 -263 -29 -81 12 -567 42 103 -149 54 19 350 167 497 -49 638 -133 147 -159 -146 -236 -95 320 -78 -98 120 52 -448 -126 -150 -127 -403 249 0 -208 316 -131 -134 189 -23 -136 -201 550 129 -83 380 97 -64 121 -108 6 -221 -373 -131 -160 272 110 350 111 -45 -116 92 247 162 495 21 36 329 -321 -347 279 485 -94 -257 -324 -526 -140 426 -299 110 -65 465 113 4 -244 333 -501 -263 92 -46 -267 30 -440 -35 244 10 -81 -74 -184 -249 249 162 45 -352 -91 187 -234 1583863281
417 164 -538 -298 -227 -379 647 79 144 58 561 -91 264 -249 -245 -207 68 232 223 -122 -11 572 70 -380 -89 -364 321 389 224 -411 174 15 266 10 -81 -194 45 -367 -257 66 -100 531 619 23 280 -477 0 53 710 448 55 -397 -183 -132 62 101 -83 -396 -207 146 127 -247 33 317 318 -38 285 244 735 -100 617 185 294 -428 -52 -95 -307 341 223 32 131 -284 836 -92 -231 58 -313 -219 61 -181 -87 -186 222 225 217 35 -574 324 -218 64 -267 -834 -197 6 -71 505 402 18 370 -10 275 207 133 -81 -214 -273 -12 -232 337 568 94 420 -132 -26 -261 -568 211 -257 36 -112 205 16 -228 43 218 -217 113 479 384 -70 477 223 319 -134 -25 -289 394 587 -249 367 190 272 206 110 188 -414 -31 -35 28 -268 75 116 456 71 123 -159 -171 -208 -318 61 176 -43 40 480 93 357 500 -53 64 -261 157 132 26 492 -154 -273 130 6 98 281 496 38 -444 -523 -92 41 -112 185 -68 -392 -362 -493 -146 -115 121 146 -74 463 -73 -275 358 -40 49 347 429 75 664 -101 152 274 -687 220 14 -229 322 286 86 437 -139 481 -35 -191 118 349 -535 -639 -153 201 342 -433 284 -66 -236 145 -177 -131 -99 421 -277 -259 -38 -114 342 -112 190 443 96 292 -140 251 286 -118 -221 170 257 -189 -10 8 70 -284 -419 -456 446 72 -14 -195 605 207 -186 548 -130 -47 139 -513 -73 -227 -101 17 0 -277 -262 353 258 179 144 232 -311 180 188 76 -361 -401 -192 898 201 216 251 -237 -31 391 -151 -335 -77 57 271 -93 332 -54 -170 176 -165 299 -113 -14 151 -122 -273 38 -435 257 65 -16 -390 107 -117 233 87 186 381 266 -30 -32 207 25 -182 -317 398 -34 -133 -87 -580 352 209 -243 152 -52 109 210 60 -75 -78 -396 -291 -168 316 154 50 -147 -167 119 -346 394 -178 87 222 381 -371 -52 452 477 -420 -410 18 146 -217 222 413 -175 -169 -166 34 36 -22 225 282 -232 -58 508 73 -252 -40 -372 57 -32 36 -107 156 -51 -192 428 37 -211 -4 422 -219 -178 27 -140 -198 65 -178 26 379 4 -143 -98 1583863281
155 205 -264 309 687 772 -315 556 93 -168 -10 300 -63 -244 254 -350 603 -57 -400 632 -278 -117 -101 -470 536 413 -647 310 124 -113 -293 154 116 -73 -211 -134 -158 427 -500 45 0 -140 277 -598 -176 -733 308 -390 -80 -42 128 499 325 -160 -188 -121 -424 205 551 -540 -613 273 -532 -196 79 -67 -308 332 -264 152 -390 272 -59 -426 454 -179 186 525 -291 -153 10 324 -28 55 214 42 52 512 290 -621 -426 -142 205 -70 -43 222 267 44 160 -382 120 35 -345 295 -139 -279 -157 -36 -482 519 -66 267 454 -246 -85 224 -298 210 467 -548 -65 -388 381 142 -224 578 192 656 31 -448 0 169 584 -256 -123 244 17 -1 497 3 199 -209 -31 -210 244 -42 -175 -292 -171 -243 44 -518 -21 503 -83 335 -252 -336 -369 88 -83 361 425 -208 209 512 -85 371 251 108 -152 80 -45 339 -58 -53 336 14 41 257 136 100 -138 193 -108 -190 319 -89 560 573 -58 -148 130 148 67 826 99 -86 -254 185 608 -585 -133 147 -343 -56 -143 -32 -207 48 184 -123 -405 -128 216 112 -30 109 -551 -86 -467 430 301 30 49 -880 52 55 39 107 114 -388 -309 -510 208 325 43 7 262 -463 52 25 -315 -72 -36 -313 -335 -218 18 248 202 155 -126 -67 -276 -108 0 -110 -133 -45 187 -133 -149 -118 -249 37 -33 92 -34 -257 168 119 63 -185 -176 -76 378 -174 223 51 -343 -175 119 -300 -25 -22 405 256 312 69 31 163 53 -38 -262 528 147 196 20 -69 237 -114 -12 365 557 -148 357 -184 221 118 -15 262 150 3 -773 0 81 -24 351 344 127 171 -238 14 327 84 294 435 -19 308 265 177 -24 311 41 -156 -383 151 58 88 56 233 -183 -707 143 116 -261 -155 -317 -625 -377 -90 -236 -236 -133 65 -15 -390 136 -213 -337 -230 -177 130 -87 -30 24 -522 12 112 -6 -179 -303 129 -653 -6 -15 5 -118 225 -63 -78 -341 -43 -319 200 -358 24 -157 -406 -115 281 -146 0 -5 33 -29 -151 -165 199 6 -435 -173 -410 546 -95 57 -496 358 -69 319 -96 -312 -120 322 324 -166 285 -319 -414 112 58 -392 -73 209 105 1583863281
-480 -244 238 -440 -44 -350 209 -437 227 -395 -34 -132 213 361 -214 236 37 -227 -116 722 -125 -21 747 187 238 195 -23 544 28 642 -44 -5 -15 -253 -211 350 238 527 196 -510 615 280 -130 -916 117 0 11 113 -167 531 319 332 -506 386 442 252 -108 -31 24 490 639 -235 -114 372 45 -365 166 -114 99 28 49 -635 63 26 634 306 -277 99 611 -415 90 471 170 210 227 -216 84 -327 346 56 243 -275 -255 368 -344 146 -394 -323 -104 70 189 409 56 19 -312 -199 -416 -177 167 -284 -294 75 -341 337 438 -64 -201 231 -69 -141 313 0 21 -102 734 290 183 -94 467 418 -110 300 -313 -56 199 -557 -16 82 -597 45 -191 -189 -390 39 261 -510 734 84 -381 -392 3 4 -152 276 277 288 -303 234 -118 -86 417 34 -329 112 126 -173 45 69 174 -456 -466 269 -278 -197 145 -50 -456 -85 -189 232 366 -454 227 -127 34 -129 435 -141 -80 -374 25 359 -139 -438 -401 -270 159 -228 865 -197 132 159 368 70 -148 105 -377 276 -251 -171 -6 -165 47 -169 125 -267 356 385 278 -249 69 44 -87 -91 -105 -179 249 199 55 305 477 -99 253 11 -257 -43 -170 232 246 84 -472 234 55 64 -292 -83 97 117 -198 -67 -412 90 89 368 209 -218 -449 425 579 94 -24 -460 76 324 -67 459 -201 249 172 173 71 -239 502 -257 131 85 69 -101 -468 319 -476 383 -183 -35 23 -239 -490 -108 -280 32 -234 100 324 162 -81 -42 -84 -222 192 -439 -457 101 -542 -150 -69 118 -246 -146 111 553 -198 521 198 173 -47 277 116 -202 309 -139 -19 370 104 148 375 228 -172 174 193 14 145 873 70 -726 57 346 118 241 -162 155 -233 -175 108 -45 -276 -226 -417 -588 -491 267 -285 -42 81 -287 48 115 88 -55 129 354 149 265 69 -263 253 -25 330 -130 115 376 103 -87 225 -40 434 393 609 411 354 105 83 -264 164 -69 0 198 -192 -292 240 224 342 120 122 -280 -198 -359 -144 169 -381 220 -372 -174 -140 41 26 451 -47 10 41 -266 -129 508 62 172 284 161 163 36 197 192 139 -253 -140 -103 -277 -364 1583863281
353 21 -197 163 -123 60 -137 245 -277 295 366 -669 -416 -295 -113 -1219 -355 86 465 -559 -294 193 51 511 80 -129 175 220 -155 53 125 -289 -244 -307 270 -297 -300 65 345 -103 577 80 -177 510 -905 -316 -8 341 79 -410 -622 -193 165 -206 -158 -16 -51 235 -453 465 445 312 -329 293 -238 -201 -69 -132 189 -144 590 306 -457 -232 794 -348 -375 -277 170 -218 183 -281 -12 -214 30 -101 -412 248 62 -154 42 338 186 -104 725 -136 171 -517 -634 -371 -109 278 -220 266 288 73 144 -156 -399 -242 -137 -121 78 34 26 241 13 -231 0 29 40 -288 -199 -207 -122 14 -148 -291 220 -181 -88 -252 -490 304 21 -253 103 73 -161 -11 -154 243 124 -204 229 -189 -113 -122 -17 162 154 -171 99 83 468 57 11 -43 -17 21 -240 -430 -235 -176 -322 264 -619 -12 -569 -676 317 40 10 -360 -96 102 257 16 -157 429 -98 333 354 -288 -440 -357 -282 388 -124 -162 -7 -28 -112 -387 -78 40 84 8 578 -25 -393 686 -85 -4 -372 247 -76 232 -42 261 -156 -444 -384 -111 -292 337 65 -62 69 -158 33 -43 243 261 141 330 49 826 38 0 -507 184 509 192 225 -106 296 380 -355 222 -223 -165 372 -108 447 327 -427 -10 -318 -219 -4 344 -245 -115 -590 602 -181 168 -242 417 141 -71 -326 531 327 -182 -210 182 -235 -239 397 165 95 52 297 -493 68 -345 261 66 -97 261 149 -585 420 -181 107 484 100 -302 -414 65 -39 51 -30 -102 71 131 -520 -32 112 45 -158 -386 -301 -129 -248 317 -97 -54 545 -126 -234 -36 645 -428 -437 -92 7 -141 -459 300 10 47 182 -123 -157 377 -334 -332 -599 -59 -459 -644 -36 -345 -56 519 -398 -126 -353 28 -212 -348 197 -20 -330 -84 -57 105 121 103 -469 -213 -89 -287 75 -159 -209 -68 389 398 -112 -57 -140 71 -9 -194 -120 236 146 -282 6 103 -96 116 -82 149 147 185 259 -147 -94 223 77 360 -130 130 49 -397 335 -82 -203 265 -356 -307 196 24 -542 -81 -2 65 -127 -223 127 55 145 187 -130 -23 75 120 -48 47 381 157 62 -213 144 -291 162 153 4 -112 84 -102 1583863281
