-14961139 -5494522 1669563 19666951 -5484075 -1624108 -2243261 -243780 150093 25947421 -21083 -19284 -2311 -6689 -7158 -2372 -6122 -1893 -528 -339 -39799 -87 55 -400 0 -20 -65 -5 1 0 0 1 0 0 0 0 0 0 -1 -1 0 0 -1 0 0 0 0 0 0 0 0 0 0 0 0 0 0 0 0 0 1583838658
-15033595 -6121964 2924204 19123001 5355128 -1813637 -3307021 -238250 147893 24292848 -23518 -18267 -1306 277100 -7308 -1996 -8941 -1637 -542 -296 -40641 -22 -79 -401 0 -17 -56 -4 1 0 0 1 1 0 -1 1 0 0 0 -1 0 0 -1 0 1 0 0 0 0 2 0 1 -1 0 0 1 0 0 0 -1 1583838658
-16089876 -15509597 21973265 5090461 -5828940 -7562683 -2022867 -142400 120565 -126797 -42914 -29910 -3793 -12491 -10903 -3610 -10138 -3006 -958 -626 -263 -122 77 -276 -2 -25 -2 -4 1 0 0 1 1 0 0 -2 0 0 -1 0 0 0 1 0 0 0 1 0 0 0 0 0 0 0 0 0 0 0 0 0 1583838658
-16091856 -15488255 21886266 6048845 21439278 -7091976 -4498777 -144300 119740 -132422 -45733 -25700 -1147 693577 -10667 -2474 -16925 -2205 -946 -486 14 45 59 -442 1 -19 39 -3 1 0 0 2 16 0 -15 -7 0 0 -7 -6 -1 0 0 -6 0 0 1 0 -1 -1 1 0 0 0 0 0 0 0 0 0 1583838658
-16089695 -15504691 21959609 5176160 -3519071 -7520989 -2217648 -142555 120496 -126917 -43686 -29553 -3575 47238 -10882 -3514 -10779 -2953 -976 -629 7698 -107 74 -294 -2 -25 -6 -4 1 0 0 1 0 0 0 0 0 0 -1 -1 0 0 0 0 0 0 0 0 0 0 0 0 0 0 0 0 0 0 0 0 1583838658
-15492777 -10212279 11234298 12789997 -5722046 -4425436 -2095590 -178247 124271 -150423 14279920 -22924 -3025 -32375 -8549 -2865 -7912 -2380 -751 -494 -195 -101 102 -285 -1 -23 -7 -9 2 0 0 1 0 0 0 -2 0 0 0 -1 0 0 1 0 0 0 0 0 0 0 0 0 0 0 0 0 0 0 0 0 1583838658
-15012533 -5951312 2596502 18983213 -6054651 -1904325 -2158698 -238966 148687 24690259 -22097 -19886 -2448 -21669 -7353 -2459 -6610 -2111 -739 -500 41496 -83 107 -545 0 -19 -58 -6 1 0 0 1 -1 0 0 -2 0 0 0 0 0 0 0 -1 0 0 0 0 0 0 0 0 0 0 0 0 0 0 0 0 1583838658
-16089621 -15509496 21975484 5039160 -7341876 -7588044 -1879433 -142293 120611 -126470 -41687 -30143 -3942 -51751 -10915 -3673 -9750 -3052 -960 -634 -239 -132 224 670 -7 -24 5 -3 1 0 0 3 43 0 -3 7 1 0 -7 0 0 0 -3 9 10 0 -5 -3 2 1 0 0 6 -1 -2 0 0 -7 -1 3 1583838658
-240 20 162 -214 124 445 -48 -137 -1072 -417 -168 -271 510 -234 -674 5 -98 815 -326 -361 65 -429 -567 -70 147 30 -194 136 100 -190 -229 150 339 -271 -373 293 320 98 289 -126 -439 -221 -583 -569 565 220 15 90 123 -35 -121 527 -202 47 210 -226 118 -336 92 -373 -262 216 -888 275 99 259 -435 -210 -28 -69 -45 -438 -302 -241 -626 -323 -22 -53 -60 267 -226 -28 685 -310 290 -32 -71 -327 431 275 144 131 -191 -68 62 -154 66 266 -348 189 267 80 300 -477 47 179 -119 -253 -190 -142 -306 -54 -144 -375 -25 -181 297 11 273 244 -95 46 112 -2 -352 -172 5 -32 529 -68 -115 106 13 -501 -250 -334 96 -382 0 173 -135 73 -911 -167 688 481 547 186 165 -27 -22 -62 -146 155 49 -215 -544 -296 166 -202 11 405 -134 304 9 385 283 17 -173 -598 -391 -367 127 38 369 -216 -261 -625 932 148 185 455 342 447 110 217 -159 -144 -472 111 -204 10 159 -29 431 368 -597 311 233 -129 289 351 -84 169 529 250 -202 274 27 -97 -10 -218 47 48 110 291 315 312 541 -18 -233 -70 -105 232 -156 89 372 -95 -132 -221 -404 -132 76 -118 110 -191 222 -209 -28 -465 112 279 113 -193 58 129 158 135 -243 349 -192 -416 -12 268 103 -113 123 -135 126 148 -131 36 -160 153 90 -30 -59 206 -351 10 236 127 211 96 150 -191 263 313 -120 459 -4 357 146 67 204 132 40 189 -21 98 -95 -439 -318 287 -24 153 134 -182 -9 404 -683 520 -46 271 400 -98 -18 -305 -756 221 227 -93 -334 -410 361 -152 -32 -217 365 21 149 268 -196 -87 55 -20 -158 287 -249 -281 281 -158 196 -204 25 -127 -14 -40 -8 -411 98 -118 133 229 3 -13 -515 -247 413 -102 -66 95 -416 326 146 -272 -32 -92 167 62 395 400 88 319 289 -64 -236 -401 -347 -92 -139 213 795 130 -12 12 116 -228 209 204 -477 -162 197 -13 -50 201 153 62 96 -117 -301 -218 160 30 -227 -54 268 148 -210 -90 45 -160 108 -30 5 -75 -152 -347 -42 -209 452 55 -341 672 -23 -147 -487 -50 -198 -49 -176 -72 -96 -363 104 13 1583863281
-317 -702 -218 0 243 -9 329 -308 267 411 771 -165 -291 209 -111 -452 370 635 -457 77 457 -105 -3 -192 -269 -83 84 614 -304 224 -120 -454 -477 213 236 -23 -421 -654 120 10 -299 -624 -20 260 183 482 -326 -204 -204 -113 95 -206 11 -133 99 589 91 117 -343 -41 -48 -190 101 537 601 -441 -392 -149 -132 -162 -39 29 349 356 -39 -221 -323 75 -16 -294 17 348 387 -412 21 -9 -39 -34 202 273 358 145 17 573 363 -176 -38 698 -259 -615 -110 -118 64 44 -161 -433 156 -147 -291 -418 41 612 337 -231 -146 17 -573 184 65 -557 -665 421 -398 521 263 -205 137 -361 -58 -57 -51 279 108 387 -188 479 -137 148 14 197 116 -185 179 -243 124 -244 126 -323 -207 344 -49 -179 -141 357 128 -305 206 -158 -308 -112 174 200 234 32 -444 162 174 87 268 -266 -431 -257 -98 -158 407 -123 -463 -785 -613 122 -502 -274 -112 -40 -74 -102 401 18 -74 268 252 -499 188 21 233 -372 224 -289 -277 -232 439 492 82 -271 -3 148 108 -349 -323 278 -311 276 -391 274 18 -304 -132 -379 -321 120 -244 -406 175 -128 41 68 -583 311 478 -13 6 -146 313 283 -323 173 -172 132 170 -186 -255 -371 597 444 -261 190 -45 68 66 225 -259 -369 -12 272 -22 333 -803 138 18 115 173 -330 6 -28 -249 331 -30 -215 -143 -700 57 -311 -280 280 -159 466 99 -637 272 486 302 -321 -109 276 -269 -189 89 193 -65 -214 -571 -173 -37 111 97 154 -441 61 -16 82 291 117 -57 -629 11 -32 121 12 -443 -43 359 150 -143 -128 -63 30 -442 -197 222 280 386 229 252 -527 13 55 -11 209 -66 145 -129 -375 289 48 510 11 103 48 -92 -390 366 -67 668 -69 -47 -507 215 -379 -138 128 268 157 -50 322 40 -278 -187 -642 148 -34 -250 295 194 -225 9 -266 74 -431 -55 -74 -217 428 -237 309 382 229 44 0 148 244 -240 -45 -432 -661 -174 -557 -92 272 -222 -119 138 -551 95 144 -98 -436 95 245 -181 38 182 -132 -351 14 -63 -65 376 -341 94 -295 -184 152 -60 -129 -188 105 388 -217 187 241 -325 -320 235 171 328 66 1583863281
746 -531 -334 278 -120 574 -668 272 158 428 38 -763 183 140 78 -370 -406 38 116 411 289 -445 -84 316 -137 42 -322 244 -401 176 -7 520 139 167 -96 0 -253 -211 208 149 236 10 353 -220 40 -108 532 560 528 -143 -492 -369 178 -72 -183 -27 223 -175 -178 -325 -459 -48 255 283 -329 149 18 160 -44 462 40 337 -145 499 -284 -51 181 84 47 -499 -429 -107 122 -318 -84 -841 -258 -60 -188 487 36 128 365 -571 13 12 -84 -179 -20 -137 -144 -634 -202 54 -107 14 58 -240 -276 -43 -212 -313 85 296 379 -98 -356 -632 516 -478 -465 -510 -211 -338 566 -266 -578 11 -425 435 -287 298 261 280 -344 201 -10 608 86 -91 343 -95 533 156 -506 3 465 -563 -412 106 75 -32 -25 -151 495 147 267 294 -301 203 252 -50 340 24 -49 -368 55 49 52 181 131 223 -204 -297 37 -96 350 -70 544 266 49 204 300 -376 -494 -113 -220 0 -59 -71 141 -121 -158 261 310 810 -207 -86 -435 -147 586 130 192 -112 -342 269 0 -652 499 -44 -225 -192 364 108 -185 90 119 -7 86 35 114 657 -165 434 90 -165 301 -654 -353 52 27 118 36 54 192 -312 -44 -243 -88 13 -181 226 84 -255 -21 -498 227 167 -599 153 -327 257 320 -44 111 272 98 -132 591 135 21 -397 -333 280 -49 303 172 483 -126 14 405 423 481 192 431 -136 6 -202 280 -525 517 543 -189 -214 451 191 -280 164 -182 -5 146 -6 20 41 -186 -55 -305 -302 182 217 210 -207 -97 56 211 60 -277 166 174 -350 121 -145 81 171 -465 -168 -210 -49 -594 -152 -131 -312 -224 -243 -17 361 175 385 -468 148 9 -242 -3 184 137 -2 56 37 -336 -83 146 -344 437 -655 236 214 7 -144 -37 59 81 374 -187 -27 -114 308 -112 -244 -236 -18 -88 -69 -258 282 -326 -167 238 -348 278 300 172 81 -44 112 -75 243 -127 -771 297 -155 -68 -286 347 -75 184 86 -24 227 92 343 -321 -31 -360 329 -8 -241 -378 -57 305 390 103 280 -428 -18 97 -27 -17 19 -16 -94 -173 102 45 -150 -151 115 281 125 -201 169 -121 391 15 -410 226 -140 1583863281
287 209 -62 -131 176 554 -395 241 270 289 -327 -145 -630 -173 762 -41 13 49 261 276 637 -86 19 -257 444 -219 333 131 53 -26 420 580 61 774 -12 -3 151 221 -23 -51 528 163 143 75 51 -181 -172 -73 405 -27 -2 -448 -136 85 97 37 -131 294 -198 -304 477 398 -197 -394 171 -294 107 74 -168 -473 -215 187 -221 57 -289 844 -89 6 -103 -179 121 295 -299 216 -23 134 258 409 -625 -25 496 -349 59 -309 -435 -165 52 -298 164 -576 555 273 55 -23 332 443 -203 38 111 -109 418 609 213 366 -304 -387 -78 -78 277 80 433 -126 32 -367 -16 267 10 340 520 -174 -235 319 83 -252 -341 229 550 -244 46 249 -405 139 73 409 266 76 9 81 -412 505 -404 287 172 346 52 -380 204 -104 15 -277 321 146 68 7 123 350 154 -245 107 -41 -191 -46 -188 -115 -54 -290 -154 -231 -175 -145 -306 -293 199 -122 354 -140 385 153 123 269 94 -313 -501 238 106 -209 213 -196 91 -419 -91 -126 293 -276 -179 -741 401 -312 313 580 -372 -52 426 206 -246 115 342 -401 239 -428 -161 -522 84 1098 -361 -295 448 -321 63 384 -395 128 -51 304 -418 45 208 157 236 74 207 4 222 -3 -294 65 94 232 32 -325 -39 -61 131 44 160 63 909 -124 127 164 -206 -347 -293 -229 47 257 -502 -107 192 -3 79 306 -284 -309 134 -382 282 543 -205 -205 86 9 46 141 161 106 -148 -91 -272 89 101 160 124 -8 -29 -20 28 -123 220 116 74 166 379 -103 58 -492 128 -214 459 -147 -290 -22 102 -17 231 259 -319 -710 -135 127 255 375 -11 -516 68 -405 -239 -304 13 312 -413 256 241 -250 132 66 97 -18 -27 289 -183 -578 89 27 338 213 343 114 -86 146 -162 -276 331 -113 -87 -130 -199 -37 85 -60 501 167 72 -22 395 -245 -249 211 77 -135 104 227 -251 55 -156 -314 -289 313 -1 -440 -305 253 -495 72 -12 -177 302 -85 134 -31 112 -115 218 260 -183 -142 -426 142 -398 -334 -77 -153 87 -304 -330 236 313 -117 490 80 482 -34 242 -190 108 -184 165 -135 -109 -65 -171 557 -673 61 -1 -137 1583863281
118 -109 462 69 -287 -680 236 -702 190 115 -144 314 11 563 322 -113 -92 -638 328 326 460 -201 -218 112 79 -579 -399 -622 348 -331 -571 53 -131 384 -376 121 142 -14 -102 551 137 -276 7 58 40 259 -335 29 -524 -312 213 287 -315 -133 -181 281 -334 566 -690 -310 271 307 464 -289 -300 313 3 -168 -701 -381 40 -538 68 145 524 168 -228 -48 360 18 153 -188 -479 369 -275 100 -563 -81 267 -93 -98 -201 71 -104 98 -242 -151 -259 261 -20 402 -101 -115 187 334 -90 235 -32 -249 511 266 -288 193 142 -377 143 150 15 372 -87 0 191 -33 196 -236 75 -70 320 318 -193 -261 121 320 258 547 -247 486 202 -375 -202 -92 103 461 359 377 238 -493 515 -626 -193 559 58 -26 182 -26 -45 -120 250 -144 -31 -53 211 675 -77 -16 115 330 -282 -66 -291 -39 -536 -93 -902 48 -351 -162 165 194 23 89 -403 358 74 -130 158 -201 -210 -86 104 -57 436 -2 -219 -560 -281 55 204 -317 -114 -178 124 83 -198 -290 39 -550 -232 12 375 -39 106 -73 -397 -176 -359 446 506 153 343 119 66 -204 -193 217 -43 604 76 -19 640 -371 79 261 -566 -167 -300 273 -402 653 -149 51 296 270 169 63 79 354 271 557 178 -42 187 -1 -281 168 -109 233 208 -152 84 385 135 17 -372 -300 -2 -6 -123 -13 -305 -82 -83 96 -199 -426 402 -79 475 -39 93 -165 -309 -386 -344 -5 -61 -505 -52 101 235 -664 150 -227 39 -21 172 -336 330 -36 189 -69 -61 96 -208 -39 348 -130 -282 202 66 17 -25 26 13 34 -166 -444 -68 44 -151 88 40 205 -378 -42 8 159 -78 86 89 93 -32 -21 -242 177 200 -71 -320 69 -117 287 -481 -148 -201 134 23 -238 69 -85 542 -229 -66 53 -290 103 -243 193 128 -123 0 258 -286 -117 308 -445 -36 431 -158 274 -525 397 -174 -41 -154 -10 261 48 292 -261 7 -46 71 -202 141 394 38 -191 -332 -162 110 -318 183 -108 96 161 229 301 -200 246 7 -344 40 -82 -262 -246 -242 -281 -11 201 -26 58 25 -160 262 -52 -15 216 -74 114 -79 596 319 -203 -77 -160 344 1583863281
-463 -286 121 1016 205 -214 188 144 -230 55 -63 -524 -187 -291 301 50 421 -90 -202 359 -233 -982 289 202 137 -456 286 846 22 -381 -203 -482 62 -453 365 240 457 -142 -279 44 -271 49 -491 -351 -178 75 183 -116 -18 139 2 394 -272 0 241 -130 191 268 95 -42 76 148 726 -550 226 -259 117 -276 183 170 717 -254 -229 143 -149 -281 117 160 297 -407 186 33 -218 97 -245 90 38 335 -559 -321 -8 451 648 -340 -209 -122 65 -73 -30 -288 347 -552 -206 556 554 -162 257 382 241 83 259 102 -407 38 -106 -93 258 232 174 -363 266 8 58 -1 -270 34 -199 185 -23 359 -97 68 496 -90 618 288 -412 -115 40 -309 -375 110 353 829 -328 422 183 -182 -188 233 767 69 563 -12 -449 130 200 278 -77 -199 127 -158 -107 -66 447 -12 79 527 29 91 386 -192 315 487 202 -50 43 280 -68 -279 -99 519 146 403 -243 335 -414 195 -200 -532 -39 -43 79 -440 -356 322 -116 -133 396 464 -95 -353 -404 -259 -263 93 306 172 -256 132 -184 -70 568 -51 437 -122 475 45 612 -538 -243 317 204 -77 190 133 422 252 66 -381 -88 80 28 -182 107 -600 187 99 67 -330 -427 226 -468 -502 150 296 -65 -88 -12 95 -138 212 60 -50 -62 -172 280 -186 54 108 -206 162 18 -335 185 108 -221 -57 10 244 -255 331 -270 478 -197 151 -130 -206 -358 -186 -504 -11 140 -29 -98 53 385 -283 90 57 169 -347 135 -642 93 236 52 229 -660 439 210 101 368 499 -461 -527 92 10 -39 -124 -23 305 5 -538 651 -260 260 -221 397 529 -103 -230 89 148 -358 413 -120 177 230 460 -79 -90 126 -4 -649 36 -335 -115 38 299 -582 -428 -39 121 -120 -257 186 257 285 -25 -281 329 394 -126 235 193 155 -14 90 -195 -110 157 -371 -303 -196 -45 41 -375 123 -28 53 -276 -174 43 -406 -329 50 7 73 1 37 94 141 -100 26 -157 -252 -303 -122 247 45 259 -341 279 -33 -21 77 672 -179 -287 -278 -111 555 -135 -83 -41 -50 -45 -361 -65 20 12 -385 -271 105 152 -190 -108 13 -103 -138 294 -42 150 606 -53 1583863281
-391 486 -39 41 -519 134 -146 -385 -889 -346 354 -67 207 182 -178 330 750 -64 -150 234 156 -501 430 224 -312 841 -328 -434 -289 -153 484 125 72 42 -432 -135 338 358 241 65 -135 -128 352 -531 350 50 247 716 480 -229 13 176 -275 358 -298 -45 24 102 281 -278 -515 8 -1 407 -149 486 -79 141 -69 582 9 167 11 59 156 -578 -1 17 -391 -482 -60 -299 10 -646 228 322 -795 -255 -225 -2 -247 561 -275 -4 121 -122 -44 -621 -360 455 -98 -387 -363 344 26 -449 -151 -52 184 224 -27 146 -170 89 525 94 -74 -243 -197 -511 -144 236 376 -425 -348 -140 -61 192 -385 18 281 -294 183 -215 254 -192 -305 144 728 271 346 664 27 70 -117 206 -32 -415 -454 -122 -86 -197 483 66 234 317 152 246 41 -55 -200 86 -255 -431 177 -300 -39 19 -225 -41 19 -139 307 17 396 -14 -2 -22 187 -421 51 271 -58 486 -360 540 34 211 279 -12 90 -271 -28 -83 139 -220 117 -148 68 -121 -384 -70 -410 136 392 321 -63 -479 -87 235 -351 225 -164 323 -276 -81 79 132 -510 190 91 238 -56 -614 -214 -143 205 -104 17 123 -118 -597 97 508 496 -520 -264 228 -138 -361 -543 -114 104 239 187 -249 469 -258 -119 538 290 26 -336 -173 385 388 -156 -166 -68 -371 144 -312 157 -671 -196 -252 306 238 -41 -176 76 -81 145 -159 154 -1 472 484 41 -571 302 -219 280 -726 207 310 -79 104 -96 -274 523 110 -243 -194 -89 780 -444 304 65 261 -93 187 576 -259 14 -306 67 30 185 -58 -314 -20 637 -239 292 408 258 -79 -4 -295 -33 184 274 -35 -37 -140 104 76 -109 83 320 412 -26 -192 -139 273 315 -100 476 125 194 33 -255 -162 -119 -150 187 13 215 -173 -450 660 -92 117 -656 -114 90 20 -417 160 -277 298 210 275 -74 215 508 272 -190 -366 70 102 264 -193 82 84 22 463 -42 -275 -46 -215 -121 -297 186 -182 56 -151 214 458 -164 -382 7 -187 20 149 399 -291 -103 204 -144 -111 -15 -54 133 -300 -185 -330 -73 402 187 4 -59 213 365 -216 -38 58 -285 -182 -251 -41 -310 155 -254 -149 1583863281
-27 -140 269 378 285 -130 708 161 332 -286 -374 130 -91 294 7 100 241 -319 84 78 -124 457 -77 -54 576 -19 -256 111 323 240 -81 -698 340 130 -135 -50 162 -166 -422 -711 172 74 87 133 282 167 279 187 -98 274 -12 7 -133 -108 814 444 349 284 130 43 -231 386 317 779 -126 24 116 -8 4 -84 34 -396 159 -175 214 4 -459 -258 -423 -348 228 403 -539 -80 227 137 162 -286 -201 -89 -132 43 35 -447 -219 -118 -177 -209 -199 1039 151 16 -165 -42 -79 -154 -544 -619 26 161 -8 181 154 32 617 108 537 36 -88 106 -32 -218 213 -249 315 -67 38 -410 123 -396 179 -71 -93 156 249 -54 237 -48 284 465 -62 177 2 -83 -98 304 163 120 129 18 -108 11 -19 -1 -447 66 6 -300 93 -168 79 -50 -48 347 -773 135 396 -147 -136 -218 -123 -66 296 166 -193 405 375 445 -534 -334 45 227 262 404 -256 -135 -25 65 400 657 294 -339 -386 -320 148 -75 179 -149 -381 94 749 187 7 202 -204 -223 -298 -217 133 192 -169 -906 393 18 -261 -186 -143 122 -198 -544 106 7 -595 -231 -65 128 -54 -14 195 -354 191 140 376 199 83 246 -342 362 -369 -203 -670 94 235 -11 -723 6 156 227 322 -200 233 140 -272 -419 321 556 677 -141 54 171 121 51 156 181 74 359 -151 67 -357 665 -3 -197 -599 -243 -240 -547 171 73 313 223 256 -205 219 329 -241 -487 -310 -120 -224 34 285 -135 -132 -143 -56 263 116 -452 -76 312 -116 128 716 -179 55 -545 60 164 -61 -345 100 -104 -63 48 2 119 -68 -223 -175 369 -124 -502 78 117 622 87 -99 -116 181 -114 -107 137 94 26 47 87 341 305 -411 -16 -234 -438 -1 51 173 -9 -77 -250 443 505 -206 -34 105 -3 318 -28 -143 73 163 43 -235 -192 122 120 66 15 459 -119 -37 49 -140 -45 -264 81 -179 -19 -244 88 -358 -198 -11 146 -48 196 -161 -827 83 -296 -175 -227 -191 63 -190 470 -340 166 -549 37 -271 -263 -306 -140 -128 -379 -28 279 -132 43 230 56 -308 159 2 -583 -272 -94 -314 -365 318 -313 -193 248 198 -265 373 -135 1583863281
