92288976 574432555 265634227 11918198 -7378330 -25006608 -1787583 -161642 -10924566 -110915 -39399 -391114 -4242 -58161 22541 -12953 -2917 -683 -958 671 -184 -258 -127 -263 27529 103 10 -1 3 0 0 0 1 0 2 -6 0 0 1 3 2 3 -1 0 0 0 -3 -1 1 -2 1 3 2 -1 1 -1 -34 0 0 0 1583836345
-14488257 -1305258 -6817356 25626674 -8490745 797771 -1955535 -222971 121029 -149557 -49885 -30413 -3834 -54495 -10680 -3559 49175 -4106 -1373 -1267 51 -269 -2346 -214 -17 -29 -3 -14 4 0 0 2 18 0 3 0 0 0 2 6 1 0 -2 -2 6 0 -8 3 -3 -6 0 3 0 0 -3 0 0 -2 0 0 1583836345
2904177024 14449122742 5584259479 -356731925 6319274 305479476 173962 957148 355803597 -221513 -29585 -1765905 -5578 -20476 169473 177233 5542 12775 25 -10670 -61 1426 -83 -56 325 197 -5 -13 -5 0 0 0 0 1 1 0 0 2 0 1 0 0 0 0 0 0 0 0 0 0 0 0 0 0 0 0 3 0 0 0 1583836345
16396967 272655305 -562158445 422839352 -26656149 162603718 -3294934 -1778541 129077 -594203 -174661 -36099 -2110 -41276 -8244 -2785 142144 -5092 -1823 -2118 540 -470 -6991 -573 -37 -13 33 0 2 0 -1 1 8 0 -13 64 0 0 -9 4 0 1 44 -15 -11 1 6 4 -3 8 -4 6 11 0 -1 -9 0 -2 0 2 1583836345
-5582809 19289930 32062020 5137035 -7765730 -9399908 -1832620 -143122 -499802 -125355 -43066 -92635 -4070 -62886 2895 -10153 -2812 -2999 -1004 -565 -199 -122 252 -332 8051 6 -2 -6 0 0 0 1 2 0 3 -4 0 0 1 0 0 2 -1 1 0 -1 0 0 0 0 0 0 0 -1 0 0 2 0 0 0 1583836345
-15872008 -13577096 18055962 7892139 -5961742 -6421333 -2104972 -153484 120605 -130156 -44526 -29789 -3669 -7296 -10568 -3368 146218 -5873 -2074 -2305 505 -502 -1211 99 -40 -32 10 -1 2 0 -2 3 42 0 18 0 -1 -2 8 -22 -5 0 0 0 1 0 -3 0 -1 5 -1 6 8 -1 -7 1 0 0 0 0 1583836345
282893270 2347024522 -4699851564 -340493304 9648777 -1048106562 -7643661 -2780 -2103345 -16680 -10622 -46754 1622 -125771 7368 -6032 -7949 -325 231 279 9 -506 732 219 -27 -7 -6 0 1 0 0 0 -2 0 -4 0 -1 -1 10 4 1 0 1 0 0 0 1 0 0 0 0 0 -1 0 0 0 0 0 0 0 1583836345
133772957 1313810937 -2672665921 1932345611 -97312841 777501174 -7981204 -7689808 159766 -2282913 -648285 -58472 3921 -49642 -16 -666 1301 263 55 42 3 -107 1120 107 -1 -7 -2 -8 1 0 0 0 -4 0 -13 -4 0 0 3 0 0 0 -5 0 1 0 3 -1 1 0 0 0 0 0 0 1 0 0 0 0 1583836345
6046357 180841594 -376043295 289696959 -21235362 108365655 -2714906 -1257063 126413 -444836 -132671 -34423 -2845 -67177 -9313 -3257 -9637 -2549 -797 -519 -204 -128 256 -245 -1 -24 -12 -6 1 0 0 1 -2 0 1 -1 0 0 0 0 0 0 0 0 0 0 0 0 0 0 0 0 0 0 0 0 0 0 0 0 1583836345
92288976 574432555 265634227 11918198 -7378330 -25006608 -1787583 -161642 -10924566 -110915 -39399 -391114 -4242 -58161 22541 -12953 -2917 -683 -958 671 -184 -258 -127 -263 27529 103 10 -1 3 0 0 0 1 0 2 -6 0 0 1 3 2 3 -1 0 0 0 -3 -1 1 -2 1 3 2 -1 1 -1 -34 0 0 0 1583838187
-14488257 -1305258 -6817356 25626674 -8490745 797771 -1955535 -222971 121029 -149557 -49885 -30413 -3834 -54495 -10680 -3559 49175 -4106 -1373 -1267 51 -269 -2346 -214 -17 -29 -3 -14 4 0 0 2 18 0 3 0 0 0 2 6 1 0 -2 -2 6 0 -8 3 -3 -6 0 3 0 0 -3 0 0 -2 0 0 1583838187
2904177024 14449122742 5584259479 -356731925 6319274 305479476 173962 957148 355803597 -221513 -29585 -1765905 -5578 -20476 169473 177233 5542 12775 25 -10670 -61 1426 -83 -56 325 197 -5 -13 -5 0 0 0 0 1 1 0 0 2 0 1 0 0 0 0 0 0 0 0 0 0 0 0 0 0 0 0 3 0 0 0 1583838187
16396967 272655305 -562158445 422839352 -26656149 162603718 -3294934 -1778541 129077 -594203 -174661 -36099 -2110 -41276 -8244 -2785 142144 -5092 -1823 -2118 540 -470 -6991 -573 -37 -13 33 0 2 0 -1 1 8 0 -13 64 0 0 -9 4 0 1 44 -15 -11 1 6 4 -3 8 -4 6 11 0 -1 -9 0 -2 0 2 1583838187
-5582809 19289930 32062020 5137035 -7765730 -9399908 -1832620 -143122 -499802 -125355 -43066 -92635 -4070 -62886 2895 -10153 -2812 -2999 -1004 -565 -199 -122 252 -332 8051 6 -2 -6 0 0 0 1 2 0 3 -4 0 0 1 0 0 2 -1 1 0 -1 0 0 0 0 0 0 0 -1 0 0 2 0 0 0 1583838187
-15872008 -13577096 18055962 7892139 -5961742 -6421333 -2104972 -153484 120605 -130156 -44526 -29789 -3669 -7296 -10568 -3368 146218 -5873 -2074 -2305 505 -502 -1211 99 -40 -32 10 -1 2 0 -2 3 42 0 18 0 -1 -2 8 -22 -5 0 0 0 1 0 -3 0 -1 5 -1 6 8 -1 -7 1 0 0 0 0 1583838187
282893270 2347024522 -4699851564 -340493304 9648777 -1048106562 -7643661 -2780 -2103345 -16680 -10622 -46754 1622 -125771 7368 -6032 -7949 -325 231 279 9 -506 732 219 -27 -7 -6 0 1 0 0 0 -2 0 -4 0 -1 -1 10 4 1 0 1 0 0 0 1 0 0 0 0 0 -1 0 0 0 0 0 0 0 1583838187
133772957 1313810937 -2672665921 1932345611 -97312841 777501174 -7981204 -7689808 159766 -2282913 -648285 -58472 3921 -49642 -16 -666 1301 263 55 42 3 -107 1120 107 -1 -7 -2 -8 1 0 0 0 -4 0 -13 -4 0 0 3 0 0 0 -5 0 1 0 3 -1 1 0 0 0 0 0 0 1 0 0 0 0 1583838187
6046357 180841594 -376043295 289696959 -21235362 108365655 -2714906 -1257063 126413 -444836 -132671 -34423 -2845 -67177 -9313 -3257 -9637 -2549 -797 -519 -204 -128 256 -245 -1 -24 -12 -6 1 0 0 1 -2 0 1 -1 0 0 0 0 0 0 0 0 0 0 0 0 0 0 0 0 0 0 0 0 0 0 0 0 1583838187
