-10968287 -11226549 12883075 217205 -5531412 -2645251 -990120 -138678 -45804 -121693 -41296 -71686 -4323 -54778 -15316 1773 -3974 -2056 -991 -579 -204 -507 -123 -167 -8 -49 -16 -5 1 0 0 1 -2 1 -2 0 0 -1 1 0 0 0 0 1 0 -1 0 1 -1 0 0 0 0 0 1 0 0 0 0 0 1583836345
-16085259 -15410216 21710270 6403520 27963476 -6950728 12834536 53762 119176 -84301 -20785 -28993 -10183 12775 -9350 -2873 -7765 -3259 -143 -692 -221 -24 -3330 897 -6 -22 -41 -6 1 0 0 1 -10 0 -11 -5 2 0 -14 2 0 0 -2 -2 4 0 1 5 -4 1 1 -9 0 0 -3 2 0 1 0 0 1583836345
-15845013 -15279100 21452560 5557764 13625613 -6975180 5502256 -129048 122941 -105192 -31900 -11616 -6887 48273 -11221 -3134 2367 -2738 -1193 -613 -210 -141 -76 34 -5 34 -23 -8 1 0 0 1 -3 0 -8 7 0 0 -6 -1 0 0 -4 0 4 0 0 2 -2 5 -1 2 0 0 2 0 0 0 -1 -1 1583836345
-15634547 -14943126 20806484 4794944 -6906582 -6869617 -1549589 -142374 234425 -125950 -43185 430521 -3331 -60313 54926 -44111 -5911 139735 -401 47640 155 -8311 -658 -27 5 -1200 -2 8 -46 14 0 0 0 3 -1 0 0 -1 0 -7 29 5 -1 0 1 -5 1 -1 0 0 0 0 0 1 0 0 0 0 3 -1 1583836345
-16092115 -15482530 21867147 6106117 22445240 -7082885 9904591 -121544 120062 -92776 -25233 -27977 -8851 38401 -9424 -3082 -4921 -2800 -1231 -578 -230 -74 -1695 153 -3 -28 -23 -3 4 0 0 1 2 0 -7 7 -1 -2 7 -9 -2 0 -3 2 -4 0 0 2 -2 -1 0 1 -1 0 0 0 0 0 0 0 1583836345
-16089698 -15500727 21946477 5271575 -814260 -7469921 560930 -137970 124924 -119485 -39617 -20780 -4925 -24809 -10899 -3723 -7476 -2693 -1024 -513 -236 -141 -195 -212 -2 -30 -14 -4 4 0 0 1 3 0 -2 -2 0 -1 4 -1 0 0 0 1 0 0 0 0 0 0 0 0 0 0 0 0 0 0 0 0 1583836345
-14617190 -14123436 19069903 3706571 -7887270 -5864849 -1819133 -142154 248864 -126233 -43410 338367 -3364 -68382 22686 -28639 -6187 83547 -631 29048 13 -5208 -415 -175 3 -545 -8 1 -20 5 0 1 0 -1 2 0 0 -1 0 -1 12 -1 0 -1 0 -1 0 0 0 0 0 0 1 5 0 1 0 0 2 0 1583836345
-16066491 -15485371 21926180 5001843 -7886257 -7566077 -1820010 -142250 124464 -126337 -43339 -11541 -3966 -65886 -11313 -4112 -7441 -2108 -964 -468 -220 -189 7 -308 -2 -27 -12 -5 2 0 0 1 0 0 2 -1 0 0 0 -1 1 0 0 0 0 0 0 0 0 0 0 0 0 0 0 0 0 0 0 0 1583836345
-16011542 -15418458 21788448 4975311 -7313604 -7456471 -1875883 -142320 150734 -126516 -43421 35758 -3825 -51114 -8854 -6622 904 5904 -997 2368 -164 -688 -440 -160 -4 -82 -16 0 7 0 0 1 -5 0 -2 6 0 0 -1 -3 0 1 -2 0 0 -1 2 0 0 1 0 0 0 0 0 0 0 0 0 0 1583836345
-15598222 -15094010 21091554 4640708 -5206516 -7060591 -681858 -140035 117966 -122886 -41525 -22245 -4465 -62385 -11257 -3665 -9913 -2707 -976 -511 -232 -176 -176 -254 -2 8 -16 -7 1 0 0 1 -2 0 1 1 0 0 -2 0 0 0 0 0 0 0 0 0 0 0 0 -1 0 0 0 0 0 0 0 0 1583836345
-13862919 -13663257 18052593 3161535 -127517 -5083161 1445320 -135676 170930 -116316 -38161 100595 -5176 -57187 262654 -197274 -8884 -3507 -1003 2398 -190 680 -682 -58 -6 270 -20 -2 15 0 0 -1 -4 -1 3 3 0 1 -4 0 0 29 -4 0 2 0 0 5 7 0 0 0 -1 -3 1 -1 0 1 0 1 1583836345
-16048589 -15456460 21857099 5196184 -1987072 -7426526 174465 -138682 137050 -120623 -40241 6599 -4731 -34019 -7938 -5912 -6023 4633 -1008 2285 -205 -594 -657 -156 -2 -88 -15 -8 -3 0 0 1 -6 0 1 2 0 0 -6 0 -2 0 0 1 0 -1 1 1 -1 0 0 -2 0 1 -1 0 0 0 0 0 1583836345
-16075550 -15493165 21942632 5011078 -7871054 -7575080 -1824048 -142259 124375 -126352 -43346 -12203 -3962 -65278 -10555 -4384 -978 -1146 -1009 -128 -186 -268 -344 -393 -4 -37 -5 -5 1 0 0 1 0 0 5 -1 0 0 0 2 2 0 0 2 2 1 3 -1 1 0 0 0 0 0 0 0 0 0 0 0 1583836345
-15897592 -15220859 21385304 4975721 -7763126 -7241933 -1840082 -142800 186470 -126721 -43588 308789 -3425 -64173 78059 -49965 12020 165426 -547 59265 315 -10024 -1584 -183 2 -1481 10 -25 -103 18 0 0 -2 3 -1 7 0 -1 -1 0 4 3 10 0 -1 3 5 -4 0 0 0 0 0 -1 0 1 0 -2 3 -1 1583836345
-16087553 -15498037 21950692 5079391 -6475319 -7561541 -636950 -140316 124290 -123040 -41601 -2628 -4522 -91191 -9525 -4827 -9065 720 -933 -232 -206 -290 -200 -253 -2 -49 -13 -4 2 0 0 1 0 0 2 1 0 0 0 0 3 0 -1 0 0 0 0 0 0 0 0 0 0 0 0 0 0 0 0 0 1583836345
-16088232 -15502973 21962373 5048300 -7165239 -7575236 -1890583 -142318 124580 -126511 -43408 -12073 -3889 -46700 -10775 -4266 3047 -1609 -1035 -311 -176 -254 1279 -419 -4 -40 -4 -3 5 0 0 1 0 0 -1 -5 0 -1 2 -1 1 0 0 0 0 0 0 0 0 0 0 0 0 0 0 0 0 0 0 0 1583836345
-15951573 -15258644 21335909 7447569 61851060 -6182383 26726931 -92398 158095 -44977 406 143133 -15751 90033 23019 -19736 13927 59425 -1468 20915 44 -3617 -7538 774 -4 -544 -30 -6 -32 7 0 0 -36 0 1 32 5 3 -40 -4 9 0 -25 8 5 4 13 -5 3 -7 0 3 2 0 0 0 0 0 0 1 1583836345
-16089817 -15500167 21943493 5311718 337145 -7450435 409735 -138123 124701 -119853 -39780 -20930 -4788 6192 -10532 -3794 -784 -2273 -1073 -387 -217 -180 -975 -284 -4 -33 -12 -4 3 0 0 1 -10 0 0 -6 0 0 -4 1 0 0 -1 1 -1 0 -1 0 0 -1 0 0 0 0 0 0 0 0 0 0 1583836345
-15863982 -15234648 21408620 4892482 -7547942 -7244174 -1852726 -142542 176271 -126597 -43503 196124 -3594 -58311 46241 -33825 -2599 106762 -658 38965 86 -6602 -75 -151 2 -974 -2 -24 -73 12 0 0 0 2 0 -1 0 -1 0 0 1 1 -1 0 0 1 0 -1 0 0 0 0 0 -1 0 0 0 1 -2 1 1583836345
-16090888 -15488903 21898925 5735832 12108128 -7251781 6334116 -127929 124339 -103053 -30811 -20807 -7420 -20866 -9983 -3557 -1981 -2387 -1157 -398 -193 -165 5128 -276 -1 -50 -8 -4 3 -1 0 1 -9 0 7 0 0 0 -6 6 0 0 3 1 1 0 1 0 0 0 0 2 0 0 0 -1 0 0 0 0 1583836345
-16078329 -15392401 21720215 5552149 2587361 -7355849 2037852 -80162 120194 -115347 -37380 -29759 -5571 -21090 -10535 -3456 -1822 -4514 80846 2379 -6 -76 7298 -258 0 -28 -4 11 -2 0 0 0 -7 0 6 0 -33 0 -11 3 0 0 1 0 0 0 0 -1 0 0 0 0 0 0 0 0 0 0 0 0 1583836345
-16017182 -15450073 21850317 4948151 -7892465 -7526186 -1818574 -142199 119970 -126293 -43319 -29759 -3999 -66292 -10184 -3965 -7840 -1662 -969 -107 -219 -230 -29 210 -5 -35 -25 -7 0 0 0 1 -3 0 4 -1 0 -1 1 0 0 0 -1 -1 0 0 0 0 0 0 0 0 1 0 0 1 0 0 0 0 1583836345
-16078396 -15489856 21919275 5341936 1345462 -7425798 1323678 -136618 121132 -117286 -38426 -26199 -5240 -13960 -10067 -3770 -6864 -1987 -1042 -246 -234 -179 -203 -376 -2 -23 -9 -7 0 0 0 1 0 0 -3 -3 0 -1 3 0 0 0 1 0 -1 0 0 0 0 0 0 0 0 0 0 0 0 0 0 0 1583836345
-16068393 -15492790 21940780 5000749 -7832261 -7574894 -1834411 -142246 120687 -126359 -43348 -28516 -3976 -63686 -10744 -3760 12073 -3038 -1115 -710 -127 -212 -924 -540 -6 -20 0 -5 1 0 0 2 5 0 6 -5 0 0 1 3 0 0 0 1 5 0 0 -1 0 -1 0 1 0 0 0 0 0 -1 0 0 1583836345
-16077857 -15498220 21952217 5022183 -7605255 -7577815 -1865242 -142298 121269 -126448 -43388 -26403 -3934 -57112 -10604 -3830 34872 -3156 -1279 -843 -17 -281 -1912 -640 -11 -13 8 -5 1 0 0 1 -7 0 -1 16 0 0 -3 1 0 0 17 0 -1 1 8 -5 3 0 0 0 -1 0 1 0 0 -1 0 0 1583836345
-15546831 -15047133 20997521 4522205 -7677592 -7029647 -1850801 -142117 123129 -126233 -43321 8212 -3887 -59933 -11054 -5478 17669 -3546 -1152 -908 -101 -223 -1072 -358 -9 165 -17 -7 7 -2 0 2 -2 -2 1 5 0 -1 0 -3 -1 0 2 0 0 0 -2 -2 1 0 0 -1 -1 0 0 0 0 0 0 0 1583836345
-15808193 -15270484 21468470 4799955 -6628997 -7283396 -2011527 -142356 121994 -126734 -43545 -9262 -3729 -30151 -11934 -3424 149076 -5356 -2106 -2143 534 -553 -6196 2286 -53 81 -51 -5 1 0 -1 0 -26 -1 8 33 -1 0 1 -8 -3 0 7 -8 -3 -2 -12 -8 5 -9 -1 0 -6 0 0 3 0 0 0 -1 1583836345
-16044274 -15465303 21882985 5005029 -7077799 -7524156 -1896037 -142289 128956 -126507 -43408 -11974 -3885 -45318 -11652 -3953 -1096 -2628 -1020 -511 -199 -189 -407 208 -6 -25 -25 -7 1 0 0 1 -9 0 2 1 0 0 -1 0 0 0 2 1 -1 0 0 2 -1 -1 1 -1 -1 0 0 0 0 0 0 0 1583836345
-16089621 -15502159 21944447 5385382 2517754 -7418118 -2296617 -142224 119587 -127203 -43518 -26649 -3215 181802 -10463 -3217 40279 -3514 -1326 -1499 -110 -178 -2276 1400 -22 -18 -55 -1 8 -1 0 0 -32 0 -4 21 0 -1 0 -8 -2 0 -5 7 -9 0 3 5 -4 -2 2 2 -2 0 2 1 0 -1 0 0 1583836345
-16086986 -15484103 21921744 5124016 -5931253 -7549327 -2000822 -142517 120568 -126783 -43507 -29924 -3807 -15945 -10885 -3603 -1584 -3169 -1021 -720 -217 -143 -236 735 -9 -24 -37 -3 1 0 0 1 -11 0 3 0 0 0 0 -2 0 0 -1 -2 -1 0 0 0 0 0 0 0 0 0 -1 0 0 0 0 0 1583836345
-9683895 -10269221 10739718 -262854 -7236918 -2689289 -1879901 -142170 -1082566 -122886 -42322 -83333 -3911 -49718 -16811 2712 1472 -2403 -1009 -749 -182 -590 -350 -239 -52 -64 -10 -4 2 0 0 1 -5 4 -3 3 0 -1 0 -2 0 0 -1 0 0 -1 0 0 0 1 0 -1 0 0 0 0 0 0 0 0 1583836345
-16006568 -14764081 20454950 6324577 -1513473 -7046569 -2470579 1788487 116442 -125763 -43520 -28825 -3241 103710 -10483 -3187 126972 -5395 -2212 -2106 355 -420 -4410 814 -40 -21 -20 -1 2 0 0 -2 -58 1 -48 50 0 0 -9 -8 -2 -1 -14 0 0 2 10 0 0 12 -5 -8 3 0 1 -2 0 -1 0 1 1583836345
1042562361 875527077 -1865736212 -1020575721 3457953 1041124441 -1950235 332321 -9174112 311322 101693 -147576 12476 -27453 -803298 537780 -8085 -27982 3209 -33246 308 -60916 -1246 220 45 -377 7 7 9 -46 0 53 -3 -109 0 -3 0 -6 -3 -7 30 -34 3 0 2 1 0 -2 0 0 0 0 0 -10 0 0 0 0 -1 0 1583836345
-16076923 -15494820 21941089 5115833 -4754717 -7523998 -2105237 -142450 124857 -126983 -43589 -20673 -3677 15486 -11364 -3678 -7352 -2934 -979 -618 -263 -130 -48 -240 -3 -24 -12 -6 1 0 0 1 -4 0 1 0 0 0 -1 -1 0 0 0 0 0 0 0 0 0 0 0 0 0 0 0 0 0 0 0 0 1583836345
77382663 63196319 -144796247 -84934759 5514782 85064244 -2965939 -101711 -823611 -90175 -31453 -232657 -1665 261614 -33485 24139 -941 4370 -636 -192 -283 -5845 59 -278 -5 836 -20 -9 19 7 0 -3 -8 0 -1 6 0 -1 -1 -4 0 -8 -3 0 -2 3 -1 -3 -3 0 0 0 1 2 0 0 0 0 -1 0 1583836345
-16050189 -15464858 21857692 5528337 7755399 -7286976 -3251631 -143321 120244 -129584 -44607 -26145 -2457 342146 -10727 -3051 5274 -2639 -1084 -641 -367 -107 427 -367 -4 -24 -8 -5 1 0 0 1 -12 0 -3 11 0 -1 1 -5 -1 0 -5 0 -2 0 0 -1 0 1 0 0 0 0 0 0 0 0 0 0 1583836345
-15852007 -15293278 21507967 5056275 -615074 -7218227 669682 -137712 128752 -119111 -39445 -6138 -4942 -29255 -11945 -3603 22516 -2924 -1246 -731 -79 -244 -2359 3267 -27 0 -101 -8 0 0 0 0 -29 0 18 0 0 0 -2 2 0 0 0 4 6 0 -3 8 -6 -5 6 -2 -1 0 2 1 0 1 0 -1 1583836345
33086225 26284712 -66507451 -42132426 3296718 41748428 2729511 -112887 7191 -93816 -29969 364924 -4495 -50274 -49340 4134 -8949 2277 -798 57 -176 -3248 -630 -264 6 1124 -28 -46 -4 -7 0 9 0 -15 -3 0 0 -3 4 0 -1 -5 -2 0 0 2 0 0 0 0 0 0 0 0 0 0 0 0 -1 0 1583836345
14266390 9912898 -31912921 -24410276 -7561957 22219795 -1822097 -128400 -305222 -113366 -38957 -318611 -4010 -63085 -49324 37661 -7550 -1404 -860 -1328 -210 -2087 -86 -286 -4 -19 -13 -1 8 -2 0 4 0 -3 3 0 0 0 0 0 4 0 0 0 0 -1 0 0 0 0 -1 0 0 0 0 1 0 0 0 0 1583836345
-12803956 -12653843 15931437 2095483 -922761 -4136595 771231 -136272 159194 -117705 -38944 59529 -4860 -38616 -14784 8094 -8261 -5048 -1209 3932 -225 6372 -521 -89 -1 24 -20 -18 -5 -13 0 -3 -1 -2 -3 2 0 7 3 -2 0 -1 -2 1 0 0 0 0 0 0 0 0 0 0 0 0 0 0 0 0 1583836345
-16021304 -15450699 21851422 4971690 -7453704 -7516774 -1861827 -142255 122203 -126406 -43365 -22337 -3939 -54484 -10787 -3991 -3099 -2300 -1004 -372 -204 -204 -203 -184 -4 -7 -14 -7 1 0 0 1 -2 0 -2 5 0 0 0 -3 -1 0 -1 0 0 0 0 0 0 1 0 0 0 0 0 0 0 0 0 0 1583836345
24502340 18744016 -50579087 -34141424 -3903496 32816133 -2148818 -124513 -151911 -110530 -38179 131952 -2731 26749 -96136 46178 -8665 -4564 -802 -2630 -259 -2568 -53 -216 0 219 -20 -13 0 1 0 0 -2 5 1 0 0 -1 -1 -2 0 -5 0 0 0 -2 0 -2 -2 0 0 0 0 1 0 0 0 0 0 0 1583836345
-6173543 -7165518 4269791 -4061639 6861291 2432222 2933996 -129213 5641 -108460 -34493 -79549 -5794 23962 -24655 10862 -7657 -637 -1054 345 -245 1385 -1298 124 -4 -8 -22 -7 0 0 0 2 -8 0 -7 -2 1 0 -10 5 0 -2 -1 0 3 1 4 1 -1 -2 0 -2 0 0 -2 1 0 0 0 0 1583836345
-15817849 -15274039 21474799 4840037 -5701599 -7279308 -951969 -140615 123744 -123754 -41966 -15393 -4332 -59543 -12135 -3474 -9395 -2922 -976 -595 -232 -156 -58 -301 -2 0 -15 -7 1 0 0 1 0 0 2 0 0 -1 1 0 0 0 0 0 0 0 0 0 0 0 0 0 0 0 0 0 0 0 0 0 1583836345
186305547 155433275 -340071943 -190378711 -3914772 193894082 -1143651 -53033 -1210982 -42560 -15503 1232403 1060 -60089 -323396 183038 -9466 19946 -327 9553 -42 49938 -206 -157 21 43 -11 -15 -14 -8 0 -5 3 -6 1 0 0 6 0 -5 19 -9 1 0 0 3 0 -4 -5 0 0 0 0 -3 0 0 0 0 0 0 1583836345
-16054808 -15480178 21914309 4987315 -7885863 -7561219 -1820004 -142227 120996 -126316 -43327 -27747 -3994 -65790 -11077 -3695 -8155 -3011 -969 -622 -226 -146 51 -299 -2 -19 -12 -6 1 0 0 1 1 0 2 -1 0 0 0 -1 0 0 0 0 0 0 0 0 0 0 0 0 0 0 0 0 0 0 0 0 1583836345
-16067743 -15489267 21933739 5005266 -7878634 -7570463 -1822026 -142256 121552 -126335 -43335 -23698 -3984 -65523 -11229 -3778 -5747 -2986 -986 -624 -214 -154 -36 -330 -3 10 -13 -5 4 -1 0 2 2 0 2 -1 0 -1 0 -1 0 0 0 0 0 0 0 0 0 0 0 0 0 0 0 0 0 0 0 0 1583836345
-15931374 -15339951 21620253 4953031 -7148841 -7396913 -1892345 -142456 125582 -126513 -43406 -10996 -3884 -46296 -12286 -3668 -74 -3251 -1023 -773 -196 -163 794 -376 -4 44 -9 -8 1 0 0 2 3 0 -7 -6 0 -1 4 -1 0 0 2 0 -1 0 0 0 0 0 0 0 0 0 0 0 0 0 0 0 1583836345
134276822 111206064 -246464651 -140249587 -1816183 141627295 273782 -72153 -1141698 -58625 -19744 208676 -2149 -64749 -104276 51635 -6716 -3989 -503 -1358 -117 277 -500 -262 2 551 -21 -18 -3 7 0 -13 -2 6 0 -2 0 -1 3 0 -2 -14 1 0 0 -1 0 -2 -2 0 0 0 0 1 0 0 0 0 -2 0 1583836345
-15933275 -15370110 21679122 4943654 -5854191 -7392621 -1135625 -140960 127827 -124318 -42253 -10742 -4235 -54277 -10269 -4462 -9135 86 -968 554 -226 -330 -84 -294 -2 -41 -12 -8 -1 0 0 1 0 0 0 -1 0 -1 1 0 0 0 0 0 0 0 0 0 0 0 0 0 0 0 0 0 0 0 0 0 1583836345
-1265342 -2988075 -4545380 -9231901 -6020103 7209899 -1144203 -134625 32811 -118431 -40344 87222 -3845 -61381 -45940 14724 -4231 -1526 -934 -801 -194 -1166 -278 184 -4 130 -26 -10 2 -1 0 2 -5 -1 0 1 0 -1 -1 -2 1 -2 0 -1 0 0 0 0 0 0 1 -1 0 0 0 1 0 0 0 0 1583836345
-16076545 -15493006 21937653 5099426 -5489305 -7540522 -820423 -140506 121050 -123478 -41797 -27969 -4419 -61269 -10837 -3701 -9856 -2872 -977 -565 -233 -140 -128 -211 -2 -19 -15 -6 1 0 0 1 -1 0 2 0 0 0 -2 0 0 0 -1 0 1 0 1 0 0 0 0 0 0 0 0 0 0 0 0 0 1583836345
7399989 4375637 -20190869 -16505112 23662358 16349491 10444337 -110565 -27476 -81821 -21356 139873 -8465 24095 -62707 25511 -9877 -1051 -1059 -1705 -231 -1567 -2704 -293 0 364 -22 -7 10 1 0 1 5 1 3 0 2 1 -19 2 11 -3 4 -3 7 2 3 1 -3 3 0 -3 0 0 2 -1 0 0 0 -1 1583836345
9099165 5603469 -22778166 -19333163 -6244540 17179991 -876151 -129243 -228387 -112956 -38321 -230095 -4388 -78770 -38115 38221 -9290 -1843 -1130 4995 -201 25338 -91 -269 0 -587 -2 1 -4 -10 0 -1 1 -4 2 0 0 5 0 0 -2 -1 0 0 0 -1 2 0 0 0 0 0 0 0 0 0 0 0 0 0 1583836345
35668549 28155947 -70513173 -45022506 -6765246 43839998 -1882441 -119482 -255803 -105396 -36490 235709 -2680 -50489 -8718 11536 -1837 934 -1259 12353 -135 55435 2471 -316 6 -955 10 3 -18 -6 0 -1 4 -6 0 -2 0 5 1 0 -2 3 0 0 0 2 0 0 0 0 0 0 0 0 0 0 0 0 0 0 1583836345
-15820944 -15282684 21490664 4862447 -5067550 -7282239 -763625 -140255 117383 -123192 -41660 -26779 -4421 -54618 -11528 -3286 -6222 -3111 -1004 -684 -219 -151 -220 -161 -4 19 -14 -7 1 0 0 1 0 0 -2 2 0 -1 0 -3 0 0 -4 0 0 0 0 0 0 0 0 0 0 0 0 0 0 0 0 0 1583836345
-16047084 -15459027 21848864 5424743 4599608 -7335044 2767185 -134082 124533 -113170 -36224 -20143 -5851 -12945 -10956 -3454 285 -3160 -1124 -726 -198 -128 -711 97 -5 -24 -20 -6 1 0 0 1 0 0 -7 11 0 0 -4 -6 -1 0 -8 0 3 0 3 0 0 1 0 0 1 0 0 0 0 0 0 0 1583836345
81750138 66572190 -151983029 -89792788 -4428039 88847548 -844352 -95956 -1043784 -82225 -28007 -591260 -3853 -53701 105880 -56970 -9811 -11230 -673 -3112 -189 -4893 -197 -261 -6 -516 0 69 43 49 0 -59 3 76 5 0 0 -1 0 1 -2 -8 1 0 0 2 0 -3 -3 0 0 0 0 -1 0 0 0 0 0 0 1583836345
130777673 107962271 -239633082 -137369283 -6288047 137671084 -1841975 -75903 -1288803 -65224 -23036 -225452 -1998 -58903 -222800 149484 -596 -10466 -486 -7541 -139 -8742 -630 -31 0 -792 -4 138 63 132 0 -162 5 164 6 0 0 -3 1 6 1 -44 -2 -1 1 3 -1 -3 -7 -1 0 0 -1 1 0 0 0 -1 0 0 1583836345
69377272 76079562 -169460219 -77560863 -2415473 64676228 -2317392 -106401 -873085 -92648 -32545 628672 -1075 48642 47328 -46522 35635 19126 -1314 18994 83 48180 -2156 459 -23 -1184 -4 4 -34 0 0 -9 -20 18 -15 30 0 7 -7 -5 -12 6 -7 1 -1 2 6 -1 0 3 -2 0 1 -8 0 0 0 -2 4 0 1583836345
136493716 112655225 -249607894 -142996425 -6092776 142920715 -1850642 -72770 -1545509 -62204 -21872 -789046 -2865 -51998 -185696 153542 -6074 -6252 -460 -5825 -162 -9241 -320 -125 0 -633 -3 8 2 -9 0 11 -4 -22 0 0 0 -1 0 0 0 -11 0 0 0 -1 0 0 0 0 0 -1 0 0 0 0 0 0 0 0 1583836345
-15603751 -15074857 21034136 5113120 8057165 -6811556 -3282850 -143188 132259 -129525 -44613 6871 -2375 344613 -13475 -2817 11663 -2689 -1130 -714 -335 -151 -1332 526 -10 -5 -29 -6 1 0 0 0 -25 0 0 3 2 1 -20 -4 -1 0 0 1 -5 0 5 -1 0 -4 0 3 0 0 0 0 0 -1 0 1 1583836345
-15365424 -14888462 20656756 4464189 -4328242 -6791416 -2144932 -142255 122732 -126823 -43551 6645 -3578 25746 -14051 -3137 -5015 -2578 -991 -529 -255 -200 -209 -70 -5 152 -21 -12 1 -1 0 2 -6 -1 1 0 0 0 -4 -1 0 0 0 0 -1 0 0 0 0 -1 0 0 0 0 0 0 0 0 0 0 1583836345
-16019491 -15445438 21842044 4954067 -7850931 -7512214 -1797602 -142180 128973 -126262 -43303 -10479 -3963 -65890 -12170 -3782 15246 -3593 -1139 -939 -111 -193 -1347 -621 -6 -9 0 -6 1 0 0 2 5 0 15 -1 0 0 4 17 3 0 -4 -8 -5 0 -2 2 -1 -3 -7 0 4 0 1 2 0 0 0 0 1583836345
-14058405 -13770159 18297850 3085184 -7866239 -5512079 -1814152 -141477 136777 -125601 -43112 62377 -3810 -66530 -17500 -3115 -4518 1314 -971 927 -194 -547 -228 -342 -3 143 -13 -15 -3 0 0 2 0 -2 4 0 0 -1 1 3 0 -2 0 -1 -1 0 0 0 0 0 -1 0 0 0 0 0 0 0 0 0 1583836345
-15801410 -15245864 21422441 4757087 -7885247 -7266183 -1819923 -142196 141500 -126291 -43336 34450 -3884 -66241 -13344 -4757 -7844 -324 -953 199 -216 -314 -28 -230 -2 27 -17 -8 0 0 0 1 -1 -1 0 1 0 0 0 0 1 0 0 0 0 0 0 0 1 0 0 0 0 0 0 0 0 0 0 0 1583836345
-15916774 -15352429 21626012 5225769 2570408 -7242435 2731237 -134223 122729 -113301 -36363 -21577 -5948 -60233 -11264 -3338 -9950 -3079 -1045 -651 -226 -117 -1010 -317 -1 -24 -11 -6 1 0 0 1 -2 0 -3 -1 0 0 -2 3 0 0 4 -1 2 0 -1 1 -1 2 0 0 -1 0 4 -1 0 0 0 -1 1583836345
-11391317 -11550112 13578513 671210 -2041030 -2840431 459118 -136106 82454 -117885 -39203 -19155 -4889 -55343 22404 -14903 -6387 64166 -864 24984 -36 -4461 -928 241 0 -671 -15 -27 -61 13 0 -6 -5 7 0 1 0 -1 -2 3 -15 -14 2 0 0 8 -4 -1 -2 0 1 0 -2 0 0 2 0 1 0 3 1583836345
-15955365 -15394913 21733465 4904346 -7455402 -7451207 -1861487 -142213 123075 -126377 -43355 -22208 -3938 -54479 -11556 -3605 -4422 -3021 -993 -649 -213 -164 934 -293 -3 -23 -12 -6 1 0 0 1 1 0 -1 0 0 -1 0 -2 0 0 0 0 0 0 0 0 0 0 0 0 0 0 0 0 0 0 0 0 1583836345
-16031068 -15427091 21748760 6080100 23341860 -7000256 10721614 -120170 123867 -90476 -24030 -19165 -9239 17711 -10290 -2997 -12686 -3131 -1182 -671 -257 -39 333 -277 0 -28 -7 -6 1 0 0 2 15 0 2 -2 0 0 -8 -9 -2 0 -6 -1 0 0 -1 0 0 0 0 0 0 0 0 0 0 0 0 0 1583836345
-14178003 -13757425 18276926 3533420 -356900 -5390189 1046864 -136763 206819 -117678 -38800 151175 -4846 -40927 -22399 -3984 -5386 653 -1018 659 -204 -475 -768 -140 -2 432 -27 -24 -4 -1 0 3 -1 -5 1 1 0 -1 0 0 0 -1 -4 1 3 0 0 0 0 1 0 0 0 1 1 0 0 0 0 0 1583836345
-15228308 -14727501 20300348 4807998 8672597 -6376171 3827674 -131907 156880 -109884 -34490 75354 -6068 24224 19067 -18343 -8859 55628 -946 21803 -103 -3664 -1338 -259 2 -440 -6 -32 -54 5 0 2 8 -2 4 0 1 -1 -7 -2 -14 -10 -1 0 0 8 0 0 0 0 0 0 0 0 0 0 0 0 -1 0 1583836345
-15918501 -15343574 21600050 5406435 7461038 -7150111 4501712 -131099 128126 -108236 -33613 -8957 -6629 -32457 -11772 -3349 -6884 -3173 -1103 -708 -219 -105 -1233 -132 -2 -11 -21 0 10 -1 0 2 9 0 3 0 0 -1 1 -5 -2 0 -3 1 0 0 0 0 0 0 0 0 0 0 0 0 0 0 0 0 1583836345
-15702299 -15174987 21269550 4654636 -7870882 -7191749 -1821051 -142111 127506 -126208 -43298 -2672 -3944 -65659 -13073 -3564 -7353 -2783 -971 -554 -221 -185 -45 -245 -3 39 -17 -9 1 0 0 1 -2 0 0 1 0 0 0 0 0 0 0 0 0 0 0 0 0 0 0 0 0 0 0 0 0 0 0 0 1583836345
-16044227 -15466031 21885694 4977337 -7874121 -7538425 -1820985 -142230 128605 -126333 -43336 -12852 -3967 -65572 -11917 -3870 -7225 -2993 -975 -622 -221 -152 -26 -304 -2 -22 -15 -6 1 0 0 1 -1 0 1 0 0 0 0 0 0 0 1 0 0 0 1 0 0 0 0 0 0 0 0 0 0 0 0 0 1583836345
-16008059 -15439562 21828793 4939725 -7876600 -7509801 -1823446 -142205 124324 -126313 -43330 -20909 -3977 -65484 -11573 -3695 -3044 -3140 -1006 -694 -201 -159 -289 -240 -4 -24 -17 -6 1 0 0 1 -1 0 0 5 0 0 0 1 0 0 0 -2 -1 0 0 0 0 0 0 1 1 0 -1 0 0 0 0 0 1583836345
90511094 71746244 -163170787 -97972967 -5954340 100738894 -1905775 -95656 -298511 -83885 -29544 963064 -544 -46608 -121461 24659 692 13214 -444 1931 -73 -7371 -271 256 9 246 -28 -3 -2 20 0 -23 -1 36 -3 1 0 -2 1 0 -10 -4 0 0 0 -6 0 3 2 0 1 0 -1 -6 1 0 0 1 -4 1 1583836345
17399974 12977863 -38317839 -27075897 -7393504 26193434 -1839357 -128808 103068 -113655 -39344 735358 -2147 -65640 -101095 22910 -7990 15778 -678 3805 -153 -3279 -117 -257 1 1096 -30 -50 -12 -3 0 5 0 -10 0 -1 0 -2 0 1 -4 -9 2 0 0 1 0 2 2 0 0 0 0 -1 1 -1 0 0 0 0 1583836345
11003459 7436283 -26606679 -21282992 -7438962 19314006 -1837683 -129938 -10433 -115267 -39648 -37750 -3568 -60710 -57172 29506 -7531 3486 -854 950 -196 -2224 128 -273 3 109 -14 -12 -2 0 0 1 0 0 0 -1 0 -1 0 0 -1 -4 0 0 0 0 0 0 0 0 0 0 0 0 0 0 0 0 0 0 1583836345
5509802 2821295 -16843851 -15564192 1809986 14109451 -2688369 -133348 48955 -119634 -41258 86729 -2543 178677 -29836 6883 -5613 14585 -869 5512 -278 -2441 -409 300 -1 180 -28 -20 -9 -1 0 3 -7 -5 0 -4 0 -1 -3 0 -5 0 -1 -1 0 0 0 -1 -1 0 2 0 0 -2 0 0 0 0 0 0 1583836345
-15400892 -14897313 20681235 4483590 -4973620 -6800030 -2085016 -142273 146079 -126763 -43532 48368 -3571 8992 -16495 -3656 -7521 -2682 -969 -561 -259 -191 -73 -206 -3 145 -18 -12 0 -1 0 2 -4 -1 1 0 0 0 -1 -1 0 0 0 1 -1 0 0 0 0 0 0 0 0 0 0 0 0 0 0 0 1583836345
-15663097 -15146635 21208725 4609444 -7881945 -7161513 -1820056 -142064 123916 -126173 -43284 -12206 -3961 -65878 -12450 -3500 -8214 -2737 -965 -535 -225 -187 53 -297 -2 1 -12 -7 1 0 0 1 1 0 2 -1 0 0 0 -1 0 0 0 0 0 0 0 0 0 0 0 0 0 0 0 0 0 0 0 0 1583836345
-15674094 -15154450 21224549 4643669 -7454084 -7161097 -1861446 -142135 123183 -126284 -43329 -6697 -3906 -54568 -12916 -3434 -3475 -2865 -998 -608 -207 -194 478 -345 -3 19 -10 -8 1 0 0 1 0 0 -3 -4 0 -1 2 0 0 0 1 0 0 0 0 0 0 0 0 0 0 0 0 0 0 0 0 0 1583836345
144447959 125302666 -275623029 -150677788 -2489729 146845823 -2187353 -69589 -1767823 -59510 -21069 -812881 -2468 34575 -49632 62921 -8241 1555 -412 -1054 -176 -9695 -314 -122 -6 -1072 2 13 -8 -7 0 9 -3 -16 0 0 0 0 0 2 -7 27 0 1 0 -7 1 -1 -4 0 0 0 -1 -1 1 0 0 -1 7 -1 1583836345
8997722 5624643 -22859581 -18086334 26962618 17794830 11773418 -106876 -115535 -76981 -18889 -88395 -9368 41645 -49582 27645 -10454 -2570 -1135 -1246 -244 -1614 -2697 -524 2 -180 0 -3 0 -1 0 3 15 -3 0 -8 0 -1 3 -7 -2 -1 1 -1 -3 -2 -1 0 0 0 0 0 0 0 0 0 0 0 0 0 1583836345
203643204 168549131 -368170574 -208559941 -5460259 207758862 -1845121 -39901 -2980117 -31617 -11151 -2924358 -5491 -39347 41245 108084 -5747 1553 -362 -1552 -115 -13053 -374 -172 -12 -1199 15 54 35 -3 0 1 -1 -23 1 -1 0 0 0 0 -4 1 0 0 0 4 0 0 0 0 0 0 0 0 0 0 0 0 2 -1 1583836345
-15911848 -15358830 21657593 4848580 -7856645 -7414767 -1827707 -142172 122595 -126284 -43322 -21594 -3972 -64808 -11645 -3598 131 -3184 -1028 -725 -185 -173 -369 -305 -4 -15 -10 -6 1 0 0 1 3 0 0 4 0 0 0 -2 0 0 1 0 1 0 -1 0 0 0 0 0 0 0 0 0 0 0 0 0 1583836345
256297266 213109923 -462515261 -259691276 -4831938 260257910 -1867376 -16108 -3150639 -10408 -4230 -2573390 -4065 -37652 134725 23531 6743 -12118 -264 -5560 -35 -14938 -1015 323 -8 -1626 14 51 24 -18 0 18 1 -46 -1 6 0 0 -1 1 -3 2 0 -1 -2 5 0 3 2 -3 1 1 -1 2 0 0 0 1 -2 0 1583836345
-16073409 -15379020 21711839 5082043 -5570805 -7614545 -2049918 -142422 120257 -126861 -43550 -24324 -3739 -4644 -11171 -3606 22889 -3634 -1185 -981 -102 -211 3465 130 -11 -37 -11 -5 1 0 0 1 3 0 -6 7 0 0 -1 -3 0 0 2 3 0 0 3 5 -4 0 0 -1 -1 0 3 -2 0 0 0 0 1583836345
-15752064 -15128163 21151637 5437890 9093001 -6899517 -3373435 -143849 127125 -129935 -44753 13091 -2273 371635 -12193 -3632 -3383 -294 -1016 257 -419 -225 -467 -453 -2 71 -3 -10 0 0 0 2 -1 -1 2 -1 0 0 -6 -3 -1 0 -1 -1 -1 0 -1 0 0 1 0 0 0 0 0 0 0 0 0 1 1583836345
13729993 9858684 -31726836 -23529063 2787092 22425794 -2772001 -129720 105380 -116684 -40342 253991 -2052 201783 73549 -75968 -4545 -5552 -877 -751 -316 -1315 -237 -485 3 319 -8 0 8 14 0 -15 4 29 5 -5 0 0 -5 -3 0 1 0 0 -1 1 -2 2 2 0 0 0 0 3 0 0 0 0 0 0 1583836345
-15798515 -15259113 21442613 4838862 -5150134 -7247528 -2069005 -142326 124231 -126800 -43527 -9584 -3694 5047 -8418 -5128 -7937 3630 -958 1892 -243 -542 -16 -330 -2 -15 -11 -11 -4 0 0 1 0 0 2 -2 0 0 -1 0 -1 0 0 0 0 0 0 0 0 0 0 0 0 -1 0 0 0 0 0 0 1583836345
6863527 3842023 -19020036 -17090171 -5028976 15232510 -1056754 -130696 -59439 -114713 -39020 25927 -3827 -45744 -53304 23383 -4952 1551 -904 300 -194 -1848 -279 -2 -3 259 -24 -13 -1 4 0 -4 -3 6 -1 -1 0 -1 0 0 0 -4 1 0 0 -1 0 0 -1 0 1 0 1 1 0 0 0 0 0 0 1583836345
-15783510 -15208484 21292223 5764296 20872970 -6774868 9874234 -121633 132252 -92854 -25340 14794 -8835 5183 -12115 -3386 -8082 -2487 -1188 -643 -229 -102 -825 -485 0 6 -7 -5 2 0 0 2 13 0 -1 -4 -1 -2 7 -5 0 0 1 0 -2 0 -1 0 0 0 0 0 0 0 0 0 0 0 0 0 1583836345
-16050989 -15458891 21851982 5375701 2978585 -7358214 3018998 -133824 129172 -112564 -35954 -10289 -6052 -60982 -11492 -3680 -2050 -3086 -1098 -669 -184 -145 2189 -129 -3 -25 -12 -6 1 0 0 1 -3 0 1 6 1 0 -8 -3 -1 0 0 -1 0 0 0 2 -1 2 0 -1 1 0 4 -4 0 0 0 0 1583836345
-16081024 -15495927 21948144 5033627 -7307554 -7564299 -1544599 -141771 129444 -125565 -42923 -11751 -4088 -66429 -11926 -3906 -8152 -3061 -974 -643 -224 -141 -49 -214 -3 -21 -14 -6 1 0 0 1 -1 0 2 0 0 0 0 0 0 0 -1 0 1 0 0 0 0 0 0 -1 0 0 0 0 0 0 0 0 1583836345
-15967913 -15383479 21688738 5384760 5315246 -7231688 3581725 -132755 129252 -110889 -35030 -6046 -6230 -34608 -11499 -3684 -8682 -2426 -1064 -405 -227 -154 1584 -298 0 -10 -9 -7 0 0 0 2 5 0 1 1 0 -1 4 -2 0 0 -1 0 0 0 0 0 0 0 0 0 0 0 0 0 0 0 0 0 1583836345
535176359 448199996 -960568709 -528078903 29887473 537802990 11140462 128948 -5383063 140461 53000 -1018910 -2453 34893 -611521 460887 5406 -17400 803 -21143 74 -23127 9065 1456 7 -2023 -20 79 23 2 0 1 -4 -10 -2 13 0 0 2 -11 24 -27 -5 1 3 -3 4 9 6 -2 0 0 0 6 0 1 0 0 0 0 1583836345
2452901 507134 -11875206 -12930440 -7658262 11111808 -1833414 -134206 263062 -119306 -41041 197829 -3310 -65194 -38220 7660 1662 18532 -872 6226 -110 -2553 -423 -375 6 568 -15 -33 -14 0 0 5 11 -6 3 -4 0 -1 0 -3 4 -1 0 0 2 3 0 0 0 0 0 0 0 -3 1 0 0 0 0 0 1583836345
-15526462 -14987858 20881966 4448744 -7802124 -6999106 -1832386 -141925 161954 -126181 -43287 -9864 -3941 -63588 -13151 -3135 1735 -3203 -1037 -761 -178 -201 -387 -248 -3 29 -11 -6 4 -1 0 1 0 0 0 5 0 0 0 -1 0 0 -1 -1 0 0 -2 -1 0 0 0 0 0 0 0 0 0 0 0 0 1583836345
-12411413 -11660799 13980022 1078277 -7802156 -3565973 -1829416 -139585 673783 -125474 -43038 149449 -3631 -65531 -25371 -1388 -1813 -211 -919 -1392 -186 -442 -268 -254 17 344 -20 -8 12 -1 0 3 1 -4 0 4 0 -1 -1 -4 12 0 2 -1 1 0 -1 0 0 0 0 -1 0 0 0 0 0 0 0 0 1583836345
-15646411 -15129028 21169001 4659910 -5943685 -7107538 -2010310 -142212 126711 -126616 -43465 -7435 -3746 -14833 -12968 -3268 14186 -3379 -1115 -863 -139 -231 4993 179 -8 -24 -20 -7 1 0 0 1 4 0 2 -1 0 -1 1 -3 0 0 2 0 0 0 0 2 -2 0 2 0 0 0 0 0 0 0 0 0 1583836345
-14878050 -14459901 19746647 4126512 -707557 -6216275 -2474687 -142337 134838 -127430 -43812 52454 -3146 118384 -14861 -3956 -8262 399 -937 -18 -311 -330 -147 -397 -1 117 -12 -7 3 0 0 2 1 -1 3 -3 0 0 -2 -3 5 0 0 0 0 0 0 0 0 0 0 0 0 0 0 0 0 0 0 0 1583836345
-15963931 -15397343 21731385 5066859 -3176051 -7384173 -120711 -139167 124080 -121413 -40683 -17940 -4667 -44304 -7075 -6216 -9592 -331 -988 440 -231 -283 -296 -178 -2 -31 -17 -8 -1 0 0 1 -1 0 -2 0 0 -1 0 -1 -1 0 -2 0 0 0 0 0 0 0 0 0 0 0 0 0 0 0 0 0 1583836345
-13631634 -13379959 17445949 3167758 5297594 -4966506 2658990 -133341 75669 -112482 -36049 35629 -5626 7184 -14552 -2172 1193 2792 -1055 128 -189 -538 -1215 128 -7 65 -20 -8 -1 5 0 1 -4 5 -16 -2 0 -1 2 -1 -1 -1 -9 0 3 0 0 1 2 0 0 0 0 0 0 0 0 0 0 0 1583836345
-16055262 -15129424 21125337 7119486 36911264 -6636797 15335823 209623 118596 -77214 -16855 -28366 -11085 94764 -9153 -2671 -6530 -6080 177046 5969 179 148 -2044 -400 5 -37 9 -68 13 1 0 1 23 0 4 -6 40 0 4 -9 -2 0 0 -1 -2 0 0 0 0 -1 0 0 0 0 0 0 0 0 0 0 1583836345
-16088588 -15483955 21895733 5605675 8180626 -7312611 5077115 -130245 123774 -106694 -32786 -2416 -6891 -42727 -10917 -3872 -5062 -2175 -1102 -689 -201 -142 1426 -437 -1 -31 -7 -1 7 0 0 2 12 0 6 0 0 -1 4 -5 2 0 0 0 0 0 0 0 0 0 0 0 0 0 0 0 0 0 0 0 1583836345
-16067457 -15489463 21934532 4996986 -7885994 -7568961 -1819995 -142227 124796 -126327 -43332 -21280 -3983 -65828 -11402 -3796 -7752 -2994 -972 -618 -224 -148 28 -305 -2 -25 -14 -6 1 0 0 1 0 0 2 -1 0 0 0 -1 0 0 0 0 0 0 0 0 0 0 0 0 0 0 0 0 0 0 0 0 1583836345
-10968287 -11226549 12883075 217205 -5531412 -2645251 -990120 -138678 -45804 -121693 -41296 -71686 -4323 -54778 -15316 1773 -3974 -2056 -991 -579 -204 -507 -123 -167 -8 -49 -16 -5 1 0 0 1 -2 1 -2 0 0 -1 1 0 0 0 0 1 0 -1 0 1 -1 0 0 0 0 0 1 0 0 0 0 0 1583838187
-16085259 -15410216 21710270 6403520 27963476 -6950728 12834536 53762 119176 -84301 -20785 -28993 -10183 12775 -9350 -2873 -7765 -3259 -143 -692 -221 -24 -3330 897 -6 -22 -41 -6 1 0 0 1 -10 0 -11 -5 2 0 -14 2 0 0 -2 -2 4 0 1 5 -4 1 1 -9 0 0 -3 2 0 1 0 0 1583838187
-15845013 -15279100 21452560 5557764 13625613 -6975180 5502256 -129048 122941 -105192 -31900 -11616 -6887 48273 -11221 -3134 2367 -2738 -1193 -613 -210 -141 -76 34 -5 34 -23 -8 1 0 0 1 -3 0 -8 7 0 0 -6 -1 0 0 -4 0 4 0 0 2 -2 5 -1 2 0 0 2 0 0 0 -1 -1 1583838187
-15634547 -14943126 20806484 4794944 -6906582 -6869617 -1549589 -142374 234425 -125950 -43185 430521 -3331 -60313 54926 -44111 -5911 139735 -401 47640 155 -8311 -658 -27 5 -1200 -2 8 -46 14 0 0 0 3 -1 0 0 -1 0 -7 29 5 -1 0 1 -5 1 -1 0 0 0 0 0 1 0 0 0 0 3 -1 1583838187
-16092115 -15482530 21867147 6106117 22445240 -7082885 9904591 -121544 120062 -92776 -25233 -27977 -8851 38401 -9424 -3082 -4921 -2800 -1231 -578 -230 -74 -1695 153 -3 -28 -23 -3 4 0 0 1 2 0 -7 7 -1 -2 7 -9 -2 0 -3 2 -4 0 0 2 -2 -1 0 1 -1 0 0 0 0 0 0 0 1583838187
-16089698 -15500727 21946477 5271575 -814260 -7469921 560930 -137970 124924 -119485 -39617 -20780 -4925 -24809 -10899 -3723 -7476 -2693 -1024 -513 -236 -141 -195 -212 -2 -30 -14 -4 4 0 0 1 3 0 -2 -2 0 -1 4 -1 0 0 0 1 0 0 0 0 0 0 0 0 0 0 0 0 0 0 0 0 1583838187
-14617190 -14123436 19069903 3706571 -7887270 -5864849 -1819133 -142154 248864 -126233 -43410 338367 -3364 -68382 22686 -28639 -6187 83547 -631 29048 13 -5208 -415 -175 3 -545 -8 1 -20 5 0 1 0 -1 2 0 0 -1 0 -1 12 -1 0 -1 0 -1 0 0 0 0 0 0 1 5 0 1 0 0 2 0 1583838187
-16066491 -15485371 21926180 5001843 -7886257 -7566077 -1820010 -142250 124464 -126337 -43339 -11541 -3966 -65886 -11313 -4112 -7441 -2108 -964 -468 -220 -189 7 -308 -2 -27 -12 -5 2 0 0 1 0 0 2 -1 0 0 0 -1 1 0 0 0 0 0 0 0 0 0 0 0 0 0 0 0 0 0 0 0 1583838187
-16011542 -15418458 21788448 4975311 -7313604 -7456471 -1875883 -142320 150734 -126516 -43421 35758 -3825 -51114 -8854 -6622 904 5904 -997 2368 -164 -688 -440 -160 -4 -82 -16 0 7 0 0 1 -5 0 -2 6 0 0 -1 -3 0 1 -2 0 0 -1 2 0 0 1 0 0 0 0 0 0 0 0 0 0 1583838187
-15598222 -15094010 21091554 4640708 -5206516 -7060591 -681858 -140035 117966 -122886 -41525 -22245 -4465 -62385 -11257 -3665 -9913 -2707 -976 -511 -232 -176 -176 -254 -2 8 -16 -7 1 0 0 1 -2 0 1 1 0 0 -2 0 0 0 0 0 0 0 0 0 0 0 0 -1 0 0 0 0 0 0 0 0 1583838187
-13862919 -13663257 18052593 3161535 -127517 -5083161 1445320 -135676 170930 -116316 -38161 100595 -5176 -57187 262654 -197274 -8884 -3507 -1003 2398 -190 680 -682 -58 -6 270 -20 -2 15 0 0 -1 -4 -1 3 3 0 1 -4 0 0 29 -4 0 2 0 0 5 7 0 0 0 -1 -3 1 -1 0 1 0 1 1583838187
-16048589 -15456460 21857099 5196184 -1987072 -7426526 174465 -138682 137050 -120623 -40241 6599 -4731 -34019 -7938 -5912 -6023 4633 -1008 2285 -205 -594 -657 -156 -2 -88 -15 -8 -3 0 0 1 -6 0 1 2 0 0 -6 0 -2 0 0 1 0 -1 1 1 -1 0 0 -2 0 1 -1 0 0 0 0 0 1583838187
-16075550 -15493165 21942632 5011078 -7871054 -7575080 -1824048 -142259 124375 -126352 -43346 -12203 -3962 -65278 -10555 -4384 -978 -1146 -1009 -128 -186 -268 -344 -393 -4 -37 -5 -5 1 0 0 1 0 0 5 -1 0 0 0 2 2 0 0 2 2 1 3 -1 1 0 0 0 0 0 0 0 0 0 0 0 1583838187
-15897592 -15220859 21385304 4975721 -7763126 -7241933 -1840082 -142800 186470 -126721 -43588 308789 -3425 -64173 78059 -49965 12020 165426 -547 59265 315 -10024 -1584 -183 2 -1481 10 -25 -103 18 0 0 -2 3 -1 7 0 -1 -1 0 4 3 10 0 -1 3 5 -4 0 0 0 0 0 -1 0 1 0 -2 3 -1 1583838187
-16087553 -15498037 21950692 5079391 -6475319 -7561541 -636950 -140316 124290 -123040 -41601 -2628 -4522 -91191 -9525 -4827 -9065 720 -933 -232 -206 -290 -200 -253 -2 -49 -13 -4 2 0 0 1 0 0 2 1 0 0 0 0 3 0 -1 0 0 0 0 0 0 0 0 0 0 0 0 0 0 0 0 0 1583838187
-16088232 -15502973 21962373 5048300 -7165239 -7575236 -1890583 -142318 124580 -126511 -43408 -12073 -3889 -46700 -10775 -4266 3047 -1609 -1035 -311 -176 -254 1279 -419 -4 -40 -4 -3 5 0 0 1 0 0 -1 -5 0 -1 2 -1 1 0 0 0 0 0 0 0 0 0 0 0 0 0 0 0 0 0 0 0 1583838187
-15951573 -15258644 21335909 7447569 61851060 -6182383 26726931 -92398 158095 -44977 406 143133 -15751 90033 23019 -19736 13927 59425 -1468 20915 44 -3617 -7538 774 -4 -544 -30 -6 -32 7 0 0 -36 0 1 32 5 3 -40 -4 9 0 -25 8 5 4 13 -5 3 -7 0 3 2 0 0 0 0 0 0 1 1583838187
-16089817 -15500167 21943493 5311718 337145 -7450435 409735 -138123 124701 -119853 -39780 -20930 -4788 6192 -10532 -3794 -784 -2273 -1073 -387 -217 -180 -975 -284 -4 -33 -12 -4 3 0 0 1 -10 0 0 -6 0 0 -4 1 0 0 -1 1 -1 0 -1 0 0 -1 0 0 0 0 0 0 0 0 0 0 1583838187
-15863982 -15234648 21408620 4892482 -7547942 -7244174 -1852726 -142542 176271 -126597 -43503 196124 -3594 -58311 46241 -33825 -2599 106762 -658 38965 86 -6602 -75 -151 2 -974 -2 -24 -73 12 0 0 0 2 0 -1 0 -1 0 0 1 1 -1 0 0 1 0 -1 0 0 0 0 0 -1 0 0 0 1 -2 1 1583838187
-16090888 -15488903 21898925 5735832 12108128 -7251781 6334116 -127929 124339 -103053 -30811 -20807 -7420 -20866 -9983 -3557 -1981 -2387 -1157 -398 -193 -165 5128 -276 -1 -50 -8 -4 3 -1 0 1 -9 0 7 0 0 0 -6 6 0 0 3 1 1 0 1 0 0 0 0 2 0 0 0 -1 0 0 0 0 1583838187
-16078329 -15392401 21720215 5552149 2587361 -7355849 2037852 -80162 120194 -115347 -37380 -29759 -5571 -21090 -10535 -3456 -1822 -4514 80846 2379 -6 -76 7298 -258 0 -28 -4 11 -2 0 0 0 -7 0 6 0 -33 0 -11 3 0 0 1 0 0 0 0 -1 0 0 0 0 0 0 0 0 0 0 0 0 1583838187
-16017182 -15450073 21850317 4948151 -7892465 -7526186 -1818574 -142199 119970 -126293 -43319 -29759 -3999 -66292 -10184 -3965 -7840 -1662 -969 -107 -219 -230 -29 210 -5 -35 -25 -7 0 0 0 1 -3 0 4 -1 0 -1 1 0 0 0 -1 -1 0 0 0 0 0 0 0 0 1 0 0 1 0 0 0 0 1583838187
-16078396 -15489856 21919275 5341936 1345462 -7425798 1323678 -136618 121132 -117286 -38426 -26199 -5240 -13960 -10067 -3770 -6864 -1987 -1042 -246 -234 -179 -203 -376 -2 -23 -9 -7 0 0 0 1 0 0 -3 -3 0 -1 3 0 0 0 1 0 -1 0 0 0 0 0 0 0 0 0 0 0 0 0 0 0 1583838187
-16068393 -15492790 21940780 5000749 -7832261 -7574894 -1834411 -142246 120687 -126359 -43348 -28516 -3976 -63686 -10744 -3760 12073 -3038 -1115 -710 -127 -212 -924 -540 -6 -20 0 -5 1 0 0 2 5 0 6 -5 0 0 1 3 0 0 0 1 5 0 0 -1 0 -1 0 1 0 0 0 0 0 -1 0 0 1583838187
-16077857 -15498220 21952217 5022183 -7605255 -7577815 -1865242 -142298 121269 -126448 -43388 -26403 -3934 -57112 -10604 -3830 34872 -3156 -1279 -843 -17 -281 -1912 -640 -11 -13 8 -5 1 0 0 1 -7 0 -1 16 0 0 -3 1 0 0 17 0 -1 1 8 -5 3 0 0 0 -1 0 1 0 0 -1 0 0 1583838187
-15546831 -15047133 20997521 4522205 -7677592 -7029647 -1850801 -142117 123129 -126233 -43321 8212 -3887 -59933 -11054 -5478 17669 -3546 -1152 -908 -101 -223 -1072 -358 -9 165 -17 -7 7 -2 0 2 -2 -2 1 5 0 -1 0 -3 -1 0 2 0 0 0 -2 -2 1 0 0 -1 -1 0 0 0 0 0 0 0 1583838187
-15808193 -15270484 21468470 4799955 -6628997 -7283396 -2011527 -142356 121994 -126734 -43545 -9262 -3729 -30151 -11934 -3424 149076 -5356 -2106 -2143 534 -553 -6196 2286 -53 81 -51 -5 1 0 -1 0 -26 -1 8 33 -1 0 1 -8 -3 0 7 -8 -3 -2 -12 -8 5 -9 -1 0 -6 0 0 3 0 0 0 -1 1583838187
-16044274 -15465303 21882985 5005029 -7077799 -7524156 -1896037 -142289 128956 -126507 -43408 -11974 -3885 -45318 -11652 -3953 -1096 -2628 -1020 -511 -199 -189 -407 208 -6 -25 -25 -7 1 0 0 1 -9 0 2 1 0 0 -1 0 0 0 2 1 -1 0 0 2 -1 -1 1 -1 -1 0 0 0 0 0 0 0 1583838187
-16089621 -15502159 21944447 5385382 2517754 -7418118 -2296617 -142224 119587 -127203 -43518 -26649 -3215 181802 -10463 -3217 40279 -3514 -1326 -1499 -110 -178 -2276 1400 -22 -18 -55 -1 8 -1 0 0 -32 0 -4 21 0 -1 0 -8 -2 0 -5 7 -9 0 3 5 -4 -2 2 2 -2 0 2 1 0 -1 0 0 1583838187
-16086986 -15484103 21921744 5124016 -5931253 -7549327 -2000822 -142517 120568 -126783 -43507 -29924 -3807 -15945 -10885 -3603 -1584 -3169 -1021 -720 -217 -143 -236 735 -9 -24 -37 -3 1 0 0 1 -11 0 3 0 0 0 0 -2 0 0 -1 -2 -1 0 0 0 0 0 0 0 0 0 -1 0 0 0 0 0 1583838187
-9683895 -10269221 10739718 -262854 -7236918 -2689289 -1879901 -142170 -1082566 -122886 -42322 -83333 -3911 -49718 -16811 2712 1472 -2403 -1009 -749 -182 -590 -350 -239 -52 -64 -10 -4 2 0 0 1 -5 4 -3 3 0 -1 0 -2 0 0 -1 0 0 -1 0 0 0 1 0 -1 0 0 0 0 0 0 0 0 1583838187
-16006568 -14764081 20454950 6324577 -1513473 -7046569 -2470579 1788487 116442 -125763 -43520 -28825 -3241 103710 -10483 -3187 126972 -5395 -2212 -2106 355 -420 -4410 814 -40 -21 -20 -1 2 0 0 -2 -58 1 -48 50 0 0 -9 -8 -2 -1 -14 0 0 2 10 0 0 12 -5 -8 3 0 1 -2 0 -1 0 1 1583838187
1042562361 875527077 -1865736212 -1020575721 3457953 1041124441 -1950235 332321 -9174112 311322 101693 -147576 12476 -27453 -803298 537780 -8085 -27982 3209 -33246 308 -60916 -1246 220 45 -377 7 7 9 -46 0 53 -3 -109 0 -3 0 -6 -3 -7 30 -34 3 0 2 1 0 -2 0 0 0 0 0 -10 0 0 0 0 -1 0 1583838187
-16076923 -15494820 21941089 5115833 -4754717 -7523998 -2105237 -142450 124857 -126983 -43589 -20673 -3677 15486 -11364 -3678 -7352 -2934 -979 -618 -263 -130 -48 -240 -3 -24 -12 -6 1 0 0 1 -4 0 1 0 0 0 -1 -1 0 0 0 0 0 0 0 0 0 0 0 0 0 0 0 0 0 0 0 0 1583838187
77382663 63196319 -144796247 -84934759 5514782 85064244 -2965939 -101711 -823611 -90175 -31453 -232657 -1665 261614 -33485 24139 -941 4370 -636 -192 -283 -5845 59 -278 -5 836 -20 -9 19 7 0 -3 -8 0 -1 6 0 -1 -1 -4 0 -8 -3 0 -2 3 -1 -3 -3 0 0 0 1 2 0 0 0 0 -1 0 1583838187
-16050189 -15464858 21857692 5528337 7755399 -7286976 -3251631 -143321 120244 -129584 -44607 -26145 -2457 342146 -10727 -3051 5274 -2639 -1084 -641 -367 -107 427 -367 -4 -24 -8 -5 1 0 0 1 -12 0 -3 11 0 -1 1 -5 -1 0 -5 0 -2 0 0 -1 0 1 0 0 0 0 0 0 0 0 0 0 1583838187
-15852007 -15293278 21507967 5056275 -615074 -7218227 669682 -137712 128752 -119111 -39445 -6138 -4942 -29255 -11945 -3603 22516 -2924 -1246 -731 -79 -244 -2359 3267 -27 0 -101 -8 0 0 0 0 -29 0 18 0 0 0 -2 2 0 0 0 4 6 0 -3 8 -6 -5 6 -2 -1 0 2 1 0 1 0 -1 1583838187
33086225 26284712 -66507451 -42132426 3296718 41748428 2729511 -112887 7191 -93816 -29969 364924 -4495 -50274 -49340 4134 -8949 2277 -798 57 -176 -3248 -630 -264 6 1124 -28 -46 -4 -7 0 9 0 -15 -3 0 0 -3 4 0 -1 -5 -2 0 0 2 0 0 0 0 0 0 0 0 0 0 0 0 -1 0 1583838187
14266390 9912898 -31912921 -24410276 -7561957 22219795 -1822097 -128400 -305222 -113366 -38957 -318611 -4010 -63085 -49324 37661 -7550 -1404 -860 -1328 -210 -2087 -86 -286 -4 -19 -13 -1 8 -2 0 4 0 -3 3 0 0 0 0 0 4 0 0 0 0 -1 0 0 0 0 -1 0 0 0 0 1 0 0 0 0 1583838187
-12803956 -12653843 15931437 2095483 -922761 -4136595 771231 -136272 159194 -117705 -38944 59529 -4860 -38616 -14784 8094 -8261 -5048 -1209 3932 -225 6372 -521 -89 -1 24 -20 -18 -5 -13 0 -3 -1 -2 -3 2 0 7 3 -2 0 -1 -2 1 0 0 0 0 0 0 0 0 0 0 0 0 0 0 0 0 1583838187
-16021304 -15450699 21851422 4971690 -7453704 -7516774 -1861827 -142255 122203 -126406 -43365 -22337 -3939 -54484 -10787 -3991 -3099 -2300 -1004 -372 -204 -204 -203 -184 -4 -7 -14 -7 1 0 0 1 -2 0 -2 5 0 0 0 -3 -1 0 -1 0 0 0 0 0 0 1 0 0 0 0 0 0 0 0 0 0 1583838187
24502340 18744016 -50579087 -34141424 -3903496 32816133 -2148818 -124513 -151911 -110530 -38179 131952 -2731 26749 -96136 46178 -8665 -4564 -802 -2630 -259 -2568 -53 -216 0 219 -20 -13 0 1 0 0 -2 5 1 0 0 -1 -1 -2 0 -5 0 0 0 -2 0 -2 -2 0 0 0 0 1 0 0 0 0 0 0 1583838187
-6173543 -7165518 4269791 -4061639 6861291 2432222 2933996 -129213 5641 -108460 -34493 -79549 -5794 23962 -24655 10862 -7657 -637 -1054 345 -245 1385 -1298 124 -4 -8 -22 -7 0 0 0 2 -8 0 -7 -2 1 0 -10 5 0 -2 -1 0 3 1 4 1 -1 -2 0 -2 0 0 -2 1 0 0 0 0 1583838187
-15817849 -15274039 21474799 4840037 -5701599 -7279308 -951969 -140615 123744 -123754 -41966 -15393 -4332 -59543 -12135 -3474 -9395 -2922 -976 -595 -232 -156 -58 -301 -2 0 -15 -7 1 0 0 1 0 0 2 0 0 -1 1 0 0 0 0 0 0 0 0 0 0 0 0 0 0 0 0 0 0 0 0 0 1583838187
186305547 155433275 -340071943 -190378711 -3914772 193894082 -1143651 -53033 -1210982 -42560 -15503 1232403 1060 -60089 -323396 183038 -9466 19946 -327 9553 -42 49938 -206 -157 21 43 -11 -15 -14 -8 0 -5 3 -6 1 0 0 6 0 -5 19 -9 1 0 0 3 0 -4 -5 0 0 0 0 -3 0 0 0 0 0 0 1583838187
-16054808 -15480178 21914309 4987315 -7885863 -7561219 -1820004 -142227 120996 -126316 -43327 -27747 -3994 -65790 -11077 -3695 -8155 -3011 -969 -622 -226 -146 51 -299 -2 -19 -12 -6 1 0 0 1 1 0 2 -1 0 0 0 -1 0 0 0 0 0 0 0 0 0 0 0 0 0 0 0 0 0 0 0 0 1583838187
-16067743 -15489267 21933739 5005266 -7878634 -7570463 -1822026 -142256 121552 -126335 -43335 -23698 -3984 -65523 -11229 -3778 -5747 -2986 -986 -624 -214 -154 -36 -330 -3 10 -13 -5 4 -1 0 2 2 0 2 -1 0 -1 0 -1 0 0 0 0 0 0 0 0 0 0 0 0 0 0 0 0 0 0 0 0 1583838187
-15931374 -15339951 21620253 4953031 -7148841 -7396913 -1892345 -142456 125582 -126513 -43406 -10996 -3884 -46296 -12286 -3668 -74 -3251 -1023 -773 -196 -163 794 -376 -4 44 -9 -8 1 0 0 2 3 0 -7 -6 0 -1 4 -1 0 0 2 0 -1 0 0 0 0 0 0 0 0 0 0 0 0 0 0 0 1583838187
134276822 111206064 -246464651 -140249587 -1816183 141627295 273782 -72153 -1141698 -58625 -19744 208676 -2149 -64749 -104276 51635 -6716 -3989 -503 -1358 -117 277 -500 -262 2 551 -21 -18 -3 7 0 -13 -2 6 0 -2 0 -1 3 0 -2 -14 1 0 0 -1 0 -2 -2 0 0 0 0 1 0 0 0 0 -2 0 1583838187
-15933275 -15370110 21679122 4943654 -5854191 -7392621 -1135625 -140960 127827 -124318 -42253 -10742 -4235 -54277 -10269 -4462 -9135 86 -968 554 -226 -330 -84 -294 -2 -41 -12 -8 -1 0 0 1 0 0 0 -1 0 -1 1 0 0 0 0 0 0 0 0 0 0 0 0 0 0 0 0 0 0 0 0 0 1583838187
-1265342 -2988075 -4545380 -9231901 -6020103 7209899 -1144203 -134625 32811 -118431 -40344 87222 -3845 -61381 -45940 14724 -4231 -1526 -934 -801 -194 -1166 -278 184 -4 130 -26 -10 2 -1 0 2 -5 -1 0 1 0 -1 -1 -2 1 -2 0 -1 0 0 0 0 0 0 1 -1 0 0 0 1 0 0 0 0 1583838187
-16076545 -15493006 21937653 5099426 -5489305 -7540522 -820423 -140506 121050 -123478 -41797 -27969 -4419 -61269 -10837 -3701 -9856 -2872 -977 -565 -233 -140 -128 -211 -2 -19 -15 -6 1 0 0 1 -1 0 2 0 0 0 -2 0 0 0 -1 0 1 0 1 0 0 0 0 0 0 0 0 0 0 0 0 0 1583838187
7399989 4375637 -20190869 -16505112 23662358 16349491 10444337 -110565 -27476 -81821 -21356 139873 -8465 24095 -62707 25511 -9877 -1051 -1059 -1705 -231 -1567 -2704 -293 0 364 -22 -7 10 1 0 1 5 1 3 0 2 1 -19 2 11 -3 4 -3 7 2 3 1 -3 3 0 -3 0 0 2 -1 0 0 0 -1 1583838187
9099165 5603469 -22778166 -19333163 -6244540 17179991 -876151 -129243 -228387 -112956 -38321 -230095 -4388 -78770 -38115 38221 -9290 -1843 -1130 4995 -201 25338 -91 -269 0 -587 -2 1 -4 -10 0 -1 1 -4 2 0 0 5 0 0 -2 -1 0 0 0 -1 2 0 0 0 0 0 0 0 0 0 0 0 0 0 1583838187
35668549 28155947 -70513173 -45022506 -6765246 43839998 -1882441 -119482 -255803 -105396 -36490 235709 -2680 -50489 -8718 11536 -1837 934 -1259 12353 -135 55435 2471 -316 6 -955 10 3 -18 -6 0 -1 4 -6 0 -2 0 5 1 0 -2 3 0 0 0 2 0 0 0 0 0 0 0 0 0 0 0 0 0 0 1583838187
-15820944 -15282684 21490664 4862447 -5067550 -7282239 -763625 -140255 117383 -123192 -41660 -26779 -4421 -54618 -11528 -3286 -6222 -3111 -1004 -684 -219 -151 -220 -161 -4 19 -14 -7 1 0 0 1 0 0 -2 2 0 -1 0 -3 0 0 -4 0 0 0 0 0 0 0 0 0 0 0 0 0 0 0 0 0 1583838187
-16047084 -15459027 21848864 5424743 4599608 -7335044 2767185 -134082 124533 -113170 -36224 -20143 -5851 -12945 -10956 -3454 285 -3160 -1124 -726 -198 -128 -711 97 -5 -24 -20 -6 1 0 0 1 0 0 -7 11 0 0 -4 -6 -1 0 -8 0 3 0 3 0 0 1 0 0 1 0 0 0 0 0 0 0 1583838187
81750138 66572190 -151983029 -89792788 -4428039 88847548 -844352 -95956 -1043784 -82225 -28007 -591260 -3853 -53701 105880 -56970 -9811 -11230 -673 -3112 -189 -4893 -197 -261 -6 -516 0 69 43 49 0 -59 3 76 5 0 0 -1 0 1 -2 -8 1 0 0 2 0 -3 -3 0 0 0 0 -1 0 0 0 0 0 0 1583838187
130777673 107962271 -239633082 -137369283 -6288047 137671084 -1841975 -75903 -1288803 -65224 -23036 -225452 -1998 -58903 -222800 149484 -596 -10466 -486 -7541 -139 -8742 -630 -31 0 -792 -4 138 63 132 0 -162 5 164 6 0 0 -3 1 6 1 -44 -2 -1 1 3 -1 -3 -7 -1 0 0 -1 1 0 0 0 -1 0 0 1583838187
69377272 76079562 -169460219 -77560863 -2415473 64676228 -2317392 -106401 -873085 -92648 -32545 628672 -1075 48642 47328 -46522 35635 19126 -1314 18994 83 48180 -2156 459 -23 -1184 -4 4 -34 0 0 -9 -20 18 -15 30 0 7 -7 -5 -12 6 -7 1 -1 2 6 -1 0 3 -2 0 1 -8 0 0 0 -2 4 0 1583838187
136493716 112655225 -249607894 -142996425 -6092776 142920715 -1850642 -72770 -1545509 -62204 -21872 -789046 -2865 -51998 -185696 153542 -6074 -6252 -460 -5825 -162 -9241 -320 -125 0 -633 -3 8 2 -9 0 11 -4 -22 0 0 0 -1 0 0 0 -11 0 0 0 -1 0 0 0 0 0 -1 0 0 0 0 0 0 0 0 1583838187
-15603751 -15074857 21034136 5113120 8057165 -6811556 -3282850 -143188 132259 -129525 -44613 6871 -2375 344613 -13475 -2817 11663 -2689 -1130 -714 -335 -151 -1332 526 -10 -5 -29 -6 1 0 0 0 -25 0 0 3 2 1 -20 -4 -1 0 0 1 -5 0 5 -1 0 -4 0 3 0 0 0 0 0 -1 0 1 1583838187
-15365424 -14888462 20656756 4464189 -4328242 -6791416 -2144932 -142255 122732 -126823 -43551 6645 -3578 25746 -14051 -3137 -5015 -2578 -991 -529 -255 -200 -209 -70 -5 152 -21 -12 1 -1 0 2 -6 -1 1 0 0 0 -4 -1 0 0 0 0 -1 0 0 0 0 -1 0 0 0 0 0 0 0 0 0 0 1583838187
-16019491 -15445438 21842044 4954067 -7850931 -7512214 -1797602 -142180 128973 -126262 -43303 -10479 -3963 -65890 -12170 -3782 15246 -3593 -1139 -939 -111 -193 -1347 -621 -6 -9 0 -6 1 0 0 2 5 0 15 -1 0 0 4 17 3 0 -4 -8 -5 0 -2 2 -1 -3 -7 0 4 0 1 2 0 0 0 0 1583838187
-14058405 -13770159 18297850 3085184 -7866239 -5512079 -1814152 -141477 136777 -125601 -43112 62377 -3810 -66530 -17500 -3115 -4518 1314 -971 927 -194 -547 -228 -342 -3 143 -13 -15 -3 0 0 2 0 -2 4 0 0 -1 1 3 0 -2 0 -1 -1 0 0 0 0 0 -1 0 0 0 0 0 0 0 0 0 1583838187
-15801410 -15245864 21422441 4757087 -7885247 -7266183 -1819923 -142196 141500 -126291 -43336 34450 -3884 -66241 -13344 -4757 -7844 -324 -953 199 -216 -314 -28 -230 -2 27 -17 -8 0 0 0 1 -1 -1 0 1 0 0 0 0 1 0 0 0 0 0 0 0 1 0 0 0 0 0 0 0 0 0 0 0 1583838187
-15916774 -15352429 21626012 5225769 2570408 -7242435 2731237 -134223 122729 -113301 -36363 -21577 -5948 -60233 -11264 -3338 -9950 -3079 -1045 -651 -226 -117 -1010 -317 -1 -24 -11 -6 1 0 0 1 -2 0 -3 -1 0 0 -2 3 0 0 4 -1 2 0 -1 1 -1 2 0 0 -1 0 4 -1 0 0 0 -1 1583838187
-11391317 -11550112 13578513 671210 -2041030 -2840431 459118 -136106 82454 -117885 -39203 -19155 -4889 -55343 22404 -14903 -6387 64166 -864 24984 -36 -4461 -928 241 0 -671 -15 -27 -61 13 0 -6 -5 7 0 1 0 -1 -2 3 -15 -14 2 0 0 8 -4 -1 -2 0 1 0 -2 0 0 2 0 1 0 3 1583838187
-15955365 -15394913 21733465 4904346 -7455402 -7451207 -1861487 -142213 123075 -126377 -43355 -22208 -3938 -54479 -11556 -3605 -4422 -3021 -993 -649 -213 -164 934 -293 -3 -23 -12 -6 1 0 0 1 1 0 -1 0 0 -1 0 -2 0 0 0 0 0 0 0 0 0 0 0 0 0 0 0 0 0 0 0 0 1583838187
-16031068 -15427091 21748760 6080100 23341860 -7000256 10721614 -120170 123867 -90476 -24030 -19165 -9239 17711 -10290 -2997 -12686 -3131 -1182 -671 -257 -39 333 -277 0 -28 -7 -6 1 0 0 2 15 0 2 -2 0 0 -8 -9 -2 0 -6 -1 0 0 -1 0 0 0 0 0 0 0 0 0 0 0 0 0 1583838187
-14178003 -13757425 18276926 3533420 -356900 -5390189 1046864 -136763 206819 -117678 -38800 151175 -4846 -40927 -22399 -3984 -5386 653 -1018 659 -204 -475 -768 -140 -2 432 -27 -24 -4 -1 0 3 -1 -5 1 1 0 -1 0 0 0 -1 -4 1 3 0 0 0 0 1 0 0 0 1 1 0 0 0 0 0 1583838187
-15228308 -14727501 20300348 4807998 8672597 -6376171 3827674 -131907 156880 -109884 -34490 75354 -6068 24224 19067 -18343 -8859 55628 -946 21803 -103 -3664 -1338 -259 2 -440 -6 -32 -54 5 0 2 8 -2 4 0 1 -1 -7 -2 -14 -10 -1 0 0 8 0 0 0 0 0 0 0 0 0 0 0 0 -1 0 1583838187
-15918501 -15343574 21600050 5406435 7461038 -7150111 4501712 -131099 128126 -108236 -33613 -8957 -6629 -32457 -11772 -3349 -6884 -3173 -1103 -708 -219 -105 -1233 -132 -2 -11 -21 0 10 -1 0 2 9 0 3 0 0 -1 1 -5 -2 0 -3 1 0 0 0 0 0 0 0 0 0 0 0 0 0 0 0 0 1583838187
-15702299 -15174987 21269550 4654636 -7870882 -7191749 -1821051 -142111 127506 -126208 -43298 -2672 -3944 -65659 -13073 -3564 -7353 -2783 -971 -554 -221 -185 -45 -245 -3 39 -17 -9 1 0 0 1 -2 0 0 1 0 0 0 0 0 0 0 0 0 0 0 0 0 0 0 0 0 0 0 0 0 0 0 0 1583838187
-16044227 -15466031 21885694 4977337 -7874121 -7538425 -1820985 -142230 128605 -126333 -43336 -12852 -3967 -65572 -11917 -3870 -7225 -2993 -975 -622 -221 -152 -26 -304 -2 -22 -15 -6 1 0 0 1 -1 0 1 0 0 0 0 0 0 0 1 0 0 0 1 0 0 0 0 0 0 0 0 0 0 0 0 0 1583838187
-16008059 -15439562 21828793 4939725 -7876600 -7509801 -1823446 -142205 124324 -126313 -43330 -20909 -3977 -65484 -11573 -3695 -3044 -3140 -1006 -694 -201 -159 -289 -240 -4 -24 -17 -6 1 0 0 1 -1 0 0 5 0 0 0 1 0 0 0 -2 -1 0 0 0 0 0 0 1 1 0 -1 0 0 0 0 0 1583838187
90511094 71746244 -163170787 -97972967 -5954340 100738894 -1905775 -95656 -298511 -83885 -29544 963064 -544 -46608 -121461 24659 692 13214 -444 1931 -73 -7371 -271 256 9 246 -28 -3 -2 20 0 -23 -1 36 -3 1 0 -2 1 0 -10 -4 0 0 0 -6 0 3 2 0 1 0 -1 -6 1 0 0 1 -4 1 1583838187
17399974 12977863 -38317839 -27075897 -7393504 26193434 -1839357 -128808 103068 -113655 -39344 735358 -2147 -65640 -101095 22910 -7990 15778 -678 3805 -153 -3279 -117 -257 1 1096 -30 -50 -12 -3 0 5 0 -10 0 -1 0 -2 0 1 -4 -9 2 0 0 1 0 2 2 0 0 0 0 -1 1 -1 0 0 0 0 1583838187
11003459 7436283 -26606679 -21282992 -7438962 19314006 -1837683 -129938 -10433 -115267 -39648 -37750 -3568 -60710 -57172 29506 -7531 3486 -854 950 -196 -2224 128 -273 3 109 -14 -12 -2 0 0 1 0 0 0 -1 0 -1 0 0 -1 -4 0 0 0 0 0 0 0 0 0 0 0 0 0 0 0 0 0 0 1583838187
5509802 2821295 -16843851 -15564192 1809986 14109451 -2688369 -133348 48955 -119634 -41258 86729 -2543 178677 -29836 6883 -5613 14585 -869 5512 -278 -2441 -409 300 -1 180 -28 -20 -9 -1 0 3 -7 -5 0 -4 0 -1 -3 0 -5 0 -1 -1 0 0 0 -1 -1 0 2 0 0 -2 0 0 0 0 0 0 1583838187
-15400892 -14897313 20681235 4483590 -4973620 -6800030 -2085016 -142273 146079 -126763 -43532 48368 -3571 8992 -16495 -3656 -7521 -2682 -969 -561 -259 -191 -73 -206 -3 145 -18 -12 0 -1 0 2 -4 -1 1 0 0 0 -1 -1 0 0 0 1 -1 0 0 0 0 0 0 0 0 0 0 0 0 0 0 0 1583838187
-15663097 -15146635 21208725 4609444 -7881945 -7161513 -1820056 -142064 123916 -126173 -43284 -12206 -3961 -65878 -12450 -3500 -8214 -2737 -965 -535 -225 -187 53 -297 -2 1 -12 -7 1 0 0 1 1 0 2 -1 0 0 0 -1 0 0 0 0 0 0 0 0 0 0 0 0 0 0 0 0 0 0 0 0 1583838187
-15674094 -15154450 21224549 4643669 -7454084 -7161097 -1861446 -142135 123183 -126284 -43329 -6697 -3906 -54568 -12916 -3434 -3475 -2865 -998 -608 -207 -194 478 -345 -3 19 -10 -8 1 0 0 1 0 0 -3 -4 0 -1 2 0 0 0 1 0 0 0 0 0 0 0 0 0 0 0 0 0 0 0 0 0 1583838187
144447959 125302666 -275623029 -150677788 -2489729 146845823 -2187353 -69589 -1767823 -59510 -21069 -812881 -2468 34575 -49632 62921 -8241 1555 -412 -1054 -176 -9695 -314 -122 -6 -1072 2 13 -8 -7 0 9 -3 -16 0 0 0 0 0 2 -7 27 0 1 0 -7 1 -1 -4 0 0 0 -1 -1 1 0 0 -1 7 -1 1583838187
8997722 5624643 -22859581 -18086334 26962618 17794830 11773418 -106876 -115535 -76981 -18889 -88395 -9368 41645 -49582 27645 -10454 -2570 -1135 -1246 -244 -1614 -2697 -524 2 -180 0 -3 0 -1 0 3 15 -3 0 -8 0 -1 3 -7 -2 -1 1 -1 -3 -2 -1 0 0 0 0 0 0 0 0 0 0 0 0 0 1583838187
203643204 168549131 -368170574 -208559941 -5460259 207758862 -1845121 -39901 -2980117 -31617 -11151 -2924358 -5491 -39347 41245 108084 -5747 1553 -362 -1552 -115 -13053 -374 -172 -12 -1199 15 54 35 -3 0 1 -1 -23 1 -1 0 0 0 0 -4 1 0 0 0 4 0 0 0 0 0 0 0 0 0 0 0 0 2 -1 1583838187
-15911848 -15358830 21657593 4848580 -7856645 -7414767 -1827707 -142172 122595 -126284 -43322 -21594 -3972 -64808 -11645 -3598 131 -3184 -1028 -725 -185 -173 -369 -305 -4 -15 -10 -6 1 0 0 1 3 0 0 4 0 0 0 -2 0 0 1 0 1 0 -1 0 0 0 0 0 0 0 0 0 0 0 0 0 1583838187
256297266 213109923 -462515261 -259691276 -4831938 260257910 -1867376 -16108 -3150639 -10408 -4230 -2573390 -4065 -37652 134725 23531 6743 -12118 -264 -5560 -35 -14938 -1015 323 -8 -1626 14 51 24 -18 0 18 1 -46 -1 6 0 0 -1 1 -3 2 0 -1 -2 5 0 3 2 -3 1 1 -1 2 0 0 0 1 -2 0 1583838187
-16073409 -15379020 21711839 5082043 -5570805 -7614545 -2049918 -142422 120257 -126861 -43550 -24324 -3739 -4644 -11171 -3606 22889 -3634 -1185 -981 -102 -211 3465 130 -11 -37 -11 -5 1 0 0 1 3 0 -6 7 0 0 -1 -3 0 0 2 3 0 0 3 5 -4 0 0 -1 -1 0 3 -2 0 0 0 0 1583838187
-15752064 -15128163 21151637 5437890 9093001 -6899517 -3373435 -143849 127125 -129935 -44753 13091 -2273 371635 -12193 -3632 -3383 -294 -1016 257 -419 -225 -467 -453 -2 71 -3 -10 0 0 0 2 -1 -1 2 -1 0 0 -6 -3 -1 0 -1 -1 -1 0 -1 0 0 1 0 0 0 0 0 0 0 0 0 1 1583838187
13729993 9858684 -31726836 -23529063 2787092 22425794 -2772001 -129720 105380 -116684 -40342 253991 -2052 201783 73549 -75968 -4545 -5552 -877 -751 -316 -1315 -237 -485 3 319 -8 0 8 14 0 -15 4 29 5 -5 0 0 -5 -3 0 1 0 0 -1 1 -2 2 2 0 0 0 0 3 0 0 0 0 0 0 1583838187
-15798515 -15259113 21442613 4838862 -5150134 -7247528 -2069005 -142326 124231 -126800 -43527 -9584 -3694 5047 -8418 -5128 -7937 3630 -958 1892 -243 -542 -16 -330 -2 -15 -11 -11 -4 0 0 1 0 0 2 -2 0 0 -1 0 -1 0 0 0 0 0 0 0 0 0 0 0 0 -1 0 0 0 0 0 0 1583838187
6863527 3842023 -19020036 -17090171 -5028976 15232510 -1056754 -130696 -59439 -114713 -39020 25927 -3827 -45744 -53304 23383 -4952 1551 -904 300 -194 -1848 -279 -2 -3 259 -24 -13 -1 4 0 -4 -3 6 -1 -1 0 -1 0 0 0 -4 1 0 0 -1 0 0 -1 0 1 0 1 1 0 0 0 0 0 0 1583838187
-15783510 -15208484 21292223 5764296 20872970 -6774868 9874234 -121633 132252 -92854 -25340 14794 -8835 5183 -12115 -3386 -8082 -2487 -1188 -643 -229 -102 -825 -485 0 6 -7 -5 2 0 0 2 13 0 -1 -4 -1 -2 7 -5 0 0 1 0 -2 0 -1 0 0 0 0 0 0 0 0 0 0 0 0 0 1583838187
-16050989 -15458891 21851982 5375701 2978585 -7358214 3018998 -133824 129172 -112564 -35954 -10289 -6052 -60982 -11492 -3680 -2050 -3086 -1098 -669 -184 -145 2189 -129 -3 -25 -12 -6 1 0 0 1 -3 0 1 6 1 0 -8 -3 -1 0 0 -1 0 0 0 2 -1 2 0 -1 1 0 4 -4 0 0 0 0 1583838187
-16081024 -15495927 21948144 5033627 -7307554 -7564299 -1544599 -141771 129444 -125565 -42923 -11751 -4088 -66429 -11926 -3906 -8152 -3061 -974 -643 -224 -141 -49 -214 -3 -21 -14 -6 1 0 0 1 -1 0 2 0 0 0 0 0 0 0 -1 0 1 0 0 0 0 0 0 -1 0 0 0 0 0 0 0 0 1583838187
-15967913 -15383479 21688738 5384760 5315246 -7231688 3581725 -132755 129252 -110889 -35030 -6046 -6230 -34608 -11499 -3684 -8682 -2426 -1064 -405 -227 -154 1584 -298 0 -10 -9 -7 0 0 0 2 5 0 1 1 0 -1 4 -2 0 0 -1 0 0 0 0 0 0 0 0 0 0 0 0 0 0 0 0 0 1583838187
535176359 448199996 -960568709 -528078903 29887473 537802990 11140462 128948 -5383063 140461 53000 -1018910 -2453 34893 -611521 460887 5406 -17400 803 -21143 74 -23127 9065 1456 7 -2023 -20 79 23 2 0 1 -4 -10 -2 13 0 0 2 -11 24 -27 -5 1 3 -3 4 9 6 -2 0 0 0 6 0 1 0 0 0 0 1583838187
2452901 507134 -11875206 -12930440 -7658262 11111808 -1833414 -134206 263062 -119306 -41041 197829 -3310 -65194 -38220 7660 1662 18532 -872 6226 -110 -2553 -423 -375 6 568 -15 -33 -14 0 0 5 11 -6 3 -4 0 -1 0 -3 4 -1 0 0 2 3 0 0 0 0 0 0 0 -3 1 0 0 0 0 0 1583838187
-15526462 -14987858 20881966 4448744 -7802124 -6999106 -1832386 -141925 161954 -126181 -43287 -9864 -3941 -63588 -13151 -3135 1735 -3203 -1037 -761 -178 -201 -387 -248 -3 29 -11 -6 4 -1 0 1 0 0 0 5 0 0 0 -1 0 0 -1 -1 0 0 -2 -1 0 0 0 0 0 0 0 0 0 0 0 0 1583838187
-12411413 -11660799 13980022 1078277 -7802156 -3565973 -1829416 -139585 673783 -125474 -43038 149449 -3631 -65531 -25371 -1388 -1813 -211 -919 -1392 -186 -442 -268 -254 17 344 -20 -8 12 -1 0 3 1 -4 0 4 0 -1 -1 -4 12 0 2 -1 1 0 -1 0 0 0 0 -1 0 0 0 0 0 0 0 0 1583838187
-15646411 -15129028 21169001 4659910 -5943685 -7107538 -2010310 -142212 126711 -126616 -43465 -7435 -3746 -14833 -12968 -3268 14186 -3379 -1115 -863 -139 -231 4993 179 -8 -24 -20 -7 1 0 0 1 4 0 2 -1 0 -1 1 -3 0 0 2 0 0 0 0 2 -2 0 2 0 0 0 0 0 0 0 0 0 1583838187
-14878050 -14459901 19746647 4126512 -707557 -6216275 -2474687 -142337 134838 -127430 -43812 52454 -3146 118384 -14861 -3956 -8262 399 -937 -18 -311 -330 -147 -397 -1 117 -12 -7 3 0 0 2 1 -1 3 -3 0 0 -2 -3 5 0 0 0 0 0 0 0 0 0 0 0 0 0 0 0 0 0 0 0 1583838187
-15963931 -15397343 21731385 5066859 -3176051 -7384173 -120711 -139167 124080 -121413 -40683 -17940 -4667 -44304 -7075 -6216 -9592 -331 -988 440 -231 -283 -296 -178 -2 -31 -17 -8 -1 0 0 1 -1 0 -2 0 0 -1 0 -1 -1 0 -2 0 0 0 0 0 0 0 0 0 0 0 0 0 0 0 0 0 1583838187
-13631634 -13379959 17445949 3167758 5297594 -4966506 2658990 -133341 75669 -112482 -36049 35629 -5626 7184 -14552 -2172 1193 2792 -1055 128 -189 -538 -1215 128 -7 65 -20 -8 -1 5 0 1 -4 5 -16 -2 0 -1 2 -1 -1 -1 -9 0 3 0 0 1 2 0 0 0 0 0 0 0 0 0 0 0 1583838187
-16055262 -15129424 21125337 7119486 36911264 -6636797 15335823 209623 118596 -77214 -16855 -28366 -11085 94764 -9153 -2671 -6530 -6080 177046 5969 179 148 -2044 -400 5 -37 9 -68 13 1 0 1 23 0 4 -6 40 0 4 -9 -2 0 0 -1 -2 0 0 0 0 -1 0 0 0 0 0 0 0 0 0 0 1583838187
-16088588 -15483955 21895733 5605675 8180626 -7312611 5077115 -130245 123774 -106694 -32786 -2416 -6891 -42727 -10917 -3872 -5062 -2175 -1102 -689 -201 -142 1426 -437 -1 -31 -7 -1 7 0 0 2 12 0 6 0 0 -1 4 -5 2 0 0 0 0 0 0 0 0 0 0 0 0 0 0 0 0 0 0 0 1583838187
-16067457 -15489463 21934532 4996986 -7885994 -7568961 -1819995 -142227 124796 -126327 -43332 -21280 -3983 -65828 -11402 -3796 -7752 -2994 -972 -618 -224 -148 28 -305 -2 -25 -14 -6 1 0 0 1 0 0 2 -1 0 0 0 -1 0 0 0 0 0 0 0 0 0 0 0 0 0 0 0 0 0 0 0 0 1583838187
