-16089900 -15508502 21969573 5123190 -4913824 -7546675 -2090726 -142442 120537 -126893 -43571 -29763 -3708 11600 -10889 -3568 -8221 -3021 -976 -646 958 -122 133 -332 -2 -26 -11 -4 1 0 0 1 0 0 0 -1 0 -1 1 0 0 0 0 0 0 0 0 0 0 0 0 0 0 0 0 0 0 0 0 0 1583838658
-16090224 -15503335 21950059 5322366 722052 -7448936 -2607105 -142847 120367 -128130 -40704 -28881 -3155 158463 -10828 -3323 -4272 -2950 -1008 -672 -321 -100 123 -425 -2 -25 -8 -4 1 0 0 1 -1 0 -3 -1 0 -1 3 0 0 0 0 0 0 0 0 0 0 0 0 0 0 0 0 0 0 0 0 0 1583838658
-15958973 -14335065 19578221 7065973 1970039 -6739510 949028 -145023 121140 -123455 3117241 -28021 -4844 11455 -9994 -3211 21311 -3458 -1198 -947 -101 -165 -1410 475 -12 -23 -21 -4 1 0 0 0 -8 0 -27 6 -1 -2 5 -3 0 0 -14 0 2 0 -1 0 0 0 0 0 0 0 0 0 0 1 0 0 1583838658
282886380 2347099215 -4700146747 -337630272 89433437 -1046753885 23801891 52593 -2105795 73218 37792 -43804 -11528 99451 10776 -4159 3409 -790 -494 -9 35 -271 -7611 1972 -34 6 -48 1 0 0 0 -1 -36 0 -12 -14 2 2 -21 14 2 0 6 -3 6 1 4 5 -3 0 7 -2 5 0 12 -8 1 1 0 0 1583838658
145745599 1420048386 -2888056792 2087108050 -83265205 840591537 1345081 -8275867 162244 -2427316 -681683 -60331 255 -59793 1814 -19 -16945 725 80 240 -41 6 -1907 343 3 0 -10 -9 1 0 0 0 -10 0 2 -7 1 1 -7 10 2 0 0 0 4 0 -2 4 -3 0 0 -1 0 0 2 -2 0 0 0 0 1583838658
-16088947 -15508255 21968321 5128511 -4780913 -7545084 -1236784 -141086 120180 -124590 -42355 -28916 -4161 -26700 -9996 -2789 -3776 -3165 -1019 -609 -222 9 73 -352 -3 -30 -12 -5 2 0 0 2 -2 0 -2 -4 0 -1 0 0 0 0 2 0 0 0 0 0 0 0 0 0 1 0 -1 0 0 0 0 0 1583838658
-16089870 -15508102 21968951 5108658 -5403679 -7555865 -590217 -140117 120551 -122837 -41464 -30191 -4542 -69944 -10795 -3646 -9178 -3097 -986 -648 -226 -129 -78 -304 -2 -26 -13 -4 1 0 0 1 0 0 3 0 0 0 1 0 0 0 0 0 0 0 0 0 0 0 0 0 0 0 0 0 0 0 0 0 1583838658
6041875 180890383 -376235715 291551974 30407594 109240552 18761905 -1219455 124827 -383549 -99715 -32707 -11929 37016 -7017 -2062 1059 -2960 -1303 -746 -149 8 -4202 -525 0 -19 1 -5 1 0 0 1 7 0 -23 -11 -3 -3 20 0 0 0 5 -1 -3 0 2 -2 2 0 0 1 0 0 0 0 0 0 0 0 1583838658
-476 -150 -856 165 -112 -340 377 163 62 287 -150 309 466 -123 230 -604 215 -913 168 -398 -56 -486 660 -144 3 -348 -467 665 222 -120 -409 38 -38 -612 -202 33 214 216 0 -392 214 199 -239 233 -459 198 37 -253 450 466 344 -194 449 -431 -373 260 -484 289 -639 152 -418 323 290 10 279 -261 -221 136 370 308 -285 -8 -650 493 -132 -260 163 275 -54 49 -330 384 458 546 -20 -655 498 143 379 -323 -260 -39 -252 416 -203 -44 86 -468 -306 297 49 -519 -4 -180 -72 257 -172 379 108 -366 -229 -345 -7 -290 -74 179 194 438 308 563 80 -99 129 -180 253 884 -131 -180 -2 89 2 -50 190 12 237 -12 -72 -250 -391 -227 145 0 169 100 361 114 -115 -83 116 101 53 -182 481 -168 105 252 -15 347 -78 -104 469 148 -266 302 260 -81 604 376 149 -347 -329 -109 -212 -276 453 -351 133 76 30 549 362 -147 756 -224 443 -305 -48 -257 9 -409 334 50 -133 296 -296 264 8 155 -63 -24 -886 162 -120 -87 439 -27 -275 -126 -574 124 11 -282 -159 -171 -93 -179 186 81 -269 -5 -170 -259 -311 -42 101 38 -83 202 -440 -20 86 -11 60 -41 89 -186 -171 -291 -51 -142 68 -278 302 -24 186 78 -165 -358 -379 -197 610 462 296 -534 242 206 340 -425 425 250 -191 -404 -111 -123 305 -653 -519 167 163 -183 527 156 241 176 -87 205 207 -27 -269 234 29 264 -464 -165 -9 396 -271 -5 26 -121 388 194 -247 112 -234 -238 -58 -338 -335 194 245 -210 17 6 60 223 90 555 -64 -85 -248 241 331 147 -280 -194 -341 144 28 101 -197 -151 -165 -213 -373 33 -397 -101 -73 114 -54 52 -26 -136 -87 88 -71 -90 -688 -108 303 -184 -147 338 36 -420 -61 -130 -26 192 -353 -332 308 216 706 183 348 -410 -229 467 -277 -59 277 -233 -197 145 272 -182 -85 -224 76 -186 39 105 47 256 328 -161 -84 -25 -156 -305 219 -104 -481 -302 -81 -279 196 522 -106 -8 83 679 -210 -84 -213 78 -252 -344 170 -209 62 41 -55 -116 -280 -47 228 311 85 -330 1 32 -16 -42 276 111 196 -442 292 -340 -176 57 271 -17 1583863281
148 494 -96 -207 137 98 65 737 -508 118 520 552 -335 -194 -231 320 128 182 431 -100 -128 -692 -298 77 247 -339 -348 -451 -82 -655 -140 270 648 304 -422 -384 -149 -373 -369 235 -237 -367 -386 125 -51 -125 -41 445 -718 233 -675 748 -38 443 -634 81 -277 -119 232 81 -225 -89 -294 -18 210 25 473 376 -534 -189 36 252 138 12 423 163 404 37 -132 388 30 -212 -84 -179 -155 146 57 136 236 -333 16 -295 -60 89 515 196 -480 -18 -96 550 43 -763 -155 -204 59 61 20 273 -376 218 -403 -45 158 771 7 341 16 270 193 591 268 59 -90 -151 96 -52 -84 -226 445 -176 219 -89 170 11 287 272 37 -209 -339 124 404 187 431 -495 -127 -420 226 -294 -247 -48 -99 16 -151 11 -334 -195 340 -727 -9 -253 -246 -312 -703 -190 -305 -632 271 -64 -63 -344 -342 109 748 -483 71 -65 280 -52 -127 -183 49 -311 491 -461 -317 41 -27 38 -86 157 -158 -113 -30 -154 370 172 -412 -20 256 -393 -45 -351 -51 -23 -280 -185 -353 260 -284 -401 -211 -43 168 12 55 304 -23 -325 112 -179 377 156 203 -39 467 -31 -100 -211 -99 -145 401 40 -258 -618 -175 104 -34 -607 -26 -98 -1 -115 -194 -118 384 -29 -356 26 17 427 -341 -19 -131 297 -361 -188 -78 179 -134 597 128 -80 147 71 -79 -245 -28 -88 -2 47 488 -318 11 441 197 418 -204 -414 518 344 -281 -119 -157 -10 257 -330 17 -266 148 -71 52 442 -139 -228 51 -519 97 89 733 -261 177 344 20 120 -25 233 390 -136 -71 163 528 152 -53 -154 30 65 -286 39 -232 -848 -96 28 -208 248 120 417 270 -41 -256 -330 161 13 104 -86 329 -212 255 -33 -452 125 155 -274 -58 299 -158 -127 -484 409 25 -103 -340 -153 -294 -7 227 -677 183 166 -485 -350 -234 -13 -161 -702 -284 63 42 -297 112 186 -108 319 -327 142 -393 36 728 496 -184 -271 -12 -125 -168 -42 213 10 -256 -176 112 -134 -125 58 -76 94 -87 179 -50 -414 103 9 44 32 338 477 432 59 190 -8 29 176 50 -131 35 208 337 -598 -258 -125 235 -314 91 -154 33 -200 -125 33 1583863281
472 -201 -105 -22 176 7 -109 -187 78 410 98 -325 259 -225 -85 -243 -195 42 -224 -650 -57 98 -494 -81 195 100 -818 -423 -276 383 -460 154 -392 424 244 266 -192 -823 176 547 516 265 95 -388 0 -371 564 -79 410 157 -369 -167 420 305 158 60 -152 -333 -227 163 -8 -613 31 13 131 -362 212 320 109 356 -378 145 2 121 543 -363 -692 -301 -270 -303 -371 24 -362 -848 100 -132 88 -219 -400 -63 443 185 333 131 230 395 -314 630 361 -6 -48 156 65 35 251 359 428 514 -372 -343 -164 68 -143 -168 -207 -65 269 -372 -521 -7 -868 243 -523 22 -144 304 3 400 -173 -284 -431 481 443 34 -69 -185 56 -149 225 -15 457 408 -578 -214 194 -860 71 -201 -140 -81 328 376 160 -214 189 446 214 35 -25 413 135 474 293 299 785 -172 8 4 420 -148 337 -252 339 -296 -159 311 134 52 227 538 -88 -292 -339 284 20 -18 102 -84 -260 -261 20 58 8 -64 160 -330 205 -260 -139 299 -126 4 -83 229 283 84 -125 -272 158 -361 -94 57 -231 371 -62 -170 -35 822 -26 -370 195 -377 -329 737 75 -266 -124 317 -506 -266 107 -127 -299 130 -174 -321 -572 92 96 423 -750 -326 207 809 345 -241 212 112 92 292 288 -209 -363 776 -291 -620 -269 -451 -225 83 -167 -113 -200 -458 -240 116 99 -454 157 394 430 -62 433 -468 -99 -148 95 -21 -41 -102 -111 108 -66 -110 422 -184 -175 29 -27 -346 -591 498 -340 499 105 -369 -16 -36 -187 76 -203 -160 227 45 -149 95 -576 453 -70 81 -38 -243 132 8 227 375 -295 -131 395 -42 528 415 87 253 -126 -317 435 -251 151 -340 89 -229 -531 40 39 38 -255 -120 -143 -440 11 322 11 -28 -272 31 -170 320 -103 411 -150 -376 -56 -353 149 40 88 206 -436 267 216 -584 -173 -457 574 298 178 -146 -259 -414 -139 -195 49 -194 -507 27 670 -271 170 9 47 -77 82 242 -303 -200 -255 -194 -17 321 -15 222 -83 0 -66 -121 -128 -101 -42 -245 -97 -2 82 1 321 114 -449 97 -238 58 5 -312 102 -186 -583 80 296 38 93 54 -88 44 -407 -304 526 -267 1583863281
-533 230 -169 491 -52 -220 -245 323 183 -246 469 15 731 93 -120 -610 -243 -373 -371 -89 719 727 58 -608 89 333 680 -335 106 472 76 -421 273 252 -30 358 281 -441 387 -301 -3 -219 84 -436 -36 -722 -2 314 232 -95 178 -54 -17 -218 102 182 234 -396 -587 274 -2 -323 166 -586 235 -91 341 104 295 20 -18 -193 -123 161 -296 676 -296 370 -527 -322 31 126 439 37 -84 728 -349 88 -480 119 492 -285 -684 129 -165 -251 346 107 162 228 107 291 532 -156 -93 -355 -45 -74 -387 81 -160 145 -558 37 8 409 -13 -334 -685 414 -136 -459 -144 -685 -186 -487 107 -379 -113 -641 115 -287 174 -492 -113 -127 -140 117 -384 -74 -308 -115 -181 -266 475 -51 98 418 -351 -397 -7 1 -141 215 651 323 -20 -616 186 -232 -262 108 -375 -86 -276 418 335 84 -357 -482 -392 11 385 -181 661 -491 -442 73 136 422 511 157 -113 78 101 306 151 79 51 -246 -414 231 -97 -290 196 -403 333 -65 -254 334 97 -363 -210 14 407 -56 238 -11 -339 52 283 -78 -307 -84 -67 361 122 -41 363 68 267 36 -522 431 -157 11 -115 -379 -31 -65 100 -326 467 84 -152 288 421 59 597 73 111 341 414 -99 645 264 99 5 64 91 210 77 181 15 144 -376 65 -117 -350 178 381 -286 253 300 193 57 -172 -299 -413 159 -327 50 -275 -83 217 87 77 206 296 66 284 254 205 -189 429 -189 514 244 402 57 -80 367 -47 -201 -130 -102 -279 233 -156 92 13 59 106 -402 -49 311 -201 -93 39 481 0 -191 -258 -202 -214 -323 443 -84 -375 232 -244 313 260 165 75 55 -229 82 -246 60 -363 -558 -375 222 181 391 47 -520 -284 308 78 -223 -139 346 363 -111 164 -1 -447 -285 210 47 -198 17 -394 23 -16 -47 -33 -203 114 87 325 153 -129 50 -299 299 -27 285 -111 151 306 414 9 -72 -89 -27 273 269 299 82 414 -71 313 -361 -69 215 -486 218 -212 -44 36 -398 -79 -27 -280 271 -386 124 39 -282 295 102 29 268 425 -201 241 109 203 116 103 -94 308 70 252 -97 377 30 -396 404 164 -326 -13 146 1583863281
-31 -351 -291 -86 168 73 -137 179 -229 -124 -152 596 95 9 79 -181 395 0 622 211 485 239 164 164 -9 322 -220 152 12 -494 -293 130 496 -127 -219 -443 75 -332 241 -81 31 -581 140 122 -89 478 87 -332 -202 406 325 111 -395 -417 103 180 -70 -278 -105 -363 345 120 655 -271 -3 145 -561 -573 -24 10 30 -466 115 584 261 36 -332 47 212 0 -27 436 -496 59 -31 -175 185 186 287 47 -596 335 414 -201 -515 -213 178 394 142 -262 -213 192 -107 4 137 91 84 326 -353 55 67 10 134 10 426 -116 -66 107 -270 371 -2 -97 49 86 -209 -187 168 -270 -685 -207 -276 -214 -218 -120 -46 -95 288 7 -335 268 -105 56 -253 443 155 -81 -187 -64 -17 568 342 49 -565 138 -225 31 -79 -227 71 -371 269 -579 -22 -225 48 227 408 -376 888 204 46 533 -156 -64 -396 449 169 -104 -54 383 -224 183 298 -93 -402 140 85 -784 -108 207 147 163 718 104 150 83 -443 416 500 -9 -806 228 -82 -444 73 228 77 -211 140 499 191 269 73 79 -51 -400 459 -410 5 260 -363 129 403 -22 -255 -306 233 15 628 -393 -455 -90 150 21 400 178 144 -132 48 -401 -326 -311 114 612 -108 -537 -257 137 255 -566 -474 -137 -377 -467 -278 -156 -132 -273 -455 -576 -140 607 21 -146 249 -356 309 61 57 371 -19 467 -317 -62 -288 -200 -310 -125 -206 -63 -314 223 36 36 -628 -266 -50 -370 -130 247 -367 -95 149 -293 151 -116 -152 -24 -281 501 415 -37 212 -376 54 246 411 522 -10 -471 -243 32 169 372 -560 45 -265 -45 -64 -114 -69 -7 -214 -21 -87 -46 -41 175 -209 -25 148 -286 -60 443 -288 -132 74 -178 469 -305 61 -24 -98 153 38 -383 -106 -197 -726 443 235 43 -260 -233 229 -3 -181 126 -396 404 -37 -54 -53 -126 294 207 2 270 -277 -1 319 -4 187 -447 -298 152 -202 543 351 -297 330 -133 -17 -115 -48 422 538 -226 -114 -54 -116 -335 97 92 24 -41 101 -45 -360 258 91 -629 53 46 4 -363 -99 99 41 -119 -67 13 111 292 37 -292 -143 -238 436 30 88 -29 -142 433 -280 124 1583863281
-303 1 -210 311 -648 650 -69 -405 -396 108 271 -330 -372 -209 25 -151 -45 -125 113 142 226 -35 -123 656 -46 -93 -292 -599 222 270 516 446 -293 354 63 221 -459 87 130 -95 -593 -59 -565 -8 -167 190 8 -192 32 -280 -67 83 -287 301 -333 325 144 450 -137 51 -28 142 369 81 161 92 119 -374 332 313 -334 337 149 -272 -405 -102 502 248 295 170 -475 10 194 253 403 -491 678 -370 74 197 45 756 -67 550 -140 -319 -314 -706 -110 495 599 -309 394 -67 187 -148 -261 107 130 367 -232 -2 21 343 -572 -31 -327 5 -37 434 311 251 -75 -648 30 -263 678 237 -308 160 -70 470 193 -98 -310 737 -28 -6 25 -466 436 -402 -410 -411 263 386 -214 -35 -162 186 106 340 86 226 -866 138 -265 85 235 502 75 -128 139 -545 51 -582 171 459 -470 149 -95 39 68 -15 -247 308 17 560 -392 74 -526 -93 -199 -428 -411 -258 335 -40 41 247 272 485 -303 357 34 173 76 -516 446 -342 -195 149 211 -304 -41 117 -352 -19 238 -161 -384 -12 -123 -237 -508 30 307 -70 -30 -45 162 -244 27 467 111 -622 -215 -56 -381 -50 -25 90 -184 -163 530 -94 -340 63 0 354 -578 -152 -95 -13 -180 119 290 221 -422 -23 73 519 -584 367 269 -35 -291 -401 353 -272 235 -110 -371 6 -11 -290 -63 -553 -291 271 182 -263 -87 -72 29 269 -8 -274 98 146 -324 -157 456 -6 -93 -54 237 52 164 -161 21 529 -350 23 164 374 -324 -223 422 363 -131 10 253 361 -263 -87 -253 -205 -173 750 -38 388 -293 -165 823 -179 -529 122 78 -244 135 24 378 -330 -353 235 175 92 318 15 -129 155 117 -30 155 400 -426 -24 206 -35 230 631 276 37 -103 243 -110 -603 -286 471 70 143 -51 131 102 176 -272 -52 226 -633 161 171 282 -37 -134 -248 422 -13 -253 395 19 143 -151 382 184 -2 -143 -181 -127 -292 -216 -390 -309 401 150 -491 -99 258 -283 -75 -670 -446 268 23 32 -168 15 237 -205 -97 210 57 -522 69 197 428 -190 197 254 97 76 -68 -62 -409 -86 -8 -219 207 -295 -334 560 212 40 13 47 -188 1583863281
195 136 -239 48 230 -176 521 -235 335 -226 382 404 188 195 -109 -24 158 367 -303 -436 -142 -14 -560 475 279 366 -264 67 159 -164 -357 120 188 214 -350 -131 -429 -126 54 232 393 577 -285 88 -740 191 484 234 291 239 -736 -215 609 -64 107 233 721 -89 -127 161 510 -5 156 166 600 -372 -298 -413 -36 -18 97 -133 -281 204 253 -228 39 54 351 167 -573 80 -106 -375 -113 -49 170 243 -343 268 -280 194 -124 283 174 -178 -174 -140 -1 489 -145 105 -245 -407 255 363 -484 541 577 -546 -122 54 300 -290 -194 14 -117 323 -658 650 82 314 339 -145 -228 383 259 -46 -838 -314 -212 -273 -242 -167 -368 43 380 84 22 -140 -70 100 -517 574 62 877 -637 -32 633 327 -457 -228 463 38 -390 142 198 -40 310 94 607 2 58 -169 4 -139 577 -184 70 -221 -128 -167 -205 -464 167 130 -41 548 20 159 144 26 190 -122 131 118 -64 -97 255 -104 -161 71 -275 118 -217 -186 -249 257 333 129 333 285 297 -166 -183 -203 31 52 -412 -79 103 255 -247 -5 508 131 -167 -85 504 197 -182 140 77 -24 -424 -133 -244 41 -293 -660 137 265 94 117 -190 207 208 -65 -250 326 -3 881 -49 -234 -46 1 -311 157 -323 -247 391 -71 -321 287 349 213 176 -209 -73 -156 147 -176 -43 -309 99 179 165 231 -257 -249 -145 -165 -383 420 238 -574 510 -88 74 -246 38 541 407 -230 -370 -574 -447 407 111 -325 296 -340 494 -155 18 -219 -15 -126 -128 -342 620 -152 206 187 -283 -376 140 -49 -635 254 -15 -47 -207 419 115 -341 52 101 -260 193 -4 418 708 229 72 101 -64 263 -58 263 51 -329 -319 -51 238 -274 -306 206 -345 -53 -147 309 -448 -234 113 616 -18 -530 256 143 -4 173 221 81 -168 142 -395 -195 120 -419 -35 317 279 -31 -298 -291 104 12 -53 -131 17 332 181 216 -461 -57 -49 350 -145 -44 39 -244 53 -79 34 483 47 -42 312 191 -138 -23 -191 148 6 -309 -233 -95 -9 246 37 -223 419 -238 -28 61 -85 186 176 241 456 290 11 126 -150 -42 -76 -328 -63 115 70 -370 306 -414 183 472 1583863281
-376 292 -168 205 38 34 15 -230 -673 299 76 -203 286 46 201 -27 125 -238 487 -347 -20 205 -327 267 -433 256 -442 -267 73 321 -15 179 274 830 243 -492 -267 -611 -201 135 159 -636 -91 -135 -208 206 178 -55 749 -270 380 -48 -766 -130 -385 140 248 272 96 -123 -208 500 -64 -277 0 -64 -5 -344 354 366 61 4 109 267 -25 758 32 412 87 179 -5 401 -320 -118 -237 -336 199 527 -82 -212 -159 298 77 -164 -85 -602 -59 -210 127 236 -79 -6 -226 -224 195 -217 -71 703 -410 -383 -285 -213 -123 12 -30 -432 521 -43 185 42 239 -104 722 404 -234 432 -566 543 672 208 -162 581 132 -281 366 101 100 220 -448 -31 -341 -434 106 -276 -361 -25 -214 143 503 -26 -253 -359 511 -75 -226 154 -101 -363 324 179 -193 -350 -211 -124 171 230 -184 269 274 307 58 28 125 -455 378 299 503 100 144 -383 -89 -87 -339 -469 583 39 821 -46 106 -222 234 -127 -157 301 52 -84 269 82 -298 -6 -210 -402 -27 -32 217 -157 7 280 63 28 410 -444 350 -463 265 217 50 284 370 -75 141 235 341 -117 21 43 -310 1 321 129 155 -451 -227 506 -66 -64 273 -156 285 -261 -432 324 -253 -24 -345 26 -207 235 -500 213 191 -262 87 630 153 -36 54 -172 -277 -199 -29 58 33 551 -78 -351 77 -145 285 -157 -253 -271 -381 142 -100 -463 -583 -292 82 -60 -331 -81 -623 316 -77 -84 516 0 151 -58 40 290 82 -312 167 260 -14 372 -481 -75 41 430 145 -526 -83 -199 -10 615 28 -133 -338 -353 -207 106 335 130 361 28 -352 335 -154 72 21 138 53 424 -98 -16 561 -107 252 105 -196 -77 -239 50 -350 -165 225 -171 79 -251 184 430 198 -33 -224 41 -79 350 460 -10 52 -108 -663 -41 -166 80 451 -412 115 -69 128 -313 273 251 46 226 -50 -172 -439 -102 191 46 195 355 -95 -255 72 -168 45 81 401 -6 -199 380 280 80 -35 -20 -100 -155 35 -70 -58 63 386 -78 -383 -18 254 -190 -313 -123 -79 24 -30 -24 73 -88 -189 -108 -281 -165 -243 -69 -239 -20 -29 -270 -45 -129 -410 515 -48 18 1583863281
