-16088605 -15511163 21979534 5017225 -7892178 -7598100 -1819030 -142231 119668 -126322 -43329 -28985 -3999 -66246 -10268 -2698 -9653 -3389 -980 -212 -232 16 84 -111 -3 -24 393 -5 2 0 0 1 0 0 2 0 0 -1 0 0 0 0 0 0 0 0 0 0 0 0 0 0 0 0 0 0 0 0 0 0 1583836345
-16089595 -15510025 21977414 5020220 -7876184 -7597333 -1830601 -142254 120627 -126357 -43347 -30232 -3997 -66408 -10920 -3697 -9614 -3069 -960 -637 -231 -135 81 668 -8 0 1867 -2 4 0 0 2 39 0 3 3 1 0 -4 8 2 0 3 -2 -3 0 -4 -3 2 0 -1 -1 -1 0 0 -1 0 -5 0 2 1583836345
-16087026 -15509233 21975591 5017167 -7890534 -7593771 -1820198 -142238 120738 -126328 -43332 -26981 -3995 -66215 -11120 -3727 -9649 -3085 -959 -649 -233 -134 83 -67 -4 -17 449 -2 4 3 0 3 4 0 1 1 0 0 -1 1 0 0 -1 0 0 0 0 0 0 0 0 0 0 0 0 0 0 0 0 0 1583836345
-16086498 -15509122 21975038 5019184 -7892222 -7596343 -1819044 -142244 118032 -126324 -43331 -26268 -3995 -66304 -8635 -686 -9663 -3807 -1003 283 -232 -231 81 35 -4 -22 262 -6 2 0 0 1 0 0 2 0 0 0 0 0 0 0 0 1 0 0 0 0 0 0 0 0 0 0 0 0 0 0 0 0 1583836345
-16088465 -15508497 21969645 5115016 -5131509 -7549934 -2072613 -142432 119322 -126902 -43556 -27752 -3726 5988 -10343 -3587 -10288 -2487 -922 -1280 -273 -88 1026 -252 -2 -27 1 -4 2 1 0 2 9 0 -5 -2 0 -1 2 -2 0 0 2 -1 0 0 1 0 0 0 0 0 0 0 0 0 0 0 0 0 1583836345
-16089474 -15503212 21957149 5166879 -3855108 -7525759 -2186994 -142541 120506 -127171 -43658 -29600 -3605 39343 -10884 -3526 -10611 -2945 -955 -612 -291 -113 1053 -308 -1 -26 -3 -1 0 0 0 1 1 0 2 0 0 0 0 0 0 0 0 0 0 0 0 0 0 0 0 0 0 0 0 0 0 0 0 0 1583836345
-16088565 -15488078 21888288 5984849 19603340 -7121987 -4330948 -144182 117202 -132062 -45574 -21612 -1306 650795 -6805 686 -16354 -1951 -913 -901 -630 -89 3478 -444 2 -27 40 -6 1 0 0 2 20 0 -9 0 0 -1 3 -4 0 0 3 -4 1 0 3 0 0 -1 0 0 0 0 0 0 0 0 0 0 1583836345
-16089984 -15502053 21948418 5303945 125709 -7458197 -2551784 -142813 120385 -128001 -43984 -28981 -3216 143074 -10850 -3359 -11590 -2827 -952 -590 -349 -89 1290 -303 -1 -26 7 -2 1 0 0 1 8 0 -4 -1 0 -1 3 -1 0 0 2 -1 0 0 1 0 0 0 0 0 0 0 0 0 0 0 0 0 1583836345
-16089643 -15484985 21882603 5983075 19413610 -7123991 -4316682 -144183 118099 -132095 -45716 -12009 -1489 580286 -4093 7147 -15646 -5222 -1155 4107 -588 -3368 -336 -14 -2 21 15 -16 -2 -12 0 -3 13 0 -9 -1 0 8 0 2 0 0 8 -4 8 0 -2 0 0 1 0 6 2 0 -4 1 0 0 1 2 1583836345
-16089962 -15506219 21961757 5194078 -2926944 -7511944 -2273085 -142586 120476 -127371 -43760 -29532 -3547 51708 -10883 -3508 -10735 -2933 -957 -614 -299 -106 18 -215 -2 -25 -1 -4 1 0 0 1 2 0 -2 1 0 0 -2 0 0 0 0 0 2 0 -1 0 0 1 0 0 0 0 1 0 0 0 1 1 1583836345
-16088333 -15508983 21971601 5093263 -5746763 -7560585 -2014827 -142385 119267 -126775 -43517 -27831 -3805 -16280 -9074 -2048 -10114 -2906 -949 -771 -261 -170 57 -270 -2 -26 -9 -6 1 0 0 1 0 0 0 0 0 0 0 0 0 0 0 0 1 0 0 0 0 0 0 0 0 0 0 0 0 0 0 0 1583836345
-16089994 -15505664 21960195 5187743 -3204422 -7518057 -85137 -139163 120484 -121354 -40642 -30024 -4710 -46228 -10735 -3586 -13389 -3003 -967 -602 -257 -112 356 -119 -2 -26 27 -4 1 0 0 2 24 0 -15 -3 0 -1 4 -4 -1 0 6 -4 2 0 2 0 0 -1 0 0 0 0 1 0 0 0 0 0 1583836345
-16087241 -15505957 21963502 5122770 -4976229 -7544119 -115437 -139341 120943 -121514 -40771 -26413 -4772 -83188 -11001 -3689 -12745 -3071 -967 -624 -235 -120 -28 -247 -1 -24 -8 -3 3 3 0 3 2 0 0 0 0 0 1 -1 0 0 1 0 0 0 0 0 0 0 0 0 0 0 0 0 0 0 0 0 1583836345
-16088233 -15509697 21974814 5054754 -6848213 -7579517 -1914167 -142309 119295 -126540 -43414 -27843 -3895 -38903 -9507 -1986 -9919 -3343 -975 -263 -248 -234 147 -222 -2 -25 -8 -6 1 0 0 1 1 0 -1 0 0 0 0 -1 0 0 0 0 0 0 0 0 0 0 0 0 0 0 0 0 0 0 0 0 1583836345
-16090692 -15495112 21919484 5629215 9393444 -7298397 -3398455 -143465 120105 -129935 -44740 -27541 -2311 384523 -10769 -2970 -13902 -2552 -948 -542 -484 -32 1360 -338 0 -24 18 -2 1 0 0 2 14 0 -10 0 0 -1 4 -3 0 0 0 -3 2 0 2 0 0 0 0 0 0 0 0 0 0 0 0 0 1583836345
-16088450 -15507489 21965722 5155848 -3970107 -7529859 -2176472 -142511 119210 -127139 -43648 -27388 -3614 36159 -9486 -1862 -10633 -3265 -974 -234 -290 -224 304 -318 -2 -25 -8 -6 1 0 0 1 2 0 2 0 0 0 0 -1 0 0 0 0 0 0 0 0 0 0 0 0 0 0 0 0 0 0 0 0 1583836345
-16086830 -15506151 21962544 5160818 -3854851 -7526762 -2186987 -142527 117918 -127164 -43658 -25460 -3600 39267 -8182 -408 -10654 -3462 -984 7 -291 -247 598 -303 -2 -25 -6 -6 1 0 0 1 1 0 0 0 0 0 1 0 0 0 1 0 0 0 0 0 0 0 0 0 0 0 0 0 0 0 0 0 1583836345
-16089400 -15504414 21961681 5120735 -5160570 -7548402 -2068032 -142449 120545 -126899 -43552 -29804 -3733 5196 -10895 -3581 -10326 -2985 -957 -622 -273 -119 288 -242 -2 -24 -5 -1 0 0 0 1 1 0 0 0 0 0 0 -1 0 0 0 1 0 0 0 0 0 0 0 0 0 0 0 0 0 0 0 0 1583836345
-16088605 -15511163 21979534 5017225 -7892178 -7598100 -1819030 -142231 119668 -126322 -43329 -28985 -3999 -66246 -10268 -2698 -9653 -3389 -980 -212 -232 16 84 -111 -3 -24 393 -5 2 0 0 1 0 0 2 0 0 -1 0 0 0 0 0 0 0 0 0 0 0 0 0 0 0 0 0 0 0 0 0 0 1583838187
-16089595 -15510025 21977414 5020220 -7876184 -7597333 -1830601 -142254 120627 -126357 -43347 -30232 -3997 -66408 -10920 -3697 -9614 -3069 -960 -637 -231 -135 81 668 -8 0 1867 -2 4 0 0 2 39 0 3 3 1 0 -4 8 2 0 3 -2 -3 0 -4 -3 2 0 -1 -1 -1 0 0 -1 0 -5 0 2 1583838187
-16087026 -15509233 21975591 5017167 -7890534 -7593771 -1820198 -142238 120738 -126328 -43332 -26981 -3995 -66215 -11120 -3727 -9649 -3085 -959 -649 -233 -134 83 -67 -4 -17 449 -2 4 3 0 3 4 0 1 1 0 0 -1 1 0 0 -1 0 0 0 0 0 0 0 0 0 0 0 0 0 0 0 0 0 1583838187
-16086498 -15509122 21975038 5019184 -7892222 -7596343 -1819044 -142244 118032 -126324 -43331 -26268 -3995 -66304 -8635 -686 -9663 -3807 -1003 283 -232 -231 81 35 -4 -22 262 -6 2 0 0 1 0 0 2 0 0 0 0 0 0 0 0 1 0 0 0 0 0 0 0 0 0 0 0 0 0 0 0 0 1583838187
-16088465 -15508497 21969645 5115016 -5131509 -7549934 -2072613 -142432 119322 -126902 -43556 -27752 -3726 5988 -10343 -3587 -10288 -2487 -922 -1280 -273 -88 1026 -252 -2 -27 1 -4 2 1 0 2 9 0 -5 -2 0 -1 2 -2 0 0 2 -1 0 0 1 0 0 0 0 0 0 0 0 0 0 0 0 0 1583838187
-16089474 -15503212 21957149 5166879 -3855108 -7525759 -2186994 -142541 120506 -127171 -43658 -29600 -3605 39343 -10884 -3526 -10611 -2945 -955 -612 -291 -113 1053 -308 -1 -26 -3 -1 0 0 0 1 1 0 2 0 0 0 0 0 0 0 0 0 0 0 0 0 0 0 0 0 0 0 0 0 0 0 0 0 1583838187
-16088565 -15488078 21888288 5984849 19603340 -7121987 -4330948 -144182 117202 -132062 -45574 -21612 -1306 650795 -6805 686 -16354 -1951 -913 -901 -630 -89 3478 -444 2 -27 40 -6 1 0 0 2 20 0 -9 0 0 -1 3 -4 0 0 3 -4 1 0 3 0 0 -1 0 0 0 0 0 0 0 0 0 0 1583838187
-16089984 -15502053 21948418 5303945 125709 -7458197 -2551784 -142813 120385 -128001 -43984 -28981 -3216 143074 -10850 -3359 -11590 -2827 -952 -590 -349 -89 1290 -303 -1 -26 7 -2 1 0 0 1 8 0 -4 -1 0 -1 3 -1 0 0 2 -1 0 0 1 0 0 0 0 0 0 0 0 0 0 0 0 0 1583838187
-16089643 -15484985 21882603 5983075 19413610 -7123991 -4316682 -144183 118099 -132095 -45716 -12009 -1489 580286 -4093 7147 -15646 -5222 -1155 4107 -588 -3368 -336 -14 -2 21 15 -16 -2 -12 0 -3 13 0 -9 -1 0 8 0 2 0 0 8 -4 8 0 -2 0 0 1 0 6 2 0 -4 1 0 0 1 2 1583838187
-16089962 -15506219 21961757 5194078 -2926944 -7511944 -2273085 -142586 120476 -127371 -43760 -29532 -3547 51708 -10883 -3508 -10735 -2933 -957 -614 -299 -106 18 -215 -2 -25 -1 -4 1 0 0 1 2 0 -2 1 0 0 -2 0 0 0 0 0 2 0 -1 0 0 1 0 0 0 0 1 0 0 0 1 1 1583838187
-16088333 -15508983 21971601 5093263 -5746763 -7560585 -2014827 -142385 119267 -126775 -43517 -27831 -3805 -16280 -9074 -2048 -10114 -2906 -949 -771 -261 -170 57 -270 -2 -26 -9 -6 1 0 0 1 0 0 0 0 0 0 0 0 0 0 0 0 1 0 0 0 0 0 0 0 0 0 0 0 0 0 0 0 1583838187
-16089994 -15505664 21960195 5187743 -3204422 -7518057 -85137 -139163 120484 -121354 -40642 -30024 -4710 -46228 -10735 -3586 -13389 -3003 -967 -602 -257 -112 356 -119 -2 -26 27 -4 1 0 0 2 24 0 -15 -3 0 -1 4 -4 -1 0 6 -4 2 0 2 0 0 -1 0 0 0 0 1 0 0 0 0 0 1583838187
-16087241 -15505957 21963502 5122770 -4976229 -7544119 -115437 -139341 120943 -121514 -40771 -26413 -4772 -83188 -11001 -3689 -12745 -3071 -967 -624 -235 -120 -28 -247 -1 -24 -8 -3 3 3 0 3 2 0 0 0 0 0 1 -1 0 0 1 0 0 0 0 0 0 0 0 0 0 0 0 0 0 0 0 0 1583838187
-16088233 -15509697 21974814 5054754 -6848213 -7579517 -1914167 -142309 119295 -126540 -43414 -27843 -3895 -38903 -9507 -1986 -9919 -3343 -975 -263 -248 -234 147 -222 -2 -25 -8 -6 1 0 0 1 1 0 -1 0 0 0 0 -1 0 0 0 0 0 0 0 0 0 0 0 0 0 0 0 0 0 0 0 0 1583838187
-16090692 -15495112 21919484 5629215 9393444 -7298397 -3398455 -143465 120105 -129935 -44740 -27541 -2311 384523 -10769 -2970 -13902 -2552 -948 -542 -484 -32 1360 -338 0 -24 18 -2 1 0 0 2 14 0 -10 0 0 -1 4 -3 0 0 0 -3 2 0 2 0 0 0 0 0 0 0 0 0 0 0 0 0 1583838187
-16088450 -15507489 21965722 5155848 -3970107 -7529859 -2176472 -142511 119210 -127139 -43648 -27388 -3614 36159 -9486 -1862 -10633 -3265 -974 -234 -290 -224 304 -318 -2 -25 -8 -6 1 0 0 1 2 0 2 0 0 0 0 -1 0 0 0 0 0 0 0 0 0 0 0 0 0 0 0 0 0 0 0 0 1583838187
-16086830 -15506151 21962544 5160818 -3854851 -7526762 -2186987 -142527 117918 -127164 -43658 -25460 -3600 39267 -8182 -408 -10654 -3462 -984 7 -291 -247 598 -303 -2 -25 -6 -6 1 0 0 1 1 0 0 0 0 0 1 0 0 0 1 0 0 0 0 0 0 0 0 0 0 0 0 0 0 0 0 0 1583838187
-16089400 -15504414 21961681 5120735 -5160570 -7548402 -2068032 -142449 120545 -126899 -43552 -29804 -3733 5196 -10895 -3581 -10326 -2985 -957 -622 -273 -119 288 -242 -2 -24 -5 -1 0 0 0 1 1 0 0 0 0 0 0 -1 0 0 0 1 0 0 0 0 0 0 0 0 0 0 0 0 0 0 0 0 1583838187
