-16088674 -15504889 21955022 5274628 -586996 -7471504 -2485794 -142749 119086 -127845 -43924 -26886 -3282 124641 -9504 -1724 -11202 -3181 -964 -158 -336 -169 5164 -262 0 -37 -3 -6 1 0 0 1 0 0 0 2 0 0 0 0 0 0 0 0 1 0 1 0 0 0 0 0 0 0 0 0 0 0 0 0 1583836345
-16063660 -15488869 21930131 5036653 -7837695 -7576873 -1824185 -142376 101407 -126355 -43355 3222 -3945 -64813 8312 20056 -9803 -7943 -1233 5292 -228 -1322 110 -273 -3 -10 -12 -6 2 0 0 1 3 0 2 0 0 1 0 0 0 0 0 1 0 0 1 -1 0 0 0 0 0 0 0 0 0 0 0 0 1583836345
-16091805 -15472818 21823008 6742197 41193860 -6750620 -6296926 -145682 117842 -136571 -47384 -20558 723 1186590 -9070 -25 -21622 -1918 -952 -65 -931 65 -691 -360 2 -13 4 -5 2 0 0 1 5 0 1 8 0 0 1 5 1 0 1 4 2 0 3 -2 1 1 -1 0 -1 0 0 0 0 0 1 2 1583836345
-16087403 -15469459 21871445 5582385 6921052 -7324755 -3169808 -143441 120180 -129463 -44565 -27980 -2577 311586 -10794 -3089 -13259 -2638 -952 -562 -444 -44 -157 -297 -1 -8 -11 23 -4 -1 0 1 0 0 2 1 0 0 1 1 0 0 0 2 0 0 1 0 0 0 0 0 0 0 0 0 0 0 0 0 1583836345
-16088049 -15504812 21965174 5057338 -6960209 -7579013 -1915651 -142347 119209 -126564 -43434 -14511 -3883 -42631 -3921 7153 -9896 -6712 -1171 3742 -239 -3784 74 2091 -15 28 -30 -19 -2 -14 0 -4 21 0 -6 4 0 9 0 0 0 0 7 12 2 -1 -7 -2 1 -3 1 -1 0 0 1 0 0 0 0 0 1583836345
-16049209 -15478357 21905632 5057927 -7427007 -7560593 -1866986 -142482 89780 -126462 -43408 19625 -3880 -54466 21433 33964 -9952 -9429 -1310 7136 -229 -1324 110 585 -7 -11 -18 -7 2 -1 0 1 11 0 -4 2 0 1 -1 0 0 0 3 9 0 0 -1 1 -1 0 -2 1 3 0 -3 0 0 0 0 0 1583836345
-16085323 -15451766 21836432 5590016 6390162 -7323199 -3127826 -143518 120197 -129393 -44524 -28016 -2606 305150 -10795 -3098 -13177 -2644 -951 -561 -440 -48 546 -308 0 -3 19 38 -6 -1 0 2 17 0 -12 -7 0 -1 0 -5 -1 0 3 -4 0 0 2 0 0 -1 0 0 0 0 0 0 0 0 0 0 1583836345
-16088674 -15504889 21955022 5274628 -586996 -7471504 -2485794 -142749 119086 -127845 -43924 -26886 -3282 124641 -9504 -1724 -11202 -3181 -964 -158 -336 -169 5164 -262 0 -37 -3 -6 1 0 0 1 0 0 0 2 0 0 0 0 0 0 0 0 1 0 1 0 0 0 0 0 0 0 0 0 0 0 0 0 1583838187
-16063660 -15488869 21930131 5036653 -7837695 -7576873 -1824185 -142376 101407 -126355 -43355 3222 -3945 -64813 8312 20056 -9803 -7943 -1233 5292 -228 -1322 110 -273 -3 -10 -12 -6 2 0 0 1 3 0 2 0 0 1 0 0 0 0 0 1 0 0 1 -1 0 0 0 0 0 0 0 0 0 0 0 0 1583838187
-16091805 -15472818 21823008 6742197 41193860 -6750620 -6296926 -145682 117842 -136571 -47384 -20558 723 1186590 -9070 -25 -21622 -1918 -952 -65 -931 65 -691 -360 2 -13 4 -5 2 0 0 1 5 0 1 8 0 0 1 5 1 0 1 4 2 0 3 -2 1 1 -1 0 -1 0 0 0 0 0 1 2 1583838187
-16087403 -15469459 21871445 5582385 6921052 -7324755 -3169808 -143441 120180 -129463 -44565 -27980 -2577 311586 -10794 -3089 -13259 -2638 -952 -562 -444 -44 -157 -297 -1 -8 -11 23 -4 -1 0 1 0 0 2 1 0 0 1 1 0 0 0 2 0 0 1 0 0 0 0 0 0 0 0 0 0 0 0 0 1583838187
-16088049 -15504812 21965174 5057338 -6960209 -7579013 -1915651 -142347 119209 -126564 -43434 -14511 -3883 -42631 -3921 7153 -9896 -6712 -1171 3742 -239 -3784 74 2091 -15 28 -30 -19 -2 -14 0 -4 21 0 -6 4 0 9 0 0 0 0 7 12 2 -1 -7 -2 1 -3 1 -1 0 0 1 0 0 0 0 0 1583838187
-16049209 -15478357 21905632 5057927 -7427007 -7560593 -1866986 -142482 89780 -126462 -43408 19625 -3880 -54466 21433 33964 -9952 -9429 -1310 7136 -229 -1324 110 585 -7 -11 -18 -7 2 -1 0 1 11 0 -4 2 0 1 -1 0 0 0 3 9 0 0 -1 1 -1 0 -2 1 3 0 -3 0 0 0 0 0 1583838187
-16085323 -15451766 21836432 5590016 6390162 -7323199 -3127826 -143518 120197 -129393 -44524 -28016 -2606 305150 -10795 -3098 -13177 -2644 -951 -561 -440 -48 546 -308 0 -3 19 38 -6 -1 0 2 17 0 -12 -7 0 -1 0 -5 -1 0 3 -4 0 0 2 0 0 -1 0 0 0 0 0 0 0 0 0 0 1583838187
