-16089945 -15507371 21966002 5137338 -4605993 -7542411 -201903 -139446 120526 -121693 -40878 -30184 -4715 -72184 -10751 -3628 -6410 -3159 -1017 -684 847 -133 -439 210 -6 -17 541 -3 2 0 0 1 -8 0 5 -2 0 0 0 0 0 0 -1 0 0 0 -1 0 0 0 1 0 1 0 0 0 0 0 0 0 1583838658
-16092181 -15483445 21871975 6016380 19721586 -7132676 13517658 -116057 119780 -82948 -19137 -30265 -10949 -192733 -9486 -3247 -32224 -2980 -1074 -479 -239 -20 -16 585 0 -7 1618 -2 3 0 0 1 23 0 -4 11 0 -1 3 -4 -1 0 0 -2 7 1 7 1 -1 0 0 -2 0 0 0 1 0 1 0 0 1583838658
-16089453 -15508149 21968271 5117395 -5161520 -7552186 93318 -139021 120076 -120945 -40482 -28807 -4898 -96976 -9820 -3958 -12867 -1724 -949 -515 -225 -175 599 -239 -1 -37 -8 -5 3 0 0 1 2 0 2 0 0 0 0 -1 0 0 0 0 0 0 0 0 0 0 0 0 0 0 0 0 0 0 0 0 1583838658
-16089420 -15507692 21971809 5042160 -7330764 -7586794 -1876734 -142297 120611 -126462 -43384 -30140 -3942 -51140 -10915 -3672 -9770 -3050 -959 -633 -241 -132 297 -86 -3 -26 15 -4 1 0 0 2 17 0 -15 0 0 -1 0 0 0 0 0 -2 6 1 7 -1 0 -1 0 0 0 0 0 1 0 0 0 0 1583838658
-16089367 -15507889 21972958 5025903 -7800593 -7594808 -1827651 -142256 120625 -126027 -43337 -30214 -3991 -63578 -10919 -3693 -9713 -3079 -978 -650 7738 -134 129 -269 -2 -26 -9 -4 1 0 0 1 2 0 0 -1 0 -1 1 -1 0 0 0 0 0 0 0 0 0 0 0 0 0 0 0 0 0 0 0 0 1583838658
-16092657 -15479840 21851758 6431160 32321564 -6904177 -5496633 -145071 119409 -134721 -46662 -24111 -126 961205 -10581 -2045 -19399 -1905 -944 -435 -249 109 -175 1799 -8 -15 -17 -4 2 0 0 1 12 0 -3 -6 1 0 -11 -8 -1 0 0 7 -7 -1 -4 -1 1 3 1 0 2 0 2 0 0 0 1 2 1583838658
-16089559 -15506330 21966136 5105835 -5516918 -7555521 -2035834 -142418 120558 -126832 -35451 -29860 -3770 -4934 -10898 -3597 -10231 -2998 -958 -624 -267 -120 70 48 -4 -25 -17 -4 1 0 0 1 0 0 2 -1 0 0 -1 0 0 0 0 0 0 0 1 -1 0 0 1 0 0 0 0 0 0 0 0 0 1583838658
-16086899 -15481096 21913134 5181682 -4364344 -7521222 -2143242 -142653 120532 -116241 -43663 -29802 -3707 6606 -10902 -3584 -10430 -3048 -1040 -686 34025 -113 29 203 -4 -15 -16 12 -2 0 0 1 0 0 1 -1 0 0 0 1 0 0 0 0 -1 0 -1 0 0 2 1 1 0 0 0 1 0 0 2 4 1583838658
-16089903 -15508653 21970356 5101651 -5586667 -7559278 -557995 -140077 120557 -122700 -41428 -30229 -4571 -75982 -10802 -3659 -11982 -3053 -967 -620 338 -124 -14 294 -4 -23 153 -4 1 0 0 1 7 0 1 -1 0 -1 1 -2 0 0 2 -1 2 0 0 0 0 -1 1 0 0 0 0 0 0 0 0 0 1583838658
-11817142 22422698 -54948741 60671737 6113947 15099734 6669192 -509776 231574 98212218 55032 9240 -2842 -211403 3937 1053 -12393 274 -486 -283 310838 102 258 2546 -6 8 -247 -8 0 1 0 0 17 0 10 0 -1 0 7 -7 -1 0 -1 -10 10 1 4 4 -3 0 9 -2 3 -1 0 3 0 2 0 -2 1583838658
-16089130 -15506154 21965010 5108599 -5472294 -7555816 -573671 -140108 119878 -122799 -41449 -22143 -4543 -72722 -10939 -3809 -12005 -2686 -956 -700 -236 -129 -57 338 -4 -28 -21 -5 4 0 0 1 2 0 2 0 0 -1 1 0 0 0 0 0 1 0 0 0 0 1 2 0 1 0 2 0 0 0 0 0 1583838658
-14962824 -5507945 1694141 19696436 -3414181 -1603819 -2356443 -199407 120771 -143699 -28060 -29644 -3433 66407 -10792 -3460 -10933 -2895 -953 -604 -297 -103 219 4860 -27 -17 -62 0 0 0 -1 2 33 0 -9 2 0 -1 0 0 0 0 11 24 0 0 3 4 -3 5 -3 -12 0 0 -4 4 -1 1 0 0 1583838658
183 -168 747 293 49 718 13 87 309 747 462 58 150 -150 -200 -275 -937 161 182 -47 -122 911 47 534 -14 -162 28 -299 -398 286 -193 113 99 -180 -415 634 81 -536 202 267 -201 -16 328 -199 187 -15 110 -122 507 295 -133 312 294 49 -128 -312 312 473 62 -309 -77 143 263 -418 78 853 -157 -61 -161 187 8 -108 -44 -657 350 114 811 125 480 -3 -359 -10 40 242 304 -330 -331 277 475 349 127 -54 422 -299 216 436 -527 -328 195 40 -188 -54 204 -185 -187 -277 -61 53 106 198 -25 505 360 236 650 110 -70 -889 351 302 212 -45 -25 297 130 -164 540 33 323 -245 207 -63 -171 283 -65 203 0 226 -559 339 -219 -120 -605 568 422 -68 -25 101 -200 -30 -32 -396 -511 48 421 -92 -107 43 -250 6 154 -212 -155 -249 442 289 86 -302 329 419 112 127 -434 236 -427 -265 69 149 -105 0 24 -436 -25 -400 377 -122 123 57 -100 -213 14 140 3 -158 -195 -378 171 713 195 121 462 -194 273 -119 231 338 -55 -20 121 -191 -175 106 172 606 -483 259 227 -56 364 263 -211 78 1 -30 -173 59 214 104 167 307 295 89 -289 263 -350 24 -67 -4 89 249 -588 508 -384 20 -11 106 85 412 -360 395 171 -559 98 26 -127 625 -299 105 54 -78 -157 54 71 -60 157 97 -49 -460 -242 -79 297 -61 -312 -103 -24 -203 -283 -13 163 653 -36 719 -2 -319 215 177 614 -139 -19 204 508 -85 18 13 -269 -53 -293 -63 140 -109 510 -373 -173 26 231 259 -241 184 -257 254 164 -34 -104 248 108 -76 215 -141 -8 -86 -20 -90 -343 -372 -267 -695 35 330 -121 -222 -24 -359 156 -170 72 -20 -319 -334 -177 18 -399 -159 160 -38 405 145 -345 178 382 33 109 346 68 134 -140 62 106 167 -335 51 -134 -217 -195 37 41 -30 -82 319 -472 140 107 93 62 -253 77 127 80 -7 -38 -65 -11 -291 -82 271 -31 -192 -132 298 -22 -115 273 -434 269 -1 103 105 76 -300 15 -62 -13 -90 118 134 -75 434 -281 -179 -252 215 -41 174 204 513 -127 57 446 -302 154 145 116 498 195 -127 -7 251 1583863281
-225 -242 -589 482 53 -50 -17 -282 207 -305 619 55 237 -42 107 28 -373 -140 70 -321 272 -454 215 400 0 -230 931 335 -38 -234 337 -140 51 195 423 365 209 -229 124 -410 432 344 -380 -75 -68 5 346 59 -289 -394 75 -367 -487 294 -5 -352 -264 -35 259 -210 -181 97 690 -73 -247 -612 164 -166 21 -403 -89 246 -287 -164 -396 -343 361 -570 -279 31 23 -306 -116 -454 -427 6 -52 35 -599 514 -567 152 -11 -453 549 667 -309 73 -68 -250 -22 -630 -27 -58 307 418 168 62 -25 511 0 -508 187 268 21 351 -602 443 -75 -722 -65 150 48 -37 -115 -62 174 -198 65 146 -347 120 415 -65 124 282 -96 -607 -494 -796 154 442 300 -257 -336 -64 -638 20 218 643 -569 -596 -59 579 243 205 -148 -347 0 184 -210 14 313 277 -27 47 520 149 -49 -248 252 -263 -118 157 321 -450 -101 287 -79 173 -121 405 -134 55 -135 -507 92 -28 -442 46 -232 -320 -58 -45 -114 -461 -375 163 217 246 -168 -280 -97 -7 520 370 -251 272 186 -374 -42 65 -122 -382 -75 -240 -91 -512 185 155 693 -433 -344 -70 619 136 -631 484 -479 -193 -424 -357 -211 -94 15 -361 -105 132 -22 -332 -214 281 -279 223 -146 -35 -116 -464 77 -233 -136 -389 40 -58 209 -458 265 -69 478 -174 50 -119 -43 33 319 177 195 323 -106 243 119 -259 421 -132 -317 159 -240 -401 -101 -49 233 292 -111 11 376 157 24 -326 -33 1 -33 93 41 -241 32 -118 103 -259 23 150 -460 -429 378 345 -143 37 92 25 -279 260 -298 -17 -49 -350 -63 297 252 -146 -15 190 -823 85 24 -24 165 -6 62 320 -258 13 -95 196 117 -104 -94 -34 2 -113 307 132 -562 -470 -36 224 310 105 303 151 327 -285 -58 -18 19 -9 -168 -201 -31 131 26 97 -283 159 197 -44 -8 -409 24 -236 -405 219 87 -462 74 115 26 67 -132 204 50 -539 363 -115 301 -261 -57 -198 -249 461 253 -199 17 27 -49 -154 170 -254 129 -172 101 -408 -128 -225 260 135 -274 -403 -133 -24 359 -131 178 -12 155 135 279 42 252 -387 68 -196 -110 62 -116 -53 -129 231 1583863281
166 58 -233 -124 863 -39 465 245 144 -38 418 -769 467 360 51 137 -96 220 -437 340 -21 -187 712 -112 -308 -19 -22 -275 -310 -104 231 288 -64 -344 -176 -285 -136 -580 10 50 24 -212 -70 -148 363 -472 18 47 182 337 -327 -167 24 -368 395 492 -266 -195 49 -660 703 442 -724 -218 57 373 340 46 474 217 -709 183 -64 -263 -78 201 834 66 46 231 526 -542 -239 333 148 435 -148 -29 137 -40 -83 67 5 -149 -98 12 -156 495 381 346 -169 87 -119 -193 -169 82 151 236 -57 -133 -67 160 522 192 -137 124 84 222 1 -446 -121 -87 -39 -30 -645 293 109 -584 -227 278 -119 78 -322 254 -135 -567 213 -322 -261 -86 -445 0 447 -480 424 168 -75 -140 -112 20 258 -119 -122 -854 -266 -263 -454 -279 -116 -110 422 446 -251 -200 184 -225 -174 -67 294 -145 85 464 66 -22 331 210 -255 -449 -137 271 122 -72 -134 266 7 434 352 -90 -185 -595 352 206 119 264 9 -512 128 -126 -30 253 243 -274 141 -41 -248 -111 -102 115 258 -94 -546 -220 357 421 -74 386 203 -284 363 -42 2 -496 127 29 -366 307 -73 -271 -203 -69 -216 -121 -858 90 -598 -26 184 240 -386 -262 -396 447 364 362 546 96 108 -34 45 35 129 301 192 -649 140 180 -262 230 193 -301 224 -648 -268 177 262 311 7 -274 -16 -145 298 133 90 -138 15 -78 226 44 -374 243 38 -30 -215 309 -21 -298 -11 325 312 7 12 222 272 113 30 187 -79 110 507 220 -386 -65 77 115 -137 23 -185 202 55 432 -322 215 -146 54 -88 -332 325 190 -414 174 131 -409 -322 123 -245 55 -58 519 -165 -265 -141 119 350 383 -276 -28 -124 -144 -183 -415 -268 189 278 -392 -104 255 214 384 -124 9 610 131 -223 122 71 -405 223 276 73 -237 -283 -82 31 -437 157 445 48 -410 446 -206 180 -43 198 89 -73 64 153 147 -121 22 91 -18 -26 165 -186 163 194 -371 50 248 547 187 237 111 -472 49 101 153 329 -237 -241 254 -71 61 -167 -263 223 426 220 261 -107 126 194 251 -72 215 278 -225 301 98 148 238 -288 173 147 -267 1583863281
159 273 10 -227 53 258 -338 -209 553 17 -111 246 232 -150 -157 -464 9 49 424 -165 234 19 50 -274 194 -430 -358 -420 -151 64 -232 -84 62 223 -717 -164 152 -166 670 12 446 -602 -552 752 -214 -241 -330 369 -87 360 -336 383 -841 -32 121 -95 -105 -499 -235 -317 -380 -87 262 -8 173 -249 357 -199 110 -136 185 408 50 17 -766 -148 -597 287 -13 -66 -488 -129 -386 -274 -446 133 -217 -513 399 -192 184 -563 -363 416 -176 28 -819 259 382 285 116 -345 -137 -32 70 8 135 -65 3 -348 -569 372 201 -198 568 -117 -377 -260 286 -117 66 714 53 -54 -57 -62 57 -280 -166 271 545 85 -263 -33 -182 -485 -78 476 -309 246 -41 539 386 505 -428 78 23 -544 -9 -173 -224 -747 -46 302 432 -321 223 -844 -112 146 -130 -149 542 -48 39 -757 -158 436 -14 -66 -429 226 -25 -226 -16 587 153 256 -17 -375 232 25 -3 -509 313 -452 -173 -13 -81 346 -408 -123 181 -32 -472 275 -179 -96 65 575 -342 -107 -162 173 386 376 846 -106 268 -304 250 220 -86 322 -161 142 -191 352 -62 -373 -7 -98 -685 -128 63 443 -59 -29 -43 188 -83 -1 -249 381 736 1 32 -262 -293 607 -291 267 -320 199 189 269 201 44 -21 459 242 260 449 -789 -86 82 -114 -12 146 63 112 -150 -17 -54 -63 56 -185 -22 27 213 -813 760 -111 -310 283 -392 -101 -318 5 -335 -358 -739 -523 390 329 63 115 442 75 -86 126 122 453 -105 -151 221 151 228 226 33 20 47 40 -126 -18 51 122 -47 102 -513 -171 -33 117 -405 124 332 436 -300 -171 57 363 23 162 325 599 -90 272 76 315 172 -233 -207 -449 -260 286 323 49 -227 285 270 112 -189 445 52 -103 609 -207 37 238 -120 324 151 -278 -32 201 106 153 360 -175 205 63 -33 509 -386 -305 -192 -540 -203 148 254 207 -144 25 119 278 -55 270 -117 -408 580 281 -265 -2 -200 -113 -49 376 -178 59 374 -153 179 -181 -105 147 -352 -260 111 -220 63 350 -135 -217 148 -191 237 0 10 24 380 -222 7 -235 -200 -120 78 -80 -73 -196 -13 63 456 108 235 -179 35 1583863281
80 -235 649 -159 22 162 300 121 41 350 -287 -367 -88 -172 521 52 -693 102 -369 -158 341 -192 -321 30 363 415 346 175 -325 42 248 -125 219 -205 795 90 -550 447 51 213 -471 2 -176 591 139 138 811 222 195 261 -246 523 -56 479 -432 274 -359 -55 -522 -445 -121 246 -91 -89 144 570 381 -123 7 -512 224 -218 -410 203 263 110 122 -270 -98 627 -145 -365 135 -139 -14 -230 -74 3 161 343 32 -43 357 395 78 410 14 -395 -131 290 450 -374 -71 -143 125 41 227 -130 83 40 -76 583 392 -258 335 -453 292 135 -198 -137 -128 -134 151 167 520 92 180 -201 -261 589 417 -44 -127 357 -105 737 120 314 90 -548 4 410 -30 -285 749 69 523 -44 350 -36 263 -74 316 179 -120 243 -478 318 784 131 -337 -94 -171 168 165 -380 252 28 -60 358 324 -240 -2 -20 -271 -222 -134 881 -210 161 -127 79 226 -290 166 184 -38 77 135 255 -651 -51 -232 -11 150 -357 -111 -51 -48 -455 625 -304 -133 97 -207 54 97 208 5 -283 330 -114 54 -80 41 36 -295 -370 754 -256 -749 -210 489 -126 107 477 441 -455 -145 251 312 50 81 203 -25 83 512 519 12 -43 230 196 -342 -245 397 -315 -90 -21 -149 -540 -26 -301 48 -284 -278 -505 19 83 300 -485 121 -467 362 175 129 209 79 -51 -620 -130 -184 -109 61 -1 325 -52 -32 137 309 -221 167 -690 -262 190 -87 -257 -103 33 83 214 155 186 234 -402 303 -323 406 -232 133 296 -236 -68 449 -267 15 91 -50 50 -119 70 -4 164 -214 40 -333 143 142 39 -56 572 -257 376 83 157 -220 286 -468 -51 17 345 138 -334 282 117 137 -140 -140 222 118 -52 180 -431 45 -736 -256 -101 458 -81 -51 21 265 -285 185 266 296 -70 -195 -679 -365 328 -275 -255 -24 54 135 -544 -134 -186 -116 -320 -7 -270 -90 -241 -57 208 -161 230 -638 86 -67 78 44 347 481 268 -126 8 -88 -238 91 399 383 -82 116 -288 178 197 227 207 -86 210 -523 44 -53 -93 94 -272 74 -284 -23 -150 192 -362 211 -250 81 -141 158 -218 398 62 91 104 36 -267 1583863281
294 491 506 325 319 -313 -506 -474 -115 681 80 328 -383 -315 -51 -162 -259 -157 97 35 -41 461 7 -355 -778 -296 52 268 -401 39 54 514 -49 209 -296 -185 157 -322 278 207 -251 335 -459 56 -61 472 -722 18 564 178 843 -288 250 290 109 292 350 338 587 -394 313 8 0 -7 411 164 -159 -346 -462 -222 104 377 556 -36 48 -455 -250 137 -69 580 -77 -30 229 44 336 329 242 122 23 83 217 -217 83 507 294 545 314 21 206 328 -619 622 275 -66 -150 -230 191 37 91 329 14 363 96 276 -319 319 113 306 -27 28 -119 -189 -273 -71 -398 48 90 222 354 -147 479 206 543 -314 -617 -355 -307 350 76 277 -371 -31 82 240 -476 251 -272 450 134 222 499 -436 -232 -64 340 -167 -359 568 -180 -194 -132 55 -130 213 925 -34 -401 -31 -254 -107 -129 -230 -182 -52 553 341 526 -41 111 520 -12 582 44 48 -162 136 -279 -259 -590 587 181 25 -4 2 61 -406 -130 -549 159 -151 93 -385 479 215 18 -276 -96 344 -73 -214 254 292 -257 322 -41 -260 -272 -364 -520 -939 -571 318 -492 -406 193 -85 -478 -282 77 247 545 -459 -472 16 65 -194 99 168 -14 152 -457 -322 611 157 -166 -308 245 59 -30 -166 53 -166 -336 -387 -51 144 -301 495 533 189 284 100 362 -158 -89 333 -155 -372 307 147 72 -178 39 -350 -245 -65 357 -282 -370 -318 101 19 -203 -322 -250 -269 150 -620 -19 166 -171 112 247 -191 -223 -111 323 42 -3 -209 170 59 156 52 -233 -439 -92 48 -118 -183 158 409 -115 50 495 67 -136 23 -129 392 301 -134 -24 321 -227 339 -230 -13 -110 83 2 270 58 -86 -100 193 -81 116 80 -281 -320 45 -77 -8 -39 -221 -47 371 214 -33 -115 540 -164 -256 0 81 79 132 278 140 -86 -99 439 -231 -213 -135 -143 -415 -287 113 -159 443 -391 -213 227 -182 499 527 14 584 -57 -43 -94 40 -111 299 205 -260 -500 42 204 -4 -274 -379 -376 375 -31 218 67 -529 -35 -101 63 212 -307 -238 -249 92 -204 -15 -198 60 87 3 58 -437 257 -245 308 -102 -6 -342 60 -107 115 180 1583863281
101 -115 -151 189 -144 -29 -147 -168 -732 75 237 24 -346 -273 -402 -400 -77 115 -262 67 103 162 905 309 687 -146 -111 463 -355 71 -120 405 599 190 103 -58 200 303 429 -348 -170 145 549 457 -129 -392 -421 71 -134 79 264 -54 -82 441 434 -46 -364 353 -377 325 522 -66 20 627 84 32 -652 127 219 -200 -168 -61 323 -325 238 -10 65 177 -467 -864 -48 142 -15 177 192 458 477 80 75 136 -96 102 -56 -390 74 130 -80 307 290 -170 -247 125 -34 -371 93 -307 280 -637 42 5 243 -199 -177 -99 208 140 -202 -287 129 -311 -457 -514 -328 -31 122 -65 -317 -221 -129 391 348 175 -470 445 311 83 -278 180 250 199 -217 252 333 40 169 -475 18 500 -437 42 -59 -205 403 461 -482 207 -207 -379 -62 94 184 -200 151 -402 -305 -162 84 14 554 390 -73 7 -434 -206 -69 297 -192 -278 26 -39 -153 514 -412 -775 207 134 74 -40 11 25 400 192 66 -99 -351 -111 -327 -220 185 -270 -300 142 2 -66 354 89 -43 737 -198 289 -513 20 -248 -35 249 107 -178 277 10 101 -226 297 -243 -334 211 -265 68 -191 55 -494 115 -243 -331 76 -63 13 77 861 -329 208 -240 -104 -437 -133 -782 220 319 -72 148 44 -265 371 191 -44 -375 111 -269 65 248 27 54 21 -77 -173 -78 -560 -151 414 -73 -360 86 357 -571 37 133 -164 116 -766 -61 193 163 -316 -146 -273 -327 -496 -179 -257 -144 443 180 163 -28 -64 -370 -29 244 -37 -567 -70 -3 225 -372 137 -345 -144 -198 140 -37 -191 144 -368 -71 -197 352 388 248 436 -408 38 -114 151 -743 -198 -285 -82 0 -328 -302 -188 318 239 127 -147 -150 -297 -105 -234 -385 -66 378 75 -217 264 163 453 144 203 429 -184 -123 136 9 735 61 10 -23 -107 -57 5 24 -358 587 98 -68 204 21 -375 277 228 -7 -24 -103 -241 -170 -99 -30 15 -326 49 -169 202 37 -246 -233 -80 -148 -139 209 -584 -420 -126 -177 76 249 -145 276 375 -517 276 -360 123 178 -93 -329 10 -34 -422 -303 67 -477 51 -119 -277 161 -180 261 70 290 -151 201 185 229 -3 -155 271 1583863281
95 300 -118 -65 56 12 -421 -195 519 -106 -172 -205 -183 -67 -157 545 -371 -179 -406 603 -503 349 -290 -247 -405 -531 -368 73 -21 9 166 -26 405 -29 89 336 449 156 4 -110 225 613 158 -269 76 136 286 1300 -324 -370 456 612 -120 14 -138 -562 404 -412 237 577 -579 312 294 -664 391 -74 -298 -144 -209 -90 -77 71 14 186 142 -232 -58 92 607 346 -14 -298 -28 -701 97 -34 118 12 285 514 26 321 -91 351 -384 57 -334 -190 -95 -8 -114 -303 355 -114 -241 189 -724 -157 -436 152 -1 -433 -21 -213 234 233 455 240 -146 190 -68 -410 52 622 57 214 180 207 -21 437 416 335 213 -457 -350 183 -203 -249 -22 -284 -300 619 155 326 -331 -227 -436 -457 -203 -244 32 -25 -35 -111 136 200 41 214 -187 98 -348 -160 148 353 445 -118 -201 -25 102 -305 793 41 -228 1 190 -398 -456 -506 -228 -42 -339 -197 -68 -671 -269 -351 459 179 -6 59 -331 163 51 -291 -258 114 -685 474 -2 -53 265 19 60 204 182 49 417 178 367 128 316 -763 12 312 -135 -369 -221 344 -386 162 423 226 525 125 17 -44 379 234 304 286 526 -27 -91 -376 -529 76 275 -35 257 461 319 -18 -268 -269 -111 600 4 -176 -54 137 -463 -7 125 -251 -664 425 -186 356 360 174 283 177 -82 315 77 235 63 -248 -18 -18 -77 29 -148 325 -248 126 70 302 -122 170 -99 329 -134 143 -38 74 112 -121 306 -447 48 215 -226 358 -94 311 -76 -642 32 160 -65 -102 242 -273 112 -112 -520 -209 -380 112 63 -452 -80 332 -183 -273 381 -11 -313 -372 -111 -380 163 -89 -280 -203 -121 63 -336 362 242 52 -345 -337 71 125 371 -621 -184 52 292 -294 69 25 -95 14 39 -30 -141 436 -19 -15 -175 -92 2 82 89 -29 90 293 134 -92 -80 -327 -349 -23 -70 -278 72 -280 -222 -292 137 -455 408 39 613 35 -149 -203 356 -172 -278 121 -127 9 44 -20 261 -449 51 -16 -123 -127 -146 466 -15 -2 234 264 305 -406 -199 -216 -37 35 -59 15 -12 98 160 13 -69 387 556 272 503 -209 -44 -108 246 -661 -187 35 257 119 1583863281
99 -210 -633 234 58 732 -383 44 379 264 42 -447 385 -804 159 9 -338 -187 -79 -34 328 86 -211 -73 46 -251 31 -210 177 -195 -1189 -328 483 552 -206 -139 34 -355 64 -210 -638 349 -204 451 456 105 -125 -301 -113 16 71 -349 -2 293 -753 489 343 -322 3 -466 427 20 599 -308 -365 553 280 -6 -197 -168 -438 149 -22 122 -125 51 494 236 225 18 -67 -309 201 77 134 164 166 -316 83 -276 310 109 -217 120 -116 38 35 -359 -186 69 10 -15 -53 -31 -376 370 -454 -294 169 391 -151 -305 -37 -16 -269 -105 159 432 -114 328 164 -220 -182 279 -4 137 58 -181 437 30 59 -367 -91 60 187 -12 143 134 -248 -505 31 -142 324 -287 94 253 177 598 -234 233 -240 -491 -146 -4 -158 -134 -49 235 -295 -71 361 264 232 -128 -54 -302 -39 309 -127 -426 -309 -127 398 200 269 597 638 -484 -56 21 -181 -376 106 12 -356 -294 -43 -285 187 84 -149 -245 135 138 -120 -122 -16 396 488 224 -119 475 265 700 -601 -202 132 284 438 -231 1066 -408 -252 -108 228 -680 -466 -278 251 146 -63 338 -84 -32 124 -199 99 -71 -279 185 358 549 -488 -200 91 -87 739 455 85 11 -267 104 344 126 116 156 -435 350 316 -124 -400 319 73 -67 180 229 -17 148 117 848 -127 291 -221 -171 8 -109 189 153 62 1 -69 -254 -86 21 12 449 -159 -501 -62 -52 20 -545 -94 -334 398 155 -292 72 239 466 298 -337 43 -147 205 -163 -56 -275 144 -124 -44 -230 -343 -91 -82 52 86 -389 -341 35 264 -215 34 214 -373 -412 67 146 37 -92 40 -163 90 -646 452 256 -299 -83 47 201 301 46 56 238 -31 -315 -277 88 29 -70 -64 -39 -401 60 90 -160 -221 -98 -186 199 -17 -374 -160 -81 12 -350 173 138 786 17 -530 450 5 -444 -95 309 103 -501 -140 -175 178 -315 189 547 343 145 306 65 67 -22 -77 536 57 31 -258 64 266 -336 -210 -288 -112 -72 -26 1 -37 264 156 40 271 -157 57 138 -206 357 421 415 -10 33 -81 18 -104 262 -65 21 129 176 37 -162 -55 -360 539 24 185 130 205 -150 1583863281
-526 52 -183 -150 31 -589 -859 339 -48 -131 205 -314 137 151 88 239 407 248 -418 8 -41 123 -68 96 62 134 -204 421 -127 89 165 171 388 -593 -786 -179 56 -356 -321 -382 20 -323 -266 151 31 283 -237 533 -607 96 572 117 -141 -187 315 -53 -328 -455 54 -483 82 240 186 214 112 31 605 -118 458 -312 81 -343 -167 177 652 550 -13 16 -40 -268 -107 -90 225 -411 -81 -256 -86 -606 275 -214 59 -12 758 149 141 -74 130 -16 298 76 334 514 34 -347 524 50 -98 -211 51 -221 264 182 -78 -300 -586 -374 -10 1 -213 276 -120 25 99 183 -90 147 122 115 5 46 200 176 -343 -88 -297 245 120 137 -393 99 58 -349 35 81 159 401 177 280 -32 -664 -139 -172 159 345 -52 -164 -29 -520 58 218 -106 -347 236 133 638 540 -152 189 -467 -250 70 192 51 -697 146 -244 -181 -83 319 201 -70 -87 -33 573 184 -52 -319 117 -348 185 456 529 20 319 267 -234 102 -443 365 187 359 -22 -114 73 327 204 -386 381 251 -195 -590 78 -110 -23 -191 -199 -77 -63 53 473 513 368 -888 269 -74 234 -13 315 122 168 -78 10 389 -32 -33 -82 231 -176 -470 236 -410 -90 52 196 -240 -166 149 -23 -360 -234 -349 -294 -210 -621 -118 81 341 -118 -467 85 241 -412 223 36 -12 208 526 292 -399 -289 145 116 108 -481 -226 -28 -71 -286 -297 -409 73 129 51 209 -20 -414 45 -80 147 -98 248 219 -392 160 196 -26 -213 638 -189 65 374 8 -61 361 -70 141 353 -37 -17 -88 -203 91 83 75 29 -478 414 144 144 -260 43 -142 275 211 43 -444 193 397 -223 -60 9 244 -351 116 481 592 -37 267 288 -13 -10 26 198 37 454 -48 -54 -162 -38 -374 300 -53 49 38 -66 -389 -367 -45 269 -347 121 176 -55 94 -64 405 44 -324 -98 -126 -334 356 -12 -155 -122 0 -284 224 489 82 -390 337 253 183 59 63 -191 634 358 -209 62 42 -31 315 -408 -28 442 249 -235 -41 -114 -475 406 113 158 -76 -235 -1 -176 104 -147 7 -340 -89 63 127 190 -212 -68 3 31 -66 -41 133 -274 -131 1583863281
-298 65 1 -98 0 27 -200 -243 134 73 290 -32 -89 18 -256 0 -511 43 92 -32 50 -646 -299 274 -260 -76 -28 603 -327 -421 -193 233 304 -296 -345 -712 59 443 305 572 -230 -359 239 -147 -27 158 -93 -433 64 320 197 -320 -343 -433 568 -600 -138 -26 267 229 -187 251 -147 -102 720 228 -668 -207 -25 336 -189 -459 -296 462 395 -23 -191 80 354 307 -104 19 -201 -200 -63 -66 -557 -284 129 -61 -289 -686 -101 -2 -432 280 -148 37 549 -72 -41 45 35 -47 -254 -405 228 75 -30 -221 420 -148 -520 -236 145 -154 -294 -170 -605 -363 -35 241 260 539 -525 -169 288 251 35 -248 -100 430 -354 -825 367 145 37 419 427 302 299 65 561 -482 -565 199 -133 135 -177 -166 8 -716 -302 367 629 -610 589 184 -13 -164 -400 -237 391 -151 -56 -215 60 326 84 27 443 -142 396 395 -459 -530 -179 -318 -102 -205 39 -174 -65 292 -250 -15 226 210 -230 47 38 261 -148 490 475 -66 -466 223 488 491 136 -160 433 71 53 384 -100 -382 -532 -386 45 -5 -507 -352 -189 48 -43 149 167 549 -125 -188 357 106 151 -107 114 -47 12 81 156 -344 -75 -39 -93 57 151 586 468 -321 16 -237 -446 -127 280 -222 -400 89 754 529 -224 -218 336 -182 539 112 -147 130 -67 -116 -455 -172 12 200 563 145 161 -121 235 -135 201 38 -571 -60 62 487 -57 -555 101 -139 -92 316 108 148 139 -128 -661 -36 4 -97 53 -46 416 -129 -395 -13 110 -531 -514 60 -290 26 81 -241 472 -141 -302 237 203 -57 105 162 92 -668 -100 212 -284 -402 27 -191 -55 192 -299 318 345 -104 -312 199 9 293 375 -164 3 416 -25 -239 -683 -5 -245 -3 -337 -130 119 317 454 -206 39 242 243 452 238 -142 -81 23 161 428 -149 -64 -19 -255 -179 -134 -382 325 -26 6 312 299 354 72 197 -195 92 -382 240 -169 91 409 15 163 321 -356 -393 -7 43 -237 -205 -130 58 -141 -48 -105 141 375 228 232 -161 -215 -117 -101 228 103 -128 -58 70 -386 321 -159 173 152 -254 84 85 170 -482 243 -363 263 -95 -337 -222 -112 -263 -102 2 205 1583863281
-514 8 -165 -406 -743 -326 210 71 -709 -23 903 149 28 -118 70 -107 490 -22 487 62 904 285 -515 132 -172 -18 -69 -81 379 53 230 -378 -333 299 178 473 -467 -298 851 94 -657 96 -531 0 -95 495 249 274 -62 169 -412 35 355 141 -246 279 112 -347 -118 -188 135 -48 -12 89 -27 140 55 -67 -277 433 343 252 -113 -202 172 -113 99 -155 240 -148 -447 -40 389 -165 -282 -50 107 132 8 -267 325 482 67 -907 -43 -560 425 -193 -243 -435 -11 -37 -121 580 -302 -273 -97 -30 88 -147 153 421 -236 -165 -103 -151 58 802 -208 -343 207 -51 -160 293 150 277 180 446 397 -127 -92 590 -122 98 -351 294 422 -167 405 51 139 -230 -339 293 111 -248 123 37 137 -74 -251 260 -482 -16 -207 515 38 115 0 185 -205 313 -171 -54 -87 205 -771 249 78 89 368 -130 159 66 -117 81 -30 133 -175 -124 146 -105 190 43 188 186 353 266 -215 -102 91 167 393 -1 210 -33 -554 -115 -107 -88 168 -140 -335 215 -183 -9 29 -450 -24 491 -679 124 -9 33 455 -44 356 -244 320 199 329 125 306 -198 393 -47 25 -304 -105 443 -365 462 -72 379 -123 -31 0 -482 95 154 -168 30 -185 -297 -323 -108 567 528 191 -32 -378 401 6 91 73 -482 -258 -118 -126 -26 417 -177 34 258 -403 208 356 -279 -82 17 -174 -144 -27 409 -114 -252 -334 -183 -118 403 -111 -5 -199 -373 251 247 73 234 305 26 -204 -135 -552 182 -102 -300 -59 419 150 104 216 15 -26 -191 -259 883 -121 79 58 -145 -274 -78 -55 513 276 -182 334 77 333 464 -234 226 -161 -156 -149 176 51 64 -134 410 22 242 30 175 652 -273 -88 13 -371 62 430 -119 -146 487 62 -469 151 -381 -504 -32 21 -12 -67 190 -108 115 -370 -12 -115 1 -212 97 -204 179 -132 139 -73 -106 -127 -55 -576 48 80 -501 406 -134 306 579 150 154 -392 152 357 435 -47 72 -161 -132 -109 -222 -49 -53 167 407 559 -165 -203 -27 -99 -52 -108 151 -98 424 641 140 -650 340 -106 -99 -173 -72 -33 -56 384 339 354 -266 297 440 -195 -13 35 -371 55 -145 1583863281
