-16088907 -15507006 21971308 5028343 -7598303 -7584923 -1902864 -142347 124975 -126563 -43450 -20429 -3893 -55055 -10572 -3932 59821 -3295 -1449 -1194 104 -345 -2375 -688 -17 -32 11 0 6 0 -2 4 76 -1 8 -17 0 -2 8 -13 -1 0 -3 -2 7 0 0 8 -6 -1 0 0 0 0 -1 1 0 -2 0 1 1583836345
-16042276 -15456307 21865877 5000904 -7291186 -7510549 -1915773 -142362 136975 -126606 -43467 7458 -3827 -48037 -8669 -5545 52922 2322 -1372 656 81 -639 -1542 -562 -15 -65 6 0 5 0 -1 3 40 0 0 13 0 -1 -1 -11 0 0 11 -4 -1 0 5 0 0 0 0 0 0 0 0 1 0 0 0 0 1583836345
-16088695 -15506957 21971531 5020357 -7835613 -7588869 -1827359 -142248 124818 -126356 -43344 -20091 -3973 -64347 -10884 -3888 -4925 -2526 -972 -932 -210 -149 169 -337 -3 -28 -10 0 8 0 0 1 6 0 2 -2 0 -1 0 -3 3 0 0 0 0 0 0 0 0 0 0 0 0 0 0 0 0 0 0 0 1583836345
-16076270 -15496397 21948170 5029749 -7202592 -7565738 -1933018 -142358 124734 -126626 -43475 -20877 -3858 -46232 -10764 -3863 67427 -3621 -1516 -1147 140 -364 -2860 1500 -29 -28 -37 -5 1 0 0 1 15 0 -6 30 0 -1 -2 -14 -4 0 8 -12 5 -1 -10 -2 2 -6 -2 2 0 0 0 -1 0 0 0 0 1583836345
-16089595 -15511719 21980816 5017504 -7882122 -7598360 -1820319 -142229 120453 -126325 -43329 -29733 -3997 -65712 -10790 -3695 -7553 -2991 -967 -808 -223 -132 -33 -235 -3 -25 -14 -4 4 0 0 1 -1 0 0 1 0 0 0 -1 1 0 0 0 0 0 0 0 0 0 0 0 0 0 0 0 0 0 0 0 1583836345
-16089144 -15505801 21968598 5031646 -7721113 -7592233 -1834922 -139134 120616 -126362 -43343 -30200 -3982 -61460 -10917 -3687 -7702 -3171 3738 -476 -214 -138 948 -289 -2 -28 -12 -5 1 0 0 1 0 0 2 0 -2 0 0 0 0 0 0 0 0 0 0 0 0 0 0 0 0 0 0 0 0 0 0 0 1583836345
-14784656 -15404068 21614542 3881638 -4470236 -5623662 -1591038 -140991 111298 -125052 -42734 -31049 -4012 -11608 430402 -308637 4031 -18205 -1121 -249 -175 2029 709 625 -16 -7 -29 -3 8 -5 0 6 -1 -8 0 0 0 -1 1 -1 2 -8 2 0 1 -3 0 3 -1 0 0 1 0 0 1 -1 0 0 0 0 1583836345
-15690700 -15159119 21236044 4663842 -7771982 -7175553 -1830097 -142176 124595 -126241 -43313 6490 -3919 -63150 -13093 -3810 -8145 -2038 -957 -442 -224 -215 11 -231 -3 53 -15 -7 3 -1 0 2 -1 -1 0 1 0 0 0 0 0 0 0 0 0 0 0 0 0 0 0 -1 0 0 0 0 0 0 0 0 1583836345
-16089938 -15508943 21971037 5095521 -5769851 -7562930 -50380 -139267 120562 -121366 -40715 -30370 -4851 -103370 -10764 -3680 -8992 -3148 -397 -634 -205 -133 -316 -298 -2 -26 -13 -5 1 0 0 1 3 0 3 0 0 0 0 2 0 0 0 -1 0 0 0 0 0 0 0 0 0 0 0 0 0 0 0 0 1583836345
4578822 2163764 -15430717 -14899292 -7531107 12771480 -1835820 -133382 -64986 -117946 -40574 38331 -3540 -61948 -45328 16976 -7789 504 -874 -11 -206 -1615 13 -266 -3 501 -22 -23 0 -3 0 4 -1 -5 0 0 0 -1 0 0 0 -2 -1 0 0 0 0 -1 -1 0 0 0 0 0 0 0 0 0 -1 0 1583836345
-5850751 -3272774 -3475903 -4685789 -1359442 387123 -2369013 -138318 10699 -123403 -42438 -8379 -3156 99790 -27940 11826 81903 -3713 -1645 390 143 8145 4217 -783 -19 -170 29 -3 -1 -2 -1 0 29 0 -71 -42 -5 -4 28 -3 0 -2 16 -8 -6 1 2 0 -1 0 0 1 -1 0 3 -1 0 0 0 0 1583836345
-15968869 -15405794 21756854 4913148 -7594225 -7465662 -1847774 -142211 123839 -126353 -43345 -20618 -3950 -58246 -11602 -3660 -4876 -2991 -992 -635 -213 -162 22 -194 -4 -21 -14 -6 1 0 0 1 -2 0 0 0 0 0 0 0 0 0 1 1 0 0 0 1 -1 0 0 0 0 0 1 0 0 0 0 0 1583836345
-14456200 -14065800 18914629 3797705 -588523 -5786031 -2485778 -142425 123533 -127338 -43773 27491 -3171 120952 -16315 -2055 -7305 -1668 -950 -804 -313 -237 -220 -245 -3 138 -15 -6 6 0 0 2 -4 -1 0 0 0 0 -3 0 6 0 0 1 0 1 2 0 0 0 0 2 -1 0 0 0 0 0 0 0 1583836345
8179005 4889930 -21250255 -18431486 -6025463 16422985 -1968652 -131459 -127471 -116562 -40110 -64065 -3521 -23631 -19026 7568 -7984 -4205 -965 561 -232 7646 -37 -63 -3 -165 -15 -6 -1 -4 0 2 -3 -2 2 0 0 1 -1 0 -1 1 0 0 0 3 0 0 0 0 1 0 0 1 0 0 0 0 0 0 1583836345
-15503091 -15009397 20904359 4717329 -517118 -6885511 733895 -137424 116731 -118759 -39287 -20786 -4993 -29866 -11784 -3042 13605 -3019 -1164 -720 -124 -246 4248 1576 -15 -8 -61 -6 4 0 0 0 -14 0 -1 -1 0 0 3 7 1 0 2 2 5 0 -3 4 -3 -6 1 0 -3 0 -2 4 0 0 0 -1 1583836345
-15727329 -15089695 20969907 7285531 65518385 -5954577 26359579 -92297 149539 -45576 200 -11113 -15638 185639 -9475 -1627 -6892 -3227 -1541 -787 -273 60 -1504 -952 7 21 12 -6 0 0 0 4 38 -2 29 -5 1 0 -13 -7 -2 0 3 -1 3 0 -2 3 -2 3 0 -1 -2 0 1 0 0 0 0 -2 1583836345
-15973551 -15344026 21514634 7232619 57020500 -6370377 24847466 -95431 121778 -50154 -2353 -19024 -15185 85453 -8672 -2127 31880 -3619 -1552 -780 -8 -329 84291 -145 17 -247 16 -8 0 -1 5 0 -29 -1 19 29 3 3 -12 21 3 1 18 -4 -2 0 3 -4 3 -2 0 0 -1 0 -1 -1 0 -1 0 0 1583836345
-15612809 -15074380 21060191 4604486 -7772528 -7066857 -1830219 -142218 139925 -126269 -43333 45669 -3851 -63420 -14602 -4463 -7630 -829 -947 -200 -218 -281 -30 -195 -3 71 -16 -1 11 -1 0 2 -2 -1 0 1 0 0 0 -1 2 0 0 0 0 0 0 0 0 0 0 0 0 0 1 -1 0 0 0 0 1583836345
-16076840 -15496605 21941699 5155129 -3720160 -7514344 -318214 -139557 120029 -122012 -40998 -28573 -4603 -46749 -10427 -3571 -3171 -2871 -1010 -1119 -205 -124 2124 555 -7 -24 -35 -3 5 0 0 1 -4 0 0 -1 0 -1 2 -1 4 0 0 0 1 0 1 0 0 -2 0 0 -1 0 0 0 0 0 0 0 1583836345
6031296 3155570 -17706722 -13639573 69117917 15569451 28028569 -79726 -121481 -31706 5785 -83051 -16137 186317 -47433 28404 -4322 -1822 -1503 -1018 -242 -1389 -42 -598 4 129 -4 -10 0 -1 0 5 25 -2 -16 -16 0 -1 -1 -4 -1 -3 8 -5 -2 0 3 -1 0 -2 0 0 0 0 -1 0 0 0 0 0 1583836345
-6602823 -7539562 5081552 -4062025 -5193826 1797482 -903133 -136383 1960 -119715 -40579 -62242 -4275 -52912 -23824 16514 -7351 -4243 -1139 2955 -217 19710 -216 663 -5 -383 -30 0 -1 -5 0 0 -5 0 1 -1 0 1 3 -2 -1 -1 0 -1 1 0 0 0 0 0 0 0 0 0 0 -1 0 0 0 0 1583836345
-16008059 -15378012 21603492 6941408 47913996 -6551206 20547787 -102898 126977 -62406 -8922 -10169 -13333 82223 -9576 -2494 17507 -3553 -1566 -928 -111 -82 9426 -83 -2 -53 -17 -5 0 0 0 2 18 0 -17 4 -2 -2 12 -7 -2 0 3 -3 0 0 -3 0 0 1 0 1 -1 0 0 1 0 0 0 0 1583836345
-16085753 -15507491 21972023 5014863 -7892263 -7593434 -1819712 -142233 120908 -126325 -43330 -29023 -3996 -65985 -10977 -3703 -5413 -3130 -990 -677 -212 -146 -159 -181 -4 -22 -14 -6 1 0 0 1 -3 0 0 3 0 0 0 1 0 0 -1 -2 -1 0 0 0 0 0 -1 0 0 0 0 0 0 0 0 0 1583836345
-15940709 -15385046 21712585 4877558 -7846412 -7447245 -1790583 -142125 120006 -126188 -43269 -26394 -3999 -66217 -11261 -3523 2432 -3143 -1040 -872 -174 -169 -613 -445 -4 -9 -4 -6 1 0 0 2 10 0 9 0 0 0 2 10 2 0 -2 -7 -3 0 0 1 -1 -2 -5 0 2 0 1 1 0 0 0 0 1583836345
41890317 33162385 -81165965 -51204889 -7259224 49604757 -1820994 -115907 -526969 -101950 -35184 -279578 -3510 -62432 -74311 51848 -7567 -4984 -773 -2806 -202 -3543 -111 -276 -2 -292 -7 61 36 59 0 -73 3 73 5 0 0 -1 1 1 0 -18 1 0 0 0 0 -2 -2 0 0 0 0 -1 0 0 0 0 0 0 1583836345
-15982079 -15415737 21778532 4918881 -7892461 -7481803 -1818579 -142206 124280 -126295 -43322 -18474 -3978 -66071 -11801 -3686 -8165 -3089 -968 -658 -226 -146 0 -299 -2 0 -12 -7 1 0 0 1 0 0 3 0 0 0 0 1 0 0 0 0 0 0 0 0 0 0 -1 0 0 0 0 1 0 0 0 0 1583836345
-15777506 -15238694 21404376 4728370 -7887347 -7267279 -1822723 -142153 127154 -126245 -43312 -3553 -3943 -65779 -13108 -3544 314 -3334 -1028 -796 -184 -173 -485 -416 -4 49 -13 -8 1 0 0 2 13 -1 9 0 0 0 2 10 2 0 -1 -8 -3 0 0 2 -2 -4 -9 0 7 0 5 8 0 0 0 0 1583836345
-15275459 -14823612 20523550 4233321 -7846349 -6784830 -1829193 -141892 116184 -126024 -43236 -21946 -3961 -64628 -13086 -2611 0 -3275 -1025 -788 -186 -207 -259 -326 -4 -9 -10 -6 1 0 0 2 8 0 2 -2 0 -1 1 -1 0 0 -3 0 0 0 0 0 0 0 0 0 0 0 0 0 0 0 0 0 1583836345
-15656465 -15142869 21199131 4637305 -7576428 -7141694 -1868138 -142200 118434 -126316 -43354 2866 -3881 -57087 -13356 -3584 22287 -3496 -1185 -944 -79 -244 -855 -46 -12 158 -21 -11 1 -1 0 2 13 -2 0 10 0 -1 -1 -6 -1 0 -1 -3 2 0 -6 -1 0 -4 0 0 -2 0 1 1 0 0 0 0 1583836345
14739849 10369728 -32865368 -24882875 -7404446 22812958 -1853523 -128232 -223612 -113435 -39031 -175596 -3723 -58802 -50276 30526 18281 -4160 -1053 -2007 -88 -2055 -867 -626 -7 -228 7 1 2 0 0 2 19 -2 9 -4 0 0 1 0 0 0 0 1 2 0 4 -1 0 0 0 0 0 -2 0 0 0 0 1 0 1583836345
-15190696 -14756046 20378760 4167624 -7365103 -6698431 -1869050 -141877 111257 -126068 -43253 -27649 -3926 -52245 -12738 -2510 -3346 -3004 -999 -668 -208 -216 779 -345 -3 0 -12 -6 1 0 0 1 0 0 -3 -4 0 -1 2 0 0 0 1 0 0 0 0 0 1 0 0 0 0 0 0 0 0 0 0 0 1583836345
-15469431 -14985944 20860665 4557427 -3994740 -6920652 -2174023 -142239 111222 -126877 -43564 -26662 -3607 34249 -10216 -3953 -7752 -2423 -967 -613 -273 -173 -107 -360 -2 -31 -8 -3 3 0 0 0 -1 2 3 -1 0 0 0 -1 1 0 0 0 0 0 0 0 0 0 0 0 0 0 0 0 0 0 0 0 1583836345
7131537 3986071 -19343121 -17373049 -3783963 15374686 -2173515 -131929 -137526 -117359 -40377 -136753 -3439 35195 -51216 29464 -8726 -2964 -889 -1414 -271 -1574 -69 -333 -1 -175 -8 -1 2 0 0 1 0 1 2 -1 0 0 -1 -1 0 -2 0 0 0 0 0 0 -1 0 0 0 0 0 0 0 0 0 0 0 1583836345
-16085666 -15506780 21967455 5080809 -5983136 -7560829 -1993372 -142362 120555 -126720 -43485 -28811 -3812 -16642 -10975 -3618 -7473 -3068 -977 -659 -248 -129 -45 -327 -2 -22 -12 -6 1 0 0 1 -2 0 0 -2 0 0 0 0 0 0 0 0 0 0 0 0 0 0 0 0 0 0 0 0 0 0 0 0 1583836345
-12739599 -12656047 15927752 1983712 -3023833 -4152732 -36128 -137726 109428 -119921 -40162 19585 -4606 -51338 -17533 -1218 -9490 -1640 -977 -194 -229 -415 -404 -323 -1 7 -11 -9 0 0 0 2 0 0 4 0 0 0 0 0 0 0 1 0 2 -1 -2 0 0 1 0 1 0 0 0 1 0 0 0 0 1583836345
-10140305 -10463585 11284435 -559727 -2316534 -1575004 265155 -135859 101722 -117950 -39319 -1364 -4723 -47565 -15527 -1573 -8693 -2202 -981 -413 -226 -524 -314 -338 0 34 -15 -9 0 -1 0 2 3 -1 4 -1 0 0 -1 0 0 2 1 0 2 -2 0 0 0 0 0 0 -1 0 0 0 0 0 0 0 1583836345
-13224003 -13108545 16883680 2307859 -5883223 -4747932 -992683 -139469 82419 -122743 -41649 -55138 -4346 -61908 -13776 -210 -4634 -2326 -1001 -456 -205 -367 -207 -109 -4 -47 -15 -6 1 0 0 1 -2 0 -2 0 0 0 1 0 0 0 0 1 0 0 2 0 0 0 0 0 0 0 0 0 0 0 0 0 1583836345
-16067533 -15489469 21933964 5009790 -7514735 -7562730 -1912128 -142342 124687 -126576 -43456 -21203 -3882 -52604 -11279 -3656 64866 -4371 -1495 -1424 125 -313 -2566 -981 -17 -22 24 -3 2 0 -2 4 74 -1 7 -17 0 -1 6 -7 -1 0 -4 -4 13 1 0 6 -5 0 1 0 2 0 -3 1 0 -3 0 1 1583836345
-15969058 -15406076 21756469 4933929 -6992239 -7455538 -1968289 -142353 123662 -126673 -43502 -20157 -3813 -38927 -11430 -3491 88884 -4716 -1667 -1655 238 -381 -2396 -150 -26 -15 14 -3 2 0 -1 3 60 -1 -5 25 0 -1 0 -21 -5 1 16 -8 2 -1 -8 3 -3 -4 1 -1 -1 0 3 0 0 0 0 0 1583836345
-15887822 -15338898 21615295 4826333 -7855812 -7390319 -1825249 -142161 122222 -126268 -43315 -20289 -3972 -64939 -11767 -3588 -3866 -3077 -999 -670 -205 -167 -93 -306 -3 -2 -12 -7 1 0 0 1 2 0 1 0 0 0 0 -2 0 0 0 0 0 0 0 0 0 0 0 0 0 0 0 0 0 0 0 0 1583836345
-16017092 -15448993 21847370 4968363 -7430986 -7515041 -1919360 -142338 120113 -126570 -43457 -25284 -3875 -51064 -11141 -3502 80451 -4711 -1611 -1618 202 -347 -3634 212 -27 0 5 -4 2 0 -1 2 37 -1 0 25 0 0 -1 -5 -1 0 7 -14 -4 0 1 1 -1 2 0 5 4 0 0 -4 0 1 0 0 1583836345
-10269046 -10002955 10389970 -604083 -6840197 -2212197 -1911682 -139681 63865 -124115 -42611 -31904 -3814 -40161 -17672 1061 -7807 -3006 -951 -761 -234 -486 12 -207 -3 -62 -14 -6 1 0 0 1 -1 0 0 1 0 0 0 -1 0 0 0 0 0 -1 0 0 0 0 0 0 0 0 0 0 0 0 0 0 1583836345
-13223807 -13092762 16837493 2642433 3630001 -4566489 -1698665 -139894 92353 -124317 -42222 -33639 -3447 176822 -11255 -2500 54963 -4187 -1442 -1399 -30 -394 461 2224 -29 -44 -65 -5 2 0 0 0 -2 0 -18 27 0 0 -3 0 0 1 2 0 4 1 14 9 -7 -1 0 -5 -3 0 -1 2 0 0 0 0 1583836345
112571231 93162255 -208220597 -120007591 -6316016 118715781 -1851479 -82822 -1319075 -71842 -24982 -1031853 -3651 -50783 -194943 173204 -6541 -2084 -556 -4364 -177 -8184 -282 -139 2 -820 0 18 7 -7 0 8 -3 -17 0 1 0 0 0 0 -1 -5 0 0 0 -1 1 0 0 0 0 -1 0 0 0 0 0 0 0 0 1583836345
-16043579 -15466136 21882748 5036019 -6218443 -7514721 -1975783 -142353 124682 -126681 -43473 -19844 -3813 -22251 -11427 -3722 -1265 -2972 -1017 -645 -213 -165 1116 -115 -4 -24 -16 -6 1 0 0 1 -1 0 0 -2 0 -1 2 0 0 0 1 0 0 0 0 0 0 0 1 -1 0 0 0 1 0 0 0 0 1583836345
-15447683 -14951098 20793269 4483130 -5839885 -6887961 -113467 -139174 135724 -121345 -40757 19668 -4725 -102342 -14635 -3454 -8697 -2861 -981 -766 -205 -181 -320 -295 -2 41 -17 -7 2 0 0 2 2 0 1 0 0 0 1 2 2 0 0 -1 -1 0 0 0 0 0 0 0 0 0 0 0 0 0 0 0 1583836345
-15911027 -15354016 21632761 5161551 1028579 -7264168 -2081158 -141919 118697 -126610 -43264 -23372 -3362 141951 -11261 -3021 92116 -4720 -1649 -1649 167 -408 19861 -1258 -15 -40 37 -4 2 0 -1 3 62 0 -28 -35 -2 -3 18 -9 -1 0 5 -8 -5 0 -1 1 -1 0 0 1 0 0 0 1 0 0 0 0 1583836345
-16086402 -15503497 21952927 5253613 -1052004 -7476485 -2444335 -142707 120431 -127754 -43897 -28512 -3341 107676 -10901 -3413 -6950 -2955 -987 -652 -309 -103 -243 -414 -2 -20 -8 -6 2 0 0 1 0 0 4 -1 0 0 -1 1 0 0 1 0 2 0 0 0 0 2 0 0 -1 0 0 1 0 0 0 0 1583836345
-16081597 -15497319 21946225 5129925 -4548513 -7523486 -2124141 -142476 125263 -127032 -43610 -19196 -3658 19719 -11352 -3731 -8361 -2776 -972 -555 -270 -134 -66 -161 -3 -20 -16 -6 1 0 0 1 -3 0 2 0 0 0 0 0 0 0 1 1 0 0 1 0 0 0 0 1 -1 0 0 0 0 0 0 0 1583836345
-15003120 -14432045 19712273 4262826 -2418294 -6280751 -2319804 -142593 200286 -127327 -43753 85395 -3255 74555 -18345 -3708 -7258 -1308 -952 -451 -288 -254 -128 -387 0 207 -14 -11 2 -1 0 2 0 -2 3 -3 0 0 -2 -3 3 0 0 0 0 0 0 0 0 0 0 0 0 0 0 0 0 0 0 0 1583836345
-12949624 -12809268 16266536 2007823 -6781886 -4398924 -1423168 -140140 149876 -124001 -42334 32726 -4003 -61487 -20154 -442 -6412 -2758 -970 -653 -215 -361 818 -308 -1 176 -16 -13 0 -1 0 2 0 -2 -1 -2 0 -1 1 0 0 0 1 0 0 0 0 0 0 0 0 0 0 0 0 0 0 0 0 0 1583836345
-15870077 -15228063 21217253 8218742 87465957 -5748516 34918326 -77288 119456 -21106 13399 -17341 -19199 259654 -7683 -1314 -6087 -3115 -1708 -741 -282 112 2110 -967 8 -32 5 -4 0 0 0 4 35 -1 8 -15 1 0 -15 -8 -2 0 8 -4 -3 0 0 0 0 -1 0 0 0 0 0 0 0 0 0 0 1583836345
-1073140 -2836148 -4993915 -7150751 59068086 8363551 23088641 -91302 -46201 -48650 -2676 -81742 -14041 205240 -30276 15832 25302 -3899 -1550 -1474 -113 -1051 40140 -165 6 -128 8 -5 0 0 2 1 2 0 0 18 1 0 -4 1 0 0 0 -1 2 -1 0 0 1 0 0 5 0 0 0 0 0 0 -1 -1 1583836345
-15865943 -15316148 21553180 5079265 -199747 -7243714 1156384 -136891 117891 -117722 -38712 -25935 -5220 -40965 -11196 -3255 2558 -3202 -1101 -746 -176 -165 1141 -5 -5 4 -23 -7 1 0 0 1 -1 0 -12 0 0 0 0 1 0 0 -4 0 5 1 3 -2 1 0 0 1 1 0 0 0 0 0 0 0 1583836345
-16097509 -15346455 21398296 10002958 129574291 -5245975 51972736 1191 116311 27550 39604 -24878 -26374 368000 -5090 -424 1099 -3831 11596 -459 -223 266 -558 -542 8 -35 2 2 -1 0 0 4 60 -3 5 13 -12 -3 12 -23 -5 0 1 0 -3 0 1 3 -3 1 0 6 -2 0 3 0 0 -1 0 -1 1583836345
-16071606 -15430357 21708435 7114234 50964855 -6568913 21743131 -100826 122455 -59004 -7077 -10179 -13819 96078 -9166 -2497 17748 -3449 -1569 -1062 -111 -79 15348 314 -2 -66 -23 -4 2 0 1 1 11 -1 -23 24 -1 -2 4 -12 0 0 -4 -2 0 0 3 0 0 1 -1 3 0 0 -2 2 0 0 0 0 1583836345
-16088907 -15507006 21971308 5028343 -7598303 -7584923 -1902864 -142347 124975 -126563 -43450 -20429 -3893 -55055 -10572 -3932 59821 -3295 -1449 -1194 104 -345 -2375 -688 -17 -32 11 0 6 0 -2 4 76 -1 8 -17 0 -2 8 -13 -1 0 -3 -2 7 0 0 8 -6 -1 0 0 0 0 -1 1 0 -2 0 1 1583838187
-16042276 -15456307 21865877 5000904 -7291186 -7510549 -1915773 -142362 136975 -126606 -43467 7458 -3827 -48037 -8669 -5545 52922 2322 -1372 656 81 -639 -1542 -562 -15 -65 6 0 5 0 -1 3 40 0 0 13 0 -1 -1 -11 0 0 11 -4 -1 0 5 0 0 0 0 0 0 0 0 1 0 0 0 0 1583838187
-16088695 -15506957 21971531 5020357 -7835613 -7588869 -1827359 -142248 124818 -126356 -43344 -20091 -3973 -64347 -10884 -3888 -4925 -2526 -972 -932 -210 -149 169 -337 -3 -28 -10 0 8 0 0 1 6 0 2 -2 0 -1 0 -3 3 0 0 0 0 0 0 0 0 0 0 0 0 0 0 0 0 0 0 0 1583838187
-16076270 -15496397 21948170 5029749 -7202592 -7565738 -1933018 -142358 124734 -126626 -43475 -20877 -3858 -46232 -10764 -3863 67427 -3621 -1516 -1147 140 -364 -2860 1500 -29 -28 -37 -5 1 0 0 1 15 0 -6 30 0 -1 -2 -14 -4 0 8 -12 5 -1 -10 -2 2 -6 -2 2 0 0 0 -1 0 0 0 0 1583838187
-16089595 -15511719 21980816 5017504 -7882122 -7598360 -1820319 -142229 120453 -126325 -43329 -29733 -3997 -65712 -10790 -3695 -7553 -2991 -967 -808 -223 -132 -33 -235 -3 -25 -14 -4 4 0 0 1 -1 0 0 1 0 0 0 -1 1 0 0 0 0 0 0 0 0 0 0 0 0 0 0 0 0 0 0 0 1583838187
-16089144 -15505801 21968598 5031646 -7721113 -7592233 -1834922 -139134 120616 -126362 -43343 -30200 -3982 -61460 -10917 -3687 -7702 -3171 3738 -476 -214 -138 948 -289 -2 -28 -12 -5 1 0 0 1 0 0 2 0 -2 0 0 0 0 0 0 0 0 0 0 0 0 0 0 0 0 0 0 0 0 0 0 0 1583838187
-14784656 -15404068 21614542 3881638 -4470236 -5623662 -1591038 -140991 111298 -125052 -42734 -31049 -4012 -11608 430402 -308637 4031 -18205 -1121 -249 -175 2029 709 625 -16 -7 -29 -3 8 -5 0 6 -1 -8 0 0 0 -1 1 -1 2 -8 2 0 1 -3 0 3 -1 0 0 1 0 0 1 -1 0 0 0 0 1583838187
-15690700 -15159119 21236044 4663842 -7771982 -7175553 -1830097 -142176 124595 -126241 -43313 6490 -3919 -63150 -13093 -3810 -8145 -2038 -957 -442 -224 -215 11 -231 -3 53 -15 -7 3 -1 0 2 -1 -1 0 1 0 0 0 0 0 0 0 0 0 0 0 0 0 0 0 -1 0 0 0 0 0 0 0 0 1583838187
-16089938 -15508943 21971037 5095521 -5769851 -7562930 -50380 -139267 120562 -121366 -40715 -30370 -4851 -103370 -10764 -3680 -8992 -3148 -397 -634 -205 -133 -316 -298 -2 -26 -13 -5 1 0 0 1 3 0 3 0 0 0 0 2 0 0 0 -1 0 0 0 0 0 0 0 0 0 0 0 0 0 0 0 0 1583838187
4578822 2163764 -15430717 -14899292 -7531107 12771480 -1835820 -133382 -64986 -117946 -40574 38331 -3540 -61948 -45328 16976 -7789 504 -874 -11 -206 -1615 13 -266 -3 501 -22 -23 0 -3 0 4 -1 -5 0 0 0 -1 0 0 0 -2 -1 0 0 0 0 -1 -1 0 0 0 0 0 0 0 0 0 -1 0 1583838187
-5850751 -3272774 -3475903 -4685789 -1359442 387123 -2369013 -138318 10699 -123403 -42438 -8379 -3156 99790 -27940 11826 81903 -3713 -1645 390 143 8145 4217 -783 -19 -170 29 -3 -1 -2 -1 0 29 0 -71 -42 -5 -4 28 -3 0 -2 16 -8 -6 1 2 0 -1 0 0 1 -1 0 3 -1 0 0 0 0 1583838187
-15968869 -15405794 21756854 4913148 -7594225 -7465662 -1847774 -142211 123839 -126353 -43345 -20618 -3950 -58246 -11602 -3660 -4876 -2991 -992 -635 -213 -162 22 -194 -4 -21 -14 -6 1 0 0 1 -2 0 0 0 0 0 0 0 0 0 1 1 0 0 0 1 -1 0 0 0 0 0 1 0 0 0 0 0 1583838187
-14456200 -14065800 18914629 3797705 -588523 -5786031 -2485778 -142425 123533 -127338 -43773 27491 -3171 120952 -16315 -2055 -7305 -1668 -950 -804 -313 -237 -220 -245 -3 138 -15 -6 6 0 0 2 -4 -1 0 0 0 0 -3 0 6 0 0 1 0 1 2 0 0 0 0 2 -1 0 0 0 0 0 0 0 1583838187
8179005 4889930 -21250255 -18431486 -6025463 16422985 -1968652 -131459 -127471 -116562 -40110 -64065 -3521 -23631 -19026 7568 -7984 -4205 -965 561 -232 7646 -37 -63 -3 -165 -15 -6 -1 -4 0 2 -3 -2 2 0 0 1 -1 0 -1 1 0 0 0 3 0 0 0 0 1 0 0 1 0 0 0 0 0 0 1583838187
-15503091 -15009397 20904359 4717329 -517118 -6885511 733895 -137424 116731 -118759 -39287 -20786 -4993 -29866 -11784 -3042 13605 -3019 -1164 -720 -124 -246 4248 1576 -15 -8 -61 -6 4 0 0 0 -14 0 -1 -1 0 0 3 7 1 0 2 2 5 0 -3 4 -3 -6 1 0 -3 0 -2 4 0 0 0 -1 1583838187
-15727329 -15089695 20969907 7285531 65518385 -5954577 26359579 -92297 149539 -45576 200 -11113 -15638 185639 -9475 -1627 -6892 -3227 -1541 -787 -273 60 -1504 -952 7 21 12 -6 0 0 0 4 38 -2 29 -5 1 0 -13 -7 -2 0 3 -1 3 0 -2 3 -2 3 0 -1 -2 0 1 0 0 0 0 -2 1583838187
-15973551 -15344026 21514634 7232619 57020500 -6370377 24847466 -95431 121778 -50154 -2353 -19024 -15185 85453 -8672 -2127 31880 -3619 -1552 -780 -8 -329 84291 -145 17 -247 16 -8 0 -1 5 0 -29 -1 19 29 3 3 -12 21 3 1 18 -4 -2 0 3 -4 3 -2 0 0 -1 0 -1 -1 0 -1 0 0 1583838187
-15612809 -15074380 21060191 4604486 -7772528 -7066857 -1830219 -142218 139925 -126269 -43333 45669 -3851 -63420 -14602 -4463 -7630 -829 -947 -200 -218 -281 -30 -195 -3 71 -16 -1 11 -1 0 2 -2 -1 0 1 0 0 0 -1 2 0 0 0 0 0 0 0 0 0 0 0 0 0 1 -1 0 0 0 0 1583838187
-16076840 -15496605 21941699 5155129 -3720160 -7514344 -318214 -139557 120029 -122012 -40998 -28573 -4603 -46749 -10427 -3571 -3171 -2871 -1010 -1119 -205 -124 2124 555 -7 -24 -35 -3 5 0 0 1 -4 0 0 -1 0 -1 2 -1 4 0 0 0 1 0 1 0 0 -2 0 0 -1 0 0 0 0 0 0 0 1583838187
6031296 3155570 -17706722 -13639573 69117917 15569451 28028569 -79726 -121481 -31706 5785 -83051 -16137 186317 -47433 28404 -4322 -1822 -1503 -1018 -242 -1389 -42 -598 4 129 -4 -10 0 -1 0 5 25 -2 -16 -16 0 -1 -1 -4 -1 -3 8 -5 -2 0 3 -1 0 -2 0 0 0 0 -1 0 0 0 0 0 1583838187
-6602823 -7539562 5081552 -4062025 -5193826 1797482 -903133 -136383 1960 -119715 -40579 -62242 -4275 -52912 -23824 16514 -7351 -4243 -1139 2955 -217 19710 -216 663 -5 -383 -30 0 -1 -5 0 0 -5 0 1 -1 0 1 3 -2 -1 -1 0 -1 1 0 0 0 0 0 0 0 0 0 0 -1 0 0 0 0 1583838187
-16008059 -15378012 21603492 6941408 47913996 -6551206 20547787 -102898 126977 -62406 -8922 -10169 -13333 82223 -9576 -2494 17507 -3553 -1566 -928 -111 -82 9426 -83 -2 -53 -17 -5 0 0 0 2 18 0 -17 4 -2 -2 12 -7 -2 0 3 -3 0 0 -3 0 0 1 0 1 -1 0 0 1 0 0 0 0 1583838187
-16085753 -15507491 21972023 5014863 -7892263 -7593434 -1819712 -142233 120908 -126325 -43330 -29023 -3996 -65985 -10977 -3703 -5413 -3130 -990 -677 -212 -146 -159 -181 -4 -22 -14 -6 1 0 0 1 -3 0 0 3 0 0 0 1 0 0 -1 -2 -1 0 0 0 0 0 -1 0 0 0 0 0 0 0 0 0 1583838187
-15940709 -15385046 21712585 4877558 -7846412 -7447245 -1790583 -142125 120006 -126188 -43269 -26394 -3999 -66217 -11261 -3523 2432 -3143 -1040 -872 -174 -169 -613 -445 -4 -9 -4 -6 1 0 0 2 10 0 9 0 0 0 2 10 2 0 -2 -7 -3 0 0 1 -1 -2 -5 0 2 0 1 1 0 0 0 0 1583838187
41890317 33162385 -81165965 -51204889 -7259224 49604757 -1820994 -115907 -526969 -101950 -35184 -279578 -3510 -62432 -74311 51848 -7567 -4984 -773 -2806 -202 -3543 -111 -276 -2 -292 -7 61 36 59 0 -73 3 73 5 0 0 -1 1 1 0 -18 1 0 0 0 0 -2 -2 0 0 0 0 -1 0 0 0 0 0 0 1583838187
-15982079 -15415737 21778532 4918881 -7892461 -7481803 -1818579 -142206 124280 -126295 -43322 -18474 -3978 -66071 -11801 -3686 -8165 -3089 -968 -658 -226 -146 0 -299 -2 0 -12 -7 1 0 0 1 0 0 3 0 0 0 0 1 0 0 0 0 0 0 0 0 0 0 -1 0 0 0 0 1 0 0 0 0 1583838187
-15777506 -15238694 21404376 4728370 -7887347 -7267279 -1822723 -142153 127154 -126245 -43312 -3553 -3943 -65779 -13108 -3544 314 -3334 -1028 -796 -184 -173 -485 -416 -4 49 -13 -8 1 0 0 2 13 -1 9 0 0 0 2 10 2 0 -1 -8 -3 0 0 2 -2 -4 -9 0 7 0 5 8 0 0 0 0 1583838187
-15275459 -14823612 20523550 4233321 -7846349 -6784830 -1829193 -141892 116184 -126024 -43236 -21946 -3961 -64628 -13086 -2611 0 -3275 -1025 -788 -186 -207 -259 -326 -4 -9 -10 -6 1 0 0 2 8 0 2 -2 0 -1 1 -1 0 0 -3 0 0 0 0 0 0 0 0 0 0 0 0 0 0 0 0 0 1583838187
-15656465 -15142869 21199131 4637305 -7576428 -7141694 -1868138 -142200 118434 -126316 -43354 2866 -3881 -57087 -13356 -3584 22287 -3496 -1185 -944 -79 -244 -855 -46 -12 158 -21 -11 1 -1 0 2 13 -2 0 10 0 -1 -1 -6 -1 0 -1 -3 2 0 -6 -1 0 -4 0 0 -2 0 1 1 0 0 0 0 1583838187
14739849 10369728 -32865368 -24882875 -7404446 22812958 -1853523 -128232 -223612 -113435 -39031 -175596 -3723 -58802 -50276 30526 18281 -4160 -1053 -2007 -88 -2055 -867 -626 -7 -228 7 1 2 0 0 2 19 -2 9 -4 0 0 1 0 0 0 0 1 2 0 4 -1 0 0 0 0 0 -2 0 0 0 0 1 0 1583838187
-15190696 -14756046 20378760 4167624 -7365103 -6698431 -1869050 -141877 111257 -126068 -43253 -27649 -3926 -52245 -12738 -2510 -3346 -3004 -999 -668 -208 -216 779 -345 -3 0 -12 -6 1 0 0 1 0 0 -3 -4 0 -1 2 0 0 0 1 0 0 0 0 0 1 0 0 0 0 0 0 0 0 0 0 0 1583838187
-15469431 -14985944 20860665 4557427 -3994740 -6920652 -2174023 -142239 111222 -126877 -43564 -26662 -3607 34249 -10216 -3953 -7752 -2423 -967 -613 -273 -173 -107 -360 -2 -31 -8 -3 3 0 0 0 -1 2 3 -1 0 0 0 -1 1 0 0 0 0 0 0 0 0 0 0 0 0 0 0 0 0 0 0 0 1583838187
7131537 3986071 -19343121 -17373049 -3783963 15374686 -2173515 -131929 -137526 -117359 -40377 -136753 -3439 35195 -51216 29464 -8726 -2964 -889 -1414 -271 -1574 -69 -333 -1 -175 -8 -1 2 0 0 1 0 1 2 -1 0 0 -1 -1 0 -2 0 0 0 0 0 0 -1 0 0 0 0 0 0 0 0 0 0 0 1583838187
-16085666 -15506780 21967455 5080809 -5983136 -7560829 -1993372 -142362 120555 -126720 -43485 -28811 -3812 -16642 -10975 -3618 -7473 -3068 -977 -659 -248 -129 -45 -327 -2 -22 -12 -6 1 0 0 1 -2 0 0 -2 0 0 0 0 0 0 0 0 0 0 0 0 0 0 0 0 0 0 0 0 0 0 0 0 1583838187
-12739599 -12656047 15927752 1983712 -3023833 -4152732 -36128 -137726 109428 -119921 -40162 19585 -4606 -51338 -17533 -1218 -9490 -1640 -977 -194 -229 -415 -404 -323 -1 7 -11 -9 0 0 0 2 0 0 4 0 0 0 0 0 0 0 1 0 2 -1 -2 0 0 1 0 1 0 0 0 1 0 0 0 0 1583838187
-10140305 -10463585 11284435 -559727 -2316534 -1575004 265155 -135859 101722 -117950 -39319 -1364 -4723 -47565 -15527 -1573 -8693 -2202 -981 -413 -226 -524 -314 -338 0 34 -15 -9 0 -1 0 2 3 -1 4 -1 0 0 -1 0 0 2 1 0 2 -2 0 0 0 0 0 0 -1 0 0 0 0 0 0 0 1583838187
-13224003 -13108545 16883680 2307859 -5883223 -4747932 -992683 -139469 82419 -122743 -41649 -55138 -4346 -61908 -13776 -210 -4634 -2326 -1001 -456 -205 -367 -207 -109 -4 -47 -15 -6 1 0 0 1 -2 0 -2 0 0 0 1 0 0 0 0 1 0 0 2 0 0 0 0 0 0 0 0 0 0 0 0 0 1583838187
-16067533 -15489469 21933964 5009790 -7514735 -7562730 -1912128 -142342 124687 -126576 -43456 -21203 -3882 -52604 -11279 -3656 64866 -4371 -1495 -1424 125 -313 -2566 -981 -17 -22 24 -3 2 0 -2 4 74 -1 7 -17 0 -1 6 -7 -1 0 -4 -4 13 1 0 6 -5 0 1 0 2 0 -3 1 0 -3 0 1 1583838187
-15969058 -15406076 21756469 4933929 -6992239 -7455538 -1968289 -142353 123662 -126673 -43502 -20157 -3813 -38927 -11430 -3491 88884 -4716 -1667 -1655 238 -381 -2396 -150 -26 -15 14 -3 2 0 -1 3 60 -1 -5 25 0 -1 0 -21 -5 1 16 -8 2 -1 -8 3 -3 -4 1 -1 -1 0 3 0 0 0 0 0 1583838187
-15887822 -15338898 21615295 4826333 -7855812 -7390319 -1825249 -142161 122222 -126268 -43315 -20289 -3972 -64939 -11767 -3588 -3866 -3077 -999 -670 -205 -167 -93 -306 -3 -2 -12 -7 1 0 0 1 2 0 1 0 0 0 0 -2 0 0 0 0 0 0 0 0 0 0 0 0 0 0 0 0 0 0 0 0 1583838187
-16017092 -15448993 21847370 4968363 -7430986 -7515041 -1919360 -142338 120113 -126570 -43457 -25284 -3875 -51064 -11141 -3502 80451 -4711 -1611 -1618 202 -347 -3634 212 -27 0 5 -4 2 0 -1 2 37 -1 0 25 0 0 -1 -5 -1 0 7 -14 -4 0 1 1 -1 2 0 5 4 0 0 -4 0 1 0 0 1583838187
-10269046 -10002955 10389970 -604083 -6840197 -2212197 -1911682 -139681 63865 -124115 -42611 -31904 -3814 -40161 -17672 1061 -7807 -3006 -951 -761 -234 -486 12 -207 -3 -62 -14 -6 1 0 0 1 -1 0 0 1 0 0 0 -1 0 0 0 0 0 -1 0 0 0 0 0 0 0 0 0 0 0 0 0 0 1583838187
-13223807 -13092762 16837493 2642433 3630001 -4566489 -1698665 -139894 92353 -124317 -42222 -33639 -3447 176822 -11255 -2500 54963 -4187 -1442 -1399 -30 -394 461 2224 -29 -44 -65 -5 2 0 0 0 -2 0 -18 27 0 0 -3 0 0 1 2 0 4 1 14 9 -7 -1 0 -5 -3 0 -1 2 0 0 0 0 1583838187
112571231 93162255 -208220597 -120007591 -6316016 118715781 -1851479 -82822 -1319075 -71842 -24982 -1031853 -3651 -50783 -194943 173204 -6541 -2084 -556 -4364 -177 -8184 -282 -139 2 -820 0 18 7 -7 0 8 -3 -17 0 1 0 0 0 0 -1 -5 0 0 0 -1 1 0 0 0 0 -1 0 0 0 0 0 0 0 0 1583838187
-16043579 -15466136 21882748 5036019 -6218443 -7514721 -1975783 -142353 124682 -126681 -43473 -19844 -3813 -22251 -11427 -3722 -1265 -2972 -1017 -645 -213 -165 1116 -115 -4 -24 -16 -6 1 0 0 1 -1 0 0 -2 0 -1 2 0 0 0 1 0 0 0 0 0 0 0 1 -1 0 0 0 1 0 0 0 0 1583838187
-15447683 -14951098 20793269 4483130 -5839885 -6887961 -113467 -139174 135724 -121345 -40757 19668 -4725 -102342 -14635 -3454 -8697 -2861 -981 -766 -205 -181 -320 -295 -2 41 -17 -7 2 0 0 2 2 0 1 0 0 0 1 2 2 0 0 -1 -1 0 0 0 0 0 0 0 0 0 0 0 0 0 0 0 1583838187
-15911027 -15354016 21632761 5161551 1028579 -7264168 -2081158 -141919 118697 -126610 -43264 -23372 -3362 141951 -11261 -3021 92116 -4720 -1649 -1649 167 -408 19861 -1258 -15 -40 37 -4 2 0 -1 3 62 0 -28 -35 -2 -3 18 -9 -1 0 5 -8 -5 0 -1 1 -1 0 0 1 0 0 0 1 0 0 0 0 1583838187
-16086402 -15503497 21952927 5253613 -1052004 -7476485 -2444335 -142707 120431 -127754 -43897 -28512 -3341 107676 -10901 -3413 -6950 -2955 -987 -652 -309 -103 -243 -414 -2 -20 -8 -6 2 0 0 1 0 0 4 -1 0 0 -1 1 0 0 1 0 2 0 0 0 0 2 0 0 -1 0 0 1 0 0 0 0 1583838187
-16081597 -15497319 21946225 5129925 -4548513 -7523486 -2124141 -142476 125263 -127032 -43610 -19196 -3658 19719 -11352 -3731 -8361 -2776 -972 -555 -270 -134 -66 -161 -3 -20 -16 -6 1 0 0 1 -3 0 2 0 0 0 0 0 0 0 1 1 0 0 1 0 0 0 0 1 -1 0 0 0 0 0 0 0 1583838187
-15003120 -14432045 19712273 4262826 -2418294 -6280751 -2319804 -142593 200286 -127327 -43753 85395 -3255 74555 -18345 -3708 -7258 -1308 -952 -451 -288 -254 -128 -387 0 207 -14 -11 2 -1 0 2 0 -2 3 -3 0 0 -2 -3 3 0 0 0 0 0 0 0 0 0 0 0 0 0 0 0 0 0 0 0 1583838187
-12949624 -12809268 16266536 2007823 -6781886 -4398924 -1423168 -140140 149876 -124001 -42334 32726 -4003 -61487 -20154 -442 -6412 -2758 -970 -653 -215 -361 818 -308 -1 176 -16 -13 0 -1 0 2 0 -2 -1 -2 0 -1 1 0 0 0 1 0 0 0 0 0 0 0 0 0 0 0 0 0 0 0 0 0 1583838187
-15870077 -15228063 21217253 8218742 87465957 -5748516 34918326 -77288 119456 -21106 13399 -17341 -19199 259654 -7683 -1314 -6087 -3115 -1708 -741 -282 112 2110 -967 8 -32 5 -4 0 0 0 4 35 -1 8 -15 1 0 -15 -8 -2 0 8 -4 -3 0 0 0 0 -1 0 0 0 0 0 0 0 0 0 0 1583838187
-1073140 -2836148 -4993915 -7150751 59068086 8363551 23088641 -91302 -46201 -48650 -2676 -81742 -14041 205240 -30276 15832 25302 -3899 -1550 -1474 -113 -1051 40140 -165 6 -128 8 -5 0 0 2 1 2 0 0 18 1 0 -4 1 0 0 0 -1 2 -1 0 0 1 0 0 5 0 0 0 0 0 0 -1 -1 1583838187
-15865943 -15316148 21553180 5079265 -199747 -7243714 1156384 -136891 117891 -117722 -38712 -25935 -5220 -40965 -11196 -3255 2558 -3202 -1101 -746 -176 -165 1141 -5 -5 4 -23 -7 1 0 0 1 -1 0 -12 0 0 0 0 1 0 0 -4 0 5 1 3 -2 1 0 0 1 1 0 0 0 0 0 0 0 1583838187
-16097509 -15346455 21398296 10002958 129574291 -5245975 51972736 1191 116311 27550 39604 -24878 -26374 368000 -5090 -424 1099 -3831 11596 -459 -223 266 -558 -542 8 -35 2 2 -1 0 0 4 60 -3 5 13 -12 -3 12 -23 -5 0 1 0 -3 0 1 3 -3 1 0 6 -2 0 3 0 0 -1 0 -1 1583838187
-16071606 -15430357 21708435 7114234 50964855 -6568913 21743131 -100826 122455 -59004 -7077 -10179 -13819 96078 -9166 -2497 17748 -3449 -1569 -1062 -111 -79 15348 314 -2 -66 -23 -4 2 0 1 1 11 -1 -23 24 -1 -2 4 -12 0 0 -4 -2 0 0 3 0 0 1 -1 3 0 0 -2 2 0 0 0 0 1583838187
