-16066168 -15484484 21924826 4998253 -7877266 -7559828 -1829997 -142254 129063 -126368 -43356 -12264 -3967 -66833 -11644 -4022 -9588 -2523 -960 -431 -226 -171 49 2452 -15 -24 -61 -8 1 0 0 2 25 0 9 -1 0 0 0 8 2 0 -7 -4 -5 0 -1 -1 0 3 9 0 1 0 0 3 0 -3 0 1 1583836345
-15942973 -15374862 21693839 4876266 -7863441 -7433922 -1835387 -142197 132969 -126338 -43351 -11657 -3964 -67903 -12139 -3766 -7123 -2915 -981 -599 -210 -163 -122 5221 -30 9 -129 -10 1 0 -1 2 25 0 19 -8 0 -1 2 9 2 0 -11 -8 -5 0 -1 -1 1 4 10 0 1 0 0 2 0 -5 0 2 1583836345
-15764247 -15235922 21393762 4767962 -6035029 -7243164 -1997471 -142229 117786 -126610 -43474 -28687 -3839 -28957 -9584 -4537 -9760 -2594 -973 -449 -230 -168 -103 13052 -68 -15 -329 -14 1 2 -2 -1 -45 1 39 -46 -2 -3 11 -19 -4 1 2 -19 5 0 0 -7 5 -3 -23 0 -6 1 -3 -8 -1 0 0 0 1583836345
-16089015 -15509188 21974679 5040734 -7300652 -7586956 -1877350 -142289 120034 -126463 -43386 -27115 -3931 -50432 -9864 -3966 164 -1757 -1004 -807 -190 -197 -402 -58 -5 -32 -19 -1 7 0 0 1 -5 0 -1 6 0 0 -1 -3 5 0 0 0 0 0 1 1 -1 1 0 -3 0 0 -2 1 0 0 0 0 1583836345
-16088743 -15506321 21969634 5034443 -7451340 -7582067 -1862076 -142277 124862 -126436 -43376 -21027 -3936 -54398 -10475 -4155 -882 -1726 -1019 -160 -192 -243 -332 -205 -4 -40 -14 -4 3 0 0 1 -5 0 -1 4 0 0 0 -2 -1 0 -2 0 0 0 0 0 0 1 0 -1 0 0 0 0 0 0 0 0 1583836345
-16089481 -15509024 21975397 5021326 -7886831 -7596926 -1819947 -140697 120624 -126326 -43329 -30225 -3998 -65778 -10916 -3693 -7228 -3149 1364 -575 -216 -139 -10 -309 -3 -26 -12 -5 1 0 0 1 0 0 2 -1 -1 0 0 0 0 0 0 0 0 0 0 0 0 0 0 0 0 0 0 0 0 0 0 0 1583836345
-15933035 -15292202 21535093 4807420 -7876251 -7392049 -1822010 -141991 196293 -126333 -43325 -26031 -3987 -65490 -8915 -4523 -3019 758 -998 796 -190 -396 -280 -351 0 -35 -11 -8 -1 0 0 1 -2 0 1 0 0 0 0 1 0 0 2 0 0 0 0 0 0 1 0 -1 0 0 0 0 0 0 0 0 1583836345
-15183745 -14386407 19656074 4550785 -6603894 -6186780 -1949894 -143616 329819 -127426 -44024 894651 -2316 -37259 122145 -85910 22062 286028 -64 99321 669 -16953 3454 -144 10 -2433 22 -21 -157 34 0 -3 -1 7 7 -5 0 -2 0 -9 38 16 -3 1 0 -17 0 -1 -1 0 0 0 0 2 0 0 0 2 -5 2 1583836345
-16020996 -15398299 21698804 5953120 19461900 -7019481 9310145 -122775 141773 -94599 -26261 40301 -8558 1084 -8044 -5879 -2222 5327 -1176 1771 -179 -545 150 -586 0 -85 -1 1 6 0 0 2 6 0 13 0 -1 -1 5 -5 5 1 -3 2 -1 -2 -3 0 0 0 0 0 0 1 0 0 0 0 0 0 1583836345
-16041513 -15444862 21841091 5056698 -5745491 -7466529 -1138734 -141039 148059 -124419 -42295 25767 -4168 -51993 -9201 -6051 -8234 3950 -939 1358 -213 -510 -155 -309 -1 -79 -12 -4 3 -1 0 1 -1 0 3 -1 0 0 0 0 -2 0 0 0 0 0 0 0 0 0 0 0 0 0 0 0 0 0 0 0 1583836345
-11407790 -11313767 13135825 755665 -5396494 -2439523 -1247930 -140011 329467 -123599 -42243 606761 -3052 -45346 18496 -36581 -6856 92617 -490 29940 25 -5740 -586 -180 6 -451 -11 22 5 6 0 0 -1 0 2 0 0 -1 0 -7 37 8 0 0 1 -8 1 0 -1 1 0 0 0 2 0 0 0 0 0 0 1583836345
-16076613 -15495470 21944641 5059132 -6409902 -7552771 -936796 -140732 125015 -123838 -42009 -20914 -4387 -75444 -11136 -3869 -8609 -2699 -975 -492 -219 -166 2005 -276 -2 -33 -13 -6 1 0 0 1 -2 0 3 0 0 0 0 0 0 0 0 0 0 0 0 0 0 0 0 0 0 0 0 0 0 0 0 0 1583836345
-16089174 -15507583 21972932 5018376 -7874379 -7590187 -1820970 -142238 125085 -126340 -43338 -20915 -3983 -65528 -5953 -5963 -6754 5442 -954 2425 -197 -642 -89 -297 -2 -105 -11 -7 -3 0 0 1 -1 0 1 0 0 0 0 0 -2 0 1 0 0 0 0 0 0 0 0 -1 0 -1 0 0 0 0 0 0 1583836345
-16089127 -15507426 21972456 5021876 -7776588 -7588387 -1836551 -142255 125091 -126380 -43356 -21168 -3961 -62517 -10932 -3893 8587 -2808 -1082 -806 -144 -198 -831 -393 -6 -30 -7 -4 4 -1 0 1 -6 0 0 6 0 0 -1 1 0 0 8 0 -1 0 4 -2 1 0 0 -1 0 0 0 0 0 0 0 0 1583836345
-14745685 -14351693 19529760 3736505 -7846977 -6199922 -1825609 -141743 143630 -125898 -43214 53084 -3829 -65941 -16780 -3481 -862 -1338 -1000 -275 -182 -342 -366 655 -8 81 -39 -8 3 -1 0 1 -8 -1 5 -1 0 -1 2 0 1 0 0 -2 -2 0 0 0 0 0 1 0 0 0 0 0 0 0 0 0 1583836345
-16070929 -15493943 21941832 5019190 -7793883 -7593503 -1841463 -142304 106486 -126376 -43363 -20443 -3955 -63393 -11054 -3841 19643 -3119 -1164 -976 -87 -218 -1511 953 -16 -24 -38 -6 1 0 0 0 -16 0 3 10 0 0 0 6 1 0 -5 -8 -7 0 0 0 0 0 0 2 0 0 -1 0 0 1 0 0 1583836345
-15988919 -15395318 21741026 4941338 -7727848 -7432656 -1834398 -142289 155348 -126424 -43385 46056 -3852 -62209 -11181 -6002 -6920 3216 -937 1154 -205 -489 -84 -172 -2 -50 -16 -1 6 0 0 1 -3 0 1 0 0 0 0 -1 4 0 1 1 0 0 0 1 -1 0 0 0 0 0 1 0 0 0 0 0 1583836345
-16066056 -15484507 21923706 5016859 -7473148 -7558207 -1858952 -142284 124291 -126428 -43375 -11063 -3923 -55081 -10872 -4210 -4071 -1569 -980 -477 -207 -216 -167 -227 -4 -30 -14 -3 4 0 0 1 -4 0 0 3 0 0 0 -2 3 0 -1 0 0 0 1 -1 0 0 0 0 0 0 0 0 0 0 0 0 1583836345
-16039736 -15454990 21857383 5109537 -4028022 -7458044 -2183384 -142528 133704 -127184 -43680 -768 -3557 34183 -11322 -4321 17255 -1738 -1155 -260 -144 -285 -1172 1601 -17 -26 -56 -8 0 0 0 0 -22 0 0 10 0 -1 0 -5 -1 0 -2 0 -2 0 4 0 0 -1 -3 2 -1 0 2 -3 0 0 0 0 1583836345
-15419459 -14689085 20277122 4713725 -6228369 -6567959 -1972924 -143344 252134 -127248 -43889 647226 -2722 -26865 128778 -80477 -1845 274775 0 96331 513 -16228 -1176 143 11 -2255 7 -33 -164 34 0 -2 -2 4 -1 0 0 -2 0 -9 37 8 0 0 0 4 -1 -2 -2 0 0 0 0 -4 0 0 0 0 -2 1 1583836345
-16043250 -15457609 21866408 5035307 -6510330 -7509886 -1948030 -142375 128068 -126646 -43468 7252 -3798 -30646 -7216 -6243 -231 5584 -987 2090 -181 -642 -465 167 -6 -88 -22 -7 -2 0 0 1 -9 0 2 1 0 0 -1 -1 2 0 0 1 -1 0 0 0 0 0 1 1 0 0 0 0 0 0 0 0 1583836345
-16066779 -15482287 21913546 5141648 -3908052 -7497425 -2182457 -142529 124328 -127166 -43664 -11047 -3581 37008 -8530 -5051 -7452 2329 -960 1198 -261 -427 -125 -260 -2 -66 -13 -6 -1 0 0 1 -4 0 1 0 0 0 -1 -1 0 0 0 0 0 0 0 0 0 0 0 0 0 0 0 0 0 0 0 0 1583836345
-16066483 -15485317 21926049 5002359 -7874299 -7565850 -1821091 -142251 124453 -126340 -43340 -11787 -3965 -65574 -10393 -4471 -6877 -693 -965 60 -213 -275 -51 -311 -3 -40 -12 -5 1 0 0 1 -1 0 1 0 0 0 0 0 1 0 1 0 0 0 1 0 0 0 0 0 0 0 0 0 0 0 0 0 1583836345
-15595877 -14940319 20797076 4699208 -7879467 -6885343 -1821557 -142746 215258 -126640 -43565 370718 -3328 -68116 45287 -38150 -4621 119275 -456 39875 110 -7093 -584 -130 4 -964 -4 -10 -63 16 0 0 -1 2 0 0 0 -1 0 -8 35 7 1 0 0 -2 2 -1 0 0 0 0 0 -2 0 0 0 0 -2 1 1583836345
-16089535 -15511210 21979792 5018055 -7886678 -7598147 -1819935 -142232 120434 -126325 -43330 -29169 -3997 -65786 -10508 -3829 -7235 -2504 -968 -623 -220 -163 -6 -311 -3 -30 -12 -4 3 0 0 1 0 0 2 -1 0 0 0 -1 1 0 0 0 0 0 0 0 0 0 0 0 0 0 0 0 0 0 0 0 1583836345
-16088913 -15507238 21972226 5018404 -7878190 -7589627 -1822531 -142241 125172 -126344 -43339 -20773 -3979 -65489 -11035 -3966 -3862 -2528 -999 -453 -203 -188 -182 -351 -3 -31 -13 -2 7 -1 0 1 -1 0 2 0 0 0 0 0 0 0 1 0 0 0 0 0 0 0 0 0 0 0 1 -1 0 0 0 0 1583836345
-15742059 -15096620 21123037 4807309 -7878901 -7064595 -1821530 -142664 201783 -126612 -43536 298905 -3455 -67763 56456 -39695 -4136 128956 -386 42039 135 -7546 -680 63 3 -1066 -7 3 -50 16 0 0 -3 3 1 0 0 -1 0 -8 41 9 0 0 -1 -2 0 0 -1 -1 0 0 0 0 0 0 0 0 1 0 1583836345
-16066550 -15485315 21925360 5016722 -7458103 -7559062 -1861562 -142283 124264 -126434 -43379 -11985 -3921 -54502 -8149 -5337 457 2695 -1010 1342 -174 -503 174 -385 -4 -74 -5 -7 -2 0 0 1 -3 0 0 -4 0 -1 2 0 0 0 0 1 0 0 0 0 0 0 0 0 0 0 0 0 0 0 0 0 1583836345
-16064038 -15274605 21490996 5537575 -2804785 -7374759 243051 -11204 120213 -120588 -40211 -30049 -4868 -52600 -10817 -3637 -7151 -6045 180577 6162 218 26 -787 -100 1 -8 -5 -12 2 0 0 0 -1 0 0 2 -24 0 0 0 0 0 -1 0 0 0 0 0 0 0 0 0 0 0 0 0 0 0 0 0 1583836345
-16078956 -15492918 21942949 5014715 -7891793 -7570873 -1818973 -142260 129292 -126348 -43341 -11219 -3968 -66135 -11584 -4089 -9651 -2389 -956 -384 -231 -177 82 -191 -2 -22 -6 -7 0 0 0 1 2 0 1 0 0 0 0 0 0 0 -1 0 0 0 0 0 0 0 0 0 0 0 0 0 0 0 0 0 1583836345
-16057569 -15480118 21913291 5012793 -7560986 -7562090 -1850881 -142294 115462 -126394 -43360 -23595 -3953 -57282 -8805 -932 -3417 -3116 -1087 1402 -204 8859 -183 -257 -3 -175 -9 -5 0 -3 0 0 -4 0 0 3 0 1 0 -1 0 0 -1 0 0 0 1 -1 0 0 0 0 0 0 0 0 0 0 0 0 1583836345
-16089198 -15506511 21970305 5024945 -7888310 -7595453 -1819683 -132386 120607 -126315 -43327 -30224 -3998 -65819 -10914 -3692 -7061 -3124 -364 -642 -219 -140 -44 -312 -3 -26 -12 -5 1 0 0 1 0 0 2 0 0 0 0 0 0 0 0 0 0 0 0 0 0 0 0 -1 0 0 0 0 0 0 0 0 1583836345
-15913293 -15368063 21668987 4928365 -6885570 -7464174 -1437917 -141621 69541 -125129 -42713 -24942 -4144 -62253 -8611 -4077 -7030 -966 -893 -2144 -219 -106 -132 -234 -5 40 -15 -9 0 -1 0 1 -2 0 2 0 0 0 0 0 0 0 -1 1 1 0 1 0 0 0 0 0 0 0 0 0 0 0 0 0 1583836345
-16085475 -15467791 21885742 5199611 -4453860 -7515881 -763024 -58063 120353 -123196 -41649 -30008 -4398 -40985 -10791 -3599 -3918 -3427 16334 -30 -171 -136 4344 -306 -1 -49 -9 -32 7 0 0 1 -4 0 4 0 26 0 3 0 0 0 0 0 0 0 0 0 0 0 0 0 0 0 0 0 0 0 0 0 1583836345
-16065200 -15484522 21924684 4994708 -7886045 -7563896 -1819999 -142228 127236 -126333 -43336 -18898 -3981 -65844 -4089 -6839 -6726 8784 -953 3896 -187 -859 -99 -298 -2 -129 -11 -11 -9 0 0 1 0 0 2 0 0 0 0 1 -2 0 0 1 0 -1 1 0 0 0 0 0 0 0 0 0 0 0 -1 0 1583836345
-14637392 -14110123 19048839 3587173 -7736832 -5992176 -1832770 -141597 260953 -126029 -43254 93783 -3752 -63049 -14270 -6660 -7306 75 -917 -429 -214 -339 -48 -181 0 346 -21 -13 4 0 0 2 -2 -2 1 0 0 0 0 0 0 -2 1 1 0 0 0 1 -1 0 0 0 0 0 1 0 0 0 0 0 1583836345
-16088723 -15497909 21947937 5141993 -4814133 -7538717 -2099970 -130563 120510 -126962 -43581 -29750 -3700 13586 -10888 -3565 -7574 -3080 2198 -532 -256 -120 -85 -294 -2 -25 -12 -5 1 0 0 1 -3 0 1 0 -1 0 -1 -1 0 0 0 0 0 0 0 0 0 0 0 0 0 0 0 0 0 0 0 0 1583836345
-15697644 -15180353 21276309 4696667 -6323744 -7181272 -1961912 -142178 116369 -126491 -43405 -26950 -3836 -25482 -11496 -3296 -7395 -2633 -974 -509 -241 -181 -37 -283 -3 4 -13 -7 1 0 0 1 -3 0 0 0 0 0 -1 -1 0 0 0 0 0 0 0 0 0 0 0 0 0 0 0 0 0 0 0 0 1583836345
-15765884 -15224469 21365241 4919896 -2137988 -7152756 -1716797 -141561 128345 -125716 -42897 3826 -3695 53219 -12745 -3561 39949 -3042 -1331 -884 -44 -290 -2590 1130 -21 83 -49 -9 0 0 0 0 -34 0 -6 25 0 0 -4 2 0 0 0 6 -1 1 7 2 -2 -1 -2 -3 -2 0 -5 4 0 -1 0 0 1583836345
-16075560 -15484914 21923606 5085103 -6475284 -7535569 -1951194 -142451 125596 -126675 -43473 -2150 -3809 -29298 -11318 -3884 -505 -2419 -963 -2031 -207 -80 -362 10 -6 14 -21 48 81 -11 0 1 -8 -1 0 3 0 0 0 1 -9 0 0 0 0 0 2 0 0 0 1 0 0 0 0 1 0 0 0 0 1583836345
-15547457 -15044088 20980527 4753810 -1051704 -6918398 -2443714 -142558 121289 -127574 -43842 6184 -3265 110655 -10639 -5353 -5955 -2933 -990 -629 -304 -131 -221 -329 -3 166 -14 -8 7 -2 0 2 -5 -2 0 1 0 0 -3 -2 -1 0 -1 0 -1 0 0 0 0 0 0 0 0 0 0 0 0 0 0 0 1583836345
-15704281 -15091694 21097331 4784350 -4313540 -7207526 -2145453 -142373 113124 -126930 -43583 -7442 -3608 26270 -12673 -3348 -8073 -2817 -965 -761 -272 -141 -68 -245 -3 53 -15 -9 1 0 0 1 -3 0 1 0 0 0 -1 -1 0 0 0 0 0 0 0 0 0 0 0 0 0 0 0 0 0 0 0 0 1583836345
-16090122 -15507310 21963605 5200225 -2699595 -7508771 -2293820 -142574 120470 -127409 -43755 -29422 -3492 68416 -10862 -3470 -4603 -3041 -406 -657 -275 -117 -258 -216 -3 -25 -10 -5 1 0 0 1 -7 0 1 0 0 0 -3 -2 0 0 0 1 -2 0 0 0 0 0 0 0 0 0 0 0 0 0 0 0 1583836345
-15772426 -15231882 21376131 4985655 -658220 -7150946 901998 -137335 118209 -118423 -39092 -18269 -5097 -40222 -11492 -3384 -4125 -2507 -1051 -479 -209 -182 -862 -5 -5 66 -24 -9 1 0 0 1 -8 0 0 0 0 0 -3 1 0 0 -2 1 2 0 -1 0 0 0 0 1 0 0 0 0 0 0 0 0 1583836345
-16026030 -15454137 21859659 4958479 -7885693 -7528558 -1819901 -142214 123717 -126310 -43326 -22650 -3984 -65823 -11158 -3806 -7095 -2638 -974 -530 -219 -171 -56 -299 -3 -28 -12 -6 1 0 0 1 -1 0 1 0 0 0 0 0 0 0 2 0 0 0 0 0 0 0 0 0 1 0 0 0 0 0 0 0 1583836345
-16067816 -15492715 21940640 4997766 -7866878 -7575561 -1822940 -142227 120636 -126328 -43334 -28365 -3995 -65243 2080 -8998 -2916 17615 -963 7271 -145 -1401 -349 -233 -3 -214 -14 -14 -18 1 0 1 -4 0 1 2 0 0 0 2 -4 0 0 0 -1 3 0 -1 0 0 0 0 0 -1 0 0 0 0 1 0 1583836345
-15299946 -14842528 20563542 4272441 -7741316 -6798037 -1832442 -141947 117183 -126057 -43249 -8241 -3935 -62331 -12786 -3378 -7103 -2273 -971 -375 -220 -237 -27 -273 -3 116 -15 -11 1 -1 0 2 -2 -1 0 1 0 -1 0 -1 0 0 0 0 0 0 0 0 0 0 0 0 0 0 0 0 0 0 0 0 1583836345
-6126314 -7163715 4275991 -4505925 -4436291 2183026 -588254 -135527 -55574 -118472 -39952 -199499 -4641 -54237 -2204 35 5275 1680 -1058 995 -142 -1017 -1016 1442 -16 326 -58 -12 5 1 0 -1 -20 1 6 -3 0 -1 3 2 0 -1 -1 0 1 -1 0 0 -1 -1 0 0 -2 1 0 1 0 1 0 1 1583836345
-13642392 -13461176 17627198 2777650 -4488944 -5140209 -248538 -138430 79541 -120814 -40586 -55202 -4686 -66544 -2504 -7949 -3674 -3333 -1019 -850 -198 -231 -402 -176 -5 178 -18 -12 2 -1 0 2 -4 -3 0 3 0 -1 0 -3 0 -1 -3 2 -1 0 0 0 0 0 0 0 0 0 0 0 0 0 0 0 1583836345
-15218212 -14786494 20428861 4321444 -7444375 -6881380 -1862344 -142302 -20789 -125997 -43253 -9244 -3904 -55036 -3851 -4846 -527 4604 -723 -5175 -184 -124 -416 405 -12 129 -30 -15 -2 -2 0 1 -9 -2 3 2 0 0 0 0 0 -1 1 0 0 0 0 -1 1 -1 2 0 0 0 0 1 0 0 0 0 1583836345
-6376930 -7335559 4607191 -3660229 5448973 1932085 4751907 -127355 -228291 -103488 -31997 -78682 -6841 -90961 3655 1310 -3982 12397 -839 -782 -137 10395 -1722 1123 -18 535 -54 -27 -1 -7 0 3 -14 -9 8 -2 0 0 -1 3 0 -4 0 4 2 0 2 2 -2 -3 1 2 0 0 -2 0 0 0 -1 0 1583836345
-15463730 -14979041 20843711 4602546 -3030024 -6886590 -25025 -138833 113090 -120947 -40488 -15777 -4715 -51766 -11725 -3137 -7986 -2260 -974 -1113 -226 -156 -480 -342 -2 148 -14 -11 1 -1 0 2 -1 -2 4 0 0 0 0 1 0 0 1 0 2 0 -2 0 0 1 0 1 -1 0 0 0 0 0 0 0 1583836345
-15943124 -15385454 21713824 4884015 -7833801 -7442363 -1827204 -142200 122627 -126301 -43328 -16427 -3963 -64321 -11759 -3732 -960 -2874 -1019 -612 -190 -184 -301 -386 -4 34 -11 -8 1 0 0 1 -1 0 2 0 0 0 0 0 0 0 2 1 0 0 2 -1 0 0 0 1 0 0 0 0 0 0 0 0 1583836345
-12601340 -12878232 16124951 3557115 -6569981 -7081808 -740606 -144595 -2263873 -119968 -40882 -131791 -4611 -88121 -7579 -1396 -8774 -1321 -948 -584 -209 -408 -207 -264 -99 58 -14 -8 2 -1 0 2 -2 0 0 0 0 0 0 1 0 0 -1 0 0 -1 0 0 0 0 0 0 0 0 0 0 0 0 0 0 1583836345
-12773745 -12712327 16048741 1873269 -6405481 -4277543 -1963305 -140930 92868 -125318 -43026 -16399 -3766 -27173 2726 -12525 16783 2067 -1108 1131 -104 -669 2729 -547 -7 221 -4 -12 1 1 0 0 0 2 -2 -9 0 -1 5 0 -1 0 0 1 -1 0 -1 0 1 0 0 0 0 -1 0 0 0 0 0 0 1583836345
-15371688 -14892539 20670184 4357732 -6909929 -6856659 -1363528 -141129 125537 -124755 -42546 -19432 -4168 -66358 -10416 -4349 -8024 -2298 -971 -440 -221 -215 -54 -259 -2 114 -15 -11 1 -1 0 2 -2 -1 0 1 0 -1 0 -1 0 0 0 0 0 0 0 0 0 0 0 0 0 0 0 0 0 0 0 0 1583836345
-15880661 -13640368 18170687 8061853 1262470 -6334968 1367598 4495745 110810 -112255 -37325 -29122 -5183 -17006 -10405 -3425 -5169 -5172 129059 4212 93 -3 -1238 32 0 -111 -10 -212 43 4 0 0 -9 0 -1 6 209 0 25 -5 -1 0 0 -1 0 0 1 0 0 0 0 0 0 0 0 0 0 0 0 0 1583836345
-16089617 -15507671 21965826 5153233 -4115050 -7533980 -457604 -139810 120123 -122417 -41218 -28989 -4552 -49607 -10690 -3620 -6648 -3012 -1004 -771 -223 -126 -424 -176 -3 -25 -14 -4 4 -1 0 1 -4 0 2 2 0 0 -2 0 0 0 -1 0 1 0 1 0 0 0 0 -1 0 0 0 0 0 0 0 0 1583836345
-16091012 -15495315 21918770 5592067 8060199 -7327490 4716594 -130773 120138 -107665 -33292 -29685 -6757 -30838 -10217 -3325 -5693 -3195 -1113 -704 -214 -101 893 -419 -1 -30 -7 -4 1 0 0 1 -1 0 3 -4 0 0 -5 1 0 0 3 0 0 0 0 0 0 0 0 -1 0 0 0 -1 0 0 0 0 1583836345
-16089562 -15493385 21923268 5436960 3659459 -7393012 2816865 -134108 124113 -113097 -36210 -12601 -5914 -36110 -10204 -4041 -3008 -1578 -1080 -330 -199 -204 1544 -392 -2 -46 -8 -2 4 0 0 1 -2 0 0 -2 0 -1 4 1 1 0 2 0 0 0 0 0 0 1 0 0 0 0 1 0 0 0 0 0 1583836345
-16089716 -15511083 21979548 5018877 -7870729 -7597873 -1824132 -141722 120625 -126336 -43335 -30217 -3993 -65242 -10903 -3683 -1532 -3229 -238 -696 -192 -153 -345 -241 -4 -26 -13 -6 1 0 0 1 -1 0 2 0 0 0 0 3 0 0 0 0 0 0 1 1 -1 0 0 0 0 0 0 -1 0 0 0 0 1583836345
968582858 696414119 -1501927459 -947280419 2268366 1040879780 -1610968 304613 -8463993 283625 93227 -1968530 8022 -7171 416610 -211835 4565 -79742 2282 -30632 299 -42105 -1512 393 48 -2089 46 65 17 -35 0 32 -10 -72 -4 7 0 0 -2 2 0 -18 0 0 -1 8 -4 2 3 -3 0 0 -2 -4 0 0 0 0 0 0 1583836345
-14198512 -13906264 18569753 3327448 -7821972 -5835184 -1827488 -141866 -3322 -125559 -43108 23807 -3866 -64739 -13467 -1904 -851 169 -817 -4414 -188 -113 -304 -174 -10 448 -22 -20 1 -1 0 4 -4 -5 1 2 0 0 0 -1 0 -1 0 0 1 0 -2 -1 0 -1 0 0 0 0 0 0 0 0 0 0 1583836345
-15956749 -15398589 21740506 4909153 -7494332 -7457331 -1882602 -142263 118499 -126442 -43394 -26471 -3910 -54036 -10787 -3759 54847 -4240 -1425 -1346 77 -289 -2590 -216 -18 27 -3 -5 2 0 0 1 -10 0 10 2 0 0 2 0 0 0 4 2 -4 0 1 -2 1 0 0 0 -1 0 0 0 0 0 0 0 1583836345
-14375831 -13847609 18498881 3403540 -6031684 -5641150 -1991983 -141685 298752 -126406 -43433 178747 -3444 -19646 13848 -20367 2285 52134 -825 18289 -49 -3423 -804 1072 -3 -193 -42 -25 -33 2 0 1 -13 -2 4 1 0 -2 1 1 -10 -2 2 -1 0 -2 2 0 -2 2 2 -3 0 0 0 1 0 0 0 0 1583836345
-15853458 -15310859 21555203 4800723 -7599749 -7356104 -1846982 -142154 119951 -126296 -43325 -26155 -3957 -58306 -11589 -3403 -3424 -3150 -1003 -712 -206 -164 -149 -299 -4 -20 -13 -6 1 0 0 1 -3 0 0 0 0 -1 1 -1 0 0 0 0 0 0 0 0 0 0 0 0 0 0 0 0 0 0 0 0 1583836345
42205050 23761591 -62488176 -50834088 -5196435 57885480 -2012380 -117903 262508 -104524 -36433 1128830 -884 -14016 -25146 -29592 36411 -15220 -1289 1287 7 44789 -1623 893 1 112 -28 -23 -16 -3 0 -6 -24 -3 -11 8 0 3 1 3 -1 -5 0 3 0 6 2 0 -3 -1 0 0 0 2 8 -5 0 0 -1 1 1583836345
-15882004 -15327683 21579439 5095615 -68065 -7250382 -2533503 -142708 120821 -127882 -43946 -20138 -3216 137401 -11476 -3307 -5913 -2548 -994 -519 -317 -137 -28 -259 -3 11 -14 -7 1 0 0 1 -5 0 0 2 0 0 0 -1 0 0 0 1 -2 0 0 0 0 0 0 0 0 0 0 0 0 0 0 0 1583836345
-16082020 -15502459 21957622 5096745 -5453918 -7546969 -2041494 -142402 120986 -126830 -43527 -27675 -3757 -2474 -10826 -3689 -7589 -2721 -976 -529 -254 -146 65 -262 -3 -20 -13 -6 1 0 0 1 -2 0 0 1 0 0 0 -1 0 0 0 0 0 0 0 0 0 0 0 0 0 0 0 0 0 0 0 0 1583836345
80368183 64603454 -148032409 -88104161 10121281 86016533 -3378173 -97911 -2087439 -86392 -29631 -2626784 -5273 394539 167164 9672 4764 7322 -843 1792 -336 -5784 -59 -116 -33 -140 2 33 50 -8 0 6 -14 -16 -2 8 0 0 -3 -5 4 -6 -2 1 -3 -2 0 0 0 -1 0 1 0 0 0 0 0 0 0 0 1583836345
3502275 1010098 -13031853 -13686314 -3291168 11858170 -69912 -130797 -102151 -113301 -38012 43679 -4302 -53520 5697 27871 6648 -6791 -1786 16548 -120 83943 273 80 0 -1340 6 22 -4 -11 0 -4 -5 -5 0 6 0 10 -1 -1 -4 0 -6 0 1 5 -1 0 1 0 1 -1 0 1 0 0 0 0 0 0 1583836345
-16070444 -15488053 21919810 5231323 -1442029 -7468873 510983 -138084 120063 -119632 -39710 -29840 -4940 -36157 -10677 -3499 -564 -3240 -1073 -750 -197 -136 -531 35 -5 -21 -18 -6 1 0 0 1 -4 0 1 2 0 -1 2 0 0 0 -4 1 2 0 0 0 0 1 1 -2 0 0 0 0 0 0 0 0 1583836345
-16073109 -15494682 21945049 5007972 -7892757 -7579223 -1819248 -142246 120473 -126324 -43329 -28103 -3994 -65920 -10904 -3803 -4588 -3175 -996 -696 -208 -146 -204 -349 -3 -7 -11 -6 1 0 0 1 0 0 4 0 0 0 1 3 0 0 0 -1 -1 0 0 0 0 -1 -2 0 2 0 1 2 0 0 0 0 1583836345
-15445004 -14970014 20832613 4406886 -7867794 -6954005 -1821071 -141991 112347 -126075 -43250 -19985 -3969 -65494 -12746 -2963 -6707 -3129 -977 -701 -219 -179 -26 -319 -3 122 -12 -10 2 -1 0 2 0 -1 2 -1 0 -1 0 0 0 0 0 0 0 0 0 0 0 0 0 0 0 0 0 0 0 0 0 0 1583836345
-14818982 -14412106 19644776 4055553 -1593404 -6195065 -2405173 -142313 117280 -127232 -43733 19177 -3267 97091 -14057 577 19754 -3820 -1253 855 -168 8855 -1410 414 -12 -5 -27 -9 0 -3 0 0 -18 -2 -7 14 0 1 -5 -9 -2 0 -5 0 -4 0 0 1 -1 2 -2 -3 0 0 -3 2 0 0 0 0 1583836345
9818950 6575523 -24751938 -19867411 -2717764 18736596 -2272946 -131467 255460 -117578 -40684 675179 -1903 57458 -98298 19271 -2270 -9249 -878 -3952 -255 -1427 -365 -181 5 -270 -15 0 -6 9 0 -9 -7 15 0 1 0 0 -5 -4 -1 -2 -2 0 -2 -1 0 -1 -1 0 0 0 0 -1 0 0 0 0 0 0 1583836345
-16081572 -15504260 21965081 5011648 -7872492 -7589113 -1807725 -142211 120639 -126291 -43312 -28987 -3997 -65913 -10981 -3677 3859 -3324 -1057 -788 -167 -166 -691 -463 -5 -16 -4 -6 2 0 0 1 0 0 9 -1 0 0 2 8 2 0 -2 -3 -3 0 -1 0 0 -1 -3 0 2 0 0 0 0 0 0 0 1583836345
-14532701 -14170930 19142187 3622376 -7874704 -5995904 -1820303 -141971 104410 -125848 -43209 82153 -3786 -66438 12375 -15687 -7259 -6032 -1077 1590 -217 46 -39 -304 -6 641 -21 -30 0 -9 0 2 -1 -7 1 0 0 4 0 0 1 -2 2 0 0 0 0 0 0 0 0 0 1 0 -1 0 0 0 0 0 1583836345
-16067897 -15493200 21941600 4997489 -7866855 -7576074 -1822938 -142224 120452 -126324 -43330 -29591 -3993 -65219 -10963 -3671 -3359 -3144 -1005 -694 -202 -153 -248 -264 -4 -22 -16 -6 1 0 0 1 -4 0 1 2 0 0 0 1 0 0 0 0 -1 0 1 0 0 0 0 0 0 0 0 0 0 0 0 0 1583836345
167895258 103623335 -235097992 -172392881 -5975697 199643830 -1749422 -60234 -239505 -52475 -19044 1215993 1016 -61066 -242510 107612 -7601 -1811 -338 103 -95 17816 -178 -169 48 345 -18 -31 -19 -7 0 8 0 -15 0 0 0 -1 0 -3 7 -2 0 0 0 4 0 0 0 0 0 0 0 1 0 0 0 0 0 0 1583836345
-16081700 -15497414 21945737 5132010 -4545699 -7525266 -587037 -140052 124836 -122806 -41436 -20397 -4491 -55739 -11314 -3708 5055 -3350 -1092 -810 -160 -159 -975 1429 -14 -16 -54 -7 1 0 0 0 -20 0 6 -3 0 -1 3 1 0 0 -1 0 0 0 0 0 0 -1 0 0 -2 0 0 1 0 0 0 1 1583836345
-15802845 -15227518 21381202 4849288 -4512666 -7224590 -248333 -139359 151663 -121790 -40916 -12475 -4647 -66907 -9099 -4789 -3583 1575 -1020 1111 -186 -444 -425 -170 -2 -22 -16 -9 -3 0 0 1 -4 0 0 3 0 -1 1 -2 -1 0 -3 2 -1 0 0 0 0 0 0 0 0 0 0 0 0 0 0 0 1583836345
-15949280 -15389986 21721948 4919342 -6876502 -7436409 -1919227 -142260 121940 -126509 -43409 -23535 -3874 -38919 -11493 -3506 8901 -3340 -1079 -860 -155 -194 3991 -482 -4 -25 -4 -6 1 0 0 1 0 0 7 -3 0 0 0 -1 0 0 -1 1 0 0 -1 0 0 0 0 0 0 0 0 0 0 0 0 0 1583836345
1543567 -831491 -9196770 -11410804 11067366 9812950 5444128 -121224 -273608 -97666 -29414 -465995 -7504 -5001 90269 -49868 -3498 -3806 -1115 -240 -201 -766 -2030 130 -11 93 -23 9 19 7 0 -10 -12 10 5 7 2 1 -16 2 0 9 -3 3 1 10 0 1 -1 -2 0 -1 -1 3 -1 1 0 1 0 1 1583836345
-5367527 -6566875 2990407 -5013387 2144245 2991314 2063507 -130465 -102845 -110479 -35715 -267860 -5861 -33653 52626 -34728 -4654 -3804 -1055 -327 -206 -510 -1006 -93 -7 72 -16 -6 6 -1 0 2 -7 -2 0 5 1 0 -8 -2 -1 2 -4 0 0 3 1 0 1 0 0 0 0 0 0 0 0 0 0 0 1583836345
-15995512 -15426117 21800495 4938290 -7873848 -7491638 -1821006 -142236 124173 -126314 -43330 -14113 -3968 -65582 -11979 -3759 -6444 -3098 -979 -709 -217 -147 -95 -263 -3 42 -15 -8 1 0 0 1 -3 0 1 1 0 0 0 0 0 0 0 0 0 0 0 0 0 0 0 0 0 0 0 0 0 0 0 0 1583836345
93973702 77262293 -174535683 -101519402 -5300398 101754923 -1962497 -93314 -670760 -81602 -28629 358336 -1447 -27856 -245135 135677 -7642 -8364 -521 -6596 -201 -6739 -196 149 5 -364 -20 -1 -7 2 0 -1 -4 1 2 -1 0 -1 1 -2 1 -8 0 0 0 -4 1 0 0 0 0 0 0 -2 0 0 0 0 -1 0 1583836345
-15947637 -15385921 21709283 4999426 -4912845 -7413288 -2090823 -142429 110584 -126893 -43561 -14786 -3681 11016 -11684 -3570 -7461 -2712 -963 -904 -260 -126 -101 298 -6 -11 -28 -7 1 0 0 1 -6 0 4 -2 0 0 0 -2 0 0 0 0 -1 0 0 0 0 0 0 0 0 0 0 0 0 0 0 0 1583836345
-15639968 -15111078 21136230 4606182 -7886421 -7111589 -1815959 -142131 135553 -126205 -43300 17540 -3911 -66318 -14446 -3679 -6576 -2945 -975 -629 -217 -183 -92 -319 -3 51 -13 -9 0 0 0 2 -1 0 3 0 0 0 0 1 0 0 0 0 0 0 0 0 0 0 0 0 0 0 0 0 0 0 0 0 1583836345
-15875004 -15329058 21588734 4912800 -5120449 -7338536 -608277 -140036 116855 -122787 -41448 -28869 -4509 -62784 -11220 -3369 -2120 -3095 -1022 -671 -193 -180 4865 -337 -2 5 -11 -7 1 0 0 1 -7 0 5 0 0 0 0 1 0 0 0 1 0 0 0 0 0 0 0 0 0 0 0 0 0 0 0 0 1583836345
-15851456 -15301591 21532168 4898707 -5442566 -7307080 -1286147 -141198 118416 -124687 -42438 -14195 -4140 -38933 -11864 -3637 -9020 -2813 -970 -677 -242 -146 -118 -314 -3 124 -16 -9 4 -1 0 2 0 -1 3 -1 0 0 -1 0 0 0 0 0 0 0 1 0 0 0 0 0 0 0 0 0 0 0 0 0 1583836345
-15516769 -15019344 20931624 4624275 -3852902 -6947525 -426840 -139553 118155 -122114 -41096 -11380 -4512 -44383 -11889 -3746 -5519 -3018 -1000 -638 -218 -186 5087 -303 -2 86 -11 -10 1 0 0 1 -4 -1 5 0 0 0 -2 0 0 0 0 0 0 0 0 0 1 0 0 0 0 0 0 0 0 0 0 0 1583836345
-9382472 -9934301 10148671 -1498739 -7786697 -1093024 -1827930 -139080 -22407 -123345 -42302 -193358 -4161 -63692 -12721 6117 2938 -1896 -1034 -428 -167 -652 -655 -93 -8 -55 -17 -3 3 0 0 1 -5 1 0 1 0 0 0 7 1 0 -7 -3 1 -1 0 0 0 0 0 0 0 0 -1 -1 0 -1 0 0 1583836345
10517926 7130488 -25946936 -20530004 -6095775 19074050 -1963655 -131257 41685 -116306 -40179 444339 -2648 -28446 43615 47843 -4637 -19946 -2592 38492 -160 68710 44 -281 6 -1203 7 -48 -47 -91 0 -42 0 0 -2 3 -1 68 7 -2 -3 -3 0 0 -1 4 1 0 0 0 0 0 0 0 0 0 0 0 0 0 1583836345
-16061617 -15467286 21890459 5002799 -7311961 -7538426 -1876022 -142249 140962 -126478 -43394 -12291 -3905 -50901 -11879 -3858 2665 -3168 -1048 -730 -180 -170 -550 -131 -5 -21 -17 -6 1 0 0 1 -8 0 -1 7 0 0 -1 -1 0 0 -1 0 0 0 0 0 0 2 0 -2 0 0 0 0 0 0 0 0 1583836345
-14622889 -14214005 19219663 4137964 6114451 -5816908 -3098995 -142788 148590 -128804 -44354 66575 -2445 296970 -17614 -2858 697 -799 -1034 17 -360 -305 -488 -109 -4 64 -20 -11 -1 0 0 1 -13 -1 1 3 0 -1 -1 -3 -1 -1 -2 2 -4 0 -1 1 -1 -1 0 0 0 0 0 0 0 0 0 0 1583836345
-15542245 -15043482 20980670 4590758 -7888535 -7150462 -1819969 -142333 29091 -126084 -43273 8189 -3922 -66198 -12716 -3879 -4180 -1628 -964 -816 -202 -225 -234 -186 -8 24 -16 -9 0 0 0 1 -3 0 1 0 0 0 0 3 0 0 -4 -2 1 0 0 0 0 0 -1 0 0 0 0 0 0 -1 0 0 1583836345
-11964600 -12083292 14707167 1010396 -7839540 -3600890 -1820530 -140288 30092 -124475 -42688 -134099 -4110 -64951 -12615 2862 -7381 -2507 -966 -563 -220 -426 -26 -306 -4 -30 -11 -2 4 1 0 0 0 8 3 0 0 0 0 0 0 -1 0 0 0 0 1 -1 0 0 0 0 0 0 0 0 0 0 0 0 1583836345
-15477282 -14981244 20859761 4440679 -7848908 -6964907 -1824396 -142028 127618 -126132 -43274 -534 -3932 -64991 -12732 -3732 -2653 -1985 -1002 -278 -196 -262 -273 -360 -3 5 -7 -8 0 0 0 1 -4 0 2 1 0 0 0 0 0 0 3 1 0 0 2 -1 1 0 0 1 0 0 0 0 0 0 0 0 1583836345
-15428041 -14950351 20790924 4414418 -7281530 -6921547 -1881242 -142050 115349 -126222 -43313 -15300 -3897 -50833 -12984 -2952 7026 -3299 -1078 -829 -156 -214 -885 1179 -14 79 -48 -10 1 0 0 1 -16 -1 4 4 0 -1 1 0 0 0 5 0 0 0 -4 0 0 -4 5 1 0 0 0 2 0 0 0 0 1583836345
-7850623 -8535760 7205282 -2819959 -3820303 715791 -2196870 -138903 99689 -123921 -42621 73899 -3283 37956 -23545 -210 22847 -4314 -1162 -1425 -122 -642 -1371 -114 -9 -83 -13 0 2 5 0 -5 -16 12 -9 12 0 -1 0 -5 -1 0 -4 1 -2 -1 0 3 1 3 0 -1 0 -1 3 -2 0 0 0 0 1583836345
45653268 36555419 -88301785 -54771780 -5852990 53814162 -1952937 -114709 -271626 -101426 -35173 260292 -2387 -29740 -135740 65921 -6835 -8067 -730 -4500 -218 -3703 -75 -302 4 -478 -7 11 4 2 0 -2 -1 13 0 -1 0 -1 1 0 -1 -1 0 0 0 -4 0 -1 -1 0 0 0 0 -2 0 0 0 0 0 0 1583836345
21475701 16085379 -44975431 -31147607 -154948 29698567 -2494854 -125780 -229582 -112246 -38748 -65807 -2748 125900 -72555 40346 -2490 -4473 -881 -2377 -282 -2354 -340 -435 -1 -258 -2 14 11 9 0 -11 -3 17 -1 -6 0 -1 0 0 0 -4 1 0 -1 -3 0 -1 -1 0 0 0 0 0 0 0 0 0 0 0 1583836345
100006628 82187070 -185009613 -107317861 -5056134 107421989 -1978982 -90577 -942837 -78686 -27578 9946 -1936 -20773 -188677 119659 -6479 2006 -543 -1436 -168 -3141 -235 -262 1 122 -13 11 10 22 0 -24 -1 24 1 -1 0 -3 1 0 -1 -10 1 0 0 -1 0 -1 -1 0 0 0 0 -2 0 0 0 0 2 0 1583836345
-15759036 -15229836 21383995 4710099 -7890301 -7261770 -1818612 -142130 118605 -126205 -43293 -18081 -3973 -66046 -11004 -3901 -6598 -1638 -968 -304 -214 -236 -94 -319 -3 63 -13 -10 0 0 0 2 -1 -1 3 0 0 0 0 1 0 0 0 0 0 0 0 0 0 0 -1 0 0 0 0 0 0 0 0 0 1583836345
-16001489 -15424665 21799206 4940965 -7834854 -7483375 -1827214 -142238 134581 -126352 -43350 1939 -3933 -64558 -12044 -4298 -1230 -1856 -1015 -212 -188 -244 -396 -180 -4 -26 -17 -7 0 0 0 1 -5 0 0 6 0 0 -1 0 0 0 0 0 2 0 -2 -2 1 -1 0 0 -1 0 0 0 0 0 0 0 1583836345
-16065299 -15484940 21923296 5032493 -6865696 -7548763 -962372 -140803 125612 -123925 -42066 -21130 -4395 -84171 -11010 -3920 -5958 -2533 -998 -443 -202 -182 -304 -276 -3 -24 -13 -6 1 0 0 1 0 0 3 1 0 0 0 2 0 0 -2 0 0 0 0 0 0 0 0 0 0 0 0 0 0 0 0 0 1583836345
53794368 43589512 -103167768 -62505968 -5560427 62217443 -1151526 -110485 -169365 -96444 -33211 645591 -2025 -65356 -154041 58395 -7190 -10199 -683 -5372 -193 -4051 -278 123 5 -49 -24 -8 -6 5 0 -4 -2 10 2 0 0 -1 1 1 0 -1 0 2 1 0 1 1 -3 0 0 -2 -2 -3 -1 1 0 0 0 0 1583836345
-15982397 -15376955 21635435 6214688 28303566 -6859167 10961901 -119427 126087 -89636 -23552 -11153 -9231 69609 -10644 -2928 2754 -3248 -1315 -805 -207 -58 -4058 276 -6 -1 -30 -6 1 0 0 1 -21 0 5 22 2 1 -15 3 0 0 -2 -1 15 -2 -16 0 0 9 -3 12 -3 0 0 3 0 5 6 12 1583836345
-16075326 -15473951 21865807 5755800 12995419 -7219403 6660173 -127355 124212 -102122 -30320 -18685 -7565 -23301 -10629 -3321 4419 -3404 -1230 -836 -163 -104 -2180 -35 -5 -7 -19 -6 1 0 0 1 -9 0 -1 15 0 0 -7 -3 0 0 -15 0 8 0 -6 0 0 6 -1 1 0 0 0 1 0 0 0 -1 1583836345
-16003724 -15430486 21810761 4940355 -7890626 -7492844 -1821308 -142227 130492 -126329 -43339 -4788 -3949 -65867 -11770 -4313 872 -2884 -1032 -608 -180 -187 -518 -422 -4 17 -8 -7 1 0 0 1 4 -1 8 0 0 0 2 8 1 0 -1 -5 -3 0 -1 2 0 -2 -6 0 5 0 4 5 0 0 0 0 1583836345
-16042482 -15464724 21882722 4979410 -7886102 -7536663 -1820024 -142244 127091 -126333 -43337 -10611 -3964 -65936 -11353 -4037 -7144 -2160 -958 -712 -219 -172 -61 -227 -3 -14 -14 -3 5 0 0 1 -1 0 1 0 0 0 0 0 4 0 -2 0 0 0 0 0 0 0 0 0 0 0 0 0 0 0 0 0 1583836345
-15944008 -15384195 21711843 4877848 -7872759 -7443490 -1821110 -142174 125601 -126284 -43319 -17640 -3973 -65567 -11658 -3746 -6402 -2694 -980 -513 -216 -178 -102 -235 -3 -29 -12 -6 1 0 0 1 -3 0 1 1 0 0 0 0 0 0 0 0 0 0 0 0 0 0 0 0 0 0 0 0 0 0 0 0 1583836345
-15724296 -15200850 21322027 4687523 -7576629 -7221880 -1867959 -142169 118051 -126320 -43351 -16950 -3911 -56985 -11088 -3723 35988 -2214 -1278 -691 -8 -347 -2236 219 -16 70 -20 -4 6 0 0 0 -16 -1 -4 22 0 0 -4 -2 0 0 -1 -2 5 -1 -12 -4 6 -7 0 -3 -4 0 1 1 0 0 0 -1 1583836345
-15873134 -15327642 21591129 4810892 -7831523 -7380133 -1841517 -142167 120132 -126306 -43338 -27000 -3951 -63226 -11427 -3339 47417 -4127 -1373 -1275 45 -278 -3092 -489 -15 -20 6 -4 2 0 0 0 -36 0 8 11 0 0 0 15 3 0 3 1 -7 0 -5 1 -1 1 -1 0 1 0 0 -5 0 0 0 0 1583836345
-15918249 -15364458 21669125 4863037 -7727635 -7417687 -1834258 -142190 121708 -126305 -43330 -18356 -3964 -61788 2097 -9274 -6737 18942 -928 7721 -162 -1471 -126 -228 -2 -175 -12 -16 -19 1 0 1 -2 0 0 0 0 -1 0 0 -5 -1 0 0 0 3 0 0 0 0 0 0 0 -1 0 0 0 0 1 0 1583836345
-15726505 -15185747 21291198 4749069 -5805780 -7161606 -1656730 -141716 139976 -125708 -42987 20701 -3889 -28709 -12056 -4676 5258 533 -1061 653 -167 -417 -630 -19 -6 -15 -15 -9 -2 0 0 1 -10 0 -2 5 0 -1 0 0 -1 0 -3 2 -2 0 0 0 0 -1 0 1 0 0 0 0 0 0 0 0 1583836345
-15638437 -15148343 21193856 4711316 -7692176 -7327288 -1838847 -142429 -29564 -126077 -43269 -27193 -3964 -60751 -10505 -3272 -3966 -2012 -937 -1821 -207 -130 -186 -276 -9 30 -14 -8 1 -1 0 1 -4 0 0 3 0 0 -1 0 0 0 0 0 0 0 2 -1 1 0 0 0 0 0 0 0 0 0 0 0 1583836345
-11277840 -11491559 13448351 489814 -4057254 -2852032 -272320 -137303 25729 -119790 -40227 -124142 -4731 -56598 -12566 6543 5638 -3185 -1162 920 -154 8722 -853 186 -8 -126 -22 -4 1 -3 0 0 -10 0 -2 1 0 0 2 1 0 -1 -1 4 0 0 -1 2 -1 -2 0 0 -1 0 -1 0 0 0 0 0 1583836345
-13868021 -13387914 17524874 3065152 -3023601 -5022301 -68787 -138397 320277 -120888 -40537 242401 -4200 -44882 -27221 -4881 13630 1606 -1085 336 -106 -602 4246 -12 -2 466 -20 -20 1 -2 0 3 -8 -6 1 2 0 -1 0 0 6 -2 -3 3 1 1 0 1 -1 0 0 0 0 0 0 0 0 0 0 0 1583836345
-16066917 -15489132 21933785 4996963 -7893165 -7568538 -1818557 -142228 124466 -126324 -43331 -20607 -3982 -66045 -10907 -3944 -6961 -2445 -966 -683 -219 -163 -70 -315 -2 -22 -12 -5 3 0 0 1 -1 0 3 0 0 0 0 1 2 0 0 0 0 0 0 0 0 0 -1 0 0 0 0 1 0 0 0 0 1583836345
-16085654 -15505153 21965933 5039483 -7376955 -7587621 -1387637 -141536 117450 -125118 -42696 -21231 -4191 -75191 -10870 -3816 -6524 -2680 -966 -1063 -212 -128 -182 -276 -3 -25 -14 -6 1 0 0 1 -3 0 1 1 0 0 0 1 0 0 0 0 -1 0 0 0 0 0 0 0 0 0 0 0 0 0 0 0 1583836345
-15697230 -15171829 21257901 4734567 -5563655 -7155256 -922946 -140529 121607 -123625 -41905 -12158 -4334 -58082 -12442 -3427 -8866 -2970 -980 -621 -230 -160 -148 -271 -2 70 -15 -8 2 0 0 0 -2 -2 0 1 0 -1 0 -1 0 0 0 0 0 0 0 2 3 0 0 0 0 0 0 0 0 0 0 0 1583836345
-16043019 -15460665 21866007 5148163 -3192050 -7458190 -61991 -139132 126239 -121295 -40618 -11052 -4688 -47755 -11394 -3741 -7997 -2713 -982 -1125 -229 -106 -417 -202 -3 -8 -15 -3 5 0 0 1 -5 0 0 2 0 0 -4 -3 3 0 0 0 0 0 0 0 0 0 0 0 0 0 0 0 0 0 0 0 1583836345
-12958024 -12809187 16269748 1992245 -7803528 -4402874 -1827790 -140913 158708 -125202 -42981 60750 -3784 -64708 -21786 -831 -923 -3042 -1002 -781 -188 -367 -331 -381 -2 62 -9 -10 0 -1 0 2 -3 -1 1 2 0 0 0 0 0 0 5 0 -1 0 3 -1 0 0 0 0 0 0 0 0 0 0 0 0 1583836345
-16085649 -15504787 21965757 5039795 -7169888 -7575498 -1890102 -142292 124242 -126498 -43401 -22118 -3906 -46752 -11224 -3729 5042 -3232 -1058 -917 -171 -162 123 -430 -5 -24 -8 -6 1 0 0 1 -3 0 -5 -7 0 -1 4 0 0 0 1 0 -1 0 0 0 0 0 0 0 0 0 0 0 0 0 0 0 1583836345
-15521817 -14982908 20870035 4516564 -7883444 -6950063 -1820322 -142200 156876 -126254 -43334 73522 -3812 -66412 -15873 -4905 -7472 41 -947 220 -213 -350 -24 -304 -2 69 -13 -10 0 0 0 2 0 -1 2 0 0 0 0 0 1 0 0 0 0 0 1 0 0 0 0 0 0 0 0 0 0 0 0 0 1583836345
-16056345 -15479392 21913279 4987850 -7854244 -7556382 -1824286 -142229 125249 -126336 -43337 -20225 -3975 -64884 -11504 -3773 -2664 -3138 -1009 -693 -199 -157 -268 -362 -3 -24 -7 -6 1 0 0 1 -4 0 2 1 0 0 0 0 0 0 3 1 0 0 2 -1 1 0 0 1 0 0 0 0 0 0 0 0 1583836345
95011198 79121323 -178255151 -102044094 -6162442 104694040 -1897228 -95758 410752 -84337 -30159 2612644 2312 -63707 -94775 -83308 4861 -12977 -464 -4725 -68 -5884 -840 1216 13 1144 -69 -77 -51 2 0 1 -14 0 4 4 0 -2 1 0 -5 8 4 0 0 -4 -3 5 5 -4 5 1 0 5 0 2 0 0 0 0 1583836345
-16063568 -15486338 21927831 4994279 -7878049 -7565096 -1822330 -142231 124366 -126333 -43335 -21322 -3980 -65505 -11329 -3814 -4144 -2952 -998 -616 -206 -163 -209 -339 -3 -21 -9 -6 1 0 0 1 -2 0 1 1 0 0 0 0 0 0 3 0 0 0 0 0 0 1 0 0 0 0 2 -2 0 0 0 0 1583836345
-16037826 -15463433 21877488 5008650 -6822684 -7521100 -1463354 -141582 123826 -125292 -42773 -20617 -4117 -59389 -11288 -3779 2777 -2947 -1048 -635 -173 -193 2157 -421 -4 -19 -7 -6 1 0 0 1 1 0 6 -1 0 0 0 0 0 0 -1 0 0 0 -1 0 0 0 0 0 0 0 0 0 0 0 0 0 1583836345
-15157153 -14630112 20126136 4228410 -6010439 -6568404 -925973 -140476 165367 -123552 -41895 7293 -4310 -67540 -14559 -2930 -7090 -2820 -976 -599 -215 -222 3844 -276 0 156 -14 -12 1 -1 0 2 -2 -2 3 0 0 0 0 0 0 0 0 0 0 0 0 0 0 0 0 0 0 0 0 0 0 0 0 0 1583836345
-16085265 -15502447 21957460 5106027 -5444167 -7550366 -1286076 -141231 119939 -124760 -42461 -20437 -4154 -38737 -10931 -3806 -8372 -2574 -967 -806 -238 -133 -150 -324 -2 -23 -12 -2 7 -1 0 1 -1 0 3 -1 0 0 -1 0 0 0 0 0 0 0 1 0 0 0 0 0 0 0 0 0 0 0 0 0 1583836345
3571414 1254900 -13499603 -13719279 -4688415 12411268 -1017928 -132932 181414 -116711 -39805 579192 -2939 -42578 -58439 -468 -7003 5514 -839 1723 -189 -1825 -318 -329 0 831 -27 -41 -15 3 0 -1 0 1 4 -2 0 -1 -4 1 -1 -6 1 0 0 0 1 0 2 0 0 0 0 0 0 0 0 0 0 0 1583836345
-16085588 -15502228 21957583 5107268 -5255604 -7540965 -2060923 -142423 124981 -126887 -43552 -20479 -3724 2518 -10554 -4034 -3552 -1739 -1003 -170 -234 -218 -212 -131 -4 -35 -17 -7 0 0 0 1 -6 0 0 1 0 -1 1 -2 0 0 -1 1 -1 0 0 0 0 0 0 0 0 0 0 0 0 0 0 0 1583836345
-13223149 -13102120 16872925 2286706 -6449346 -4742344 -1948327 -141027 91061 -125418 -43044 -38329 -3830 -29219 -15834 168 -6644 -3036 -972 -740 -236 -316 -88 -116 -3 -42 -17 -6 1 0 0 1 -4 0 1 0 0 -1 1 -1 0 0 0 1 -1 0 0 0 0 0 0 0 0 0 0 0 0 0 0 0 1583836345
-15336269 -14835937 20558226 4296133 -7864003 -6788336 -1824604 -141964 156360 -126132 -43284 35700 -3867 -65594 -15726 -3596 310 -2492 -1022 -498 -181 -254 -483 -271 -4 55 -13 -10 0 0 0 1 -3 0 0 -1 0 0 0 4 0 0 -3 -1 4 0 -2 0 0 -2 0 -1 -1 0 0 0 0 -1 0 0 1583836345
-13953727 -13710864 18165596 2949820 -7817422 -5492338 -1828267 -141274 97819 -125449 -43036 -49349 -3987 -64346 -12142 -1582 1772 -2205 -1026 -583 -174 -337 -575 -107 -6 164 -19 -10 2 0 0 0 -6 1 -1 8 0 0 -1 2 0 -1 -2 -3 -1 0 -1 0 2 0 0 0 0 0 0 0 0 0 0 0 1583836345
-9169928 -9703275 9670073 -1656310 -7379337 -764897 -1862903 -139197 34723 -123530 -42408 -58077 -3896 -54252 22241 -24516 -902 -519 -995 664 -181 -613 -406 -194 -6 34 -13 -8 1 -1 0 2 -6 -2 0 5 0 0 -1 0 -1 4 0 0 0 2 0 0 0 1 0 0 1 1 0 0 0 0 0 0 1583836345
-15091219 -14620385 20103013 4097838 -7739582 -6500212 -1832889 -142005 165640 -126129 -43301 98054 -3750 -63060 -17146 -5577 -6822 -927 -961 132 -213 -338 -81 -205 -2 75 -17 -8 3 -1 0 2 -3 -1 1 1 0 -1 0 0 -1 -1 0 0 0 0 0 0 0 0 0 0 0 0 1 -1 0 0 0 0 1583836345
-15583536 -14997441 20862554 5450809 16784331 -6551341 8183523 -124654 183621 -97759 -27993 117991 -7944 -5868 -17715 -4806 -3304 -825 -1189 138 -197 -260 -2346 246 -3 29 -30 -11 -3 0 0 1 -11 0 4 9 1 0 -13 -3 -1 -1 -11 3 1 0 3 -1 0 -2 0 1 0 0 0 0 0 0 0 0 1583836345
-14546697 -14139040 19032578 4565374 17953723 -5580387 8241607 -124237 104878 -97044 -27654 10449 -8079 18280 -14937 -1475 5266 -2869 -1259 -715 -173 -215 -1811 -52 -6 199 -18 -13 0 -1 0 2 -6 -3 -3 18 0 0 -3 -7 -1 -1 -13 2 1 0 2 -1 0 0 0 0 0 0 0 0 0 0 0 0 1583836345
30612148 23854133 -61402000 -40243597 -7380630 38799036 -1827641 -121323 -199523 -107237 -37064 150579 -2959 -65030 5063 -23781 -3099 -1338 -814 5 -159 -2864 -347 -181 0 -380 -8 -5 -11 0 0 2 -5 -4 0 3 0 0 0 3 -3 12 -2 -1 -1 -8 1 1 1 0 0 0 0 0 0 0 0 0 0 0 1583836345
-9764664 -10252845 10824075 -1137554 -7800611 -1481294 -1824618 -139212 -19318 -123478 -42339 -211138 -4203 -63926 -1285 -528 -1813 -147 -999 395 -186 -689 -382 -205 -6 -60 -12 -5 2 0 0 1 -3 0 -1 6 0 0 -1 1 0 3 -1 -2 -1 -2 0 0 0 0 0 0 0 0 0 0 0 0 -1 0 1583836345
81296405 66573475 -151892006 -89513007 -6730532 88907427 -1852585 -98046 -615875 -86295 -30211 16001 -2535 -58380 1342525 -943851 13542 -57660 -956 -2998 -31 1737 -822 -119 -21 -563 17 41 29 8 0 -13 -9 11 -3 18 0 0 -3 0 7 -44 3 -4 0 -13 -1 -8 -8 -1 -1 -1 -2 0 0 0 0 0 0 0 1583836345
-4290605 -5670151 1109500 -6452707 -7659015 3885368 -1838280 -136686 -98388 -121151 -41553 -281302 -4219 -60958 -16872 13508 10066 -1779 -1072 -581 -132 -993 -914 10 -10 -73 -14 -2 4 -1 0 2 -5 -2 3 3 0 0 0 2 0 0 5 0 -3 -1 3 0 0 0 0 0 0 0 0 0 0 0 0 0 1583836345
-16088639 -15507266 21970904 5045835 -7083726 -7576660 -1971970 -142414 124286 -126744 -43538 -21539 -3795 -41047 -11073 -3519 149946 -6013 -2116 -2380 540 -501 -6862 975 -47 -16 -14 0 2 0 -2 0 -14 -1 25 12 -1 0 4 9 1 0 16 0 -16 1 11 0 0 -1 1 4 -3 0 0 0 0 0 0 0 1583836345
-15724233 -15198027 21317014 4679210 -7558966 -7218779 -1850630 -142112 123560 -126265 -43318 -15742 -3934 -57453 -12432 -3352 -4016 -3094 -998 -688 -209 -173 -215 -143 -4 25 -17 -8 1 0 0 1 -4 0 0 2 0 0 0 0 0 0 0 1 0 0 0 1 -1 0 0 -1 0 0 0 0 0 0 0 0 1583836345
61985031 50416255 -117645820 -70609141 -2661045 70080220 -1858753 -106631 -315071 -94343 -32686 235478 -2105 30773 120950 -109870 22058 -16011 -923 -4174 -80 -3444 -1480 1731 -10 -578 -53 5 -5 0 0 -2 -28 -5 0 10 0 0 2 0 -5 28 -3 -1 -1 9 -3 3 2 1 2 0 1 -2 -1 1 0 0 0 0 1583836345
145999541 120620622 -266504507 -151879027 713862 152481444 1046414 -63773 -1661898 -50109 -16218 -684612 -3778 -46164 -135701 115388 22373 -3157 -642 -5075 10 -9815 -2664 3700 -29 -254 -102 24 19 14 0 -17 -32 12 20 0 -1 -1 4 0 9 -9 0 0 8 -1 -6 6 -3 0 10 5 10 0 -6 3 0 1 0 0 1583836345
-16087399 -15491806 21921432 5406957 2784394 -7403978 2479165 -134716 123938 -114066 -36730 -8754 -5765 -37831 -10808 -3716 -5070 -2594 -1039 -1470 -212 -76 -983 349 -6 -2 -29 2 12 0 0 1 -4 0 5 2 0 0 0 -4 7 0 -6 4 0 0 0 2 -1 -2 0 0 -1 0 0 0 0 0 0 0 1583836345
-12962624 -12722061 16060400 2900643 11486928 -3910753 5739628 -128425 187356 -103930 -31507 283017 -6558 -7853 -31533 -3494 5190 -1238 -1129 -1517 -159 -341 -2265 1264 -13 836 -60 -29 4 -3 0 4 -13 -9 10 2 1 0 -7 0 10 -2 -7 9 4 1 1 5 -5 -6 1 0 -2 0 -2 3 0 1 0 0 1583836345
-14195404 -13909502 18586942 3247497 -7876228 -5665523 -1818872 -141639 110193 -125653 -43133 55693 -3822 -66463 -16401 -3515 -6588 -2373 -908 -1947 -216 -184 -88 -321 -5 642 -19 -27 1 -3 0 4 -1 -7 3 0 0 -1 0 1 1 -1 0 0 0 0 0 0 0 0 -1 0 1 0 0 0 0 0 0 0 1583836345
-15807821 -15253783 21438932 4759677 -7868832 -7273867 -1824516 -142187 141726 -126298 -43338 24591 -3894 -65538 -13442 -4411 338 -1439 -1022 -79 -179 -287 -487 -270 -4 32 -12 -9 0 0 0 1 -3 0 0 -1 0 0 0 4 0 0 -3 -1 4 0 -2 0 0 -2 0 -1 -1 0 0 0 0 -1 0 0 1583836345
-16072388 -15496723 21949085 5002772 -7840323 -7579526 -1827993 -142232 120827 -126341 -43338 -28925 -3986 -64550 -10897 -3711 1740 -3106 -1042 -697 -177 -172 -568 -109 -6 -23 -17 -6 1 0 0 1 -6 0 -1 8 0 0 -1 2 0 0 -2 -3 -2 0 -1 0 0 0 0 0 0 0 0 0 0 0 0 0 1583836345
-14733824 -14371884 19564968 3716222 -7438832 -6253983 -1862208 -141642 106067 -125852 -43178 -38242 -3945 -54599 -12023 -2443 -932 -2986 -1018 -678 -195 -248 -396 -200 -5 -33 -12 -5 2 0 0 1 -6 2 0 6 0 0 -1 0 0 0 0 0 1 0 0 0 0 1 0 0 1 0 0 0 0 0 0 0 1583836345
9412523 6887382 -25272561 -19660860 -7500702 18837395 -1837464 -131663 775576 -117832 -40836 1267308 -1368 -69761 -126464 11388 -7513 2788 -675 -1706 -181 -1991 -82 -189 18 1688 -43 -56 0 -6 0 8 -3 -17 1 1 0 -2 -1 -4 16 -8 0 0 0 3 0 0 0 0 0 0 0 0 0 -1 0 0 0 0 1583836345
-15046865 -14591405 19991793 4904085 16793123 -6123202 8183553 -124259 122374 -97366 -27831 31 -8137 -5090 -12343 -2599 -3255 -2112 -1190 -565 -202 -188 -2343 245 -5 140 -31 -10 2 -1 0 2 -11 -2 4 9 1 0 -13 -4 1 0 -11 3 1 0 3 -1 0 -2 0 1 0 0 0 0 0 0 0 0 1583836345
-14952690 -14533331 19862338 4856909 17954149 -6029187 8241923 -124037 103419 -97084 -27665 -19274 -8139 18469 3988 -12973 5250 -3757 -1257 -1041 -174 -66 -1802 -54 -6 159 -17 -10 2 -1 0 2 -6 -2 -3 18 0 0 -3 -7 -1 -1 -13 2 1 0 2 -1 0 0 0 0 0 0 0 0 0 0 0 0 1583836345
-15810612 -15274622 21477234 4781379 -7083707 -7302736 -1146050 -141005 119463 -124332 -42302 -21707 -4304 -80314 -9979 -4556 -7722 -2144 -981 -278 -212 -211 -167 -228 -3 18 -15 -8 0 0 0 1 -2 0 0 0 0 0 0 1 0 0 -1 0 0 0 0 0 0 0 0 0 0 0 0 0 0 0 0 0 1583836345
-16019934 -15447400 21840868 5043716 -5307172 -7479320 -929538 -140615 123198 -123747 -41940 -23028 -4345 -53258 -11232 -3665 -9109 -2907 -980 -614 -234 -140 -182 -308 -2 -25 -12 -6 1 0 0 1 -2 0 1 -1 0 0 0 1 0 0 1 0 0 0 0 0 0 1 0 0 0 0 1 0 0 0 0 0 1583836345
-8300215 -8798465 7791155 -2350437 -7753606 492540 -1848730 -139618 222746 -123857 -42667 459691 -3002 -66246 -48251 -1022 36310 -1528 -1222 -472 10 1385 -2386 516 -17 1198 -45 -45 -3 -4 0 6 -13 -15 7 12 0 -1 -3 14 8 -4 1 0 -9 2 4 3 -3 -5 -1 5 -3 0 -2 0 0 1 0 0 1583836345
-15824583 -15281568 21493714 4789321 -7222425 -7308140 -1884026 -142191 126275 -126392 -43370 -9492 -3890 -49078 -12398 -3656 2421 -3225 -1046 -771 -180 -178 -605 677 -10 16 -38 -8 1 0 0 1 -13 0 3 2 0 -1 1 0 0 0 2 0 0 0 -1 0 0 0 3 0 2 0 -1 1 0 0 0 0 1583836345
-16088965 -15507014 21970988 5035210 -7397468 -7581554 -1866998 -142276 125045 -126447 -43381 -20913 -3932 -53351 -10974 -3956 -1267 -2505 -1019 -460 -195 -194 -392 419 -7 -30 -31 -2 7 -1 0 1 -9 0 2 2 0 0 0 0 -1 0 1 0 0 0 0 0 0 0 2 0 0 0 -1 1 0 0 0 0 1583836345
-11066650 -11300957 13029042 713653 6954505 -2399942 -3172231 -141154 33121 -127308 -43842 -43422 -2499 318583 -17449 2948 -2382 -881 -981 -826 -387 -437 -487 355 -9 352 -33 -3 12 6 0 -7 -12 10 3 -1 0 -1 -4 -6 5 -3 0 1 -5 0 -1 5 1 -3 0 1 -1 0 0 0 0 0 0 0 1583836345
39166640 31366949 -77255770 -48219249 -1040187 48025240 25632 -114804 111267 -99373 -33506 927625 -2185 -22150 -151684 43856 -8775 -4486 -697 -3211 -209 -3515 4693 -269 13 -421 -10 23 12 16 0 -18 -1 45 6 0 0 0 -4 2 -4 -10 2 0 0 -2 1 3 6 0 0 0 0 -1 0 0 0 0 1 0 1583836345
-15503167 -15007444 20914873 4459909 -7887263 -6990255 -1819333 -142019 128312 -126128 -43273 4741 -3930 -66145 -13630 -3482 -6970 -2347 -972 -401 -217 -225 -71 -316 -3 52 -15 -9 0 0 0 2 3 -1 4 0 0 0 0 2 0 0 0 -2 -1 0 0 0 0 -1 -2 0 2 0 1 2 0 0 0 0 1583836345
-16066545 -15485852 21927109 5001672 -7886078 -7566856 -1820215 -142249 124059 -126336 -43338 -12800 -3968 -65868 -10799 -4269 -7606 -1414 -961 -224 -219 -229 17 -304 -2 -33 -12 -5 2 0 0 1 0 0 2 -1 0 0 0 -1 1 0 0 0 0 0 0 0 0 0 0 0 0 0 0 0 0 0 0 0 1583836345
5784085 2927114 -17076627 -16199411 -7077554 14088612 -1878566 -132316 -41144 -117411 -40380 -35652 -3601 -49847 -36902 14213 -1370 -3967 -931 -1517 -190 -1438 2094 -357 0 -178 -5 -2 0 0 0 1 3 0 4 -1 0 0 0 0 0 2 0 1 0 -2 1 0 0 0 0 0 0 -1 0 0 0 0 0 0 1583836345
-16017799 -14869117 20674118 6028836 -5701143 -7181225 -800999 920833 118380 -122646 -41635 -30052 -4425 -65487 -10907 -3704 -8147 -6397 205718 7146 281 23 4440 8 3 -64 -4 -106 21 2 0 0 -6 0 1 4 76 0 10 0 0 0 2 0 0 0 0 0 0 0 0 0 0 0 0 0 0 0 0 0 1583836345
-16040717 -15446794 21842625 5076226 -5714210 -7489033 -938473 -140781 127643 -123853 -42008 27001 -4273 -61219 -13026 -4391 -9522 -1951 -931 -1256 -231 -127 -131 -301 -2 0 -13 1 10 0 0 1 0 0 3 0 0 0 -1 -2 10 1 1 0 0 0 0 0 0 0 0 -1 0 0 -1 0 0 0 0 0 1583836345
-16020816 -15433505 21814128 5048211 -5999135 -7481236 -1045313 -140954 123893 -124127 -42146 -18583 -4306 -61707 -10564 -4133 -9754 -1385 -969 1 -229 -234 -75 -291 -2 -6 -15 -8 0 0 0 1 0 0 2 -1 0 0 -1 -1 0 0 0 0 0 0 0 0 0 0 0 0 0 0 0 0 0 0 0 0 1583836345
-16066168 -15484484 21924826 4998253 -7877266 -7559828 -1829997 -142254 129063 -126368 -43356 -12264 -3967 -66833 -11644 -4022 -9588 -2523 -960 -431 -226 -171 49 2452 -15 -24 -61 -8 1 0 0 2 25 0 9 -1 0 0 0 8 2 0 -7 -4 -5 0 -1 -1 0 3 9 0 1 0 0 3 0 -3 0 1 1583838187
-15942973 -15374862 21693839 4876266 -7863441 -7433922 -1835387 -142197 132969 -126338 -43351 -11657 -3964 -67903 -12139 -3766 -7123 -2915 -981 -599 -210 -163 -122 5221 -30 9 -129 -10 1 0 -1 2 25 0 19 -8 0 -1 2 9 2 0 -11 -8 -5 0 -1 -1 1 4 10 0 1 0 0 2 0 -5 0 2 1583838187
-15764247 -15235922 21393762 4767962 -6035029 -7243164 -1997471 -142229 117786 -126610 -43474 -28687 -3839 -28957 -9584 -4537 -9760 -2594 -973 -449 -230 -168 -103 13052 -68 -15 -329 -14 1 2 -2 -1 -45 1 39 -46 -2 -3 11 -19 -4 1 2 -19 5 0 0 -7 5 -3 -23 0 -6 1 -3 -8 -1 0 0 0 1583838187
-16089015 -15509188 21974679 5040734 -7300652 -7586956 -1877350 -142289 120034 -126463 -43386 -27115 -3931 -50432 -9864 -3966 164 -1757 -1004 -807 -190 -197 -402 -58 -5 -32 -19 -1 7 0 0 1 -5 0 -1 6 0 0 -1 -3 5 0 0 0 0 0 1 1 -1 1 0 -3 0 0 -2 1 0 0 0 0 1583838187
-16088743 -15506321 21969634 5034443 -7451340 -7582067 -1862076 -142277 124862 -126436 -43376 -21027 -3936 -54398 -10475 -4155 -882 -1726 -1019 -160 -192 -243 -332 -205 -4 -40 -14 -4 3 0 0 1 -5 0 -1 4 0 0 0 -2 -1 0 -2 0 0 0 0 0 0 1 0 -1 0 0 0 0 0 0 0 0 1583838187
-16089481 -15509024 21975397 5021326 -7886831 -7596926 -1819947 -140697 120624 -126326 -43329 -30225 -3998 -65778 -10916 -3693 -7228 -3149 1364 -575 -216 -139 -10 -309 -3 -26 -12 -5 1 0 0 1 0 0 2 -1 -1 0 0 0 0 0 0 0 0 0 0 0 0 0 0 0 0 0 0 0 0 0 0 0 1583838187
-15933035 -15292202 21535093 4807420 -7876251 -7392049 -1822010 -141991 196293 -126333 -43325 -26031 -3987 -65490 -8915 -4523 -3019 758 -998 796 -190 -396 -280 -351 0 -35 -11 -8 -1 0 0 1 -2 0 1 0 0 0 0 1 0 0 2 0 0 0 0 0 0 1 0 -1 0 0 0 0 0 0 0 0 1583838187
-15183745 -14386407 19656074 4550785 -6603894 -6186780 -1949894 -143616 329819 -127426 -44024 894651 -2316 -37259 122145 -85910 22062 286028 -64 99321 669 -16953 3454 -144 10 -2433 22 -21 -157 34 0 -3 -1 7 7 -5 0 -2 0 -9 38 16 -3 1 0 -17 0 -1 -1 0 0 0 0 2 0 0 0 2 -5 2 1583838187
-16020996 -15398299 21698804 5953120 19461900 -7019481 9310145 -122775 141773 -94599 -26261 40301 -8558 1084 -8044 -5879 -2222 5327 -1176 1771 -179 -545 150 -586 0 -85 -1 1 6 0 0 2 6 0 13 0 -1 -1 5 -5 5 1 -3 2 -1 -2 -3 0 0 0 0 0 0 1 0 0 0 0 0 0 1583838187
-16041513 -15444862 21841091 5056698 -5745491 -7466529 -1138734 -141039 148059 -124419 -42295 25767 -4168 -51993 -9201 -6051 -8234 3950 -939 1358 -213 -510 -155 -309 -1 -79 -12 -4 3 -1 0 1 -1 0 3 -1 0 0 0 0 -2 0 0 0 0 0 0 0 0 0 0 0 0 0 0 0 0 0 0 0 1583838187
-11407790 -11313767 13135825 755665 -5396494 -2439523 -1247930 -140011 329467 -123599 -42243 606761 -3052 -45346 18496 -36581 -6856 92617 -490 29940 25 -5740 -586 -180 6 -451 -11 22 5 6 0 0 -1 0 2 0 0 -1 0 -7 37 8 0 0 1 -8 1 0 -1 1 0 0 0 2 0 0 0 0 0 0 1583838187
-16076613 -15495470 21944641 5059132 -6409902 -7552771 -936796 -140732 125015 -123838 -42009 -20914 -4387 -75444 -11136 -3869 -8609 -2699 -975 -492 -219 -166 2005 -276 -2 -33 -13 -6 1 0 0 1 -2 0 3 0 0 0 0 0 0 0 0 0 0 0 0 0 0 0 0 0 0 0 0 0 0 0 0 0 1583838187
-16089174 -15507583 21972932 5018376 -7874379 -7590187 -1820970 -142238 125085 -126340 -43338 -20915 -3983 -65528 -5953 -5963 -6754 5442 -954 2425 -197 -642 -89 -297 -2 -105 -11 -7 -3 0 0 1 -1 0 1 0 0 0 0 0 -2 0 1 0 0 0 0 0 0 0 0 -1 0 -1 0 0 0 0 0 0 1583838187
-16089127 -15507426 21972456 5021876 -7776588 -7588387 -1836551 -142255 125091 -126380 -43356 -21168 -3961 -62517 -10932 -3893 8587 -2808 -1082 -806 -144 -198 -831 -393 -6 -30 -7 -4 4 -1 0 1 -6 0 0 6 0 0 -1 1 0 0 8 0 -1 0 4 -2 1 0 0 -1 0 0 0 0 0 0 0 0 1583838187
-14745685 -14351693 19529760 3736505 -7846977 -6199922 -1825609 -141743 143630 -125898 -43214 53084 -3829 -65941 -16780 -3481 -862 -1338 -1000 -275 -182 -342 -366 655 -8 81 -39 -8 3 -1 0 1 -8 -1 5 -1 0 -1 2 0 1 0 0 -2 -2 0 0 0 0 0 1 0 0 0 0 0 0 0 0 0 1583838187
-16070929 -15493943 21941832 5019190 -7793883 -7593503 -1841463 -142304 106486 -126376 -43363 -20443 -3955 -63393 -11054 -3841 19643 -3119 -1164 -976 -87 -218 -1511 953 -16 -24 -38 -6 1 0 0 0 -16 0 3 10 0 0 0 6 1 0 -5 -8 -7 0 0 0 0 0 0 2 0 0 -1 0 0 1 0 0 1583838187
-15988919 -15395318 21741026 4941338 -7727848 -7432656 -1834398 -142289 155348 -126424 -43385 46056 -3852 -62209 -11181 -6002 -6920 3216 -937 1154 -205 -489 -84 -172 -2 -50 -16 -1 6 0 0 1 -3 0 1 0 0 0 0 -1 4 0 1 1 0 0 0 1 -1 0 0 0 0 0 1 0 0 0 0 0 1583838187
-16066056 -15484507 21923706 5016859 -7473148 -7558207 -1858952 -142284 124291 -126428 -43375 -11063 -3923 -55081 -10872 -4210 -4071 -1569 -980 -477 -207 -216 -167 -227 -4 -30 -14 -3 4 0 0 1 -4 0 0 3 0 0 0 -2 3 0 -1 0 0 0 1 -1 0 0 0 0 0 0 0 0 0 0 0 0 1583838187
-16039736 -15454990 21857383 5109537 -4028022 -7458044 -2183384 -142528 133704 -127184 -43680 -768 -3557 34183 -11322 -4321 17255 -1738 -1155 -260 -144 -285 -1172 1601 -17 -26 -56 -8 0 0 0 0 -22 0 0 10 0 -1 0 -5 -1 0 -2 0 -2 0 4 0 0 -1 -3 2 -1 0 2 -3 0 0 0 0 1583838187
-15419459 -14689085 20277122 4713725 -6228369 -6567959 -1972924 -143344 252134 -127248 -43889 647226 -2722 -26865 128778 -80477 -1845 274775 0 96331 513 -16228 -1176 143 11 -2255 7 -33 -164 34 0 -2 -2 4 -1 0 0 -2 0 -9 37 8 0 0 0 4 -1 -2 -2 0 0 0 0 -4 0 0 0 0 -2 1 1583838187
-16043250 -15457609 21866408 5035307 -6510330 -7509886 -1948030 -142375 128068 -126646 -43468 7252 -3798 -30646 -7216 -6243 -231 5584 -987 2090 -181 -642 -465 167 -6 -88 -22 -7 -2 0 0 1 -9 0 2 1 0 0 -1 -1 2 0 0 1 -1 0 0 0 0 0 1 1 0 0 0 0 0 0 0 0 1583838187
-16066779 -15482287 21913546 5141648 -3908052 -7497425 -2182457 -142529 124328 -127166 -43664 -11047 -3581 37008 -8530 -5051 -7452 2329 -960 1198 -261 -427 -125 -260 -2 -66 -13 -6 -1 0 0 1 -4 0 1 0 0 0 -1 -1 0 0 0 0 0 0 0 0 0 0 0 0 0 0 0 0 0 0 0 0 1583838187
-16066483 -15485317 21926049 5002359 -7874299 -7565850 -1821091 -142251 124453 -126340 -43340 -11787 -3965 -65574 -10393 -4471 -6877 -693 -965 60 -213 -275 -51 -311 -3 -40 -12 -5 1 0 0 1 -1 0 1 0 0 0 0 0 1 0 1 0 0 0 1 0 0 0 0 0 0 0 0 0 0 0 0 0 1583838187
-15595877 -14940319 20797076 4699208 -7879467 -6885343 -1821557 -142746 215258 -126640 -43565 370718 -3328 -68116 45287 -38150 -4621 119275 -456 39875 110 -7093 -584 -130 4 -964 -4 -10 -63 16 0 0 -1 2 0 0 0 -1 0 -8 35 7 1 0 0 -2 2 -1 0 0 0 0 0 -2 0 0 0 0 -2 1 1583838187
-16089535 -15511210 21979792 5018055 -7886678 -7598147 -1819935 -142232 120434 -126325 -43330 -29169 -3997 -65786 -10508 -3829 -7235 -2504 -968 -623 -220 -163 -6 -311 -3 -30 -12 -4 3 0 0 1 0 0 2 -1 0 0 0 -1 1 0 0 0 0 0 0 0 0 0 0 0 0 0 0 0 0 0 0 0 1583838187
-16088913 -15507238 21972226 5018404 -7878190 -7589627 -1822531 -142241 125172 -126344 -43339 -20773 -3979 -65489 -11035 -3966 -3862 -2528 -999 -453 -203 -188 -182 -351 -3 -31 -13 -2 7 -1 0 1 -1 0 2 0 0 0 0 0 0 0 1 0 0 0 0 0 0 0 0 0 0 0 1 -1 0 0 0 0 1583838187
-15742059 -15096620 21123037 4807309 -7878901 -7064595 -1821530 -142664 201783 -126612 -43536 298905 -3455 -67763 56456 -39695 -4136 128956 -386 42039 135 -7546 -680 63 3 -1066 -7 3 -50 16 0 0 -3 3 1 0 0 -1 0 -8 41 9 0 0 -1 -2 0 0 -1 -1 0 0 0 0 0 0 0 0 1 0 1583838187
-16066550 -15485315 21925360 5016722 -7458103 -7559062 -1861562 -142283 124264 -126434 -43379 -11985 -3921 -54502 -8149 -5337 457 2695 -1010 1342 -174 -503 174 -385 -4 -74 -5 -7 -2 0 0 1 -3 0 0 -4 0 -1 2 0 0 0 0 1 0 0 0 0 0 0 0 0 0 0 0 0 0 0 0 0 1583838187
-16064038 -15274605 21490996 5537575 -2804785 -7374759 243051 -11204 120213 -120588 -40211 -30049 -4868 -52600 -10817 -3637 -7151 -6045 180577 6162 218 26 -787 -100 1 -8 -5 -12 2 0 0 0 -1 0 0 2 -24 0 0 0 0 0 -1 0 0 0 0 0 0 0 0 0 0 0 0 0 0 0 0 0 1583838187
-16078956 -15492918 21942949 5014715 -7891793 -7570873 -1818973 -142260 129292 -126348 -43341 -11219 -3968 -66135 -11584 -4089 -9651 -2389 -956 -384 -231 -177 82 -191 -2 -22 -6 -7 0 0 0 1 2 0 1 0 0 0 0 0 0 0 -1 0 0 0 0 0 0 0 0 0 0 0 0 0 0 0 0 0 1583838187
-16057569 -15480118 21913291 5012793 -7560986 -7562090 -1850881 -142294 115462 -126394 -43360 -23595 -3953 -57282 -8805 -932 -3417 -3116 -1087 1402 -204 8859 -183 -257 -3 -175 -9 -5 0 -3 0 0 -4 0 0 3 0 1 0 -1 0 0 -1 0 0 0 1 -1 0 0 0 0 0 0 0 0 0 0 0 0 1583838187
-16089198 -15506511 21970305 5024945 -7888310 -7595453 -1819683 -132386 120607 -126315 -43327 -30224 -3998 -65819 -10914 -3692 -7061 -3124 -364 -642 -219 -140 -44 -312 -3 -26 -12 -5 1 0 0 1 0 0 2 0 0 0 0 0 0 0 0 0 0 0 0 0 0 0 0 -1 0 0 0 0 0 0 0 0 1583838187
-15913293 -15368063 21668987 4928365 -6885570 -7464174 -1437917 -141621 69541 -125129 -42713 -24942 -4144 -62253 -8611 -4077 -7030 -966 -893 -2144 -219 -106 -132 -234 -5 40 -15 -9 0 -1 0 1 -2 0 2 0 0 0 0 0 0 0 -1 1 1 0 1 0 0 0 0 0 0 0 0 0 0 0 0 0 1583838187
-16085475 -15467791 21885742 5199611 -4453860 -7515881 -763024 -58063 120353 -123196 -41649 -30008 -4398 -40985 -10791 -3599 -3918 -3427 16334 -30 -171 -136 4344 -306 -1 -49 -9 -32 7 0 0 1 -4 0 4 0 26 0 3 0 0 0 0 0 0 0 0 0 0 0 0 0 0 0 0 0 0 0 0 0 1583838187
-16065200 -15484522 21924684 4994708 -7886045 -7563896 -1819999 -142228 127236 -126333 -43336 -18898 -3981 -65844 -4089 -6839 -6726 8784 -953 3896 -187 -859 -99 -298 -2 -129 -11 -11 -9 0 0 1 0 0 2 0 0 0 0 1 -2 0 0 1 0 -1 1 0 0 0 0 0 0 0 0 0 0 0 -1 0 1583838187
-14637392 -14110123 19048839 3587173 -7736832 -5992176 -1832770 -141597 260953 -126029 -43254 93783 -3752 -63049 -14270 -6660 -7306 75 -917 -429 -214 -339 -48 -181 0 346 -21 -13 4 0 0 2 -2 -2 1 0 0 0 0 0 0 -2 1 1 0 0 0 1 -1 0 0 0 0 0 1 0 0 0 0 0 1583838187
-16088723 -15497909 21947937 5141993 -4814133 -7538717 -2099970 -130563 120510 -126962 -43581 -29750 -3700 13586 -10888 -3565 -7574 -3080 2198 -532 -256 -120 -85 -294 -2 -25 -12 -5 1 0 0 1 -3 0 1 0 -1 0 -1 -1 0 0 0 0 0 0 0 0 0 0 0 0 0 0 0 0 0 0 0 0 1583838187
-15697644 -15180353 21276309 4696667 -6323744 -7181272 -1961912 -142178 116369 -126491 -43405 -26950 -3836 -25482 -11496 -3296 -7395 -2633 -974 -509 -241 -181 -37 -283 -3 4 -13 -7 1 0 0 1 -3 0 0 0 0 0 -1 -1 0 0 0 0 0 0 0 0 0 0 0 0 0 0 0 0 0 0 0 0 1583838187
-15765884 -15224469 21365241 4919896 -2137988 -7152756 -1716797 -141561 128345 -125716 -42897 3826 -3695 53219 -12745 -3561 39949 -3042 -1331 -884 -44 -290 -2590 1130 -21 83 -49 -9 0 0 0 0 -34 0 -6 25 0 0 -4 2 0 0 0 6 -1 1 7 2 -2 -1 -2 -3 -2 0 -5 4 0 -1 0 0 1583838187
-16075560 -15484914 21923606 5085103 -6475284 -7535569 -1951194 -142451 125596 -126675 -43473 -2150 -3809 -29298 -11318 -3884 -505 -2419 -963 -2031 -207 -80 -362 10 -6 14 -21 48 81 -11 0 1 -8 -1 0 3 0 0 0 1 -9 0 0 0 0 0 2 0 0 0 1 0 0 0 0 1 0 0 0 0 1583838187
-15547457 -15044088 20980527 4753810 -1051704 -6918398 -2443714 -142558 121289 -127574 -43842 6184 -3265 110655 -10639 -5353 -5955 -2933 -990 -629 -304 -131 -221 -329 -3 166 -14 -8 7 -2 0 2 -5 -2 0 1 0 0 -3 -2 -1 0 -1 0 -1 0 0 0 0 0 0 0 0 0 0 0 0 0 0 0 1583838187
-15704281 -15091694 21097331 4784350 -4313540 -7207526 -2145453 -142373 113124 -126930 -43583 -7442 -3608 26270 -12673 -3348 -8073 -2817 -965 -761 -272 -141 -68 -245 -3 53 -15 -9 1 0 0 1 -3 0 1 0 0 0 -1 -1 0 0 0 0 0 0 0 0 0 0 0 0 0 0 0 0 0 0 0 0 1583838187
-16090122 -15507310 21963605 5200225 -2699595 -7508771 -2293820 -142574 120470 -127409 -43755 -29422 -3492 68416 -10862 -3470 -4603 -3041 -406 -657 -275 -117 -258 -216 -3 -25 -10 -5 1 0 0 1 -7 0 1 0 0 0 -3 -2 0 0 0 1 -2 0 0 0 0 0 0 0 0 0 0 0 0 0 0 0 1583838187
-15772426 -15231882 21376131 4985655 -658220 -7150946 901998 -137335 118209 -118423 -39092 -18269 -5097 -40222 -11492 -3384 -4125 -2507 -1051 -479 -209 -182 -862 -5 -5 66 -24 -9 1 0 0 1 -8 0 0 0 0 0 -3 1 0 0 -2 1 2 0 -1 0 0 0 0 1 0 0 0 0 0 0 0 0 1583838187
-16026030 -15454137 21859659 4958479 -7885693 -7528558 -1819901 -142214 123717 -126310 -43326 -22650 -3984 -65823 -11158 -3806 -7095 -2638 -974 -530 -219 -171 -56 -299 -3 -28 -12 -6 1 0 0 1 -1 0 1 0 0 0 0 0 0 0 2 0 0 0 0 0 0 0 0 0 1 0 0 0 0 0 0 0 1583838187
-16067816 -15492715 21940640 4997766 -7866878 -7575561 -1822940 -142227 120636 -126328 -43334 -28365 -3995 -65243 2080 -8998 -2916 17615 -963 7271 -145 -1401 -349 -233 -3 -214 -14 -14 -18 1 0 1 -4 0 1 2 0 0 0 2 -4 0 0 0 -1 3 0 -1 0 0 0 0 0 -1 0 0 0 0 1 0 1583838187
-15299946 -14842528 20563542 4272441 -7741316 -6798037 -1832442 -141947 117183 -126057 -43249 -8241 -3935 -62331 -12786 -3378 -7103 -2273 -971 -375 -220 -237 -27 -273 -3 116 -15 -11 1 -1 0 2 -2 -1 0 1 0 -1 0 -1 0 0 0 0 0 0 0 0 0 0 0 0 0 0 0 0 0 0 0 0 1583838187
-6126314 -7163715 4275991 -4505925 -4436291 2183026 -588254 -135527 -55574 -118472 -39952 -199499 -4641 -54237 -2204 35 5275 1680 -1058 995 -142 -1017 -1016 1442 -16 326 -58 -12 5 1 0 -1 -20 1 6 -3 0 -1 3 2 0 -1 -1 0 1 -1 0 0 -1 -1 0 0 -2 1 0 1 0 1 0 1 1583838187
-13642392 -13461176 17627198 2777650 -4488944 -5140209 -248538 -138430 79541 -120814 -40586 -55202 -4686 -66544 -2504 -7949 -3674 -3333 -1019 -850 -198 -231 -402 -176 -5 178 -18 -12 2 -1 0 2 -4 -3 0 3 0 -1 0 -3 0 -1 -3 2 -1 0 0 0 0 0 0 0 0 0 0 0 0 0 0 0 1583838187
-15218212 -14786494 20428861 4321444 -7444375 -6881380 -1862344 -142302 -20789 -125997 -43253 -9244 -3904 -55036 -3851 -4846 -527 4604 -723 -5175 -184 -124 -416 405 -12 129 -30 -15 -2 -2 0 1 -9 -2 3 2 0 0 0 0 0 -1 1 0 0 0 0 -1 1 -1 2 0 0 0 0 1 0 0 0 0 1583838187
-6376930 -7335559 4607191 -3660229 5448973 1932085 4751907 -127355 -228291 -103488 -31997 -78682 -6841 -90961 3655 1310 -3982 12397 -839 -782 -137 10395 -1722 1123 -18 535 -54 -27 -1 -7 0 3 -14 -9 8 -2 0 0 -1 3 0 -4 0 4 2 0 2 2 -2 -3 1 2 0 0 -2 0 0 0 -1 0 1583838187
-15463730 -14979041 20843711 4602546 -3030024 -6886590 -25025 -138833 113090 -120947 -40488 -15777 -4715 -51766 -11725 -3137 -7986 -2260 -974 -1113 -226 -156 -480 -342 -2 148 -14 -11 1 -1 0 2 -1 -2 4 0 0 0 0 1 0 0 1 0 2 0 -2 0 0 1 0 1 -1 0 0 0 0 0 0 0 1583838187
-15943124 -15385454 21713824 4884015 -7833801 -7442363 -1827204 -142200 122627 -126301 -43328 -16427 -3963 -64321 -11759 -3732 -960 -2874 -1019 -612 -190 -184 -301 -386 -4 34 -11 -8 1 0 0 1 -1 0 2 0 0 0 0 0 0 0 2 1 0 0 2 -1 0 0 0 1 0 0 0 0 0 0 0 0 1583838187
-12601340 -12878232 16124951 3557115 -6569981 -7081808 -740606 -144595 -2263873 -119968 -40882 -131791 -4611 -88121 -7579 -1396 -8774 -1321 -948 -584 -209 -408 -207 -264 -99 58 -14 -8 2 -1 0 2 -2 0 0 0 0 0 0 1 0 0 -1 0 0 -1 0 0 0 0 0 0 0 0 0 0 0 0 0 0 1583838187
-12773745 -12712327 16048741 1873269 -6405481 -4277543 -1963305 -140930 92868 -125318 -43026 -16399 -3766 -27173 2726 -12525 16783 2067 -1108 1131 -104 -669 2729 -547 -7 221 -4 -12 1 1 0 0 0 2 -2 -9 0 -1 5 0 -1 0 0 1 -1 0 -1 0 1 0 0 0 0 -1 0 0 0 0 0 0 1583838187
-15371688 -14892539 20670184 4357732 -6909929 -6856659 -1363528 -141129 125537 -124755 -42546 -19432 -4168 -66358 -10416 -4349 -8024 -2298 -971 -440 -221 -215 -54 -259 -2 114 -15 -11 1 -1 0 2 -2 -1 0 1 0 -1 0 -1 0 0 0 0 0 0 0 0 0 0 0 0 0 0 0 0 0 0 0 0 1583838187
-15880661 -13640368 18170687 8061853 1262470 -6334968 1367598 4495745 110810 -112255 -37325 -29122 -5183 -17006 -10405 -3425 -5169 -5172 129059 4212 93 -3 -1238 32 0 -111 -10 -212 43 4 0 0 -9 0 -1 6 209 0 25 -5 -1 0 0 -1 0 0 1 0 0 0 0 0 0 0 0 0 0 0 0 0 1583838187
-16089617 -15507671 21965826 5153233 -4115050 -7533980 -457604 -139810 120123 -122417 -41218 -28989 -4552 -49607 -10690 -3620 -6648 -3012 -1004 -771 -223 -126 -424 -176 -3 -25 -14 -4 4 -1 0 1 -4 0 2 2 0 0 -2 0 0 0 -1 0 1 0 1 0 0 0 0 -1 0 0 0 0 0 0 0 0 1583838187
-16091012 -15495315 21918770 5592067 8060199 -7327490 4716594 -130773 120138 -107665 -33292 -29685 -6757 -30838 -10217 -3325 -5693 -3195 -1113 -704 -214 -101 893 -419 -1 -30 -7 -4 1 0 0 1 -1 0 3 -4 0 0 -5 1 0 0 3 0 0 0 0 0 0 0 0 -1 0 0 0 -1 0 0 0 0 1583838187
-16089562 -15493385 21923268 5436960 3659459 -7393012 2816865 -134108 124113 -113097 -36210 -12601 -5914 -36110 -10204 -4041 -3008 -1578 -1080 -330 -199 -204 1544 -392 -2 -46 -8 -2 4 0 0 1 -2 0 0 -2 0 -1 4 1 1 0 2 0 0 0 0 0 0 1 0 0 0 0 1 0 0 0 0 0 1583838187
-16089716 -15511083 21979548 5018877 -7870729 -7597873 -1824132 -141722 120625 -126336 -43335 -30217 -3993 -65242 -10903 -3683 -1532 -3229 -238 -696 -192 -153 -345 -241 -4 -26 -13 -6 1 0 0 1 -1 0 2 0 0 0 0 3 0 0 0 0 0 0 1 1 -1 0 0 0 0 0 0 -1 0 0 0 0 1583838187
968582858 696414119 -1501927459 -947280419 2268366 1040879780 -1610968 304613 -8463993 283625 93227 -1968530 8022 -7171 416610 -211835 4565 -79742 2282 -30632 299 -42105 -1512 393 48 -2089 46 65 17 -35 0 32 -10 -72 -4 7 0 0 -2 2 0 -18 0 0 -1 8 -4 2 3 -3 0 0 -2 -4 0 0 0 0 0 0 1583838187
-14198512 -13906264 18569753 3327448 -7821972 -5835184 -1827488 -141866 -3322 -125559 -43108 23807 -3866 -64739 -13467 -1904 -851 169 -817 -4414 -188 -113 -304 -174 -10 448 -22 -20 1 -1 0 4 -4 -5 1 2 0 0 0 -1 0 -1 0 0 1 0 -2 -1 0 -1 0 0 0 0 0 0 0 0 0 0 1583838187
-15956749 -15398589 21740506 4909153 -7494332 -7457331 -1882602 -142263 118499 -126442 -43394 -26471 -3910 -54036 -10787 -3759 54847 -4240 -1425 -1346 77 -289 -2590 -216 -18 27 -3 -5 2 0 0 1 -10 0 10 2 0 0 2 0 0 0 4 2 -4 0 1 -2 1 0 0 0 -1 0 0 0 0 0 0 0 1583838187
-14375831 -13847609 18498881 3403540 -6031684 -5641150 -1991983 -141685 298752 -126406 -43433 178747 -3444 -19646 13848 -20367 2285 52134 -825 18289 -49 -3423 -804 1072 -3 -193 -42 -25 -33 2 0 1 -13 -2 4 1 0 -2 1 1 -10 -2 2 -1 0 -2 2 0 -2 2 2 -3 0 0 0 1 0 0 0 0 1583838187
-15853458 -15310859 21555203 4800723 -7599749 -7356104 -1846982 -142154 119951 -126296 -43325 -26155 -3957 -58306 -11589 -3403 -3424 -3150 -1003 -712 -206 -164 -149 -299 -4 -20 -13 -6 1 0 0 1 -3 0 0 0 0 -1 1 -1 0 0 0 0 0 0 0 0 0 0 0 0 0 0 0 0 0 0 0 0 1583838187
42205050 23761591 -62488176 -50834088 -5196435 57885480 -2012380 -117903 262508 -104524 -36433 1128830 -884 -14016 -25146 -29592 36411 -15220 -1289 1287 7 44789 -1623 893 1 112 -28 -23 -16 -3 0 -6 -24 -3 -11 8 0 3 1 3 -1 -5 0 3 0 6 2 0 -3 -1 0 0 0 2 8 -5 0 0 -1 1 1583838187
-15882004 -15327683 21579439 5095615 -68065 -7250382 -2533503 -142708 120821 -127882 -43946 -20138 -3216 137401 -11476 -3307 -5913 -2548 -994 -519 -317 -137 -28 -259 -3 11 -14 -7 1 0 0 1 -5 0 0 2 0 0 0 -1 0 0 0 1 -2 0 0 0 0 0 0 0 0 0 0 0 0 0 0 0 1583838187
-16082020 -15502459 21957622 5096745 -5453918 -7546969 -2041494 -142402 120986 -126830 -43527 -27675 -3757 -2474 -10826 -3689 -7589 -2721 -976 -529 -254 -146 65 -262 -3 -20 -13 -6 1 0 0 1 -2 0 0 1 0 0 0 -1 0 0 0 0 0 0 0 0 0 0 0 0 0 0 0 0 0 0 0 0 1583838187
80368183 64603454 -148032409 -88104161 10121281 86016533 -3378173 -97911 -2087439 -86392 -29631 -2626784 -5273 394539 167164 9672 4764 7322 -843 1792 -336 -5784 -59 -116 -33 -140 2 33 50 -8 0 6 -14 -16 -2 8 0 0 -3 -5 4 -6 -2 1 -3 -2 0 0 0 -1 0 1 0 0 0 0 0 0 0 0 1583838187
3502275 1010098 -13031853 -13686314 -3291168 11858170 -69912 -130797 -102151 -113301 -38012 43679 -4302 -53520 5697 27871 6648 -6791 -1786 16548 -120 83943 273 80 0 -1340 6 22 -4 -11 0 -4 -5 -5 0 6 0 10 -1 -1 -4 0 -6 0 1 5 -1 0 1 0 1 -1 0 1 0 0 0 0 0 0 1583838187
-16070444 -15488053 21919810 5231323 -1442029 -7468873 510983 -138084 120063 -119632 -39710 -29840 -4940 -36157 -10677 -3499 -564 -3240 -1073 -750 -197 -136 -531 35 -5 -21 -18 -6 1 0 0 1 -4 0 1 2 0 -1 2 0 0 0 -4 1 2 0 0 0 0 1 1 -2 0 0 0 0 0 0 0 0 1583838187
-16073109 -15494682 21945049 5007972 -7892757 -7579223 -1819248 -142246 120473 -126324 -43329 -28103 -3994 -65920 -10904 -3803 -4588 -3175 -996 -696 -208 -146 -204 -349 -3 -7 -11 -6 1 0 0 1 0 0 4 0 0 0 1 3 0 0 0 -1 -1 0 0 0 0 -1 -2 0 2 0 1 2 0 0 0 0 1583838187
-15445004 -14970014 20832613 4406886 -7867794 -6954005 -1821071 -141991 112347 -126075 -43250 -19985 -3969 -65494 -12746 -2963 -6707 -3129 -977 -701 -219 -179 -26 -319 -3 122 -12 -10 2 -1 0 2 0 -1 2 -1 0 -1 0 0 0 0 0 0 0 0 0 0 0 0 0 0 0 0 0 0 0 0 0 0 1583838187
-14818982 -14412106 19644776 4055553 -1593404 -6195065 -2405173 -142313 117280 -127232 -43733 19177 -3267 97091 -14057 577 19754 -3820 -1253 855 -168 8855 -1410 414 -12 -5 -27 -9 0 -3 0 0 -18 -2 -7 14 0 1 -5 -9 -2 0 -5 0 -4 0 0 1 -1 2 -2 -3 0 0 -3 2 0 0 0 0 1583838187
9818950 6575523 -24751938 -19867411 -2717764 18736596 -2272946 -131467 255460 -117578 -40684 675179 -1903 57458 -98298 19271 -2270 -9249 -878 -3952 -255 -1427 -365 -181 5 -270 -15 0 -6 9 0 -9 -7 15 0 1 0 0 -5 -4 -1 -2 -2 0 -2 -1 0 -1 -1 0 0 0 0 -1 0 0 0 0 0 0 1583838187
-16081572 -15504260 21965081 5011648 -7872492 -7589113 -1807725 -142211 120639 -126291 -43312 -28987 -3997 -65913 -10981 -3677 3859 -3324 -1057 -788 -167 -166 -691 -463 -5 -16 -4 -6 2 0 0 1 0 0 9 -1 0 0 2 8 2 0 -2 -3 -3 0 -1 0 0 -1 -3 0 2 0 0 0 0 0 0 0 1583838187
-14532701 -14170930 19142187 3622376 -7874704 -5995904 -1820303 -141971 104410 -125848 -43209 82153 -3786 -66438 12375 -15687 -7259 -6032 -1077 1590 -217 46 -39 -304 -6 641 -21 -30 0 -9 0 2 -1 -7 1 0 0 4 0 0 1 -2 2 0 0 0 0 0 0 0 0 0 1 0 -1 0 0 0 0 0 1583838187
-16067897 -15493200 21941600 4997489 -7866855 -7576074 -1822938 -142224 120452 -126324 -43330 -29591 -3993 -65219 -10963 -3671 -3359 -3144 -1005 -694 -202 -153 -248 -264 -4 -22 -16 -6 1 0 0 1 -4 0 1 2 0 0 0 1 0 0 0 0 -1 0 1 0 0 0 0 0 0 0 0 0 0 0 0 0 1583838187
167895258 103623335 -235097992 -172392881 -5975697 199643830 -1749422 -60234 -239505 -52475 -19044 1215993 1016 -61066 -242510 107612 -7601 -1811 -338 103 -95 17816 -178 -169 48 345 -18 -31 -19 -7 0 8 0 -15 0 0 0 -1 0 -3 7 -2 0 0 0 4 0 0 0 0 0 0 0 1 0 0 0 0 0 0 1583838187
-16081700 -15497414 21945737 5132010 -4545699 -7525266 -587037 -140052 124836 -122806 -41436 -20397 -4491 -55739 -11314 -3708 5055 -3350 -1092 -810 -160 -159 -975 1429 -14 -16 -54 -7 1 0 0 0 -20 0 6 -3 0 -1 3 1 0 0 -1 0 0 0 0 0 0 -1 0 0 -2 0 0 1 0 0 0 1 1583838187
-15802845 -15227518 21381202 4849288 -4512666 -7224590 -248333 -139359 151663 -121790 -40916 -12475 -4647 -66907 -9099 -4789 -3583 1575 -1020 1111 -186 -444 -425 -170 -2 -22 -16 -9 -3 0 0 1 -4 0 0 3 0 -1 1 -2 -1 0 -3 2 -1 0 0 0 0 0 0 0 0 0 0 0 0 0 0 0 1583838187
-15949280 -15389986 21721948 4919342 -6876502 -7436409 -1919227 -142260 121940 -126509 -43409 -23535 -3874 -38919 -11493 -3506 8901 -3340 -1079 -860 -155 -194 3991 -482 -4 -25 -4 -6 1 0 0 1 0 0 7 -3 0 0 0 -1 0 0 -1 1 0 0 -1 0 0 0 0 0 0 0 0 0 0 0 0 0 1583838187
1543567 -831491 -9196770 -11410804 11067366 9812950 5444128 -121224 -273608 -97666 -29414 -465995 -7504 -5001 90269 -49868 -3498 -3806 -1115 -240 -201 -766 -2030 130 -11 93 -23 9 19 7 0 -10 -12 10 5 7 2 1 -16 2 0 9 -3 3 1 10 0 1 -1 -2 0 -1 -1 3 -1 1 0 1 0 1 1583838187
-5367527 -6566875 2990407 -5013387 2144245 2991314 2063507 -130465 -102845 -110479 -35715 -267860 -5861 -33653 52626 -34728 -4654 -3804 -1055 -327 -206 -510 -1006 -93 -7 72 -16 -6 6 -1 0 2 -7 -2 0 5 1 0 -8 -2 -1 2 -4 0 0 3 1 0 1 0 0 0 0 0 0 0 0 0 0 0 1583838187
-15995512 -15426117 21800495 4938290 -7873848 -7491638 -1821006 -142236 124173 -126314 -43330 -14113 -3968 -65582 -11979 -3759 -6444 -3098 -979 -709 -217 -147 -95 -263 -3 42 -15 -8 1 0 0 1 -3 0 1 1 0 0 0 0 0 0 0 0 0 0 0 0 0 0 0 0 0 0 0 0 0 0 0 0 1583838187
93973702 77262293 -174535683 -101519402 -5300398 101754923 -1962497 -93314 -670760 -81602 -28629 358336 -1447 -27856 -245135 135677 -7642 -8364 -521 -6596 -201 -6739 -196 149 5 -364 -20 -1 -7 2 0 -1 -4 1 2 -1 0 -1 1 -2 1 -8 0 0 0 -4 1 0 0 0 0 0 0 -2 0 0 0 0 -1 0 1583838187
-15947637 -15385921 21709283 4999426 -4912845 -7413288 -2090823 -142429 110584 -126893 -43561 -14786 -3681 11016 -11684 -3570 -7461 -2712 -963 -904 -260 -126 -101 298 -6 -11 -28 -7 1 0 0 1 -6 0 4 -2 0 0 0 -2 0 0 0 0 -1 0 0 0 0 0 0 0 0 0 0 0 0 0 0 0 1583838187
-15639968 -15111078 21136230 4606182 -7886421 -7111589 -1815959 -142131 135553 -126205 -43300 17540 -3911 -66318 -14446 -3679 -6576 -2945 -975 -629 -217 -183 -92 -319 -3 51 -13 -9 0 0 0 2 -1 0 3 0 0 0 0 1 0 0 0 0 0 0 0 0 0 0 0 0 0 0 0 0 0 0 0 0 1583838187
-15875004 -15329058 21588734 4912800 -5120449 -7338536 -608277 -140036 116855 -122787 -41448 -28869 -4509 -62784 -11220 -3369 -2120 -3095 -1022 -671 -193 -180 4865 -337 -2 5 -11 -7 1 0 0 1 -7 0 5 0 0 0 0 1 0 0 0 1 0 0 0 0 0 0 0 0 0 0 0 0 0 0 0 0 1583838187
-15851456 -15301591 21532168 4898707 -5442566 -7307080 -1286147 -141198 118416 -124687 -42438 -14195 -4140 -38933 -11864 -3637 -9020 -2813 -970 -677 -242 -146 -118 -314 -3 124 -16 -9 4 -1 0 2 0 -1 3 -1 0 0 -1 0 0 0 0 0 0 0 1 0 0 0 0 0 0 0 0 0 0 0 0 0 1583838187
-15516769 -15019344 20931624 4624275 -3852902 -6947525 -426840 -139553 118155 -122114 -41096 -11380 -4512 -44383 -11889 -3746 -5519 -3018 -1000 -638 -218 -186 5087 -303 -2 86 -11 -10 1 0 0 1 -4 -1 5 0 0 0 -2 0 0 0 0 0 0 0 0 0 1 0 0 0 0 0 0 0 0 0 0 0 1583838187
-9382472 -9934301 10148671 -1498739 -7786697 -1093024 -1827930 -139080 -22407 -123345 -42302 -193358 -4161 -63692 -12721 6117 2938 -1896 -1034 -428 -167 -652 -655 -93 -8 -55 -17 -3 3 0 0 1 -5 1 0 1 0 0 0 7 1 0 -7 -3 1 -1 0 0 0 0 0 0 0 0 -1 -1 0 -1 0 0 1583838187
10517926 7130488 -25946936 -20530004 -6095775 19074050 -1963655 -131257 41685 -116306 -40179 444339 -2648 -28446 43615 47843 -4637 -19946 -2592 38492 -160 68710 44 -281 6 -1203 7 -48 -47 -91 0 -42 0 0 -2 3 -1 68 7 -2 -3 -3 0 0 -1 4 1 0 0 0 0 0 0 0 0 0 0 0 0 0 1583838187
-16061617 -15467286 21890459 5002799 -7311961 -7538426 -1876022 -142249 140962 -126478 -43394 -12291 -3905 -50901 -11879 -3858 2665 -3168 -1048 -730 -180 -170 -550 -131 -5 -21 -17 -6 1 0 0 1 -8 0 -1 7 0 0 -1 -1 0 0 -1 0 0 0 0 0 0 2 0 -2 0 0 0 0 0 0 0 0 1583838187
-14622889 -14214005 19219663 4137964 6114451 -5816908 -3098995 -142788 148590 -128804 -44354 66575 -2445 296970 -17614 -2858 697 -799 -1034 17 -360 -305 -488 -109 -4 64 -20 -11 -1 0 0 1 -13 -1 1 3 0 -1 -1 -3 -1 -1 -2 2 -4 0 -1 1 -1 -1 0 0 0 0 0 0 0 0 0 0 1583838187
-15542245 -15043482 20980670 4590758 -7888535 -7150462 -1819969 -142333 29091 -126084 -43273 8189 -3922 -66198 -12716 -3879 -4180 -1628 -964 -816 -202 -225 -234 -186 -8 24 -16 -9 0 0 0 1 -3 0 1 0 0 0 0 3 0 0 -4 -2 1 0 0 0 0 0 -1 0 0 0 0 0 0 -1 0 0 1583838187
-11964600 -12083292 14707167 1010396 -7839540 -3600890 -1820530 -140288 30092 -124475 -42688 -134099 -4110 -64951 -12615 2862 -7381 -2507 -966 -563 -220 -426 -26 -306 -4 -30 -11 -2 4 1 0 0 0 8 3 0 0 0 0 0 0 -1 0 0 0 0 1 -1 0 0 0 0 0 0 0 0 0 0 0 0 1583838187
-15477282 -14981244 20859761 4440679 -7848908 -6964907 -1824396 -142028 127618 -126132 -43274 -534 -3932 -64991 -12732 -3732 -2653 -1985 -1002 -278 -196 -262 -273 -360 -3 5 -7 -8 0 0 0 1 -4 0 2 1 0 0 0 0 0 0 3 1 0 0 2 -1 1 0 0 1 0 0 0 0 0 0 0 0 1583838187
-15428041 -14950351 20790924 4414418 -7281530 -6921547 -1881242 -142050 115349 -126222 -43313 -15300 -3897 -50833 -12984 -2952 7026 -3299 -1078 -829 -156 -214 -885 1179 -14 79 -48 -10 1 0 0 1 -16 -1 4 4 0 -1 1 0 0 0 5 0 0 0 -4 0 0 -4 5 1 0 0 0 2 0 0 0 0 1583838187
-7850623 -8535760 7205282 -2819959 -3820303 715791 -2196870 -138903 99689 -123921 -42621 73899 -3283 37956 -23545 -210 22847 -4314 -1162 -1425 -122 -642 -1371 -114 -9 -83 -13 0 2 5 0 -5 -16 12 -9 12 0 -1 0 -5 -1 0 -4 1 -2 -1 0 3 1 3 0 -1 0 -1 3 -2 0 0 0 0 1583838187
45653268 36555419 -88301785 -54771780 -5852990 53814162 -1952937 -114709 -271626 -101426 -35173 260292 -2387 -29740 -135740 65921 -6835 -8067 -730 -4500 -218 -3703 -75 -302 4 -478 -7 11 4 2 0 -2 -1 13 0 -1 0 -1 1 0 -1 -1 0 0 0 -4 0 -1 -1 0 0 0 0 -2 0 0 0 0 0 0 1583838187
21475701 16085379 -44975431 -31147607 -154948 29698567 -2494854 -125780 -229582 -112246 -38748 -65807 -2748 125900 -72555 40346 -2490 -4473 -881 -2377 -282 -2354 -340 -435 -1 -258 -2 14 11 9 0 -11 -3 17 -1 -6 0 -1 0 0 0 -4 1 0 -1 -3 0 -1 -1 0 0 0 0 0 0 0 0 0 0 0 1583838187
100006628 82187070 -185009613 -107317861 -5056134 107421989 -1978982 -90577 -942837 -78686 -27578 9946 -1936 -20773 -188677 119659 -6479 2006 -543 -1436 -168 -3141 -235 -262 1 122 -13 11 10 22 0 -24 -1 24 1 -1 0 -3 1 0 -1 -10 1 0 0 -1 0 -1 -1 0 0 0 0 -2 0 0 0 0 2 0 1583838187
-15759036 -15229836 21383995 4710099 -7890301 -7261770 -1818612 -142130 118605 -126205 -43293 -18081 -3973 -66046 -11004 -3901 -6598 -1638 -968 -304 -214 -236 -94 -319 -3 63 -13 -10 0 0 0 2 -1 -1 3 0 0 0 0 1 0 0 0 0 0 0 0 0 0 0 -1 0 0 0 0 0 0 0 0 0 1583838187
-16001489 -15424665 21799206 4940965 -7834854 -7483375 -1827214 -142238 134581 -126352 -43350 1939 -3933 -64558 -12044 -4298 -1230 -1856 -1015 -212 -188 -244 -396 -180 -4 -26 -17 -7 0 0 0 1 -5 0 0 6 0 0 -1 0 0 0 0 0 2 0 -2 -2 1 -1 0 0 -1 0 0 0 0 0 0 0 1583838187
-16065299 -15484940 21923296 5032493 -6865696 -7548763 -962372 -140803 125612 -123925 -42066 -21130 -4395 -84171 -11010 -3920 -5958 -2533 -998 -443 -202 -182 -304 -276 -3 -24 -13 -6 1 0 0 1 0 0 3 1 0 0 0 2 0 0 -2 0 0 0 0 0 0 0 0 0 0 0 0 0 0 0 0 0 1583838187
53794368 43589512 -103167768 -62505968 -5560427 62217443 -1151526 -110485 -169365 -96444 -33211 645591 -2025 -65356 -154041 58395 -7190 -10199 -683 -5372 -193 -4051 -278 123 5 -49 -24 -8 -6 5 0 -4 -2 10 2 0 0 -1 1 1 0 -1 0 2 1 0 1 1 -3 0 0 -2 -2 -3 -1 1 0 0 0 0 1583838187
-15982397 -15376955 21635435 6214688 28303566 -6859167 10961901 -119427 126087 -89636 -23552 -11153 -9231 69609 -10644 -2928 2754 -3248 -1315 -805 -207 -58 -4058 276 -6 -1 -30 -6 1 0 0 1 -21 0 5 22 2 1 -15 3 0 0 -2 -1 15 -2 -16 0 0 9 -3 12 -3 0 0 3 0 5 6 12 1583838187
-16075326 -15473951 21865807 5755800 12995419 -7219403 6660173 -127355 124212 -102122 -30320 -18685 -7565 -23301 -10629 -3321 4419 -3404 -1230 -836 -163 -104 -2180 -35 -5 -7 -19 -6 1 0 0 1 -9 0 -1 15 0 0 -7 -3 0 0 -15 0 8 0 -6 0 0 6 -1 1 0 0 0 1 0 0 0 -1 1583838187
-16003724 -15430486 21810761 4940355 -7890626 -7492844 -1821308 -142227 130492 -126329 -43339 -4788 -3949 -65867 -11770 -4313 872 -2884 -1032 -608 -180 -187 -518 -422 -4 17 -8 -7 1 0 0 1 4 -1 8 0 0 0 2 8 1 0 -1 -5 -3 0 -1 2 0 -2 -6 0 5 0 4 5 0 0 0 0 1583838187
-16042482 -15464724 21882722 4979410 -7886102 -7536663 -1820024 -142244 127091 -126333 -43337 -10611 -3964 -65936 -11353 -4037 -7144 -2160 -958 -712 -219 -172 -61 -227 -3 -14 -14 -3 5 0 0 1 -1 0 1 0 0 0 0 0 4 0 -2 0 0 0 0 0 0 0 0 0 0 0 0 0 0 0 0 0 1583838187
-15944008 -15384195 21711843 4877848 -7872759 -7443490 -1821110 -142174 125601 -126284 -43319 -17640 -3973 -65567 -11658 -3746 -6402 -2694 -980 -513 -216 -178 -102 -235 -3 -29 -12 -6 1 0 0 1 -3 0 1 1 0 0 0 0 0 0 0 0 0 0 0 0 0 0 0 0 0 0 0 0 0 0 0 0 1583838187
-15724296 -15200850 21322027 4687523 -7576629 -7221880 -1867959 -142169 118051 -126320 -43351 -16950 -3911 -56985 -11088 -3723 35988 -2214 -1278 -691 -8 -347 -2236 219 -16 70 -20 -4 6 0 0 0 -16 -1 -4 22 0 0 -4 -2 0 0 -1 -2 5 -1 -12 -4 6 -7 0 -3 -4 0 1 1 0 0 0 -1 1583838187
-15873134 -15327642 21591129 4810892 -7831523 -7380133 -1841517 -142167 120132 -126306 -43338 -27000 -3951 -63226 -11427 -3339 47417 -4127 -1373 -1275 45 -278 -3092 -489 -15 -20 6 -4 2 0 0 0 -36 0 8 11 0 0 0 15 3 0 3 1 -7 0 -5 1 -1 1 -1 0 1 0 0 -5 0 0 0 0 1583838187
-15918249 -15364458 21669125 4863037 -7727635 -7417687 -1834258 -142190 121708 -126305 -43330 -18356 -3964 -61788 2097 -9274 -6737 18942 -928 7721 -162 -1471 -126 -228 -2 -175 -12 -16 -19 1 0 1 -2 0 0 0 0 -1 0 0 -5 -1 0 0 0 3 0 0 0 0 0 0 0 -1 0 0 0 0 1 0 1583838187
-15726505 -15185747 21291198 4749069 -5805780 -7161606 -1656730 -141716 139976 -125708 -42987 20701 -3889 -28709 -12056 -4676 5258 533 -1061 653 -167 -417 -630 -19 -6 -15 -15 -9 -2 0 0 1 -10 0 -2 5 0 -1 0 0 -1 0 -3 2 -2 0 0 0 0 -1 0 1 0 0 0 0 0 0 0 0 1583838187
-15638437 -15148343 21193856 4711316 -7692176 -7327288 -1838847 -142429 -29564 -126077 -43269 -27193 -3964 -60751 -10505 -3272 -3966 -2012 -937 -1821 -207 -130 -186 -276 -9 30 -14 -8 1 -1 0 1 -4 0 0 3 0 0 -1 0 0 0 0 0 0 0 2 -1 1 0 0 0 0 0 0 0 0 0 0 0 1583838187
-11277840 -11491559 13448351 489814 -4057254 -2852032 -272320 -137303 25729 -119790 -40227 -124142 -4731 -56598 -12566 6543 5638 -3185 -1162 920 -154 8722 -853 186 -8 -126 -22 -4 1 -3 0 0 -10 0 -2 1 0 0 2 1 0 -1 -1 4 0 0 -1 2 -1 -2 0 0 -1 0 -1 0 0 0 0 0 1583838187
-13868021 -13387914 17524874 3065152 -3023601 -5022301 -68787 -138397 320277 -120888 -40537 242401 -4200 -44882 -27221 -4881 13630 1606 -1085 336 -106 -602 4246 -12 -2 466 -20 -20 1 -2 0 3 -8 -6 1 2 0 -1 0 0 6 -2 -3 3 1 1 0 1 -1 0 0 0 0 0 0 0 0 0 0 0 1583838187
-16066917 -15489132 21933785 4996963 -7893165 -7568538 -1818557 -142228 124466 -126324 -43331 -20607 -3982 -66045 -10907 -3944 -6961 -2445 -966 -683 -219 -163 -70 -315 -2 -22 -12 -5 3 0 0 1 -1 0 3 0 0 0 0 1 2 0 0 0 0 0 0 0 0 0 -1 0 0 0 0 1 0 0 0 0 1583838187
-16085654 -15505153 21965933 5039483 -7376955 -7587621 -1387637 -141536 117450 -125118 -42696 -21231 -4191 -75191 -10870 -3816 -6524 -2680 -966 -1063 -212 -128 -182 -276 -3 -25 -14 -6 1 0 0 1 -3 0 1 1 0 0 0 1 0 0 0 0 -1 0 0 0 0 0 0 0 0 0 0 0 0 0 0 0 1583838187
-15697230 -15171829 21257901 4734567 -5563655 -7155256 -922946 -140529 121607 -123625 -41905 -12158 -4334 -58082 -12442 -3427 -8866 -2970 -980 -621 -230 -160 -148 -271 -2 70 -15 -8 2 0 0 0 -2 -2 0 1 0 -1 0 -1 0 0 0 0 0 0 0 2 3 0 0 0 0 0 0 0 0 0 0 0 1583838187
-16043019 -15460665 21866007 5148163 -3192050 -7458190 -61991 -139132 126239 -121295 -40618 -11052 -4688 -47755 -11394 -3741 -7997 -2713 -982 -1125 -229 -106 -417 -202 -3 -8 -15 -3 5 0 0 1 -5 0 0 2 0 0 -4 -3 3 0 0 0 0 0 0 0 0 0 0 0 0 0 0 0 0 0 0 0 1583838187
-12958024 -12809187 16269748 1992245 -7803528 -4402874 -1827790 -140913 158708 -125202 -42981 60750 -3784 -64708 -21786 -831 -923 -3042 -1002 -781 -188 -367 -331 -381 -2 62 -9 -10 0 -1 0 2 -3 -1 1 2 0 0 0 0 0 0 5 0 -1 0 3 -1 0 0 0 0 0 0 0 0 0 0 0 0 1583838187
-16085649 -15504787 21965757 5039795 -7169888 -7575498 -1890102 -142292 124242 -126498 -43401 -22118 -3906 -46752 -11224 -3729 5042 -3232 -1058 -917 -171 -162 123 -430 -5 -24 -8 -6 1 0 0 1 -3 0 -5 -7 0 -1 4 0 0 0 1 0 -1 0 0 0 0 0 0 0 0 0 0 0 0 0 0 0 1583838187
-15521817 -14982908 20870035 4516564 -7883444 -6950063 -1820322 -142200 156876 -126254 -43334 73522 -3812 -66412 -15873 -4905 -7472 41 -947 220 -213 -350 -24 -304 -2 69 -13 -10 0 0 0 2 0 -1 2 0 0 0 0 0 1 0 0 0 0 0 1 0 0 0 0 0 0 0 0 0 0 0 0 0 1583838187
-16056345 -15479392 21913279 4987850 -7854244 -7556382 -1824286 -142229 125249 -126336 -43337 -20225 -3975 -64884 -11504 -3773 -2664 -3138 -1009 -693 -199 -157 -268 -362 -3 -24 -7 -6 1 0 0 1 -4 0 2 1 0 0 0 0 0 0 3 1 0 0 2 -1 1 0 0 1 0 0 0 0 0 0 0 0 1583838187
95011198 79121323 -178255151 -102044094 -6162442 104694040 -1897228 -95758 410752 -84337 -30159 2612644 2312 -63707 -94775 -83308 4861 -12977 -464 -4725 -68 -5884 -840 1216 13 1144 -69 -77 -51 2 0 1 -14 0 4 4 0 -2 1 0 -5 8 4 0 0 -4 -3 5 5 -4 5 1 0 5 0 2 0 0 0 0 1583838187
-16063568 -15486338 21927831 4994279 -7878049 -7565096 -1822330 -142231 124366 -126333 -43335 -21322 -3980 -65505 -11329 -3814 -4144 -2952 -998 -616 -206 -163 -209 -339 -3 -21 -9 -6 1 0 0 1 -2 0 1 1 0 0 0 0 0 0 3 0 0 0 0 0 0 1 0 0 0 0 2 -2 0 0 0 0 1583838187
-16037826 -15463433 21877488 5008650 -6822684 -7521100 -1463354 -141582 123826 -125292 -42773 -20617 -4117 -59389 -11288 -3779 2777 -2947 -1048 -635 -173 -193 2157 -421 -4 -19 -7 -6 1 0 0 1 1 0 6 -1 0 0 0 0 0 0 -1 0 0 0 -1 0 0 0 0 0 0 0 0 0 0 0 0 0 1583838187
-15157153 -14630112 20126136 4228410 -6010439 -6568404 -925973 -140476 165367 -123552 -41895 7293 -4310 -67540 -14559 -2930 -7090 -2820 -976 -599 -215 -222 3844 -276 0 156 -14 -12 1 -1 0 2 -2 -2 3 0 0 0 0 0 0 0 0 0 0 0 0 0 0 0 0 0 0 0 0 0 0 0 0 0 1583838187
-16085265 -15502447 21957460 5106027 -5444167 -7550366 -1286076 -141231 119939 -124760 -42461 -20437 -4154 -38737 -10931 -3806 -8372 -2574 -967 -806 -238 -133 -150 -324 -2 -23 -12 -2 7 -1 0 1 -1 0 3 -1 0 0 -1 0 0 0 0 0 0 0 1 0 0 0 0 0 0 0 0 0 0 0 0 0 1583838187
3571414 1254900 -13499603 -13719279 -4688415 12411268 -1017928 -132932 181414 -116711 -39805 579192 -2939 -42578 -58439 -468 -7003 5514 -839 1723 -189 -1825 -318 -329 0 831 -27 -41 -15 3 0 -1 0 1 4 -2 0 -1 -4 1 -1 -6 1 0 0 0 1 0 2 0 0 0 0 0 0 0 0 0 0 0 1583838187
-16085588 -15502228 21957583 5107268 -5255604 -7540965 -2060923 -142423 124981 -126887 -43552 -20479 -3724 2518 -10554 -4034 -3552 -1739 -1003 -170 -234 -218 -212 -131 -4 -35 -17 -7 0 0 0 1 -6 0 0 1 0 -1 1 -2 0 0 -1 1 -1 0 0 0 0 0 0 0 0 0 0 0 0 0 0 0 1583838187
-13223149 -13102120 16872925 2286706 -6449346 -4742344 -1948327 -141027 91061 -125418 -43044 -38329 -3830 -29219 -15834 168 -6644 -3036 -972 -740 -236 -316 -88 -116 -3 -42 -17 -6 1 0 0 1 -4 0 1 0 0 -1 1 -1 0 0 0 1 -1 0 0 0 0 0 0 0 0 0 0 0 0 0 0 0 1583838187
-15336269 -14835937 20558226 4296133 -7864003 -6788336 -1824604 -141964 156360 -126132 -43284 35700 -3867 -65594 -15726 -3596 310 -2492 -1022 -498 -181 -254 -483 -271 -4 55 -13 -10 0 0 0 1 -3 0 0 -1 0 0 0 4 0 0 -3 -1 4 0 -2 0 0 -2 0 -1 -1 0 0 0 0 -1 0 0 1583838187
-13953727 -13710864 18165596 2949820 -7817422 -5492338 -1828267 -141274 97819 -125449 -43036 -49349 -3987 -64346 -12142 -1582 1772 -2205 -1026 -583 -174 -337 -575 -107 -6 164 -19 -10 2 0 0 0 -6 1 -1 8 0 0 -1 2 0 -1 -2 -3 -1 0 -1 0 2 0 0 0 0 0 0 0 0 0 0 0 1583838187
-9169928 -9703275 9670073 -1656310 -7379337 -764897 -1862903 -139197 34723 -123530 -42408 -58077 -3896 -54252 22241 -24516 -902 -519 -995 664 -181 -613 -406 -194 -6 34 -13 -8 1 -1 0 2 -6 -2 0 5 0 0 -1 0 -1 4 0 0 0 2 0 0 0 1 0 0 1 1 0 0 0 0 0 0 1583838187
-15091219 -14620385 20103013 4097838 -7739582 -6500212 -1832889 -142005 165640 -126129 -43301 98054 -3750 -63060 -17146 -5577 -6822 -927 -961 132 -213 -338 -81 -205 -2 75 -17 -8 3 -1 0 2 -3 -1 1 1 0 -1 0 0 -1 -1 0 0 0 0 0 0 0 0 0 0 0 0 1 -1 0 0 0 0 1583838187
-15583536 -14997441 20862554 5450809 16784331 -6551341 8183523 -124654 183621 -97759 -27993 117991 -7944 -5868 -17715 -4806 -3304 -825 -1189 138 -197 -260 -2346 246 -3 29 -30 -11 -3 0 0 1 -11 0 4 9 1 0 -13 -3 -1 -1 -11 3 1 0 3 -1 0 -2 0 1 0 0 0 0 0 0 0 0 1583838187
-14546697 -14139040 19032578 4565374 17953723 -5580387 8241607 -124237 104878 -97044 -27654 10449 -8079 18280 -14937 -1475 5266 -2869 -1259 -715 -173 -215 -1811 -52 -6 199 -18 -13 0 -1 0 2 -6 -3 -3 18 0 0 -3 -7 -1 -1 -13 2 1 0 2 -1 0 0 0 0 0 0 0 0 0 0 0 0 1583838187
30612148 23854133 -61402000 -40243597 -7380630 38799036 -1827641 -121323 -199523 -107237 -37064 150579 -2959 -65030 5063 -23781 -3099 -1338 -814 5 -159 -2864 -347 -181 0 -380 -8 -5 -11 0 0 2 -5 -4 0 3 0 0 0 3 -3 12 -2 -1 -1 -8 1 1 1 0 0 0 0 0 0 0 0 0 0 0 1583838187
-9764664 -10252845 10824075 -1137554 -7800611 -1481294 -1824618 -139212 -19318 -123478 -42339 -211138 -4203 -63926 -1285 -528 -1813 -147 -999 395 -186 -689 -382 -205 -6 -60 -12 -5 2 0 0 1 -3 0 -1 6 0 0 -1 1 0 3 -1 -2 -1 -2 0 0 0 0 0 0 0 0 0 0 0 0 -1 0 1583838187
81296405 66573475 -151892006 -89513007 -6730532 88907427 -1852585 -98046 -615875 -86295 -30211 16001 -2535 -58380 1342525 -943851 13542 -57660 -956 -2998 -31 1737 -822 -119 -21 -563 17 41 29 8 0 -13 -9 11 -3 18 0 0 -3 0 7 -44 3 -4 0 -13 -1 -8 -8 -1 -1 -1 -2 0 0 0 0 0 0 0 1583838187
-4290605 -5670151 1109500 -6452707 -7659015 3885368 -1838280 -136686 -98388 -121151 -41553 -281302 -4219 -60958 -16872 13508 10066 -1779 -1072 -581 -132 -993 -914 10 -10 -73 -14 -2 4 -1 0 2 -5 -2 3 3 0 0 0 2 0 0 5 0 -3 -1 3 0 0 0 0 0 0 0 0 0 0 0 0 0 1583838187
-16088639 -15507266 21970904 5045835 -7083726 -7576660 -1971970 -142414 124286 -126744 -43538 -21539 -3795 -41047 -11073 -3519 149946 -6013 -2116 -2380 540 -501 -6862 975 -47 -16 -14 0 2 0 -2 0 -14 -1 25 12 -1 0 4 9 1 0 16 0 -16 1 11 0 0 -1 1 4 -3 0 0 0 0 0 0 0 1583838187
-15724233 -15198027 21317014 4679210 -7558966 -7218779 -1850630 -142112 123560 -126265 -43318 -15742 -3934 -57453 -12432 -3352 -4016 -3094 -998 -688 -209 -173 -215 -143 -4 25 -17 -8 1 0 0 1 -4 0 0 2 0 0 0 0 0 0 0 1 0 0 0 1 -1 0 0 -1 0 0 0 0 0 0 0 0 1583838187
61985031 50416255 -117645820 -70609141 -2661045 70080220 -1858753 -106631 -315071 -94343 -32686 235478 -2105 30773 120950 -109870 22058 -16011 -923 -4174 -80 -3444 -1480 1731 -10 -578 -53 5 -5 0 0 -2 -28 -5 0 10 0 0 2 0 -5 28 -3 -1 -1 9 -3 3 2 1 2 0 1 -2 -1 1 0 0 0 0 1583838187
145999541 120620622 -266504507 -151879027 713862 152481444 1046414 -63773 -1661898 -50109 -16218 -684612 -3778 -46164 -135701 115388 22373 -3157 -642 -5075 10 -9815 -2664 3700 -29 -254 -102 24 19 14 0 -17 -32 12 20 0 -1 -1 4 0 9 -9 0 0 8 -1 -6 6 -3 0 10 5 10 0 -6 3 0 1 0 0 1583838187
-16087399 -15491806 21921432 5406957 2784394 -7403978 2479165 -134716 123938 -114066 -36730 -8754 -5765 -37831 -10808 -3716 -5070 -2594 -1039 -1470 -212 -76 -983 349 -6 -2 -29 2 12 0 0 1 -4 0 5 2 0 0 0 -4 7 0 -6 4 0 0 0 2 -1 -2 0 0 -1 0 0 0 0 0 0 0 1583838187
-12962624 -12722061 16060400 2900643 11486928 -3910753 5739628 -128425 187356 -103930 -31507 283017 -6558 -7853 -31533 -3494 5190 -1238 -1129 -1517 -159 -341 -2265 1264 -13 836 -60 -29 4 -3 0 4 -13 -9 10 2 1 0 -7 0 10 -2 -7 9 4 1 1 5 -5 -6 1 0 -2 0 -2 3 0 1 0 0 1583838187
-14195404 -13909502 18586942 3247497 -7876228 -5665523 -1818872 -141639 110193 -125653 -43133 55693 -3822 -66463 -16401 -3515 -6588 -2373 -908 -1947 -216 -184 -88 -321 -5 642 -19 -27 1 -3 0 4 -1 -7 3 0 0 -1 0 1 1 -1 0 0 0 0 0 0 0 0 -1 0 1 0 0 0 0 0 0 0 1583838187
-15807821 -15253783 21438932 4759677 -7868832 -7273867 -1824516 -142187 141726 -126298 -43338 24591 -3894 -65538 -13442 -4411 338 -1439 -1022 -79 -179 -287 -487 -270 -4 32 -12 -9 0 0 0 1 -3 0 0 -1 0 0 0 4 0 0 -3 -1 4 0 -2 0 0 -2 0 -1 -1 0 0 0 0 -1 0 0 1583838187
-16072388 -15496723 21949085 5002772 -7840323 -7579526 -1827993 -142232 120827 -126341 -43338 -28925 -3986 -64550 -10897 -3711 1740 -3106 -1042 -697 -177 -172 -568 -109 -6 -23 -17 -6 1 0 0 1 -6 0 -1 8 0 0 -1 2 0 0 -2 -3 -2 0 -1 0 0 0 0 0 0 0 0 0 0 0 0 0 1583838187
-14733824 -14371884 19564968 3716222 -7438832 -6253983 -1862208 -141642 106067 -125852 -43178 -38242 -3945 -54599 -12023 -2443 -932 -2986 -1018 -678 -195 -248 -396 -200 -5 -33 -12 -5 2 0 0 1 -6 2 0 6 0 0 -1 0 0 0 0 0 1 0 0 0 0 1 0 0 1 0 0 0 0 0 0 0 1583838187
9412523 6887382 -25272561 -19660860 -7500702 18837395 -1837464 -131663 775576 -117832 -40836 1267308 -1368 -69761 -126464 11388 -7513 2788 -675 -1706 -181 -1991 -82 -189 18 1688 -43 -56 0 -6 0 8 -3 -17 1 1 0 -2 -1 -4 16 -8 0 0 0 3 0 0 0 0 0 0 0 0 0 -1 0 0 0 0 1583838187
-15046865 -14591405 19991793 4904085 16793123 -6123202 8183553 -124259 122374 -97366 -27831 31 -8137 -5090 -12343 -2599 -3255 -2112 -1190 -565 -202 -188 -2343 245 -5 140 -31 -10 2 -1 0 2 -11 -2 4 9 1 0 -13 -4 1 0 -11 3 1 0 3 -1 0 -2 0 1 0 0 0 0 0 0 0 0 1583838187
-14952690 -14533331 19862338 4856909 17954149 -6029187 8241923 -124037 103419 -97084 -27665 -19274 -8139 18469 3988 -12973 5250 -3757 -1257 -1041 -174 -66 -1802 -54 -6 159 -17 -10 2 -1 0 2 -6 -2 -3 18 0 0 -3 -7 -1 -1 -13 2 1 0 2 -1 0 0 0 0 0 0 0 0 0 0 0 0 1583838187
-15810612 -15274622 21477234 4781379 -7083707 -7302736 -1146050 -141005 119463 -124332 -42302 -21707 -4304 -80314 -9979 -4556 -7722 -2144 -981 -278 -212 -211 -167 -228 -3 18 -15 -8 0 0 0 1 -2 0 0 0 0 0 0 1 0 0 -1 0 0 0 0 0 0 0 0 0 0 0 0 0 0 0 0 0 1583838187
-16019934 -15447400 21840868 5043716 -5307172 -7479320 -929538 -140615 123198 -123747 -41940 -23028 -4345 -53258 -11232 -3665 -9109 -2907 -980 -614 -234 -140 -182 -308 -2 -25 -12 -6 1 0 0 1 -2 0 1 -1 0 0 0 1 0 0 1 0 0 0 0 0 0 1 0 0 0 0 1 0 0 0 0 0 1583838187
-8300215 -8798465 7791155 -2350437 -7753606 492540 -1848730 -139618 222746 -123857 -42667 459691 -3002 -66246 -48251 -1022 36310 -1528 -1222 -472 10 1385 -2386 516 -17 1198 -45 -45 -3 -4 0 6 -13 -15 7 12 0 -1 -3 14 8 -4 1 0 -9 2 4 3 -3 -5 -1 5 -3 0 -2 0 0 1 0 0 1583838187
-15824583 -15281568 21493714 4789321 -7222425 -7308140 -1884026 -142191 126275 -126392 -43370 -9492 -3890 -49078 -12398 -3656 2421 -3225 -1046 -771 -180 -178 -605 677 -10 16 -38 -8 1 0 0 1 -13 0 3 2 0 -1 1 0 0 0 2 0 0 0 -1 0 0 0 3 0 2 0 -1 1 0 0 0 0 1583838187
-16088965 -15507014 21970988 5035210 -7397468 -7581554 -1866998 -142276 125045 -126447 -43381 -20913 -3932 -53351 -10974 -3956 -1267 -2505 -1019 -460 -195 -194 -392 419 -7 -30 -31 -2 7 -1 0 1 -9 0 2 2 0 0 0 0 -1 0 1 0 0 0 0 0 0 0 2 0 0 0 -1 1 0 0 0 0 1583838187
-11066650 -11300957 13029042 713653 6954505 -2399942 -3172231 -141154 33121 -127308 -43842 -43422 -2499 318583 -17449 2948 -2382 -881 -981 -826 -387 -437 -487 355 -9 352 -33 -3 12 6 0 -7 -12 10 3 -1 0 -1 -4 -6 5 -3 0 1 -5 0 -1 5 1 -3 0 1 -1 0 0 0 0 0 0 0 1583838187
39166640 31366949 -77255770 -48219249 -1040187 48025240 25632 -114804 111267 -99373 -33506 927625 -2185 -22150 -151684 43856 -8775 -4486 -697 -3211 -209 -3515 4693 -269 13 -421 -10 23 12 16 0 -18 -1 45 6 0 0 0 -4 2 -4 -10 2 0 0 -2 1 3 6 0 0 0 0 -1 0 0 0 0 1 0 1583838187
-15503167 -15007444 20914873 4459909 -7887263 -6990255 -1819333 -142019 128312 -126128 -43273 4741 -3930 -66145 -13630 -3482 -6970 -2347 -972 -401 -217 -225 -71 -316 -3 52 -15 -9 0 0 0 2 3 -1 4 0 0 0 0 2 0 0 0 -2 -1 0 0 0 0 -1 -2 0 2 0 1 2 0 0 0 0 1583838187
-16066545 -15485852 21927109 5001672 -7886078 -7566856 -1820215 -142249 124059 -126336 -43338 -12800 -3968 -65868 -10799 -4269 -7606 -1414 -961 -224 -219 -229 17 -304 -2 -33 -12 -5 2 0 0 1 0 0 2 -1 0 0 0 -1 1 0 0 0 0 0 0 0 0 0 0 0 0 0 0 0 0 0 0 0 1583838187
5784085 2927114 -17076627 -16199411 -7077554 14088612 -1878566 -132316 -41144 -117411 -40380 -35652 -3601 -49847 -36902 14213 -1370 -3967 -931 -1517 -190 -1438 2094 -357 0 -178 -5 -2 0 0 0 1 3 0 4 -1 0 0 0 0 0 2 0 1 0 -2 1 0 0 0 0 0 0 -1 0 0 0 0 0 0 1583838187
-16017799 -14869117 20674118 6028836 -5701143 -7181225 -800999 920833 118380 -122646 -41635 -30052 -4425 -65487 -10907 -3704 -8147 -6397 205718 7146 281 23 4440 8 3 -64 -4 -106 21 2 0 0 -6 0 1 4 76 0 10 0 0 0 2 0 0 0 0 0 0 0 0 0 0 0 0 0 0 0 0 0 1583838187
-16040717 -15446794 21842625 5076226 -5714210 -7489033 -938473 -140781 127643 -123853 -42008 27001 -4273 -61219 -13026 -4391 -9522 -1951 -931 -1256 -231 -127 -131 -301 -2 0 -13 1 10 0 0 1 0 0 3 0 0 0 -1 -2 10 1 1 0 0 0 0 0 0 0 0 -1 0 0 -1 0 0 0 0 0 1583838187
-16020816 -15433505 21814128 5048211 -5999135 -7481236 -1045313 -140954 123893 -124127 -42146 -18583 -4306 -61707 -10564 -4133 -9754 -1385 -969 1 -229 -234 -75 -291 -2 -6 -15 -8 0 0 0 1 0 0 2 -1 0 0 -1 -1 0 0 0 0 0 0 0 0 0 0 0 0 0 0 0 0 0 0 0 0 1583838187
