-14961139 -5494522 1669563 19666951 -5484075 -1624108 -2243261 -243780 150093 25947421 -21083 -19284 -2311 -6689 -7158 -2372 -6122 -1893 -528 -339 -39799 -87 55 -400 0 -20 -65 -5 1 0 0 1 0 0 0 0 0 0 -1 -1 0 0 -1 0 0 0 0 0 0 0 0 0 0 0 0 0 0 0 0 0 1583836345
-15033595 -6121964 2924204 19123001 5355128 -1813637 -3307021 -238250 147893 24292848 -23518 -18267 -1306 277100 -7308 -1996 -8941 -1637 -542 -296 -40641 -22 -79 -401 0 -17 -56 -4 1 0 0 1 1 0 -1 1 0 0 0 -1 0 0 -1 0 1 0 0 0 0 2 0 1 -1 0 0 1 0 0 0 -1 1583836345
-16089876 -15509597 21973265 5090461 -5828940 -7562683 -2022867 -142400 120565 -126797 -42914 -29910 -3793 -12491 -10903 -3610 -10138 -3006 -958 -626 -263 -122 77 -276 -2 -25 -2 -4 1 0 0 1 1 0 0 -2 0 0 -1 0 0 0 1 0 0 0 1 0 0 0 0 0 0 0 0 0 0 0 0 0 1583836345
-16091856 -15488255 21886266 6048845 21439278 -7091976 -4498777 -144300 119740 -132422 -45733 -25700 -1147 693577 -10667 -2474 -16925 -2205 -946 -486 14 45 59 -442 1 -19 39 -3 1 0 0 2 16 0 -15 -7 0 0 -7 -6 -1 0 0 -6 0 0 1 0 -1 -1 1 0 0 0 0 0 0 0 0 0 1583836345
-16089695 -15504691 21959609 5176160 -3519071 -7520989 -2217648 -142555 120496 -126917 -43686 -29553 -3575 47238 -10882 -3514 -10779 -2953 -976 -629 7698 -107 74 -294 -2 -25 -6 -4 1 0 0 1 0 0 0 0 0 0 -1 -1 0 0 0 0 0 0 0 0 0 0 0 0 0 0 0 0 0 0 0 0 1583836345
-15492777 -10212279 11234298 12789997 -5722046 -4425436 -2095590 -178247 124271 -150423 14279920 -22924 -3025 -32375 -8549 -2865 -7912 -2380 -751 -494 -195 -101 102 -285 -1 -23 -7 -9 2 0 0 1 0 0 0 -2 0 0 0 -1 0 0 1 0 0 0 0 0 0 0 0 0 0 0 0 0 0 0 0 0 1583836345
-15012533 -5951312 2596502 18983213 -6054651 -1904325 -2158698 -238966 148687 24690259 -22097 -19886 -2448 -21669 -7353 -2459 -6610 -2111 -739 -500 41496 -83 107 -545 0 -19 -58 -6 1 0 0 1 -1 0 0 -2 0 0 0 0 0 0 0 -1 0 0 0 0 0 0 0 0 0 0 0 0 0 0 0 0 1583836345
-16089621 -15509496 21975484 5039160 -7341876 -7588044 -1879433 -142293 120611 -126470 -41687 -30143 -3942 -51751 -10915 -3673 -9750 -3052 -960 -634 -239 -132 224 670 -7 -24 5 -3 1 0 0 3 43 0 -3 7 1 0 -7 0 0 0 -3 9 10 0 -5 -3 2 1 0 0 6 -1 -2 0 0 -7 -1 3 1583836345
-14961139 -5494522 1669563 19666951 -5484075 -1624108 -2243261 -243780 150093 25947421 -21083 -19284 -2311 -6689 -7158 -2372 -6122 -1893 -528 -339 -39799 -87 55 -400 0 -20 -65 -5 1 0 0 1 0 0 0 0 0 0 -1 -1 0 0 -1 0 0 0 0 0 0 0 0 0 0 0 0 0 0 0 0 0 1583838187
-15033595 -6121964 2924204 19123001 5355128 -1813637 -3307021 -238250 147893 24292848 -23518 -18267 -1306 277100 -7308 -1996 -8941 -1637 -542 -296 -40641 -22 -79 -401 0 -17 -56 -4 1 0 0 1 1 0 -1 1 0 0 0 -1 0 0 -1 0 1 0 0 0 0 2 0 1 -1 0 0 1 0 0 0 -1 1583838187
-16089876 -15509597 21973265 5090461 -5828940 -7562683 -2022867 -142400 120565 -126797 -42914 -29910 -3793 -12491 -10903 -3610 -10138 -3006 -958 -626 -263 -122 77 -276 -2 -25 -2 -4 1 0 0 1 1 0 0 -2 0 0 -1 0 0 0 1 0 0 0 1 0 0 0 0 0 0 0 0 0 0 0 0 0 1583838187
-16091856 -15488255 21886266 6048845 21439278 -7091976 -4498777 -144300 119740 -132422 -45733 -25700 -1147 693577 -10667 -2474 -16925 -2205 -946 -486 14 45 59 -442 1 -19 39 -3 1 0 0 2 16 0 -15 -7 0 0 -7 -6 -1 0 0 -6 0 0 1 0 -1 -1 1 0 0 0 0 0 0 0 0 0 1583838187
-16089695 -15504691 21959609 5176160 -3519071 -7520989 -2217648 -142555 120496 -126917 -43686 -29553 -3575 47238 -10882 -3514 -10779 -2953 -976 -629 7698 -107 74 -294 -2 -25 -6 -4 1 0 0 1 0 0 0 0 0 0 -1 -1 0 0 0 0 0 0 0 0 0 0 0 0 0 0 0 0 0 0 0 0 1583838187
-15492777 -10212279 11234298 12789997 -5722046 -4425436 -2095590 -178247 124271 -150423 14279920 -22924 -3025 -32375 -8549 -2865 -7912 -2380 -751 -494 -195 -101 102 -285 -1 -23 -7 -9 2 0 0 1 0 0 0 -2 0 0 0 -1 0 0 1 0 0 0 0 0 0 0 0 0 0 0 0 0 0 0 0 0 1583838187
-15012533 -5951312 2596502 18983213 -6054651 -1904325 -2158698 -238966 148687 24690259 -22097 -19886 -2448 -21669 -7353 -2459 -6610 -2111 -739 -500 41496 -83 107 -545 0 -19 -58 -6 1 0 0 1 -1 0 0 -2 0 0 0 0 0 0 0 -1 0 0 0 0 0 0 0 0 0 0 0 0 0 0 0 0 1583838187
-16089621 -15509496 21975484 5039160 -7341876 -7588044 -1879433 -142293 120611 -126470 -41687 -30143 -3942 -51751 -10915 -3673 -9750 -3052 -960 -634 -239 -132 224 670 -7 -24 5 -3 1 0 0 3 43 0 -3 7 1 0 -7 0 0 0 -3 9 10 0 -5 -3 2 1 0 0 6 -1 -2 0 0 -7 -1 3 1583838187
