-16088155 -15510485 21978085 5018099 -7892314 -7597525 -1818702 -142235 119327 -126322 -43329 -27961 -3997 -66186 -9378 -2002 -9660 -3290 -971 -374 -233 -245 84 -171 -3 -21 269 -6 2 0 0 1 1 0 2 0 0 0 0 0 0 0 0 0 0 0 0 0 0 0 0 0 0 0 0 0 0 0 0 0 1583836345
-16089616 -15510200 21977754 5020196 -7869712 -7597337 -1820856 -142237 120627 -126328 -43330 -30227 -3999 -65706 -10919 -3696 -9653 -3067 -959 -637 -233 -135 83 -87 -3 -19 487 -3 2 0 0 1 0 0 2 0 0 0 0 0 0 0 0 0 0 0 0 0 0 0 0 0 0 0 0 0 0 0 0 0 1583836345
-16088805 -15507302 21965375 5157043 -3943613 -7529514 -2178617 -142512 119504 -127145 -43651 -26954 -3612 36408 -9144 -1792 -10628 -2811 -996 531 -287 -375 87 -109 -3 -30 -18 -7 1 -1 0 1 0 0 1 -1 0 0 -1 -1 0 0 0 2 -1 0 0 0 0 0 0 0 0 0 0 0 0 0 0 0 1583836345
-16089802 -15507875 21968580 5118162 -5088470 -7549238 -2074283 -142433 120543 -126908 -43557 -29796 -3728 6531 -10895 -3579 -10346 -2985 -958 -622 -273 -118 87 -68 -3 -25 -19 -4 1 0 0 1 0 0 1 -1 0 0 -1 -1 0 0 0 2 -1 0 0 0 0 0 0 0 0 0 0 0 0 0 0 0 1583836345
-16088414 -15508619 21969805 5116347 -5085721 -7549231 -2074524 -142430 119267 -126906 -43558 -27881 -3725 6551 -9619 -2142 -10354 -3196 -970 -358 -273 -202 85 -78 -3 -25 -19 -6 2 0 0 1 0 0 1 -1 0 0 -1 -1 0 0 0 2 -1 0 0 0 0 0 0 0 0 0 0 0 0 0 0 0 1583836345
-16079651 -15495384 21946902 5031304 -7456296 -7568627 -1859944 -142294 125773 -126440 -43383 -9492 -3927 -56309 -7418 89 -9736 -2741 -983 264 -233 -650 59 1231 -9 -23 -48 -7 1 0 0 1 -3 0 4 -5 0 -1 0 -1 0 0 0 -1 0 0 0 -1 1 0 0 0 0 0 0 0 0 0 0 0 1583836345
-16088234 -15510551 21977878 5025479 -7674821 -7593883 -1838873 -142250 119355 -126368 -43347 -28111 -3976 -60593 -9921 -2124 -9708 -3598 -991 24 -235 -285 81 156 -4 -24 -22 -6 2 0 0 1 0 0 2 -1 0 0 0 0 0 0 0 1 0 0 0 0 0 0 0 0 1 0 0 0 0 0 0 0 1583836345
-16088203 -15510701 21978527 5017857 -7891933 -7597625 -1818611 -142234 119351 -126322 -43330 -28140 -3999 -66824 -9919 -2121 -9646 -3608 -992 29 -232 -272 79 227 -6 -7 1310 -4 3 0 0 0 -8 0 2 0 0 0 0 0 0 0 0 -1 -1 0 0 0 0 0 -1 0 1 0 0 1 0 0 0 0 1583836345
-16088609 -15500173 21956200 5060776 -7104664 -7578551 -1890602 -142344 120604 -126503 -43396 -30106 -3923 -45437 -10912 -3663 -9834 -3043 -958 -631 -244 -131 390 -252 -2 -22 -14 4 0 0 0 1 1 0 -1 0 0 0 0 -1 0 0 0 0 0 0 0 0 0 0 0 0 0 0 0 0 0 0 0 0 1583836345
-16088437 -15498405 21937101 5384881 2396211 -7417800 -2764923 -142994 118646 -128499 -44189 -14615 -2975 200865 -3654 6303 -12160 -5072 -1116 3074 -374 -3326 1196 1687 -11 15 -47 -17 -2 -12 0 -3 34 0 -18 -2 0 7 4 -7 0 0 0 9 0 1 8 1 -1 -5 1 2 -2 0 2 2 0 0 0 0 1583836345
-16085114 -15507340 21970841 5029858 -7598789 -7588682 -1845542 -142271 118090 -126386 -43355 -24270 -3962 -58380 -8317 -494 -9735 -3654 -991 74 -237 -289 289 -263 -2 -24 -11 -5 2 1 0 2 2 0 1 0 0 0 0 -1 0 0 0 0 0 0 0 0 0 0 0 0 0 0 0 0 0 0 0 0 1583836345
-16081746 -15504983 21964410 5052231 -7018656 -7578122 -1901984 -142334 114164 -126521 -43419 -20244 -3910 -47136 -3138 3773 -9797 -3253 -964 -452 -235 -251 28 3884 -22 -22 -113 -9 1 0 0 0 -11 0 12 -13 0 -1 2 -5 -1 0 1 -5 0 0 0 -3 2 -1 -6 0 -1 0 -1 -2 0 0 0 0 1583836345
-16087824 -15493870 21944217 5051448 -7654905 -7584246 -1620972 -141998 120621 -125795 -43043 -30245 -4096 -70265 -10902 -3695 -9974 -3068 -960 -634 -232 -134 61 -87 -3 -20 -12 7 0 0 0 1 5 0 3 0 0 0 0 1 0 0 0 -1 0 0 0 1 -1 -1 -1 0 0 0 0 0 0 0 0 0 1583836345
-15875405 -15347427 21609691 5161601 -7109757 -7437158 -1891376 -143366 -46931 -126623 -43577 227562 -3559 -48218 213526 189438 -10786 9091 156 -17979 -204 -857 230 -18 4 -15 612 -13 -3 -11 0 -3 -3 1 0 -2 0 3 -1 0 0 0 1 0 0 1 0 0 0 0 0 0 0 0 1 -1 0 0 0 0 1583836345
-16062869 -15268460 21482690 5477506 -4745058 -7401797 -2110291 -143267 120538 -127376 -43699 -29749 -3692 15275 -10891 -3565 -10402 -2997 426 -567 -273 -113 145 691 -7 94 557 222 -44 -6 0 1 3 0 -2 -1 0 0 -1 -3 0 0 0 8 -3 0 -1 1 0 -1 -1 0 0 0 0 0 0 0 0 0 1583836345
-16075187 -15498445 21951102 5041938 -6814305 -7564431 -1917766 -142302 120613 -126543 -43415 -28435 -3892 -37893 -11039 -3646 -9907 -3045 -958 -637 -249 -129 372 -183 -2 -23 -11 -6 1 0 0 1 5 0 0 1 0 0 0 -3 0 0 -3 0 1 0 0 0 0 0 0 0 0 0 0 0 0 0 0 0 1583836345
-16089323 -15509422 21973165 5083564 -6019680 -7564967 -1989466 -142363 120623 -126713 -43482 -28654 -3817 -17810 -10315 -3389 -10115 -2720 -938 -1007 -260 -190 94 -265 -2 -22 -14 -3 5 0 0 2 1 0 1 0 0 -2 -2 -1 0 0 -1 0 0 0 0 0 0 0 0 0 0 0 0 0 0 0 0 0 1583836345
-16024138 -15458674 21852717 5254400 -2041284 -7451094 -2353986 -142961 70238 -127590 -43870 50659 -3324 84875 93387 55752 -11316 27959 1156 -40761 -309 1829 301 -84 7 -50 -8 -15 -5 -10 0 -2 7 1 0 -3 0 0 -4 -4 -1 1 -1 0 0 1 0 1 -1 -1 0 0 0 0 0 0 0 0 0 0 1583836345
-16071990 -15497804 21948160 5057354 -7017572 -7571619 -1902113 -142382 106419 -126525 -43425 -8858 -3891 -46572 3755 12438 -9865 -5138 -1072 1887 -235 -444 40 3049 -19 -21 -91 -8 2 0 0 1 -6 0 9 -10 0 0 0 -3 0 0 1 -3 0 0 0 -2 1 0 0 0 1 0 0 0 0 0 0 0 1583836345
-16086510 -15508784 21974005 5027086 -7673860 -7592487 -1839038 -142261 118022 -126371 -43352 -25751 -3977 -61955 -8124 -352 -9688 -3690 -995 118 -232 -348 65 1036 -9 -23 -43 -7 1 0 0 1 -5 0 5 -5 0 0 0 -1 0 0 0 -1 0 0 0 0 0 0 -3 0 0 0 0 -1 0 0 0 0 1583836345
-16088163 -15510415 21977773 5021852 -7784930 -7595678 -1829384 -142244 119324 -126348 -43341 -27995 -3989 -64276 -9539 -2026 -9665 -3390 -978 -243 -233 -242 75 405 -7 -1 1777 -4 4 0 0 0 -5 0 3 0 0 0 0 0 0 0 0 -2 -1 0 0 0 0 0 0 0 0 0 0 0 0 0 0 0 1583836345
-16084974 -15507837 21971292 5038506 -7353482 -7586161 -1867895 -142288 116747 -126436 -43375 -24339 -3939 -51977 -7093 728 -9779 -3763 -997 244 -240 -233 689 -269 -2 -27 -13 -6 2 0 0 1 2 0 1 0 0 0 0 -1 0 0 0 0 0 0 0 0 0 0 0 0 0 0 0 0 0 0 0 0 1583836345
-15895429 -15359747 21635604 5210223 -5467846 -7419898 -2041198 -143384 -29999 -126951 -43694 201352 -3439 -10203 141100 167962 -11124 -28358 -2320 30210 -225 -3683 87 -305 -5 16 -14 1 7 6 0 4 0 0 1 0 0 3 0 0 0 1 0 0 1 -2 0 0 0 0 0 1 0 1 -1 0 0 0 0 0 1583836345
-16053369 -15188087 21324142 5501285 -7477639 -7400144 -1861385 -143539 120623 -126940 -43514 -30174 -3958 -55671 -10914 -3679 -9721 -3081 640 -574 -233 -129 62 1097 -9 124 -47 299 -61 -8 0 1 -3 0 4 -4 0 0 0 -2 0 0 1 0 0 0 -1 -2 1 0 0 -1 0 0 0 0 0 0 0 0 1583836345
-16088155 -15510485 21978085 5018099 -7892314 -7597525 -1818702 -142235 119327 -126322 -43329 -27961 -3997 -66186 -9378 -2002 -9660 -3290 -971 -374 -233 -245 84 -171 -3 -21 269 -6 2 0 0 1 1 0 2 0 0 0 0 0 0 0 0 0 0 0 0 0 0 0 0 0 0 0 0 0 0 0 0 0 1583838187
-16089616 -15510200 21977754 5020196 -7869712 -7597337 -1820856 -142237 120627 -126328 -43330 -30227 -3999 -65706 -10919 -3696 -9653 -3067 -959 -637 -233 -135 83 -87 -3 -19 487 -3 2 0 0 1 0 0 2 0 0 0 0 0 0 0 0 0 0 0 0 0 0 0 0 0 0 0 0 0 0 0 0 0 1583838187
-16088805 -15507302 21965375 5157043 -3943613 -7529514 -2178617 -142512 119504 -127145 -43651 -26954 -3612 36408 -9144 -1792 -10628 -2811 -996 531 -287 -375 87 -109 -3 -30 -18 -7 1 -1 0 1 0 0 1 -1 0 0 -1 -1 0 0 0 2 -1 0 0 0 0 0 0 0 0 0 0 0 0 0 0 0 1583838187
-16089802 -15507875 21968580 5118162 -5088470 -7549238 -2074283 -142433 120543 -126908 -43557 -29796 -3728 6531 -10895 -3579 -10346 -2985 -958 -622 -273 -118 87 -68 -3 -25 -19 -4 1 0 0 1 0 0 1 -1 0 0 -1 -1 0 0 0 2 -1 0 0 0 0 0 0 0 0 0 0 0 0 0 0 0 1583838187
-16088414 -15508619 21969805 5116347 -5085721 -7549231 -2074524 -142430 119267 -126906 -43558 -27881 -3725 6551 -9619 -2142 -10354 -3196 -970 -358 -273 -202 85 -78 -3 -25 -19 -6 2 0 0 1 0 0 1 -1 0 0 -1 -1 0 0 0 2 -1 0 0 0 0 0 0 0 0 0 0 0 0 0 0 0 1583838187
-16079651 -15495384 21946902 5031304 -7456296 -7568627 -1859944 -142294 125773 -126440 -43383 -9492 -3927 -56309 -7418 89 -9736 -2741 -983 264 -233 -650 59 1231 -9 -23 -48 -7 1 0 0 1 -3 0 4 -5 0 -1 0 -1 0 0 0 -1 0 0 0 -1 1 0 0 0 0 0 0 0 0 0 0 0 1583838187
-16088234 -15510551 21977878 5025479 -7674821 -7593883 -1838873 -142250 119355 -126368 -43347 -28111 -3976 -60593 -9921 -2124 -9708 -3598 -991 24 -235 -285 81 156 -4 -24 -22 -6 2 0 0 1 0 0 2 -1 0 0 0 0 0 0 0 1 0 0 0 0 0 0 0 0 1 0 0 0 0 0 0 0 1583838187
-16088203 -15510701 21978527 5017857 -7891933 -7597625 -1818611 -142234 119351 -126322 -43330 -28140 -3999 -66824 -9919 -2121 -9646 -3608 -992 29 -232 -272 79 227 -6 -7 1310 -4 3 0 0 0 -8 0 2 0 0 0 0 0 0 0 0 -1 -1 0 0 0 0 0 -1 0 1 0 0 1 0 0 0 0 1583838187
-16088609 -15500173 21956200 5060776 -7104664 -7578551 -1890602 -142344 120604 -126503 -43396 -30106 -3923 -45437 -10912 -3663 -9834 -3043 -958 -631 -244 -131 390 -252 -2 -22 -14 4 0 0 0 1 1 0 -1 0 0 0 0 -1 0 0 0 0 0 0 0 0 0 0 0 0 0 0 0 0 0 0 0 0 1583838187
-16088437 -15498405 21937101 5384881 2396211 -7417800 -2764923 -142994 118646 -128499 -44189 -14615 -2975 200865 -3654 6303 -12160 -5072 -1116 3074 -374 -3326 1196 1687 -11 15 -47 -17 -2 -12 0 -3 34 0 -18 -2 0 7 4 -7 0 0 0 9 0 1 8 1 -1 -5 1 2 -2 0 2 2 0 0 0 0 1583838187
-16085114 -15507340 21970841 5029858 -7598789 -7588682 -1845542 -142271 118090 -126386 -43355 -24270 -3962 -58380 -8317 -494 -9735 -3654 -991 74 -237 -289 289 -263 -2 -24 -11 -5 2 1 0 2 2 0 1 0 0 0 0 -1 0 0 0 0 0 0 0 0 0 0 0 0 0 0 0 0 0 0 0 0 1583838187
-16081746 -15504983 21964410 5052231 -7018656 -7578122 -1901984 -142334 114164 -126521 -43419 -20244 -3910 -47136 -3138 3773 -9797 -3253 -964 -452 -235 -251 28 3884 -22 -22 -113 -9 1 0 0 0 -11 0 12 -13 0 -1 2 -5 -1 0 1 -5 0 0 0 -3 2 -1 -6 0 -1 0 -1 -2 0 0 0 0 1583838187
-16087824 -15493870 21944217 5051448 -7654905 -7584246 -1620972 -141998 120621 -125795 -43043 -30245 -4096 -70265 -10902 -3695 -9974 -3068 -960 -634 -232 -134 61 -87 -3 -20 -12 7 0 0 0 1 5 0 3 0 0 0 0 1 0 0 0 -1 0 0 0 1 -1 -1 -1 0 0 0 0 0 0 0 0 0 1583838187
-15875405 -15347427 21609691 5161601 -7109757 -7437158 -1891376 -143366 -46931 -126623 -43577 227562 -3559 -48218 213526 189438 -10786 9091 156 -17979 -204 -857 230 -18 4 -15 612 -13 -3 -11 0 -3 -3 1 0 -2 0 3 -1 0 0 0 1 0 0 1 0 0 0 0 0 0 0 0 1 -1 0 0 0 0 1583838187
-16062869 -15268460 21482690 5477506 -4745058 -7401797 -2110291 -143267 120538 -127376 -43699 -29749 -3692 15275 -10891 -3565 -10402 -2997 426 -567 -273 -113 145 691 -7 94 557 222 -44 -6 0 1 3 0 -2 -1 0 0 -1 -3 0 0 0 8 -3 0 -1 1 0 -1 -1 0 0 0 0 0 0 0 0 0 1583838187
-16075187 -15498445 21951102 5041938 -6814305 -7564431 -1917766 -142302 120613 -126543 -43415 -28435 -3892 -37893 -11039 -3646 -9907 -3045 -958 -637 -249 -129 372 -183 -2 -23 -11 -6 1 0 0 1 5 0 0 1 0 0 0 -3 0 0 -3 0 1 0 0 0 0 0 0 0 0 0 0 0 0 0 0 0 1583838187
-16089323 -15509422 21973165 5083564 -6019680 -7564967 -1989466 -142363 120623 -126713 -43482 -28654 -3817 -17810 -10315 -3389 -10115 -2720 -938 -1007 -260 -190 94 -265 -2 -22 -14 -3 5 0 0 2 1 0 1 0 0 -2 -2 -1 0 0 -1 0 0 0 0 0 0 0 0 0 0 0 0 0 0 0 0 0 1583838187
-16024138 -15458674 21852717 5254400 -2041284 -7451094 -2353986 -142961 70238 -127590 -43870 50659 -3324 84875 93387 55752 -11316 27959 1156 -40761 -309 1829 301 -84 7 -50 -8 -15 -5 -10 0 -2 7 1 0 -3 0 0 -4 -4 -1 1 -1 0 0 1 0 1 -1 -1 0 0 0 0 0 0 0 0 0 0 1583838187
-16071990 -15497804 21948160 5057354 -7017572 -7571619 -1902113 -142382 106419 -126525 -43425 -8858 -3891 -46572 3755 12438 -9865 -5138 -1072 1887 -235 -444 40 3049 -19 -21 -91 -8 2 0 0 1 -6 0 9 -10 0 0 0 -3 0 0 1 -3 0 0 0 -2 1 0 0 0 1 0 0 0 0 0 0 0 1583838187
-16086510 -15508784 21974005 5027086 -7673860 -7592487 -1839038 -142261 118022 -126371 -43352 -25751 -3977 -61955 -8124 -352 -9688 -3690 -995 118 -232 -348 65 1036 -9 -23 -43 -7 1 0 0 1 -5 0 5 -5 0 0 0 -1 0 0 0 -1 0 0 0 0 0 0 -3 0 0 0 0 -1 0 0 0 0 1583838187
-16088163 -15510415 21977773 5021852 -7784930 -7595678 -1829384 -142244 119324 -126348 -43341 -27995 -3989 -64276 -9539 -2026 -9665 -3390 -978 -243 -233 -242 75 405 -7 -1 1777 -4 4 0 0 0 -5 0 3 0 0 0 0 0 0 0 0 -2 -1 0 0 0 0 0 0 0 0 0 0 0 0 0 0 0 1583838187
-16084974 -15507837 21971292 5038506 -7353482 -7586161 -1867895 -142288 116747 -126436 -43375 -24339 -3939 -51977 -7093 728 -9779 -3763 -997 244 -240 -233 689 -269 -2 -27 -13 -6 2 0 0 1 2 0 1 0 0 0 0 -1 0 0 0 0 0 0 0 0 0 0 0 0 0 0 0 0 0 0 0 0 1583838187
-15895429 -15359747 21635604 5210223 -5467846 -7419898 -2041198 -143384 -29999 -126951 -43694 201352 -3439 -10203 141100 167962 -11124 -28358 -2320 30210 -225 -3683 87 -305 -5 16 -14 1 7 6 0 4 0 0 1 0 0 3 0 0 0 1 0 0 1 -2 0 0 0 0 0 1 0 1 -1 0 0 0 0 0 1583838187
-16053369 -15188087 21324142 5501285 -7477639 -7400144 -1861385 -143539 120623 -126940 -43514 -30174 -3958 -55671 -10914 -3679 -9721 -3081 640 -574 -233 -129 62 1097 -9 124 -47 299 -61 -8 0 1 -3 0 4 -4 0 0 0 -2 0 0 1 0 0 0 -1 -2 1 0 0 -1 0 0 0 0 0 0 0 0 1583838187
