-16085289 -15506041 21965206 5095430 -5729048 -7556579 -2016193 -142402 117998 -126776 -43508 -24434 -3781 -9874 -7982 -653 -10205 -3158 -962 -475 -264 -158 149 -277 -2 -25 -4 -4 2 1 0 2 1 0 0 -2 0 0 0 -1 0 0 1 0 0 0 0 0 0 0 0 0 0 0 0 0 0 0 0 0 1583836345
-16088640 -15508114 21968449 5126579 -4773588 -7542333 -2103245 -142450 120659 -126972 -43582 -27983 -3693 15202 -11002 -3582 -10426 -2984 -957 -624 -278 -116 245 -276 -2 -25 -4 -4 2 1 0 2 1 0 -1 0 0 0 0 0 0 0 0 0 0 0 0 0 0 0 0 0 0 0 0 0 0 0 0 0 1583836345
-16087897 -15497620 21928837 5525921 6582246 -7343388 -3141230 -143258 120426 -129347 -44512 -24251 -2580 310960 -11024 -3124 -13234 -2659 -950 -572 -443 -47 743 -273 -1 -22 16 -2 3 4 0 3 10 0 -6 0 0 0 1 -3 0 0 0 -2 1 0 1 0 0 0 0 0 0 0 0 0 0 0 0 0 1583836345
-16088506 -15508054 21968112 5130737 -4649279 -7540003 -2114569 -142459 120641 -126998 -43592 -27757 -3680 18543 -11012 -3578 -10449 -2980 -957 -625 -280 -115 408 -270 -2 -25 -2 -4 2 1 0 2 0 0 -1 0 0 0 0 0 0 0 0 0 0 0 0 0 0 0 0 0 0 0 0 0 0 0 0 0 1583836345
-16089374 -15508009 21973268 5024310 -7842301 -7595580 -1823616 -142252 120626 -126338 -43333 -30220 -3995 -64680 -10919 -3694 -9664 -3065 -959 -636 -234 -135 120 -268 -2 -25 -9 -2 1 0 0 1 3 0 2 0 0 0 0 0 0 0 0 1 0 0 1 -1 0 0 0 0 0 0 0 0 0 0 0 0 1583836345
-16085289 -15506041 21965206 5095430 -5729048 -7556579 -2016193 -142402 117998 -126776 -43508 -24434 -3781 -9874 -7982 -653 -10205 -3158 -962 -475 -264 -158 149 -277 -2 -25 -4 -4 2 1 0 2 1 0 0 -2 0 0 0 -1 0 0 1 0 0 0 0 0 0 0 0 0 0 0 0 0 0 0 0 0 1583838187
-16088640 -15508114 21968449 5126579 -4773588 -7542333 -2103245 -142450 120659 -126972 -43582 -27983 -3693 15202 -11002 -3582 -10426 -2984 -957 -624 -278 -116 245 -276 -2 -25 -4 -4 2 1 0 2 1 0 -1 0 0 0 0 0 0 0 0 0 0 0 0 0 0 0 0 0 0 0 0 0 0 0 0 0 1583838187
-16087897 -15497620 21928837 5525921 6582246 -7343388 -3141230 -143258 120426 -129347 -44512 -24251 -2580 310960 -11024 -3124 -13234 -2659 -950 -572 -443 -47 743 -273 -1 -22 16 -2 3 4 0 3 10 0 -6 0 0 0 1 -3 0 0 0 -2 1 0 1 0 0 0 0 0 0 0 0 0 0 0 0 0 1583838187
-16088506 -15508054 21968112 5130737 -4649279 -7540003 -2114569 -142459 120641 -126998 -43592 -27757 -3680 18543 -11012 -3578 -10449 -2980 -957 -625 -280 -115 408 -270 -2 -25 -2 -4 2 1 0 2 0 0 -1 0 0 0 0 0 0 0 0 0 0 0 0 0 0 0 0 0 0 0 0 0 0 0 0 0 1583838187
-16089374 -15508009 21973268 5024310 -7842301 -7595580 -1823616 -142252 120626 -126338 -43333 -30220 -3995 -64680 -10919 -3694 -9664 -3065 -959 -636 -234 -135 120 -268 -2 -25 -9 -2 1 0 0 1 3 0 2 0 0 0 0 0 0 0 0 1 0 0 1 -1 0 0 0 0 0 0 0 0 0 0 0 0 1583838187
