-16089247 -15506792 21970701 5028292 -7777007 -7593755 -1837695 -142281 120628 -123179 -43350 -30215 -3988 -63827 -10920 -3693 -9672 -3083 -982 -653 8336 -134 78 1605 -11 -23 13 -5 1 0 0 2 30 0 6 0 0 0 -2 3 0 0 0 0 3 0 -5 -3 2 0 1 -2 0 0 0 0 0 -5 0 2 1583836345
-16089323 -15507612 21972526 5023567 -7881113 -7595997 -1820048 -142251 120626 -126333 -43333 -30210 -3991 -65481 -10883 -3669 7649 -3387 -1085 -826 -149 -174 -905 -481 -5 -25 -11 -4 1 0 0 0 -21 0 6 -1 0 0 0 5 1 0 -4 4 0 0 -5 -2 1 0 0 -1 0 0 0 0 0 0 0 0 1583836345
-16089366 -15507902 21973003 5025572 -7809438 -7594955 -1837871 -142273 120626 -126054 -43352 -30215 -3987 -63628 -10920 -3693 -9691 -3080 -978 -651 7786 -134 111 -33 -4 -22 218 -4 1 0 0 3 54 0 0 6 1 0 -6 4 0 0 6 0 7 -1 -8 -5 4 -1 0 -3 0 0 0 0 0 -6 -1 2 1583836345
-16088678 -15501892 21960927 5031966 -7878332 -7592564 -1822415 -142289 120628 -125536 -43336 -30229 -3999 -65975 -10922 -3697 -9723 -3100 -1001 -668 16762 -133 75 459 -6 -22 -4 0 0 0 0 1 8 0 3 0 0 0 0 1 0 0 0 0 0 0 -1 0 0 0 0 0 0 0 0 0 0 -1 0 1 1583836345
-16089281 -15507222 21971715 5024566 -7868362 -7595551 -1822245 -142256 120627 -126337 -43333 -30224 -3997 -65336 -10919 -3695 -9657 -3066 -959 -636 -233 -135 99 -255 -2 -23 -2 0 0 0 0 2 8 0 1 0 0 0 0 0 0 0 2 1 1 0 0 0 0 1 0 0 2 0 -1 0 0 -1 0 0 1583836345
-16089247 -15506792 21970701 5028292 -7777007 -7593755 -1837695 -142281 120628 -123179 -43350 -30215 -3988 -63827 -10920 -3693 -9672 -3083 -982 -653 8336 -134 78 1605 -11 -23 13 -5 1 0 0 2 30 0 6 0 0 0 -2 3 0 0 0 0 3 0 -5 -3 2 0 1 -2 0 0 0 0 0 -5 0 2 1583838187
-16089323 -15507612 21972526 5023567 -7881113 -7595997 -1820048 -142251 120626 -126333 -43333 -30210 -3991 -65481 -10883 -3669 7649 -3387 -1085 -826 -149 -174 -905 -481 -5 -25 -11 -4 1 0 0 0 -21 0 6 -1 0 0 0 5 1 0 -4 4 0 0 -5 -2 1 0 0 -1 0 0 0 0 0 0 0 0 1583838187
-16089366 -15507902 21973003 5025572 -7809438 -7594955 -1837871 -142273 120626 -126054 -43352 -30215 -3987 -63628 -10920 -3693 -9691 -3080 -978 -651 7786 -134 111 -33 -4 -22 218 -4 1 0 0 3 54 0 0 6 1 0 -6 4 0 0 6 0 7 -1 -8 -5 4 -1 0 -3 0 0 0 0 0 -6 -1 2 1583838187
-16088678 -15501892 21960927 5031966 -7878332 -7592564 -1822415 -142289 120628 -125536 -43336 -30229 -3999 -65975 -10922 -3697 -9723 -3100 -1001 -668 16762 -133 75 459 -6 -22 -4 0 0 0 0 1 8 0 3 0 0 0 0 1 0 0 0 0 0 0 -1 0 0 0 0 0 0 0 0 0 0 -1 0 1 1583838187
-16089281 -15507222 21971715 5024566 -7868362 -7595551 -1822245 -142256 120627 -126337 -43333 -30224 -3997 -65336 -10919 -3695 -9657 -3066 -959 -636 -233 -135 99 -255 -2 -23 -2 0 0 0 0 2 8 0 1 0 0 0 0 0 0 0 2 1 1 0 0 0 0 1 0 0 2 0 -1 0 0 -1 0 0 1583838187
