-16089945 -15507371 21966002 5137338 -4605993 -7542411 -201903 -139446 120526 -121693 -40878 -30184 -4715 -72184 -10751 -3628 -6410 -3159 -1017 -684 847 -133 -439 210 -6 -17 541 -3 2 0 0 1 -8 0 5 -2 0 0 0 0 0 0 -1 0 0 0 -1 0 0 0 1 0 1 0 0 0 0 0 0 0 1583836345
-16092181 -15483445 21871975 6016380 19721586 -7132676 13517658 -116057 119780 -82948 -19137 -30265 -10949 -192733 -9486 -3247 -32224 -2980 -1074 -479 -239 -20 -16 585 0 -7 1618 -2 3 0 0 1 23 0 -4 11 0 -1 3 -4 -1 0 0 -2 7 1 7 1 -1 0 0 -2 0 0 0 1 0 1 0 0 1583836345
-16089453 -15508149 21968271 5117395 -5161520 -7552186 93318 -139021 120076 -120945 -40482 -28807 -4898 -96976 -9820 -3958 -12867 -1724 -949 -515 -225 -175 599 -239 -1 -37 -8 -5 3 0 0 1 2 0 2 0 0 0 0 -1 0 0 0 0 0 0 0 0 0 0 0 0 0 0 0 0 0 0 0 0 1583836345
-16089420 -15507692 21971809 5042160 -7330764 -7586794 -1876734 -142297 120611 -126462 -43384 -30140 -3942 -51140 -10915 -3672 -9770 -3050 -959 -633 -241 -132 297 -86 -3 -26 15 -4 1 0 0 2 17 0 -15 0 0 -1 0 0 0 0 0 -2 6 1 7 -1 0 -1 0 0 0 0 0 1 0 0 0 0 1583836345
-16089367 -15507889 21972958 5025903 -7800593 -7594808 -1827651 -142256 120625 -126027 -43337 -30214 -3991 -63578 -10919 -3693 -9713 -3079 -978 -650 7738 -134 129 -269 -2 -26 -9 -4 1 0 0 1 2 0 0 -1 0 -1 1 -1 0 0 0 0 0 0 0 0 0 0 0 0 0 0 0 0 0 0 0 0 1583836345
-16092657 -15479840 21851758 6431160 32321564 -6904177 -5496633 -145071 119409 -134721 -46662 -24111 -126 961205 -10581 -2045 -19399 -1905 -944 -435 -249 109 -175 1799 -8 -15 -17 -4 2 0 0 1 12 0 -3 -6 1 0 -11 -8 -1 0 0 7 -7 -1 -4 -1 1 3 1 0 2 0 2 0 0 0 1 2 1583836345
-16089559 -15506330 21966136 5105835 -5516918 -7555521 -2035834 -142418 120558 -126832 -35451 -29860 -3770 -4934 -10898 -3597 -10231 -2998 -958 -624 -267 -120 70 48 -4 -25 -17 -4 1 0 0 1 0 0 2 -1 0 0 -1 0 0 0 0 0 0 0 1 -1 0 0 1 0 0 0 0 0 0 0 0 0 1583836345
-16086899 -15481096 21913134 5181682 -4364344 -7521222 -2143242 -142653 120532 -116241 -43663 -29802 -3707 6606 -10902 -3584 -10430 -3048 -1040 -686 34025 -113 29 203 -4 -15 -16 12 -2 0 0 1 0 0 1 -1 0 0 0 1 0 0 0 0 -1 0 -1 0 0 2 1 1 0 0 0 1 0 0 2 4 1583836345
-16089903 -15508653 21970356 5101651 -5586667 -7559278 -557995 -140077 120557 -122700 -41428 -30229 -4571 -75982 -10802 -3659 -11982 -3053 -967 -620 338 -124 -14 294 -4 -23 153 -4 1 0 0 1 7 0 1 -1 0 -1 1 -2 0 0 2 -1 2 0 0 0 0 -1 1 0 0 0 0 0 0 0 0 0 1583836345
-11817142 22422698 -54948741 60671737 6113947 15099734 6669192 -509776 231574 98212218 55032 9240 -2842 -211403 3937 1053 -12393 274 -486 -283 310838 102 258 2546 -6 8 -247 -8 0 1 0 0 17 0 10 0 -1 0 7 -7 -1 0 -1 -10 10 1 4 4 -3 0 9 -2 3 -1 0 3 0 2 0 -2 1583836345
-16089130 -15506154 21965010 5108599 -5472294 -7555816 -573671 -140108 119878 -122799 -41449 -22143 -4543 -72722 -10939 -3809 -12005 -2686 -956 -700 -236 -129 -57 338 -4 -28 -21 -5 4 0 0 1 2 0 2 0 0 -1 1 0 0 0 0 0 1 0 0 0 0 1 2 0 1 0 2 0 0 0 0 0 1583836345
-14962824 -5507945 1694141 19696436 -3414181 -1603819 -2356443 -199407 120771 -143699 -28060 -29644 -3433 66407 -10792 -3460 -10933 -2895 -953 -604 -297 -103 219 4860 -27 -17 -62 0 0 0 -1 2 33 0 -9 2 0 -1 0 0 0 0 11 24 0 0 3 4 -3 5 -3 -12 0 0 -4 4 -1 1 0 0 1583836345
-16089945 -15507371 21966002 5137338 -4605993 -7542411 -201903 -139446 120526 -121693 -40878 -30184 -4715 -72184 -10751 -3628 -6410 -3159 -1017 -684 847 -133 -439 210 -6 -17 541 -3 2 0 0 1 -8 0 5 -2 0 0 0 0 0 0 -1 0 0 0 -1 0 0 0 1 0 1 0 0 0 0 0 0 0 1583838187
-16092181 -15483445 21871975 6016380 19721586 -7132676 13517658 -116057 119780 -82948 -19137 -30265 -10949 -192733 -9486 -3247 -32224 -2980 -1074 -479 -239 -20 -16 585 0 -7 1618 -2 3 0 0 1 23 0 -4 11 0 -1 3 -4 -1 0 0 -2 7 1 7 1 -1 0 0 -2 0 0 0 1 0 1 0 0 1583838187
-16089453 -15508149 21968271 5117395 -5161520 -7552186 93318 -139021 120076 -120945 -40482 -28807 -4898 -96976 -9820 -3958 -12867 -1724 -949 -515 -225 -175 599 -239 -1 -37 -8 -5 3 0 0 1 2 0 2 0 0 0 0 -1 0 0 0 0 0 0 0 0 0 0 0 0 0 0 0 0 0 0 0 0 1583838187
-16089420 -15507692 21971809 5042160 -7330764 -7586794 -1876734 -142297 120611 -126462 -43384 -30140 -3942 -51140 -10915 -3672 -9770 -3050 -959 -633 -241 -132 297 -86 -3 -26 15 -4 1 0 0 2 17 0 -15 0 0 -1 0 0 0 0 0 -2 6 1 7 -1 0 -1 0 0 0 0 0 1 0 0 0 0 1583838187
-16089367 -15507889 21972958 5025903 -7800593 -7594808 -1827651 -142256 120625 -126027 -43337 -30214 -3991 -63578 -10919 -3693 -9713 -3079 -978 -650 7738 -134 129 -269 -2 -26 -9 -4 1 0 0 1 2 0 0 -1 0 -1 1 -1 0 0 0 0 0 0 0 0 0 0 0 0 0 0 0 0 0 0 0 0 1583838187
-16092657 -15479840 21851758 6431160 32321564 -6904177 -5496633 -145071 119409 -134721 -46662 -24111 -126 961205 -10581 -2045 -19399 -1905 -944 -435 -249 109 -175 1799 -8 -15 -17 -4 2 0 0 1 12 0 -3 -6 1 0 -11 -8 -1 0 0 7 -7 -1 -4 -1 1 3 1 0 2 0 2 0 0 0 1 2 1583838187
-16089559 -15506330 21966136 5105835 -5516918 -7555521 -2035834 -142418 120558 -126832 -35451 -29860 -3770 -4934 -10898 -3597 -10231 -2998 -958 -624 -267 -120 70 48 -4 -25 -17 -4 1 0 0 1 0 0 2 -1 0 0 -1 0 0 0 0 0 0 0 1 -1 0 0 1 0 0 0 0 0 0 0 0 0 1583838187
-16086899 -15481096 21913134 5181682 -4364344 -7521222 -2143242 -142653 120532 -116241 -43663 -29802 -3707 6606 -10902 -3584 -10430 -3048 -1040 -686 34025 -113 29 203 -4 -15 -16 12 -2 0 0 1 0 0 1 -1 0 0 0 1 0 0 0 0 -1 0 -1 0 0 2 1 1 0 0 0 1 0 0 2 4 1583838187
-16089903 -15508653 21970356 5101651 -5586667 -7559278 -557995 -140077 120557 -122700 -41428 -30229 -4571 -75982 -10802 -3659 -11982 -3053 -967 -620 338 -124 -14 294 -4 -23 153 -4 1 0 0 1 7 0 1 -1 0 -1 1 -2 0 0 2 -1 2 0 0 0 0 -1 1 0 0 0 0 0 0 0 0 0 1583838187
-11817142 22422698 -54948741 60671737 6113947 15099734 6669192 -509776 231574 98212218 55032 9240 -2842 -211403 3937 1053 -12393 274 -486 -283 310838 102 258 2546 -6 8 -247 -8 0 1 0 0 17 0 10 0 -1 0 7 -7 -1 0 -1 -10 10 1 4 4 -3 0 9 -2 3 -1 0 3 0 2 0 -2 1583838187
-16089130 -15506154 21965010 5108599 -5472294 -7555816 -573671 -140108 119878 -122799 -41449 -22143 -4543 -72722 -10939 -3809 -12005 -2686 -956 -700 -236 -129 -57 338 -4 -28 -21 -5 4 0 0 1 2 0 2 0 0 -1 1 0 0 0 0 0 1 0 0 0 0 1 2 0 1 0 2 0 0 0 0 0 1583838187
-14962824 -5507945 1694141 19696436 -3414181 -1603819 -2356443 -199407 120771 -143699 -28060 -29644 -3433 66407 -10792 -3460 -10933 -2895 -953 -604 -297 -103 219 4860 -27 -17 -62 0 0 0 -1 2 33 0 -9 2 0 -1 0 0 0 0 11 24 0 0 3 4 -3 5 -3 -12 0 0 -4 4 -1 1 0 0 1583838187
