-15852621 -15301020 21522807 5047622 -822583 -7238362 1139002 -136971 119656 -117796 -38763 -25222 -5242 -52675 -11395 -3242 -8222 -3162 -1027 -694 -225 -129 -604 -177 -3 -9 -15 -6 1 0 0 1 -2 0 -2 4 0 -1 2 -3 0 0 -3 0 0 0 0 0 0 0 0 0 0 0 0 0 0 0 0 0 1583836345
-16015266 -15447289 21844633 4952594 -7892244 -7516489 -1819251 -142226 121834 -126308 -43327 -18192 -3976 -65993 -11721 -3725 -5576 -3159 -985 -754 -213 -143 -147 -336 -3 63 -14 -9 2 -1 0 2 1 -1 4 0 0 0 1 3 0 0 0 -1 -1 0 0 0 0 -1 -2 0 2 0 1 2 0 0 0 0 1583836345
-15756203 -15215942 21333183 5156320 4663185 -7040980 2638578 -134192 119435 -113416 -36372 -8376 -5738 -3515 -10067 -3375 24841 -2527 -1205 -2813 -82 -107 605 69 -11 62 -14 0 9 0 0 0 -8 0 -28 -11 -2 -2 13 -2 9 0 -7 0 1 0 -1 -1 0 1 0 0 1 0 -1 0 0 0 0 0 1583836345
-16089432 -15506936 21969419 5057799 -6918315 -7579808 -1435628 -139511 120594 -125228 -42738 -30189 -4159 -62894 -10876 -3671 -8043 -3149 2143 -538 -218 -133 -13 -247 -3 -26 -13 -5 1 0 0 1 -1 0 0 1 -1 0 0 -1 0 0 0 0 0 0 0 0 0 0 0 0 0 0 0 0 0 0 0 0 1583836345
-15885021 -13889874 18736756 4849494 -6754517 -8274055 -1325040 -141381 117380 -124879 -42579 23426 -4117 -65393 -14151 -4229 -7834 -3485 -978 -811 -223 -118 -83 -216 -3 -33 -15 -6 1 0 0 1 -2 0 0 0 0 0 1 0 0 0 -1 0 0 0 0 0 0 0 0 0 0 0 0 0 0 0 0 0 1583836345
-6353249 -7285448 4560879 -4410644 -7673435 2118172 -1838341 -137927 79196 -122453 -42076 56744 -3672 -62641 -33491 7154 10602 -4562 -1064 -1602 -133 -728 -919 -384 -5 -92 -6 0 2 4 0 -4 -9 9 1 6 0 0 0 0 0 -1 4 0 0 -1 -2 0 0 0 0 -2 0 0 1 -1 0 0 0 0 1583836345
12024386 8542543 -28926533 -22213688 -7000566 20046002 -1331093 -128805 -109510 -113367 -38783 29660 -3686 -75841 -65470 30200 -5765 -5022 -886 -2293 -199 -1789 -275 -283 -1 -221 -12 -3 -1 -1 0 2 0 -2 -1 0 0 0 0 3 0 0 0 -1 0 -4 1 0 0 0 0 0 0 2 0 0 0 0 1 0 1583836345
-15889816 -13916612 18777625 5100072 85813 -8143531 1514249 -136409 117199 -116782 -38228 23632 -5310 -52190 -13797 -4037 16943 -3974 -1216 -1096 -98 -155 -1698 1452 -17 -31 -60 -6 1 0 0 0 -16 0 -5 0 0 -1 5 8 2 0 4 4 6 2 8 0 0 -5 3 4 0 0 2 0 0 0 0 0 1583836345
-16090021 -15508041 21967187 5145544 -4313517 -7537299 -951694 -140580 120518 -123785 -41928 -29960 -4295 -30169 -10793 -3584 -3939 -3162 -449 -680 -219 -133 -453 -328 -3 -25 -11 -5 1 0 0 1 -5 0 -2 -2 0 0 -4 3 0 0 0 0 2 0 3 -2 1 -1 0 0 0 0 0 0 0 0 0 0 1583836345
-15852621 -15301020 21522807 5047622 -822583 -7238362 1139002 -136971 119656 -117796 -38763 -25222 -5242 -52675 -11395 -3242 -8222 -3162 -1027 -694 -225 -129 -604 -177 -3 -9 -15 -6 1 0 0 1 -2 0 -2 4 0 -1 2 -3 0 0 -3 0 0 0 0 0 0 0 0 0 0 0 0 0 0 0 0 0 1583838187
-16015266 -15447289 21844633 4952594 -7892244 -7516489 -1819251 -142226 121834 -126308 -43327 -18192 -3976 -65993 -11721 -3725 -5576 -3159 -985 -754 -213 -143 -147 -336 -3 63 -14 -9 2 -1 0 2 1 -1 4 0 0 0 1 3 0 0 0 -1 -1 0 0 0 0 -1 -2 0 2 0 1 2 0 0 0 0 1583838187
-15756203 -15215942 21333183 5156320 4663185 -7040980 2638578 -134192 119435 -113416 -36372 -8376 -5738 -3515 -10067 -3375 24841 -2527 -1205 -2813 -82 -107 605 69 -11 62 -14 0 9 0 0 0 -8 0 -28 -11 -2 -2 13 -2 9 0 -7 0 1 0 -1 -1 0 1 0 0 1 0 -1 0 0 0 0 0 1583838187
-16089432 -15506936 21969419 5057799 -6918315 -7579808 -1435628 -139511 120594 -125228 -42738 -30189 -4159 -62894 -10876 -3671 -8043 -3149 2143 -538 -218 -133 -13 -247 -3 -26 -13 -5 1 0 0 1 -1 0 0 1 -1 0 0 -1 0 0 0 0 0 0 0 0 0 0 0 0 0 0 0 0 0 0 0 0 1583838187
-15885021 -13889874 18736756 4849494 -6754517 -8274055 -1325040 -141381 117380 -124879 -42579 23426 -4117 -65393 -14151 -4229 -7834 -3485 -978 -811 -223 -118 -83 -216 -3 -33 -15 -6 1 0 0 1 -2 0 0 0 0 0 1 0 0 0 -1 0 0 0 0 0 0 0 0 0 0 0 0 0 0 0 0 0 1583838187
-6353249 -7285448 4560879 -4410644 -7673435 2118172 -1838341 -137927 79196 -122453 -42076 56744 -3672 -62641 -33491 7154 10602 -4562 -1064 -1602 -133 -728 -919 -384 -5 -92 -6 0 2 4 0 -4 -9 9 1 6 0 0 0 0 0 -1 4 0 0 -1 -2 0 0 0 0 -2 0 0 1 -1 0 0 0 0 1583838187
12024386 8542543 -28926533 -22213688 -7000566 20046002 -1331093 -128805 -109510 -113367 -38783 29660 -3686 -75841 -65470 30200 -5765 -5022 -886 -2293 -199 -1789 -275 -283 -1 -221 -12 -3 -1 -1 0 2 0 -2 -1 0 0 0 0 3 0 0 0 -1 0 -4 1 0 0 0 0 0 0 2 0 0 0 0 1 0 1583838187
-15889816 -13916612 18777625 5100072 85813 -8143531 1514249 -136409 117199 -116782 -38228 23632 -5310 -52190 -13797 -4037 16943 -3974 -1216 -1096 -98 -155 -1698 1452 -17 -31 -60 -6 1 0 0 0 -16 0 -5 0 0 -1 5 8 2 0 4 4 6 2 8 0 0 -5 3 4 0 0 2 0 0 0 0 0 1583838187
-16090021 -15508041 21967187 5145544 -4313517 -7537299 -951694 -140580 120518 -123785 -41928 -29960 -4295 -30169 -10793 -3584 -3939 -3162 -449 -680 -219 -133 -453 -328 -3 -25 -11 -5 1 0 0 1 -5 0 -2 -2 0 0 -4 3 0 0 0 0 2 0 3 -2 1 -1 0 0 0 0 0 0 0 0 0 0 1583838187
